Date,,1pan,1pan_IN,1pan_OUT
19/08/2012,00:00,15,12,3
19/08/2012,00:15,12,12,0
19/08/2012,00:30,11,10,1
19/08/2012,00:45,22,19,3
19/08/2012,01:00,5,4,1
19/08/2012,01:15,12,11,1
19/08/2012,01:30,5,3,2
19/08/2012,01:45,2,2,0
19/08/2012,02:00,10,8,2
19/08/2012,02:15,16,15,1
19/08/2012,02:30,10,10,0
19/08/2012,02:45,7,7,0
19/08/2012,03:00,6,6,0
19/08/2012,03:15,5,1,4
19/08/2012,03:30,2,1,1
19/08/2012,03:45,2,2,0
19/08/2012,04:00,2,2,0
19/08/2012,04:15,0,0,0
19/08/2012,04:30,1,1,0
19/08/2012,04:45,1,1,0
19/08/2012,05:00,1,0,1
19/08/2012,05:15,2,0,2
19/08/2012,05:30,0,0,0
19/08/2012,05:45,3,3,0
19/08/2012,06:00,7,6,1
19/08/2012,06:15,6,5,1
19/08/2012,06:30,7,3,4
19/08/2012,06:45,4,2,2
19/08/2012,07:00,5,1,4
19/08/2012,07:15,17,10,7
19/08/2012,07:30,14,8,6
19/08/2012,07:45,14,7,7
19/08/2012,08:00,13,10,3
19/08/2012,08:15,22,16,6
19/08/2012,08:30,27,20,7
19/08/2012,08:45,31,23,8
19/08/2012,09:00,40,26,14
19/08/2012,09:15,20,13,7
19/08/2012,09:30,46,30,16
19/08/2012,09:45,38,27,11
19/08/2012,10:00,44,25,19
19/08/2012,10:15,39,23,16
19/08/2012,10:30,71,37,34
19/08/2012,10:45,54,27,27
19/08/2012,11:00,53,37,16
19/08/2012,11:15,57,36,21
19/08/2012,11:30,60,40,20
19/08/2012,11:45,80,47,33
19/08/2012,12:00,57,38,19
19/08/2012,12:15,71,44,27
19/08/2012,12:30,103,71,32
19/08/2012,12:45,59,42,17
19/08/2012,13:00,83,47,36
19/08/2012,13:15,90,59,31
19/08/2012,13:30,62,31,31
19/08/2012,13:45,67,38,29
19/08/2012,14:00,73,43,30
19/08/2012,14:15,69,31,38
19/08/2012,14:30,77,42,35
19/08/2012,14:45,73,47,26
19/08/2012,15:00,67,25,42
19/08/2012,15:15,77,33,44
19/08/2012,15:30,65,34,31
19/08/2012,15:45,71,32,39
19/08/2012,16:00,74,36,38
19/08/2012,16:15,67,18,49
19/08/2012,16:30,96,35,61
19/08/2012,16:45,58,25,33
19/08/2012,17:00,62,25,37
19/08/2012,17:15,56,24,32
19/08/2012,17:30,52,30,22
19/08/2012,17:45,69,34,35
19/08/2012,18:00,50,21,29
19/08/2012,18:15,45,20,25
19/08/2012,18:30,55,31,24
19/08/2012,18:45,40,19,21
19/08/2012,19:00,44,21,23
19/08/2012,19:15,45,19,26
19/08/2012,19:30,41,27,14
19/08/2012,19:45,22,12,10
19/08/2012,20:00,31,16,15
19/08/2012,20:15,22,12,10
19/08/2012,20:30,8,6,2
19/08/2012,20:45,13,8,5
19/08/2012,21:00,19,12,7
19/08/2012,21:15,13,10,3
19/08/2012,21:30,16,13,3
19/08/2012,21:45,10,8,2
19/08/2012,22:00,14,10,4
19/08/2012,22:15,15,7,8
19/08/2012,22:30,10,7,3
19/08/2012,22:45,12,6,6
19/08/2012,23:00,11,10,1
19/08/2012,23:15,11,8,3
19/08/2012,23:30,9,7,2
19/08/2012,23:45,4,3,1
20/08/2012,00:00,4,4,0
20/08/2012,00:15,6,6,0
20/08/2012,00:30,2,2,0
20/08/2012,00:45,1,0,1
20/08/2012,01:00,4,2,2
20/08/2012,01:15,0,0,0
20/08/2012,01:30,5,3,2
20/08/2012,01:45,1,1,0
20/08/2012,02:00,3,3,0
20/08/2012,02:15,1,1,0
20/08/2012,02:30,1,0,1
20/08/2012,02:45,0,0,0
20/08/2012,03:00,0,0,0
20/08/2012,03:15,1,1,0
20/08/2012,03:30,0,0,0
20/08/2012,03:45,1,1,0
20/08/2012,04:00,3,3,0
20/08/2012,04:15,1,1,0
20/08/2012,04:30,1,1,0
20/08/2012,04:45,0,0,0
20/08/2012,05:00,2,0,2
20/08/2012,05:15,6,2,4
20/08/2012,05:30,3,2,1
20/08/2012,05:45,6,3,3
20/08/2012,06:00,9,2,7
20/08/2012,06:15,13,6,7
20/08/2012,06:30,21,7,14
20/08/2012,06:45,28,9,19
20/08/2012,07:00,44,16,28
20/08/2012,07:15,43,17,26
20/08/2012,07:30,58,21,37
20/08/2012,07:45,65,20,45
20/08/2012,08:00,64,11,53
20/08/2012,08:15,75,23,52
20/08/2012,08:30,97,23,74
20/08/2012,08:45,64,12,52
20/08/2012,09:00,53,18,35
20/08/2012,09:15,63,21,42
20/08/2012,09:30,53,13,40
20/08/2012,09:45,27,10,17
20/08/2012,10:00,30,17,13
20/08/2012,10:15,35,15,20
20/08/2012,10:30,24,9,15
20/08/2012,10:45,23,10,13
20/08/2012,11:00,21,13,8
20/08/2012,11:15,40,25,15
20/08/2012,11:30,28,16,12
20/08/2012,11:45,28,18,10
20/08/2012,12:00,23,16,7
20/08/2012,12:15,31,21,10
20/08/2012,12:30,30,20,10
20/08/2012,12:45,32,12,20
20/08/2012,13:00,28,18,10
20/08/2012,13:15,27,21,6
20/08/2012,13:30,31,17,14
20/08/2012,13:45,28,16,12
20/08/2012,14:00,38,20,18
20/08/2012,14:15,30,21,9
20/08/2012,14:30,33,19,14
20/08/2012,14:45,45,23,22
20/08/2012,15:00,38,22,16
20/08/2012,15:15,25,10,15
20/08/2012,15:30,39,16,23
20/08/2012,15:45,59,42,17
20/08/2012,16:00,44,30,14
20/08/2012,16:15,57,41,16
20/08/2012,16:30,54,41,13
20/08/2012,16:45,66,42,24
20/08/2012,17:00,79,44,35
20/08/2012,17:15,104,79,25
20/08/2012,17:30,109,79,30
20/08/2012,17:45,112,79,33
20/08/2012,18:00,115,94,21
20/08/2012,18:15,114,87,27
20/08/2012,18:30,98,73,25
20/08/2012,18:45,86,69,17
20/08/2012,19:00,66,56,10
20/08/2012,19:15,58,44,14
20/08/2012,19:30,66,48,18
20/08/2012,19:45,65,55,10
20/08/2012,20:00,40,28,12
20/08/2012,20:15,36,22,14
20/08/2012,20:30,30,25,5
20/08/2012,20:45,26,14,12
20/08/2012,21:00,38,24,14
20/08/2012,21:15,26,19,7
20/08/2012,21:30,13,11,2
20/08/2012,21:45,19,12,7
20/08/2012,22:00,16,11,5
20/08/2012,22:15,14,11,3
20/08/2012,22:30,18,11,7
20/08/2012,22:45,18,14,4
20/08/2012,23:00,10,7,3
20/08/2012,23:15,9,8,1
20/08/2012,23:30,4,3,1
20/08/2012,23:45,14,13,1
21/08/2012,00:00,8,4,4
21/08/2012,00:15,7,6,1
21/08/2012,00:30,2,2,0
21/08/2012,00:45,2,2,0
21/08/2012,01:00,1,1,0
21/08/2012,01:15,7,3,4
21/08/2012,01:30,1,1,0
21/08/2012,01:45,2,1,1
21/08/2012,02:00,0,0,0
21/08/2012,02:15,0,0,0
21/08/2012,02:30,0,0,0
21/08/2012,02:45,1,0,1
21/08/2012,03:00,1,1,0
21/08/2012,03:15,0,0,0
21/08/2012,03:30,1,1,0
21/08/2012,03:45,0,0,0
21/08/2012,04:00,0,0,0
21/08/2012,04:15,0,0,0
21/08/2012,04:30,2,0,2
21/08/2012,04:45,3,1,2
21/08/2012,05:00,6,4,2
21/08/2012,05:15,3,2,1
21/08/2012,05:30,3,1,2
21/08/2012,05:45,5,2,3
21/08/2012,06:00,26,14,12
21/08/2012,06:15,12,6,6
21/08/2012,06:30,27,12,15
21/08/2012,06:45,37,10,27
21/08/2012,07:00,36,16,20
21/08/2012,07:15,53,17,36
21/08/2012,07:30,65,14,51
21/08/2012,07:45,90,23,67
21/08/2012,08:00,91,26,65
21/08/2012,08:15,87,28,59
21/08/2012,08:30,82,34,48
21/08/2012,08:45,93,21,72
21/08/2012,09:00,78,23,55
21/08/2012,09:15,44,10,34
21/08/2012,09:30,62,30,32
21/08/2012,09:45,45,23,22
21/08/2012,10:00,46,15,31
21/08/2012,10:15,32,11,21
21/08/2012,10:30,42,28,14
21/08/2012,10:45,25,9,16
21/08/2012,11:00,22,5,17
21/08/2012,11:15,27,17,10
21/08/2012,11:30,39,20,19
21/08/2012,11:45,25,15,10
21/08/2012,12:00,29,18,11
21/08/2012,12:15,27,17,10
21/08/2012,12:30,31,21,10
21/08/2012,12:45,20,10,10
21/08/2012,13:00,37,21,16
21/08/2012,13:15,35,15,20
21/08/2012,13:30,38,24,14
21/08/2012,13:45,35,14,21
21/08/2012,14:00,41,24,17
21/08/2012,14:15,33,14,19
21/08/2012,14:30,44,23,21
21/08/2012,14:45,36,21,15
21/08/2012,15:00,34,21,13
21/08/2012,15:15,40,30,10
21/08/2012,15:30,33,21,12
21/08/2012,15:45,42,26,16
21/08/2012,16:00,46,28,18
21/08/2012,16:15,61,37,24
21/08/2012,16:30,69,42,27
21/08/2012,16:45,77,53,24
21/08/2012,17:00,89,59,30
21/08/2012,17:15,119,85,34
21/08/2012,17:30,98,72,26
21/08/2012,17:45,104,82,22
21/08/2012,18:00,125,89,36
21/08/2012,18:15,103,90,13
21/08/2012,18:30,127,102,25
21/08/2012,18:45,74,58,16
21/08/2012,19:00,88,56,32
21/08/2012,19:15,83,63,20
21/08/2012,19:30,55,35,20
21/08/2012,19:45,44,29,15
21/08/2012,20:00,62,38,24
21/08/2012,20:15,40,26,14
21/08/2012,20:30,58,36,22
21/08/2012,20:45,36,28,8
21/08/2012,21:00,26,16,10
21/08/2012,21:15,37,28,9
21/08/2012,21:30,27,16,11
21/08/2012,21:45,20,14,6
21/08/2012,22:00,20,18,2
21/08/2012,22:15,19,16,3
21/08/2012,22:30,20,19,1
21/08/2012,22:45,19,15,4
21/08/2012,23:00,12,10,2
21/08/2012,23:15,27,22,5
21/08/2012,23:30,12,11,1
21/08/2012,23:45,7,5,2
22/08/2012,00:00,6,6,0
22/08/2012,00:15,8,5,3
22/08/2012,00:30,3,3,0
22/08/2012,00:45,3,3,0
22/08/2012,01:00,5,5,0
22/08/2012,01:15,2,0,2
22/08/2012,01:30,2,2,0
22/08/2012,01:45,0,0,0
22/08/2012,02:00,0,0,0
22/08/2012,02:15,0,0,0
22/08/2012,02:30,0,0,0
22/08/2012,02:45,3,3,0
22/08/2012,03:00,1,1,0
22/08/2012,03:15,2,1,1
22/08/2012,03:30,0,0,0
22/08/2012,03:45,2,0,2
22/08/2012,04:00,3,2,1
22/08/2012,04:15,0,0,0
22/08/2012,04:30,4,1,3
22/08/2012,04:45,1,0,1
22/08/2012,05:00,2,0,2
22/08/2012,05:15,2,1,1
22/08/2012,05:30,5,1,4
22/08/2012,05:45,9,3,6
22/08/2012,06:00,8,4,4
22/08/2012,06:15,24,16,8
22/08/2012,06:30,27,12,15
22/08/2012,06:45,28,14,14
22/08/2012,07:00,32,12,20
22/08/2012,07:15,61,20,41
22/08/2012,07:30,69,22,47
22/08/2012,07:45,79,21,58
22/08/2012,08:00,87,19,68
22/08/2012,08:15,74,20,54
22/08/2012,08:30,90,27,63
22/08/2012,08:45,77,23,54
22/08/2012,09:00,64,17,47
22/08/2012,09:15,63,20,43
22/08/2012,09:30,44,11,33
22/08/2012,09:45,47,20,27
22/08/2012,10:00,27,11,16
22/08/2012,10:15,48,23,25
22/08/2012,10:30,35,23,12
22/08/2012,10:45,29,11,18
22/08/2012,11:00,27,10,17
22/08/2012,11:15,22,12,10
22/08/2012,11:30,30,18,12
22/08/2012,11:45,40,27,13
22/08/2012,12:00,26,12,14
22/08/2012,12:15,28,21,7
22/08/2012,12:30,33,20,13
22/08/2012,12:45,29,19,10
22/08/2012,13:00,33,12,21
22/08/2012,13:15,31,17,14
22/08/2012,13:30,44,25,19
22/08/2012,13:45,23,10,13
22/08/2012,14:00,38,24,14
22/08/2012,14:15,40,27,13
22/08/2012,14:30,36,16,20
22/08/2012,14:45,41,26,15
22/08/2012,15:00,45,23,22
22/08/2012,15:15,38,20,18
22/08/2012,15:30,53,37,16
22/08/2012,15:45,45,31,14
22/08/2012,16:00,51,33,18
22/08/2012,16:15,57,35,22
22/08/2012,16:30,76,45,31
22/08/2012,16:45,66,43,23
22/08/2012,17:00,78,47,31
22/08/2012,17:15,95,65,30
22/08/2012,17:30,96,68,28
22/08/2012,17:45,98,78,20
22/08/2012,18:00,113,82,31
22/08/2012,18:15,122,96,26
22/08/2012,18:30,109,78,31
22/08/2012,18:45,83,58,25
22/08/2012,19:00,70,47,23
22/08/2012,19:15,67,51,16
22/08/2012,19:30,60,41,19
22/08/2012,19:45,52,33,19
22/08/2012,20:00,45,34,11
22/08/2012,20:15,45,32,13
22/08/2012,20:30,42,31,11
22/08/2012,20:45,41,31,10
22/08/2012,21:00,33,19,14
22/08/2012,21:15,42,20,22
22/08/2012,21:30,33,16,17
22/08/2012,21:45,26,18,8
22/08/2012,22:00,32,26,6
22/08/2012,22:15,31,26,5
22/08/2012,22:30,28,22,6
22/08/2012,22:45,24,12,12
22/08/2012,23:00,18,10,8
22/08/2012,23:15,18,9,9
22/08/2012,23:30,14,13,1
22/08/2012,23:45,12,8,4
23/08/2012,00:00,6,6,0
23/08/2012,00:15,7,6,1
23/08/2012,00:30,7,5,2
23/08/2012,00:45,3,2,1
23/08/2012,01:00,3,3,0
23/08/2012,01:15,6,5,1
23/08/2012,01:30,2,2,0
23/08/2012,01:45,3,3,0
23/08/2012,02:00,3,3,0
23/08/2012,02:15,6,6,0
23/08/2012,02:30,2,1,1
23/08/2012,02:45,2,2,0
23/08/2012,03:00,1,1,0
23/08/2012,03:15,0,0,0
23/08/2012,03:30,0,0,0
23/08/2012,03:45,0,0,0
23/08/2012,04:00,0,0,0
23/08/2012,04:15,0,0,0
23/08/2012,04:30,2,1,1
23/08/2012,04:45,0,0,0
23/08/2012,05:00,5,4,1
23/08/2012,05:15,5,2,3
23/08/2012,05:30,7,2,5
23/08/2012,05:45,10,3,7
23/08/2012,06:00,18,12,6
23/08/2012,06:15,20,10,10
23/08/2012,06:30,30,11,19
23/08/2012,06:45,31,10,21
23/08/2012,07:00,34,13,21
23/08/2012,07:15,54,22,32
23/08/2012,07:30,69,27,42
23/08/2012,07:45,51,12,39
23/08/2012,08:00,81,24,57
23/08/2012,08:15,80,23,57
23/08/2012,08:30,93,18,75
23/08/2012,08:45,61,25,36
23/08/2012,09:00,76,31,45
23/08/2012,09:15,40,11,29
23/08/2012,09:30,55,27,28
23/08/2012,09:45,39,14,25
23/08/2012,10:00,36,20,16
23/08/2012,10:15,44,26,18
23/08/2012,10:30,49,20,29
23/08/2012,10:45,31,14,17
23/08/2012,11:00,24,13,11
23/08/2012,11:15,35,16,19
23/08/2012,11:30,42,29,13
23/08/2012,11:45,25,11,14
23/08/2012,12:00,47,30,17
23/08/2012,12:15,29,16,13
23/08/2012,12:30,36,20,16
23/08/2012,12:45,31,18,13
23/08/2012,13:00,37,26,11
23/08/2012,13:15,34,23,11
23/08/2012,13:30,42,19,23
23/08/2012,13:45,41,19,22
23/08/2012,14:00,43,21,22
23/08/2012,14:15,46,24,22
23/08/2012,14:30,34,20,14
23/08/2012,14:45,41,25,16
23/08/2012,15:00,68,24,44
23/08/2012,15:15,44,23,21
23/08/2012,15:30,49,30,19
23/08/2012,15:45,60,40,20
23/08/2012,16:00,67,34,33
23/08/2012,16:15,79,46,33
23/08/2012,16:30,65,30,35
23/08/2012,16:45,67,45,22
23/08/2012,17:00,84,55,29
23/08/2012,17:15,100,81,19
23/08/2012,17:30,116,86,30
23/08/2012,17:45,110,84,26
23/08/2012,18:00,123,92,31
23/08/2012,18:15,101,72,29
23/08/2012,18:30,94,66,28
23/08/2012,18:45,76,59,17
23/08/2012,19:00,77,57,20
23/08/2012,19:15,50,39,11
23/08/2012,19:30,55,42,13
23/08/2012,19:45,41,28,13
23/08/2012,20:00,35,25,10
23/08/2012,20:15,32,22,10
23/08/2012,20:30,41,30,11
23/08/2012,20:45,24,14,10
23/08/2012,21:00,41,29,12
23/08/2012,21:15,21,13,8
23/08/2012,21:30,34,21,13
23/08/2012,21:45,12,8,4
23/08/2012,22:00,34,19,15
23/08/2012,22:15,19,11,8
23/08/2012,22:30,28,26,2
23/08/2012,22:45,32,24,8
23/08/2012,23:00,25,21,4
23/08/2012,23:15,19,15,4
23/08/2012,23:30,12,12,0
23/08/2012,23:45,5,3,2
24/08/2012,00:00,10,9,1
24/08/2012,00:15,12,9,3
24/08/2012,00:30,16,13,3
24/08/2012,00:45,5,4,1
24/08/2012,01:00,7,6,1
24/08/2012,01:15,3,3,0
24/08/2012,01:30,5,5,0
24/08/2012,01:45,0,0,0
24/08/2012,02:00,7,5,2
24/08/2012,02:15,1,0,1
24/08/2012,02:30,4,3,1
24/08/2012,02:45,2,2,0
24/08/2012,03:00,1,1,0
24/08/2012,03:15,2,2,0
24/08/2012,03:30,3,2,1
24/08/2012,03:45,2,1,1
24/08/2012,04:00,0,0,0
24/08/2012,04:15,0,0,0
24/08/2012,04:30,2,2,0
24/08/2012,04:45,0,0,0
24/08/2012,05:00,3,2,1
24/08/2012,05:15,3,1,2
24/08/2012,05:30,7,2,5
24/08/2012,05:45,9,1,8
24/08/2012,06:00,7,4,3
24/08/2012,06:15,25,11,14
24/08/2012,06:30,25,6,19
24/08/2012,06:45,32,14,18
24/08/2012,07:00,32,10,22
24/08/2012,07:15,57,19,38
24/08/2012,07:30,59,13,46
24/08/2012,07:45,57,22,35
24/08/2012,08:00,70,17,53
24/08/2012,08:15,63,24,39
24/08/2012,08:30,73,19,54
24/08/2012,08:45,62,19,43
24/08/2012,09:00,48,15,33
24/08/2012,09:15,61,22,39
24/08/2012,09:30,58,23,35
24/08/2012,09:45,43,16,27
24/08/2012,10:00,34,16,18
24/08/2012,10:15,36,17,19
24/08/2012,10:30,43,16,27
24/08/2012,10:45,26,9,17
24/08/2012,11:00,24,11,13
24/08/2012,11:15,27,17,10
24/08/2012,11:30,45,21,24
24/08/2012,11:45,49,30,19
24/08/2012,12:00,46,28,18
24/08/2012,12:15,42,30,12
24/08/2012,12:30,45,24,21
24/08/2012,12:45,51,31,20
24/08/2012,13:00,45,25,20
24/08/2012,13:15,56,36,20
24/08/2012,13:30,46,24,22
24/08/2012,13:45,59,39,20
24/08/2012,14:00,51,34,17
24/08/2012,14:15,53,26,27
24/08/2012,14:30,75,41,34
24/08/2012,14:45,48,27,21
24/08/2012,15:00,40,23,17
24/08/2012,15:15,49,23,26
24/08/2012,15:30,50,30,20
24/08/2012,15:45,54,26,28
24/08/2012,16:00,65,45,20
24/08/2012,16:15,100,60,40
24/08/2012,16:30,80,54,26
24/08/2012,16:45,82,46,36
24/08/2012,17:00,89,55,34
24/08/2012,17:15,93,66,27
24/08/2012,17:30,96,74,22
24/08/2012,17:45,97,74,23
24/08/2012,18:00,91,69,22
24/08/2012,18:15,96,67,29
24/08/2012,18:30,93,54,39
24/08/2012,18:45,72,54,18
24/08/2012,19:00,69,48,21
24/08/2012,19:15,63,44,19
24/08/2012,19:30,49,27,22
24/08/2012,19:45,39,27,12
24/08/2012,20:00,26,19,7
24/08/2012,20:15,34,25,9
24/08/2012,20:30,40,18,22
24/08/2012,20:45,32,17,15
24/08/2012,21:00,26,17,9
24/08/2012,21:15,25,15,10
24/08/2012,21:30,35,21,14
24/08/2012,21:45,15,9,6
24/08/2012,22:00,21,17,4
24/08/2012,22:15,25,17,8
24/08/2012,22:30,23,19,4
24/08/2012,22:45,15,12,3
24/08/2012,23:00,22,19,3
24/08/2012,23:15,18,14,4
24/08/2012,23:30,21,19,2
24/08/2012,23:45,16,15,1
25/08/2012,00:00,14,9,5
25/08/2012,00:15,13,9,4
25/08/2012,00:30,16,14,2
25/08/2012,00:45,15,15,0
25/08/2012,01:00,6,5,1
25/08/2012,01:15,13,12,1
25/08/2012,01:30,8,6,2
25/08/2012,01:45,2,2,0
25/08/2012,02:00,5,5,0
25/08/2012,02:15,7,5,2
25/08/2012,02:30,9,9,0
25/08/2012,02:45,2,2,0
25/08/2012,03:00,2,2,0
25/08/2012,03:15,1,1,0
25/08/2012,03:30,0,0,0
25/08/2012,03:45,1,1,0
25/08/2012,04:00,2,0,2
25/08/2012,04:15,0,0,0
25/08/2012,04:30,1,1,0
25/08/2012,04:45,0,0,0
25/08/2012,05:00,2,1,1
25/08/2012,05:15,3,2,1
25/08/2012,05:30,6,3,3
25/08/2012,05:45,1,0,1
25/08/2012,06:00,3,2,1
25/08/2012,06:15,5,3,2
25/08/2012,06:30,12,9,3
25/08/2012,06:45,10,6,4
25/08/2012,07:00,9,4,5
25/08/2012,07:15,14,9,5
25/08/2012,07:30,21,12,9
25/08/2012,07:45,17,10,7
25/08/2012,08:00,19,11,8
25/08/2012,08:15,32,14,18
25/08/2012,08:30,34,21,13
25/08/2012,08:45,24,11,13
25/08/2012,09:00,42,28,14
25/08/2012,09:15,55,37,18
25/08/2012,09:30,54,36,18
25/08/2012,09:45,34,24,10
25/08/2012,10:00,34,22,12
25/08/2012,10:15,39,18,21
25/08/2012,10:30,55,33,22
25/08/2012,10:45,61,38,23
25/08/2012,11:00,49,30,19
25/08/2012,11:15,58,43,15
25/08/2012,11:30,57,32,25
25/08/2012,11:45,63,36,27
25/08/2012,12:00,66,32,34
25/08/2012,12:15,73,40,33
25/08/2012,12:30,58,26,32
25/08/2012,12:45,44,23,21
25/08/2012,13:00,64,40,24
25/08/2012,13:15,65,32,33
25/08/2012,13:30,62,27,35
25/08/2012,13:45,74,44,30
25/08/2012,14:00,51,28,23
25/08/2012,14:15,55,27,28
25/08/2012,14:30,69,35,34
25/08/2012,14:45,58,33,25
25/08/2012,15:00,54,37,17
25/08/2012,15:15,62,28,34
25/08/2012,15:30,53,32,21
25/08/2012,15:45,49,22,27
25/08/2012,16:00,62,32,30
25/08/2012,16:15,50,23,27
25/08/2012,16:30,62,33,29
25/08/2012,16:45,63,32,31
25/08/2012,17:00,66,34,32
25/08/2012,17:15,66,38,28
25/08/2012,17:30,57,25,32
25/08/2012,17:45,57,30,27
25/08/2012,18:00,50,23,27
25/08/2012,18:15,36,26,10
25/08/2012,18:30,37,20,17
25/08/2012,18:45,31,19,12
25/08/2012,19:00,40,18,22
25/08/2012,19:15,33,19,14
25/08/2012,19:30,28,12,16
25/08/2012,19:45,31,20,11
25/08/2012,20:00,24,20,4
25/08/2012,20:15,18,10,8
25/08/2012,20:30,24,12,12
25/08/2012,20:45,20,11,9
25/08/2012,21:00,16,12,4
25/08/2012,21:15,10,6,4
25/08/2012,21:30,10,8,2
25/08/2012,21:45,10,8,2
25/08/2012,22:00,15,10,5
25/08/2012,22:15,16,11,5
25/08/2012,22:30,17,8,9
25/08/2012,22:45,13,11,2
25/08/2012,23:00,12,9,3
25/08/2012,23:15,13,10,3
25/08/2012,23:30,11,10,1
25/08/2012,23:45,21,16,5
26/08/2012,00:00,15,11,4
26/08/2012,00:15,15,12,3
26/08/2012,00:30,12,9,3
26/08/2012,00:45,9,8,1
26/08/2012,01:00,9,5,4
26/08/2012,01:15,11,8,3
26/08/2012,01:30,12,8,4
26/08/2012,01:45,1,1,0
26/08/2012,02:00,8,5,3
26/08/2012,02:15,7,4,3
26/08/2012,02:30,5,5,0
26/08/2012,02:45,3,3,0
26/08/2012,03:00,1,1,0
26/08/2012,03:15,2,1,1
26/08/2012,03:30,2,2,0
26/08/2012,03:45,2,2,0
26/08/2012,04:00,1,1,0
26/08/2012,04:15,1,1,0
26/08/2012,04:30,2,1,1
26/08/2012,04:45,2,2,0
26/08/2012,05:00,2,1,1
26/08/2012,05:15,2,1,1
26/08/2012,05:30,2,0,2
26/08/2012,05:45,3,3,0
26/08/2012,06:00,3,2,1
26/08/2012,06:15,6,5,1
26/08/2012,06:30,5,3,2
26/08/2012,06:45,10,4,6
26/08/2012,07:00,11,6,5
26/08/2012,07:15,9,7,2
26/08/2012,07:30,18,10,8
26/08/2012,07:45,14,9,5
26/08/2012,08:00,20,10,10
26/08/2012,08:15,16,12,4
26/08/2012,08:30,43,27,16
26/08/2012,08:45,37,26,11
26/08/2012,09:00,39,24,15
26/08/2012,09:15,47,22,25
26/08/2012,09:30,53,34,19
26/08/2012,09:45,62,30,32
26/08/2012,10:00,48,30,18
26/08/2012,10:15,50,35,15
26/08/2012,10:30,66,37,29
26/08/2012,10:45,76,54,22
26/08/2012,11:00,74,51,23
26/08/2012,11:15,74,41,33
26/08/2012,11:30,78,38,40
26/08/2012,11:45,93,56,37
26/08/2012,12:00,113,81,32
26/08/2012,12:15,83,54,29
26/08/2012,12:30,76,41,35
26/08/2012,12:45,71,42,29
26/08/2012,13:00,100,59,41
26/08/2012,13:15,85,44,41
26/08/2012,13:30,74,50,24
26/08/2012,13:45,99,55,44
26/08/2012,14:00,94,54,40
26/08/2012,14:15,97,49,48
26/08/2012,14:30,80,46,34
26/08/2012,14:45,110,54,56
26/08/2012,15:00,70,37,33
26/08/2012,15:15,106,58,48
26/08/2012,15:30,86,40,46
26/08/2012,15:45,112,57,55
26/08/2012,16:00,85,35,50
26/08/2012,16:15,93,42,51
26/08/2012,16:30,78,40,38
26/08/2012,16:45,107,53,54
26/08/2012,17:00,79,36,43
26/08/2012,17:15,85,33,52
26/08/2012,17:30,76,34,42
26/08/2012,17:45,57,25,32
26/08/2012,18:00,66,22,44
26/08/2012,18:15,69,26,43
26/08/2012,18:30,62,25,37
26/08/2012,18:45,69,30,39
26/08/2012,19:00,52,24,28
26/08/2012,19:15,45,28,17
26/08/2012,19:30,36,15,21
26/08/2012,19:45,36,18,18
26/08/2012,20:00,39,17,22
26/08/2012,20:15,32,17,15
26/08/2012,20:30,18,8,10
26/08/2012,20:45,25,18,7
26/08/2012,21:00,20,14,6
26/08/2012,21:15,27,16,11
26/08/2012,21:30,15,11,4
26/08/2012,21:45,18,11,7
26/08/2012,22:00,12,6,6
26/08/2012,22:15,7,4,3
26/08/2012,22:30,14,8,6
26/08/2012,22:45,13,10,3
26/08/2012,23:00,10,6,4
26/08/2012,23:15,15,12,3
26/08/2012,23:30,8,3,5
26/08/2012,23:45,8,6,2
27/08/2012,00:00,13,12,1
27/08/2012,00:15,7,4,3
27/08/2012,00:30,3,1,2
27/08/2012,00:45,2,2,0
27/08/2012,01:00,2,1,1
27/08/2012,01:15,0,0,0
27/08/2012,01:30,2,2,0
27/08/2012,01:45,1,1,0
27/08/2012,02:00,1,1,0
27/08/2012,02:15,0,0,0
27/08/2012,02:30,4,3,1
27/08/2012,02:45,1,1,0
27/08/2012,03:00,5,5,0
27/08/2012,03:15,0,0,0
27/08/2012,03:30,1,1,0
27/08/2012,03:45,0,0,0
27/08/2012,04:00,0,0,0
27/08/2012,04:15,2,1,1
27/08/2012,04:30,3,2,1
27/08/2012,04:45,2,0,2
27/08/2012,05:00,5,3,2
27/08/2012,05:15,5,2,3
27/08/2012,05:30,5,3,2
27/08/2012,05:45,7,1,6
27/08/2012,06:00,9,5,4
27/08/2012,06:15,22,10,12
27/08/2012,06:30,25,7,18
27/08/2012,06:45,39,14,25
27/08/2012,07:00,33,12,21
27/08/2012,07:15,67,23,44
27/08/2012,07:30,48,15,33
27/08/2012,07:45,73,23,50
27/08/2012,08:00,100,26,74
27/08/2012,08:15,86,25,61
27/08/2012,08:30,102,24,78
27/08/2012,08:45,66,17,49
27/08/2012,09:00,62,13,49
27/08/2012,09:15,56,13,43
27/08/2012,09:30,66,27,39
27/08/2012,09:45,39,15,24
27/08/2012,10:00,33,18,15
27/08/2012,10:15,29,16,13
27/08/2012,10:30,35,18,17
27/08/2012,10:45,39,21,18
27/08/2012,11:00,40,25,15
27/08/2012,11:15,28,16,12
27/08/2012,11:30,26,14,12
27/08/2012,11:45,23,14,9
27/08/2012,12:00,23,16,7
27/08/2012,12:15,44,33,11
27/08/2012,12:30,43,27,16
27/08/2012,12:45,38,13,25
27/08/2012,13:00,35,22,13
27/08/2012,13:15,41,27,14
27/08/2012,13:30,35,26,9
27/08/2012,13:45,36,18,18
27/08/2012,14:00,45,32,13
27/08/2012,14:15,49,28,21
27/08/2012,14:30,42,23,19
27/08/2012,14:45,35,20,15
27/08/2012,15:00,54,24,30
27/08/2012,15:15,32,18,14
27/08/2012,15:30,47,27,20
27/08/2012,15:45,61,41,20
27/08/2012,16:00,55,40,15
27/08/2012,16:15,65,38,27
27/08/2012,16:30,81,51,30
27/08/2012,16:45,97,56,41
27/08/2012,17:00,79,49,30
27/08/2012,17:15,122,85,37
27/08/2012,17:30,128,97,31
27/08/2012,17:45,114,85,29
27/08/2012,18:00,136,98,38
27/08/2012,18:15,116,82,34
27/08/2012,18:30,110,83,27
27/08/2012,18:45,108,70,38
27/08/2012,19:00,89,66,23
27/08/2012,19:15,83,57,26
27/08/2012,19:30,89,57,32
27/08/2012,19:45,53,32,21
27/08/2012,20:00,44,30,14
27/08/2012,20:15,49,31,18
27/08/2012,20:30,37,26,11
27/08/2012,20:45,30,23,7
27/08/2012,21:00,26,15,11
27/08/2012,21:15,28,26,2
27/08/2012,21:30,34,21,13
27/08/2012,21:45,17,9,8
27/08/2012,22:00,28,17,11
27/08/2012,22:15,26,21,5
27/08/2012,22:30,12,9,3
27/08/2012,22:45,23,22,1
27/08/2012,23:00,8,8,0
27/08/2012,23:15,6,6,0
27/08/2012,23:30,9,5,4
27/08/2012,23:45,13,13,0
28/08/2012,00:00,6,4,2
28/08/2012,00:15,4,4,0
28/08/2012,00:30,1,1,0
28/08/2012,00:45,2,2,0
28/08/2012,01:00,2,2,0
28/08/2012,01:15,3,3,0
28/08/2012,01:30,3,3,0
28/08/2012,01:45,4,3,1
28/08/2012,02:00,3,2,1
28/08/2012,02:15,1,1,0
28/08/2012,02:30,2,1,1
28/08/2012,02:45,0,0,0
28/08/2012,03:00,0,0,0
28/08/2012,03:15,2,0,2
28/08/2012,03:30,0,0,0
28/08/2012,03:45,2,1,1
28/08/2012,04:00,0,0,0
28/08/2012,04:15,0,0,0
28/08/2012,04:30,4,2,2
28/08/2012,04:45,0,0,0
28/08/2012,05:00,2,0,2
28/08/2012,05:15,8,6,2
28/08/2012,05:30,14,6,8
28/08/2012,05:45,11,7,4
28/08/2012,06:00,13,10,3
28/08/2012,06:15,21,10,11
28/08/2012,06:30,44,18,26
28/08/2012,06:45,28,11,17
28/08/2012,07:00,46,19,27
28/08/2012,07:15,63,19,44
28/08/2012,07:30,66,14,52
28/08/2012,07:45,85,27,58
28/08/2012,08:00,109,23,86
28/08/2012,08:15,103,32,71
28/08/2012,08:30,124,31,93
28/08/2012,08:45,85,26,59
28/08/2012,09:00,62,15,47
28/08/2012,09:15,84,38,46
28/08/2012,09:30,63,23,40
28/08/2012,09:45,41,18,23
28/08/2012,10:00,41,25,16
28/08/2012,10:15,41,19,22
28/08/2012,10:30,41,20,21
28/08/2012,10:45,48,27,21
28/08/2012,11:00,28,15,13
28/08/2012,11:15,31,19,12
28/08/2012,11:30,41,22,19
28/08/2012,11:45,25,13,12
28/08/2012,12:00,32,20,12
28/08/2012,12:15,27,12,15
28/08/2012,12:30,57,35,22
28/08/2012,12:45,41,20,21
28/08/2012,13:00,44,29,15
28/08/2012,13:15,50,37,13
28/08/2012,13:30,60,29,31
28/08/2012,13:45,32,22,10
28/08/2012,14:00,51,37,14
28/08/2012,14:15,57,33,24
28/08/2012,14:30,51,32,19
28/08/2012,14:45,38,23,15
28/08/2012,15:00,39,18,21
28/08/2012,15:15,49,32,17
28/08/2012,15:30,55,35,20
28/08/2012,15:45,73,48,25
28/08/2012,16:00,74,47,27
28/08/2012,16:15,72,42,30
28/08/2012,16:30,72,50,22
28/08/2012,16:45,116,66,50
28/08/2012,17:00,102,71,31
28/08/2012,17:15,136,96,40
28/08/2012,17:30,146,108,38
28/08/2012,17:45,138,100,38
28/08/2012,18:00,149,102,47
28/08/2012,18:15,140,116,24
28/08/2012,18:30,137,100,37
28/08/2012,18:45,106,81,25
28/08/2012,19:00,94,63,31
28/08/2012,19:15,88,47,41
28/08/2012,19:30,73,60,13
28/08/2012,19:45,92,61,31
28/08/2012,20:00,53,39,14
28/08/2012,20:15,41,27,14
28/08/2012,20:30,46,36,10
28/08/2012,20:45,26,20,6
28/08/2012,21:00,30,19,11
28/08/2012,21:15,32,20,12
28/08/2012,21:30,25,18,7
28/08/2012,21:45,34,27,7
28/08/2012,22:00,30,20,10
28/08/2012,22:15,28,12,16
28/08/2012,22:30,32,23,9
28/08/2012,22:45,27,19,8
28/08/2012,23:00,18,11,7
28/08/2012,23:15,20,13,7
28/08/2012,23:30,23,9,14
28/08/2012,23:45,13,10,3
29/08/2012,00:00,7,4,3
29/08/2012,00:15,8,4,4
29/08/2012,00:30,5,5,0
29/08/2012,00:45,4,3,1
29/08/2012,01:00,3,3,0
29/08/2012,01:15,9,9,0
29/08/2012,01:30,2,2,0
29/08/2012,01:45,1,1,0
29/08/2012,02:00,1,1,0
29/08/2012,02:15,4,3,1
29/08/2012,02:30,1,0,1
29/08/2012,02:45,0,0,0
29/08/2012,03:00,0,0,0
29/08/2012,03:15,0,0,0
29/08/2012,03:30,3,3,0
29/08/2012,03:45,0,0,0
29/08/2012,04:00,0,0,0
29/08/2012,04:15,0,0,0
29/08/2012,04:30,7,3,4
29/08/2012,04:45,2,0,2
29/08/2012,05:00,2,1,1
29/08/2012,05:15,7,2,5
29/08/2012,05:30,4,2,2
29/08/2012,05:45,9,4,5
29/08/2012,06:00,10,2,8
29/08/2012,06:15,32,17,15
29/08/2012,06:30,39,16,23
29/08/2012,06:45,30,13,17
29/08/2012,07:00,45,19,26
29/08/2012,07:15,71,24,47
29/08/2012,07:30,72,20,52
29/08/2012,07:45,81,28,53
29/08/2012,08:00,89,19,70
29/08/2012,08:15,95,30,65
29/08/2012,08:30,95,28,67
29/08/2012,08:45,88,21,67
29/08/2012,09:00,71,18,53
29/08/2012,09:15,58,21,37
29/08/2012,09:30,63,27,36
29/08/2012,09:45,53,26,27
29/08/2012,10:00,27,13,14
29/08/2012,10:15,49,22,27
29/08/2012,10:30,41,27,14
29/08/2012,10:45,36,20,16
29/08/2012,11:00,30,17,13
29/08/2012,11:15,46,21,25
29/08/2012,11:30,46,30,16
29/08/2012,11:45,37,24,13
29/08/2012,12:00,37,26,11
29/08/2012,12:15,38,22,16
29/08/2012,12:30,63,39,24
29/08/2012,12:45,47,31,16
29/08/2012,13:00,38,14,24
29/08/2012,13:15,46,29,17
29/08/2012,13:30,54,28,26
29/08/2012,13:45,33,21,12
29/08/2012,14:00,38,21,17
29/08/2012,14:15,50,34,16
29/08/2012,14:30,50,34,16
29/08/2012,14:45,51,32,19
29/08/2012,15:00,50,31,19
29/08/2012,15:15,61,38,23
29/08/2012,15:30,53,29,24
29/08/2012,15:45,69,38,31
29/08/2012,16:00,76,47,29
29/08/2012,16:15,71,46,25
29/08/2012,16:30,76,45,31
29/08/2012,16:45,90,63,27
29/08/2012,17:00,107,60,47
29/08/2012,17:15,121,78,43
29/08/2012,17:30,130,85,45
29/08/2012,17:45,130,95,35
29/08/2012,18:00,123,97,26
29/08/2012,18:15,140,108,32
29/08/2012,18:30,119,90,29
29/08/2012,18:45,99,66,33
29/08/2012,19:00,97,62,35
29/08/2012,19:15,89,52,37
29/08/2012,19:30,76,42,34
29/08/2012,19:45,58,28,30
29/08/2012,20:00,51,33,18
29/08/2012,20:15,56,35,21
29/08/2012,20:30,37,24,13
29/08/2012,20:45,41,26,15
29/08/2012,21:00,38,27,11
29/08/2012,21:15,48,29,19
29/08/2012,21:30,30,25,5
29/08/2012,21:45,30,28,2
29/08/2012,22:00,27,20,7
29/08/2012,22:15,22,15,7
29/08/2012,22:30,24,15,9
29/08/2012,22:45,15,14,1
29/08/2012,23:00,20,15,5
29/08/2012,23:15,14,11,3
29/08/2012,23:30,17,14,3
29/08/2012,23:45,16,11,5
30/08/2012,00:00,10,4,6
30/08/2012,00:15,14,10,4
30/08/2012,00:30,5,4,1
30/08/2012,00:45,7,6,1
30/08/2012,01:00,6,3,3
30/08/2012,01:15,0,0,0
30/08/2012,01:30,2,2,0
30/08/2012,01:45,0,0,0
30/08/2012,02:00,5,3,2
30/08/2012,02:15,0,0,0
30/08/2012,02:30,2,2,0
30/08/2012,02:45,4,3,1
30/08/2012,03:00,0,0,0
30/08/2012,03:15,2,2,0
30/08/2012,03:30,0,0,0
30/08/2012,03:45,0,0,0
30/08/2012,04:00,1,1,0
30/08/2012,04:15,1,0,1
30/08/2012,04:30,2,1,1
30/08/2012,04:45,1,0,1
30/08/2012,05:00,3,3,0
30/08/2012,05:15,5,1,4
30/08/2012,05:30,6,3,3
30/08/2012,05:45,8,3,5
30/08/2012,06:00,27,17,10
30/08/2012,06:15,25,9,16
30/08/2012,06:30,36,19,17
30/08/2012,06:45,25,11,14
30/08/2012,07:00,42,11,31
30/08/2012,07:15,55,21,34
30/08/2012,07:30,66,26,40
30/08/2012,07:45,62,15,47
30/08/2012,08:00,79,23,56
30/08/2012,08:15,88,23,65
30/08/2012,08:30,110,39,71
30/08/2012,08:45,74,22,52
30/08/2012,09:00,66,17,49
30/08/2012,09:15,54,25,29
30/08/2012,09:30,44,19,25
30/08/2012,09:45,37,12,25
30/08/2012,10:00,39,15,24
30/08/2012,10:15,32,10,22
30/08/2012,10:30,48,28,20
30/08/2012,10:45,19,9,10
30/08/2012,11:00,31,12,19
30/08/2012,11:15,30,19,11
30/08/2012,11:30,39,24,15
30/08/2012,11:45,34,27,7
30/08/2012,12:00,24,8,16
30/08/2012,12:15,38,22,16
30/08/2012,12:30,42,19,23
30/08/2012,12:45,33,16,17
30/08/2012,13:00,26,11,15
30/08/2012,13:15,35,19,16
30/08/2012,13:30,34,18,16
30/08/2012,13:45,30,20,10
30/08/2012,14:00,35,15,20
30/08/2012,14:15,44,23,21
30/08/2012,14:30,37,29,8
30/08/2012,14:45,39,25,14
30/08/2012,15:00,43,28,15
30/08/2012,15:15,42,22,20
30/08/2012,15:30,39,29,10
30/08/2012,15:45,46,26,20
30/08/2012,16:00,61,44,17
30/08/2012,16:15,57,37,20
30/08/2012,16:30,63,39,24
30/08/2012,16:45,75,53,22
30/08/2012,17:00,75,53,22
30/08/2012,17:15,102,76,26
30/08/2012,17:30,101,78,23
30/08/2012,17:45,92,74,18
30/08/2012,18:00,95,72,23
30/08/2012,18:15,94,70,24
30/08/2012,18:30,101,79,22
30/08/2012,18:45,96,72,24
30/08/2012,19:00,49,34,15
30/08/2012,19:15,73,50,23
30/08/2012,19:30,60,46,14
30/08/2012,19:45,53,33,20
30/08/2012,20:00,57,36,21
30/08/2012,20:15,38,30,8
30/08/2012,20:30,31,23,8
30/08/2012,20:45,31,26,5
30/08/2012,21:00,42,30,12
30/08/2012,21:15,23,16,7
30/08/2012,21:30,24,14,10
30/08/2012,21:45,21,12,9
30/08/2012,22:00,21,15,6
30/08/2012,22:15,12,9,3
30/08/2012,22:30,20,17,3
30/08/2012,22:45,16,9,7
30/08/2012,23:00,20,13,7
30/08/2012,23:15,22,12,10
30/08/2012,23:30,22,18,4
30/08/2012,23:45,19,16,3
31/08/2012,00:00,9,7,2
31/08/2012,00:15,6,4,2
31/08/2012,00:30,10,9,1
31/08/2012,00:45,4,4,0
31/08/2012,01:00,4,4,0
31/08/2012,01:15,2,2,0
31/08/2012,01:30,5,5,0
31/08/2012,01:45,0,0,0
31/08/2012,02:00,5,4,1
31/08/2012,02:15,6,6,0
31/08/2012,02:30,1,1,0
31/08/2012,02:45,0,0,0
31/08/2012,03:00,0,0,0
31/08/2012,03:15,1,1,0
31/08/2012,03:30,1,1,0
31/08/2012,03:45,3,3,0
31/08/2012,04:00,0,0,0
31/08/2012,04:15,0,0,0
31/08/2012,04:30,0,0,0
31/08/2012,04:45,2,2,0
31/08/2012,05:00,1,1,0
31/08/2012,05:15,4,3,1
31/08/2012,05:30,5,3,2
31/08/2012,05:45,6,1,5
31/08/2012,06:00,13,6,7
31/08/2012,06:15,20,11,9
31/08/2012,06:30,21,9,12
31/08/2012,06:45,20,12,8
31/08/2012,07:00,39,14,25
31/08/2012,07:15,40,13,27
31/08/2012,07:30,56,21,35
31/08/2012,07:45,56,19,37
31/08/2012,08:00,64,20,44
31/08/2012,08:15,60,17,43
31/08/2012,08:30,65,11,54
31/08/2012,08:45,66,13,53
31/08/2012,09:00,71,25,46
31/08/2012,09:15,51,17,34
31/08/2012,09:30,44,22,22
31/08/2012,09:45,32,11,21
31/08/2012,10:00,30,11,19
31/08/2012,10:15,33,11,22
31/08/2012,10:30,27,11,16
31/08/2012,10:45,23,11,12
31/08/2012,11:00,29,19,10
31/08/2012,11:15,24,13,11
31/08/2012,11:30,32,19,13
31/08/2012,11:45,27,15,12
31/08/2012,12:00,17,7,10
31/08/2012,12:15,31,15,16
31/08/2012,12:30,29,20,9
31/08/2012,12:45,25,13,12
31/08/2012,13:00,39,26,13
31/08/2012,13:15,39,26,13
31/08/2012,13:30,36,24,12
31/08/2012,13:45,32,20,12
31/08/2012,14:00,27,14,13
31/08/2012,14:15,37,18,19
31/08/2012,14:30,38,23,15
31/08/2012,14:45,36,22,14
31/08/2012,15:00,30,19,11
31/08/2012,15:15,53,36,17
31/08/2012,15:30,54,32,22
31/08/2012,15:45,37,27,10
31/08/2012,16:00,56,39,17
31/08/2012,16:15,49,29,20
31/08/2012,16:30,61,39,22
31/08/2012,16:45,55,36,19
31/08/2012,17:00,67,41,26
31/08/2012,17:15,90,54,36
31/08/2012,17:30,109,66,43
31/08/2012,17:45,83,67,16
31/08/2012,18:00,83,55,28
31/08/2012,18:15,70,51,19
31/08/2012,18:30,74,48,26
31/08/2012,18:45,60,47,13
31/08/2012,19:00,58,40,18
31/08/2012,19:15,63,42,21
31/08/2012,19:30,29,18,11
31/08/2012,19:45,30,25,5
31/08/2012,20:00,28,22,6
31/08/2012,20:15,31,20,11
31/08/2012,20:30,19,13,6
31/08/2012,20:45,15,4,11
31/08/2012,21:00,18,10,8
31/08/2012,21:15,27,19,8
31/08/2012,21:30,18,8,10
31/08/2012,21:45,11,8,3
31/08/2012,22:00,26,16,10
31/08/2012,22:15,13,11,2
31/08/2012,22:30,16,11,5
31/08/2012,22:45,22,14,8
31/08/2012,23:00,28,16,12
31/08/2012,23:15,11,5,6
31/08/2012,23:30,14,11,3
31/08/2012,23:45,9,6,3
01/09/2012,00:00,18,15,3
01/09/2012,00:15,7,4,3
01/09/2012,00:30,7,7,0
01/09/2012,00:45,7,6,1
01/09/2012,01:00,9,6,3
01/09/2012,01:15,5,5,0
01/09/2012,01:30,6,5,1
01/09/2012,01:45,1,1,0
01/09/2012,02:00,9,9,0
01/09/2012,02:15,7,5,2
01/09/2012,02:30,5,4,1
01/09/2012,02:45,1,1,0
01/09/2012,03:00,1,1,0
01/09/2012,03:15,0,0,0
01/09/2012,03:30,3,2,1
01/09/2012,03:45,3,2,1
01/09/2012,04:00,1,1,0
01/09/2012,04:15,0,0,0
01/09/2012,04:30,0,0,0
01/09/2012,04:45,3,3,0
01/09/2012,05:00,3,2,1
01/09/2012,05:15,2,2,0
01/09/2012,05:30,5,5,0
01/09/2012,05:45,1,1,0
01/09/2012,06:00,4,2,2
01/09/2012,06:15,9,6,3
01/09/2012,06:30,4,3,1
01/09/2012,06:45,4,0,4
01/09/2012,07:00,10,5,5
01/09/2012,07:15,16,13,3
01/09/2012,07:30,17,10,7
01/09/2012,07:45,17,9,8
01/09/2012,08:00,10,4,6
01/09/2012,08:15,23,14,9
01/09/2012,08:30,33,17,16
01/09/2012,08:45,32,22,10
01/09/2012,09:00,27,22,5
01/09/2012,09:15,26,15,11
01/09/2012,09:30,43,28,15
01/09/2012,09:45,35,22,13
01/09/2012,10:00,35,24,11
01/09/2012,10:15,59,35,24
01/09/2012,10:30,48,30,18
01/09/2012,10:45,43,25,18
01/09/2012,11:00,48,26,22
01/09/2012,11:15,45,23,22
01/09/2012,11:30,53,22,31
01/09/2012,11:45,44,33,11
01/09/2012,12:00,44,23,21
01/09/2012,12:15,59,27,32
01/09/2012,12:30,47,30,17
01/09/2012,12:45,69,40,29
01/09/2012,13:00,74,49,25
01/09/2012,13:15,56,29,27
01/09/2012,13:30,68,43,25
01/09/2012,13:45,50,30,20
01/09/2012,14:00,57,32,25
01/09/2012,14:15,72,43,29
01/09/2012,14:30,59,40,19
01/09/2012,14:45,86,44,42
01/09/2012,15:00,68,44,24
01/09/2012,15:15,81,50,31
01/09/2012,15:30,91,50,41
01/09/2012,15:45,97,45,52
01/09/2012,16:00,71,36,35
01/09/2012,16:15,64,28,36
01/09/2012,16:30,72,30,42
01/09/2012,16:45,78,35,43
01/09/2012,17:00,68,25,43
01/09/2012,17:15,71,35,36
01/09/2012,17:30,50,27,23
01/09/2012,17:45,58,25,33
01/09/2012,18:00,65,36,29
01/09/2012,18:15,47,24,23
01/09/2012,18:30,45,25,20
01/09/2012,18:45,38,24,14
01/09/2012,19:00,30,17,13
01/09/2012,19:15,34,17,17
01/09/2012,19:30,30,18,12
01/09/2012,19:45,26,17,9
01/09/2012,20:00,23,13,10
01/09/2012,20:15,26,10,16
01/09/2012,20:30,18,9,9
01/09/2012,20:45,19,10,9
01/09/2012,21:00,25,16,9
01/09/2012,21:15,12,10,2
01/09/2012,21:30,13,8,5
01/09/2012,21:45,20,15,5
01/09/2012,22:00,12,10,2
01/09/2012,22:15,9,6,3
01/09/2012,22:30,8,3,5
01/09/2012,22:45,12,9,3
01/09/2012,23:00,8,5,3
01/09/2012,23:15,18,14,4
01/09/2012,23:30,16,12,4
01/09/2012,23:45,12,7,5
02/09/2012,00:00,10,7,3
02/09/2012,00:15,12,9,3
02/09/2012,00:30,7,5,2
02/09/2012,00:45,10,9,1
02/09/2012,01:00,8,6,2
02/09/2012,01:15,7,6,1
02/09/2012,01:30,3,3,0
02/09/2012,01:45,1,1,0
02/09/2012,02:00,8,6,2
02/09/2012,02:15,5,3,2
02/09/2012,02:30,4,4,0
02/09/2012,02:45,4,3,1
02/09/2012,03:00,1,1,0
02/09/2012,03:15,7,5,2
02/09/2012,03:30,1,1,0
02/09/2012,03:45,3,0,3
02/09/2012,04:00,1,0,1
02/09/2012,04:15,0,0,0
02/09/2012,04:30,1,0,1
02/09/2012,04:45,2,2,0
02/09/2012,05:00,2,1,1
02/09/2012,05:15,2,1,1
02/09/2012,05:30,0,0,0
02/09/2012,05:45,2,1,1
02/09/2012,06:00,2,1,1
02/09/2012,06:15,2,1,1
02/09/2012,06:30,8,4,4
02/09/2012,06:45,4,3,1
02/09/2012,07:00,3,1,2
02/09/2012,07:15,14,5,9
02/09/2012,07:30,21,12,9
02/09/2012,07:45,13,10,3
02/09/2012,08:00,19,11,8
02/09/2012,08:15,23,16,7
02/09/2012,08:30,23,11,12
02/09/2012,08:45,25,13,12
02/09/2012,09:00,22,13,9
02/09/2012,09:15,21,14,7
02/09/2012,09:30,28,22,6
02/09/2012,09:45,35,22,13
02/09/2012,10:00,39,31,8
02/09/2012,10:15,42,24,18
02/09/2012,10:30,55,36,19
02/09/2012,10:45,60,39,21
02/09/2012,11:00,67,52,15
02/09/2012,11:15,78,51,27
02/09/2012,11:30,71,43,28
02/09/2012,11:45,74,45,29
02/09/2012,12:00,70,49,21
02/09/2012,12:15,88,60,28
02/09/2012,12:30,100,76,24
02/09/2012,12:45,91,52,39
02/09/2012,13:00,95,64,31
02/09/2012,13:15,94,54,40
02/09/2012,13:30,113,66,47
02/09/2012,13:45,75,47,28
02/09/2012,14:00,117,76,41
02/09/2012,14:15,114,68,46
02/09/2012,14:30,100,55,45
02/09/2012,14:45,82,46,36
02/09/2012,15:00,114,64,50
02/09/2012,15:15,83,41,42
02/09/2012,15:30,120,66,54
02/09/2012,15:45,115,58,57
02/09/2012,16:00,126,45,81
02/09/2012,16:15,94,42,52
02/09/2012,16:30,84,29,55
02/09/2012,16:45,85,39,46
02/09/2012,17:00,88,28,60
02/09/2012,17:15,83,33,50
02/09/2012,17:30,55,16,39
02/09/2012,17:45,83,29,54
02/09/2012,18:00,58,29,29
02/09/2012,18:15,39,16,23
02/09/2012,18:30,69,32,37
02/09/2012,18:45,38,12,26
02/09/2012,19:00,33,22,11
02/09/2012,19:15,44,25,19
02/09/2012,19:30,37,23,14
02/09/2012,19:45,19,14,5
02/09/2012,20:00,23,10,13
02/09/2012,20:15,19,5,14
02/09/2012,20:30,23,18,5
02/09/2012,20:45,20,16,4
02/09/2012,21:00,17,11,6
02/09/2012,21:15,12,11,1
02/09/2012,21:30,14,10,4
02/09/2012,21:45,14,11,3
02/09/2012,22:00,15,11,4
02/09/2012,22:15,8,5,3
02/09/2012,22:30,12,8,4
02/09/2012,22:45,11,7,4
02/09/2012,23:00,14,13,1
02/09/2012,23:15,19,12,7
02/09/2012,23:30,14,12,2
02/09/2012,23:45,10,9,1
03/09/2012,00:00,10,6,4
03/09/2012,00:15,9,7,2
03/09/2012,00:30,4,3,1
03/09/2012,00:45,6,6,0
03/09/2012,01:00,3,3,0
03/09/2012,01:15,5,5,0
03/09/2012,01:30,6,3,3
03/09/2012,01:45,2,2,0
03/09/2012,02:00,8,6,2
03/09/2012,02:15,2,2,0
03/09/2012,02:30,0,0,0
03/09/2012,02:45,2,2,0
03/09/2012,03:00,0,0,0
03/09/2012,03:15,0,0,0
03/09/2012,03:30,4,2,2
03/09/2012,03:45,2,2,0
03/09/2012,04:00,2,2,0
03/09/2012,04:15,0,0,0
03/09/2012,04:30,0,0,0
03/09/2012,04:45,3,1,2
03/09/2012,05:00,0,0,0
03/09/2012,05:15,2,1,1
03/09/2012,05:30,0,0,0
03/09/2012,05:45,2,0,2
03/09/2012,06:00,5,2,3
03/09/2012,06:15,2,0,2
03/09/2012,06:30,2,2,0
03/09/2012,06:45,3,2,1
03/09/2012,07:00,20,12,8
03/09/2012,07:15,6,4,2
03/09/2012,07:30,16,10,6
03/09/2012,07:45,8,3,5
03/09/2012,08:00,15,7,8
03/09/2012,08:15,26,12,14
03/09/2012,08:30,21,13,8
03/09/2012,08:45,37,26,11
03/09/2012,09:00,54,40,14
03/09/2012,09:15,47,30,17
03/09/2012,09:30,47,29,18
03/09/2012,09:45,52,31,21
03/09/2012,10:00,54,40,14
03/09/2012,10:15,65,42,23
03/09/2012,10:30,105,68,37
03/09/2012,10:45,75,52,23
03/09/2012,11:00,92,59,33
03/09/2012,11:15,65,40,25
03/09/2012,11:30,93,56,37
03/09/2012,11:45,96,47,49
03/09/2012,12:00,88,51,37
03/09/2012,12:15,89,51,38
03/09/2012,12:30,88,53,35
03/09/2012,12:45,97,66,31
03/09/2012,13:00,114,71,43
03/09/2012,13:15,80,51,29
03/09/2012,13:30,95,51,44
03/09/2012,13:45,107,63,44
03/09/2012,14:00,93,60,33
03/09/2012,14:15,111,58,53
03/09/2012,14:30,97,57,40
03/09/2012,14:45,110,55,55
03/09/2012,15:00,118,63,55
03/09/2012,15:15,125,57,68
03/09/2012,15:30,101,48,53
03/09/2012,15:45,116,47,69
03/09/2012,16:00,119,40,79
03/09/2012,16:15,115,47,68
03/09/2012,16:30,95,51,44
03/09/2012,16:45,112,55,57
03/09/2012,17:00,82,41,41
03/09/2012,17:15,130,68,62
03/09/2012,17:30,86,47,39
03/09/2012,17:45,66,31,35
03/09/2012,18:00,72,34,38
03/09/2012,18:15,73,37,36
03/09/2012,18:30,62,32,30
03/09/2012,18:45,41,17,24
03/09/2012,19:00,38,19,19
03/09/2012,19:15,30,21,9
03/09/2012,19:30,35,23,12
03/09/2012,19:45,32,18,14
03/09/2012,20:00,30,18,12
03/09/2012,20:15,17,12,5
03/09/2012,20:30,18,10,8
03/09/2012,20:45,16,13,3
03/09/2012,21:00,11,8,3
03/09/2012,21:15,18,14,4
03/09/2012,21:30,31,22,9
03/09/2012,21:45,18,7,11
03/09/2012,22:00,9,5,4
03/09/2012,22:15,15,10,5
03/09/2012,22:30,14,7,7
03/09/2012,22:45,10,9,1
03/09/2012,23:00,10,8,2
03/09/2012,23:15,6,6,0
03/09/2012,23:30,7,5,2
03/09/2012,23:45,6,5,1
04/09/2012,00:00,5,5,0
04/09/2012,00:15,4,4,0
04/09/2012,00:30,2,2,0
04/09/2012,00:45,6,4,2
04/09/2012,01:00,1,1,0
04/09/2012,01:15,3,2,1
04/09/2012,01:30,3,2,1
04/09/2012,01:45,0,0,0
04/09/2012,02:00,2,2,0
04/09/2012,02:15,2,2,0
04/09/2012,02:30,2,2,0
04/09/2012,02:45,0,0,0
04/09/2012,03:00,3,3,0
04/09/2012,03:15,1,1,0
04/09/2012,03:30,0,0,0
04/09/2012,03:45,0,0,0
04/09/2012,04:00,0,0,0
04/09/2012,04:15,0,0,0
04/09/2012,04:30,1,1,0
04/09/2012,04:45,1,0,1
04/09/2012,05:00,5,1,4
04/09/2012,05:15,2,0,2
04/09/2012,05:30,5,2,3
04/09/2012,05:45,4,1,3
04/09/2012,06:00,14,7,7
04/09/2012,06:15,18,8,10
04/09/2012,06:30,27,10,17
04/09/2012,06:45,27,12,15
04/09/2012,07:00,38,13,25
04/09/2012,07:15,49,15,34
04/09/2012,07:30,89,27,62
04/09/2012,07:45,78,24,54
04/09/2012,08:00,89,23,66
04/09/2012,08:15,85,17,68
04/09/2012,08:30,104,31,73
04/09/2012,08:45,81,20,61
04/09/2012,09:00,78,20,58
04/09/2012,09:15,69,19,50
04/09/2012,09:30,38,19,19
04/09/2012,09:45,53,25,28
04/09/2012,10:00,27,12,15
04/09/2012,10:15,33,19,14
04/09/2012,10:30,33,18,15
04/09/2012,10:45,29,15,14
04/09/2012,11:00,29,18,11
04/09/2012,11:15,23,15,8
04/09/2012,11:30,29,16,13
04/09/2012,11:45,20,9,11
04/09/2012,12:00,29,14,15
04/09/2012,12:15,36,19,17
04/09/2012,12:30,29,20,9
04/09/2012,12:45,23,9,14
04/09/2012,13:00,37,14,23
04/09/2012,13:15,38,23,15
04/09/2012,13:30,40,21,19
04/09/2012,13:45,25,14,11
04/09/2012,14:00,37,23,14
04/09/2012,14:15,46,34,12
04/09/2012,14:30,25,14,11
04/09/2012,14:45,34,22,12
04/09/2012,15:00,31,16,15
04/09/2012,15:15,67,41,26
04/09/2012,15:30,34,24,10
04/09/2012,15:45,46,30,16
04/09/2012,16:00,43,25,18
04/09/2012,16:15,73,43,30
04/09/2012,16:30,51,28,23
04/09/2012,16:45,65,46,19
04/09/2012,17:00,111,74,37
04/09/2012,17:15,103,78,25
04/09/2012,17:30,99,69,30
04/09/2012,17:45,117,82,35
04/09/2012,18:00,110,80,30
04/09/2012,18:15,100,77,23
04/09/2012,18:30,116,90,26
04/09/2012,18:45,102,75,27
04/09/2012,19:00,86,55,31
04/09/2012,19:15,79,65,14
04/09/2012,19:30,65,40,25
04/09/2012,19:45,47,37,10
04/09/2012,20:00,43,32,11
04/09/2012,20:15,38,25,13
04/09/2012,20:30,29,19,10
04/09/2012,20:45,27,20,7
04/09/2012,21:00,29,18,11
04/09/2012,21:15,33,25,8
04/09/2012,21:30,22,20,2
04/09/2012,21:45,19,13,6
04/09/2012,22:00,20,15,5
04/09/2012,22:15,20,16,4
04/09/2012,22:30,14,8,6
04/09/2012,22:45,20,16,4
04/09/2012,23:00,13,9,4
04/09/2012,23:15,15,13,2
04/09/2012,23:30,9,8,1
04/09/2012,23:45,11,10,1
05/09/2012,00:00,10,10,0
05/09/2012,00:15,8,6,2
05/09/2012,00:30,8,8,0
05/09/2012,00:45,6,6,0
05/09/2012,01:00,2,2,0
05/09/2012,01:15,6,5,1
05/09/2012,01:30,3,3,0
05/09/2012,01:45,2,1,1
05/09/2012,02:00,4,3,1
05/09/2012,02:15,2,1,1
05/09/2012,02:30,3,1,2
05/09/2012,02:45,1,0,1
05/09/2012,03:00,1,1,0
05/09/2012,03:15,1,1,0
05/09/2012,03:30,0,0,0
05/09/2012,03:45,0,0,0
05/09/2012,04:00,0,0,0
05/09/2012,04:15,1,0,1
05/09/2012,04:30,3,2,1
05/09/2012,04:45,2,2,0
05/09/2012,05:00,1,1,0
05/09/2012,05:15,4,2,2
05/09/2012,05:30,6,1,5
05/09/2012,05:45,6,3,3
05/09/2012,06:00,16,4,12
05/09/2012,06:15,21,7,14
05/09/2012,06:30,27,9,18
05/09/2012,06:45,25,12,13
05/09/2012,07:00,41,16,25
05/09/2012,07:15,51,20,31
05/09/2012,07:30,73,20,53
05/09/2012,07:45,71,19,52
05/09/2012,08:00,85,17,68
05/09/2012,08:15,83,22,61
05/09/2012,08:30,93,21,72
05/09/2012,08:45,77,13,64
05/09/2012,09:00,71,23,48
05/09/2012,09:15,55,18,37
05/09/2012,09:30,61,23,38
05/09/2012,09:45,43,20,23
05/09/2012,10:00,32,15,17
05/09/2012,10:15,29,16,13
05/09/2012,10:30,45,21,24
05/09/2012,10:45,36,24,12
05/09/2012,11:00,33,21,12
05/09/2012,11:15,21,11,10
05/09/2012,11:30,40,25,15
05/09/2012,11:45,26,15,11
05/09/2012,12:00,24,15,9
05/09/2012,12:15,41,25,16
05/09/2012,12:30,23,16,7
05/09/2012,12:45,27,16,11
05/09/2012,13:00,39,25,14
05/09/2012,13:15,40,21,19
05/09/2012,13:30,22,12,10
05/09/2012,13:45,28,11,17
05/09/2012,14:00,29,15,14
05/09/2012,14:15,46,24,22
05/09/2012,14:30,27,12,15
05/09/2012,14:45,52,27,25
05/09/2012,15:00,44,24,20
05/09/2012,15:15,44,25,19
05/09/2012,15:30,42,26,16
05/09/2012,15:45,31,20,11
05/09/2012,16:00,52,26,26
05/09/2012,16:15,69,42,27
05/09/2012,16:30,63,46,17
05/09/2012,16:45,65,45,20
05/09/2012,17:00,83,54,29
05/09/2012,17:15,100,71,29
05/09/2012,17:30,117,87,30
05/09/2012,17:45,109,88,21
05/09/2012,18:00,105,81,24
05/09/2012,18:15,124,98,26
05/09/2012,18:30,108,84,24
05/09/2012,18:45,75,56,19
05/09/2012,19:00,71,51,20
05/09/2012,19:15,79,56,23
05/09/2012,19:30,56,40,16
05/09/2012,19:45,46,32,14
05/09/2012,20:00,50,34,16
05/09/2012,20:15,39,28,11
05/09/2012,20:30,30,22,8
05/09/2012,20:45,29,20,9
05/09/2012,21:00,31,20,11
05/09/2012,21:15,37,18,19
05/09/2012,21:30,28,24,4
05/09/2012,21:45,26,21,5
05/09/2012,22:00,23,16,7
05/09/2012,22:15,24,19,5
05/09/2012,22:30,16,12,4
05/09/2012,22:45,15,13,2
05/09/2012,23:00,19,16,3
05/09/2012,23:15,15,11,4
05/09/2012,23:30,14,13,1
05/09/2012,23:45,16,12,4
06/09/2012,00:00,10,10,0
06/09/2012,00:15,10,9,1
06/09/2012,00:30,10,10,0
06/09/2012,00:45,1,0,1
06/09/2012,01:00,3,2,1
06/09/2012,01:15,4,3,1
06/09/2012,01:30,4,4,0
06/09/2012,01:45,0,0,0
06/09/2012,02:00,5,5,0
06/09/2012,02:15,5,4,1
06/09/2012,02:30,5,4,1
06/09/2012,02:45,2,2,0
06/09/2012,03:00,0,0,0
06/09/2012,03:15,0,0,0
06/09/2012,03:30,0,0,0
06/09/2012,03:45,1,1,0
06/09/2012,04:00,0,0,0
06/09/2012,04:15,1,1,0
06/09/2012,04:30,0,0,0
06/09/2012,04:45,3,2,1
06/09/2012,05:00,3,2,1
06/09/2012,05:15,5,2,3
06/09/2012,05:30,6,1,5
06/09/2012,05:45,7,4,3
06/09/2012,06:00,20,14,6
06/09/2012,06:15,16,7,9
06/09/2012,06:30,29,15,14
06/09/2012,06:45,25,8,17
06/09/2012,07:00,49,23,26
06/09/2012,07:15,58,16,42
06/09/2012,07:30,73,27,46
06/09/2012,07:45,76,22,54
06/09/2012,08:00,71,16,55
06/09/2012,08:15,91,19,72
06/09/2012,08:30,87,29,58
06/09/2012,08:45,74,21,53
06/09/2012,09:00,65,21,44
06/09/2012,09:15,67,18,49
06/09/2012,09:30,54,21,33
06/09/2012,09:45,26,8,18
06/09/2012,10:00,40,13,27
06/09/2012,10:15,56,32,24
06/09/2012,10:30,50,34,16
06/09/2012,10:45,33,15,18
06/09/2012,11:00,38,17,21
06/09/2012,11:15,34,20,14
06/09/2012,11:30,41,19,22
06/09/2012,11:45,33,19,14
06/09/2012,12:00,29,14,15
06/09/2012,12:15,33,15,18
06/09/2012,12:30,42,29,13
06/09/2012,12:45,37,21,16
06/09/2012,13:00,37,26,11
06/09/2012,13:15,41,30,11
06/09/2012,13:30,38,25,13
06/09/2012,13:45,29,16,13
06/09/2012,14:00,40,21,19
06/09/2012,14:15,42,21,21
06/09/2012,14:30,44,16,28
06/09/2012,14:45,40,25,15
06/09/2012,15:00,42,21,21
06/09/2012,15:15,52,26,26
06/09/2012,15:30,60,42,18
06/09/2012,15:45,51,29,22
06/09/2012,16:00,59,36,23
06/09/2012,16:15,66,38,28
06/09/2012,16:30,60,34,26
06/09/2012,16:45,79,49,30
06/09/2012,17:00,90,55,35
06/09/2012,17:15,123,91,32
06/09/2012,17:30,103,73,30
06/09/2012,17:45,113,88,25
06/09/2012,18:00,96,71,25
06/09/2012,18:15,117,84,33
06/09/2012,18:30,120,76,44
06/09/2012,18:45,98,76,22
06/09/2012,19:00,71,44,27
06/09/2012,19:15,91,57,34
06/09/2012,19:30,66,44,22
06/09/2012,19:45,56,37,19
06/09/2012,20:00,32,19,13
06/09/2012,20:15,47,32,15
06/09/2012,20:30,36,24,12
06/09/2012,20:45,35,26,9
06/09/2012,21:00,28,19,9
06/09/2012,21:15,31,25,6
06/09/2012,21:30,21,17,4
06/09/2012,21:45,25,19,6
06/09/2012,22:00,28,21,7
06/09/2012,22:15,16,12,4
06/09/2012,22:30,27,22,5
06/09/2012,22:45,9,9,0
06/09/2012,23:00,26,21,5
06/09/2012,23:15,21,19,2
06/09/2012,23:30,19,17,2
06/09/2012,23:45,16,14,2
07/09/2012,00:00,10,9,1
07/09/2012,00:15,10,7,3
07/09/2012,00:30,7,6,1
07/09/2012,00:45,6,6,0
07/09/2012,01:00,2,2,0
07/09/2012,01:15,5,3,2
07/09/2012,01:30,1,1,0
07/09/2012,01:45,0,0,0
07/09/2012,02:00,0,0,0
07/09/2012,02:15,3,3,0
07/09/2012,02:30,1,1,0
07/09/2012,02:45,2,2,0
07/09/2012,03:00,5,4,1
07/09/2012,03:15,1,1,0
07/09/2012,03:30,0,0,0
07/09/2012,03:45,2,1,1
07/09/2012,04:00,1,1,0
07/09/2012,04:15,0,0,0
07/09/2012,04:30,1,1,0
07/09/2012,04:45,3,3,0
07/09/2012,05:00,3,2,1
07/09/2012,05:15,3,0,3
07/09/2012,05:30,8,2,6
07/09/2012,05:45,5,2,3
07/09/2012,06:00,13,5,8
07/09/2012,06:15,19,9,10
07/09/2012,06:30,22,9,13
07/09/2012,06:45,22,7,15
07/09/2012,07:00,45,17,28
07/09/2012,07:15,61,21,40
07/09/2012,07:30,84,35,49
07/09/2012,07:45,70,23,47
07/09/2012,08:00,77,22,55
07/09/2012,08:15,85,22,63
07/09/2012,08:30,90,25,65
07/09/2012,08:45,72,17,55
07/09/2012,09:00,67,21,46
07/09/2012,09:15,60,20,40
07/09/2012,09:30,53,19,34
07/09/2012,09:45,54,30,24
07/09/2012,10:00,37,15,22
07/09/2012,10:15,36,17,19
07/09/2012,10:30,36,20,16
07/09/2012,10:45,37,21,16
07/09/2012,11:00,45,25,20
07/09/2012,11:15,43,21,22
07/09/2012,11:30,31,13,18
07/09/2012,11:45,56,33,23
07/09/2012,12:00,36,21,15
07/09/2012,12:15,43,24,19
07/09/2012,12:30,31,18,13
07/09/2012,12:45,53,30,23
07/09/2012,13:00,39,21,18
07/09/2012,13:15,49,28,21
07/09/2012,13:30,44,27,17
07/09/2012,13:45,35,21,14
07/09/2012,14:00,46,18,28
07/09/2012,14:15,52,32,20
07/09/2012,14:30,49,26,23
07/09/2012,14:45,47,28,19
07/09/2012,15:00,52,27,25
07/09/2012,15:15,42,23,19
07/09/2012,15:30,67,35,32
07/09/2012,15:45,69,40,29
07/09/2012,16:00,52,37,15
07/09/2012,16:15,72,49,23
07/09/2012,16:30,74,43,31
07/09/2012,16:45,76,44,32
07/09/2012,17:00,89,64,25
07/09/2012,17:15,102,78,24
07/09/2012,17:30,106,79,27
07/09/2012,17:45,114,84,30
07/09/2012,18:00,103,68,35
07/09/2012,18:15,103,75,28
07/09/2012,18:30,85,66,19
07/09/2012,18:45,102,65,37
07/09/2012,19:00,82,53,29
07/09/2012,19:15,73,44,29
07/09/2012,19:30,88,46,42
07/09/2012,19:45,59,26,33
07/09/2012,20:00,55,30,25
07/09/2012,20:15,57,40,17
07/09/2012,20:30,22,12,10
07/09/2012,20:45,37,22,15
07/09/2012,21:00,33,17,16
07/09/2012,21:15,26,15,11
07/09/2012,21:30,35,23,12
07/09/2012,21:45,18,7,11
07/09/2012,22:00,47,18,29
07/09/2012,22:15,57,26,31
07/09/2012,22:30,38,20,18
07/09/2012,22:45,27,11,16
07/09/2012,23:00,32,16,16
07/09/2012,23:15,26,13,13
07/09/2012,23:30,31,20,11
07/09/2012,23:45,19,7,12
08/09/2012,00:00,33,20,13
08/09/2012,00:15,13,9,4
08/09/2012,00:30,17,15,2
08/09/2012,00:45,18,12,6
08/09/2012,01:00,13,11,2
08/09/2012,01:15,18,10,8
08/09/2012,01:30,8,6,2
08/09/2012,01:45,8,8,0
08/09/2012,02:00,9,8,1
08/09/2012,02:15,8,6,2
08/09/2012,02:30,9,9,0
08/09/2012,02:45,4,4,0
08/09/2012,03:00,3,3,0
08/09/2012,03:15,2,2,0
08/09/2012,03:30,4,2,2
08/09/2012,03:45,1,1,0
08/09/2012,04:00,0,0,0
08/09/2012,04:15,0,0,0
08/09/2012,04:30,0,0,0
08/09/2012,04:45,1,1,0
08/09/2012,05:00,1,1,0
08/09/2012,05:15,2,0,2
08/09/2012,05:30,5,4,1
08/09/2012,05:45,7,1,6
08/09/2012,06:00,3,3,0
08/09/2012,06:15,7,4,3
08/09/2012,06:30,9,5,4
08/09/2012,06:45,11,4,7
08/09/2012,07:00,6,4,2
08/09/2012,07:15,14,7,7
08/09/2012,07:30,19,10,9
08/09/2012,07:45,22,15,7
08/09/2012,08:00,32,24,8
08/09/2012,08:15,30,19,11
08/09/2012,08:30,47,23,24
08/09/2012,08:45,33,19,14
08/09/2012,09:00,65,55,10
08/09/2012,09:15,53,37,16
08/09/2012,09:30,48,32,16
08/09/2012,09:45,61,34,27
08/09/2012,10:00,49,33,16
08/09/2012,10:15,50,20,30
08/09/2012,10:30,66,41,25
08/09/2012,10:45,85,56,29
08/09/2012,11:00,45,18,27
08/09/2012,11:15,62,33,29
08/09/2012,11:30,66,40,26
08/09/2012,11:45,72,53,19
08/09/2012,12:00,70,40,30
08/09/2012,12:15,76,41,35
08/09/2012,12:30,88,59,29
08/09/2012,12:45,91,47,44
08/09/2012,13:00,60,27,33
08/09/2012,13:15,88,37,51
08/09/2012,13:30,59,33,26
08/09/2012,13:45,115,57,58
08/09/2012,14:00,91,45,46
08/09/2012,14:15,71,46,25
08/09/2012,14:30,91,59,32
08/09/2012,14:45,88,38,50
08/09/2012,15:00,78,36,42
08/09/2012,15:15,107,57,50
08/09/2012,15:30,85,55,30
08/09/2012,15:45,71,37,34
08/09/2012,16:00,64,39,25
08/09/2012,16:15,90,40,50
08/09/2012,16:30,64,32,32
08/09/2012,16:45,85,46,39
08/09/2012,17:00,74,33,41
08/09/2012,17:15,64,33,31
08/09/2012,17:30,54,19,35
08/09/2012,17:45,68,37,31
08/09/2012,18:00,58,19,39
08/09/2012,18:15,64,27,37
08/09/2012,18:30,52,25,27
08/09/2012,18:45,45,19,26
08/09/2012,19:00,43,30,13
08/09/2012,19:15,37,21,16
08/09/2012,19:30,33,15,18
08/09/2012,19:45,35,19,16
08/09/2012,20:00,25,13,12
08/09/2012,20:15,22,11,11
08/09/2012,20:30,28,17,11
08/09/2012,20:45,23,20,3
08/09/2012,21:00,10,5,5
08/09/2012,21:15,18,8,10
08/09/2012,21:30,20,15,5
08/09/2012,21:45,30,19,11
08/09/2012,22:00,10,8,2
08/09/2012,22:15,13,9,4
08/09/2012,22:30,19,12,7
08/09/2012,22:45,15,13,2
08/09/2012,23:00,17,13,4
08/09/2012,23:15,14,11,3
08/09/2012,23:30,12,8,4
08/09/2012,23:45,13,11,2
09/09/2012,00:00,15,10,5
09/09/2012,00:15,20,17,3
09/09/2012,00:30,17,15,2
09/09/2012,00:45,9,6,3
09/09/2012,01:00,7,5,2
09/09/2012,01:15,6,5,1
09/09/2012,01:30,16,13,3
09/09/2012,01:45,3,2,1
09/09/2012,02:00,8,7,1
09/09/2012,02:15,7,7,0
09/09/2012,02:30,2,2,0
09/09/2012,02:45,6,4,2
09/09/2012,03:00,4,4,0
09/09/2012,03:15,3,3,0
09/09/2012,03:30,2,2,0
09/09/2012,03:45,0,0,0
09/09/2012,04:00,1,1,0
09/09/2012,04:15,1,1,0
09/09/2012,04:30,1,0,1
09/09/2012,04:45,2,2,0
09/09/2012,05:00,2,1,1
09/09/2012,05:15,3,1,2
09/09/2012,05:30,3,2,1
09/09/2012,05:45,2,1,1
09/09/2012,06:00,3,2,1
09/09/2012,06:15,5,2,3
09/09/2012,06:30,8,3,5
09/09/2012,06:45,7,4,3
09/09/2012,07:00,12,6,6
09/09/2012,07:15,18,11,7
09/09/2012,07:30,16,11,5
09/09/2012,07:45,20,14,6
09/09/2012,08:00,14,6,8
09/09/2012,08:15,34,23,11
09/09/2012,08:30,40,28,12
09/09/2012,08:45,30,26,4
09/09/2012,09:00,21,15,6
09/09/2012,09:15,55,34,21
09/09/2012,09:30,65,37,28
09/09/2012,09:45,56,39,17
09/09/2012,10:00,80,56,24
09/09/2012,10:15,66,44,22
09/09/2012,10:30,82,57,25
09/09/2012,10:45,86,42,44
09/09/2012,11:00,98,59,39
09/09/2012,11:15,104,52,52
09/09/2012,11:30,126,66,60
09/09/2012,11:45,126,62,64
09/09/2012,12:00,128,66,62
09/09/2012,12:15,130,68,62
09/09/2012,12:30,144,89,55
09/09/2012,12:45,170,96,74
09/09/2012,13:00,158,79,79
09/09/2012,13:15,158,105,53
09/09/2012,13:30,154,88,66
09/09/2012,13:45,155,92,63
09/09/2012,14:00,145,94,51
09/09/2012,14:15,168,80,88
09/09/2012,14:30,149,78,71
09/09/2012,14:45,158,93,65
09/09/2012,15:00,118,63,55
09/09/2012,15:15,128,91,37
09/09/2012,15:30,127,50,77
09/09/2012,15:45,184,116,68
09/09/2012,16:00,170,63,107
09/09/2012,16:15,154,64,90
09/09/2012,16:30,99,41,58
09/09/2012,16:45,89,30,59
09/09/2012,17:00,84,45,39
09/09/2012,17:15,86,35,51
09/09/2012,17:30,84,42,42
09/09/2012,17:45,102,43,59
09/09/2012,18:00,76,40,36
09/09/2012,18:15,71,21,50
09/09/2012,18:30,70,32,38
09/09/2012,18:45,64,27,37
09/09/2012,19:00,48,15,33
09/09/2012,19:15,50,30,20
09/09/2012,19:30,37,20,17
09/09/2012,19:45,27,14,13
09/09/2012,20:00,40,12,28
09/09/2012,20:15,15,9,6
09/09/2012,20:30,20,11,9
09/09/2012,20:45,31,17,14
09/09/2012,21:00,15,10,5
09/09/2012,21:15,19,10,9
09/09/2012,21:30,20,16,4
09/09/2012,21:45,11,7,4
09/09/2012,22:00,14,10,4
09/09/2012,22:15,8,3,5
09/09/2012,22:30,12,6,6
09/09/2012,22:45,9,9,0
09/09/2012,23:00,17,10,7
09/09/2012,23:15,13,9,4
09/09/2012,23:30,8,6,2
09/09/2012,23:45,6,4,2
10/09/2012,00:00,10,9,1
10/09/2012,00:15,3,3,0
10/09/2012,00:30,6,5,1
10/09/2012,00:45,2,1,1
10/09/2012,01:00,8,7,1
10/09/2012,01:15,2,2,0
10/09/2012,01:30,4,4,0
10/09/2012,01:45,0,0,0
10/09/2012,02:00,0,0,0
10/09/2012,02:15,4,3,1
10/09/2012,02:30,6,3,3
10/09/2012,02:45,0,0,0
10/09/2012,03:00,1,0,1
10/09/2012,03:15,0,0,0
10/09/2012,03:30,0,0,0
10/09/2012,03:45,1,1,0
10/09/2012,04:00,0,0,0
10/09/2012,04:15,2,1,1
10/09/2012,04:30,3,1,2
10/09/2012,04:45,3,2,1
10/09/2012,05:00,4,1,3
10/09/2012,05:15,5,2,3
10/09/2012,05:30,5,2,3
10/09/2012,05:45,8,4,4
10/09/2012,06:00,14,6,8
10/09/2012,06:15,16,9,7
10/09/2012,06:30,29,9,20
10/09/2012,06:45,19,4,15
10/09/2012,07:00,38,13,25
10/09/2012,07:15,56,24,32
10/09/2012,07:30,75,27,48
10/09/2012,07:45,83,24,59
10/09/2012,08:00,67,19,48
10/09/2012,08:15,84,23,61
10/09/2012,08:30,91,22,69
10/09/2012,08:45,88,19,69
10/09/2012,09:00,61,21,40
10/09/2012,09:15,62,17,45
10/09/2012,09:30,67,22,45
10/09/2012,09:45,40,19,21
10/09/2012,10:00,25,9,16
10/09/2012,10:15,36,17,19
10/09/2012,10:30,32,10,22
10/09/2012,10:45,44,24,20
10/09/2012,11:00,25,12,13
10/09/2012,11:15,27,19,8
10/09/2012,11:30,25,13,12
10/09/2012,11:45,51,28,23
10/09/2012,12:00,27,15,12
10/09/2012,12:15,38,23,15
10/09/2012,12:30,31,18,13
10/09/2012,12:45,22,14,8
10/09/2012,13:00,34,23,11
10/09/2012,13:15,35,26,9
10/09/2012,13:30,27,10,17
10/09/2012,13:45,33,17,16
10/09/2012,14:00,42,25,17
10/09/2012,14:15,34,21,13
10/09/2012,14:30,42,19,23
10/09/2012,14:45,33,20,13
10/09/2012,15:00,48,26,22
10/09/2012,15:15,49,30,19
10/09/2012,15:30,61,38,23
10/09/2012,15:45,57,31,26
10/09/2012,16:00,56,36,20
10/09/2012,16:15,77,50,27
10/09/2012,16:30,63,47,16
10/09/2012,16:45,66,34,32
10/09/2012,17:00,83,57,26
10/09/2012,17:15,110,86,24
10/09/2012,17:30,128,89,39
10/09/2012,17:45,127,84,43
10/09/2012,18:00,126,94,32
10/09/2012,18:15,121,97,24
10/09/2012,18:30,134,103,31
10/09/2012,18:45,104,74,30
10/09/2012,19:00,83,58,25
10/09/2012,19:15,64,46,18
10/09/2012,19:30,73,47,26
10/09/2012,19:45,59,42,17
10/09/2012,20:00,43,32,11
10/09/2012,20:15,35,23,12
10/09/2012,20:30,35,27,8
10/09/2012,20:45,35,27,8
10/09/2012,21:00,39,26,13
10/09/2012,21:15,38,29,9
10/09/2012,21:30,28,21,7
10/09/2012,21:45,18,13,5
10/09/2012,22:00,25,19,6
10/09/2012,22:15,14,7,7
10/09/2012,22:30,22,14,8
10/09/2012,22:45,21,17,4
10/09/2012,23:00,11,8,3
10/09/2012,23:15,11,7,4
10/09/2012,23:30,7,7,0
10/09/2012,23:45,9,8,1
11/09/2012,00:00,8,6,2
11/09/2012,00:15,5,4,1
11/09/2012,00:30,5,4,1
11/09/2012,00:45,5,4,1
11/09/2012,01:00,7,4,3
11/09/2012,01:15,5,5,0
11/09/2012,01:30,0,0,0
11/09/2012,01:45,3,2,1
11/09/2012,02:00,2,2,0
11/09/2012,02:15,5,3,2
11/09/2012,02:30,4,4,0
11/09/2012,02:45,0,0,0
11/09/2012,03:00,3,2,1
11/09/2012,03:15,1,1,0
11/09/2012,03:30,0,0,0
11/09/2012,03:45,1,1,0
11/09/2012,04:00,0,0,0
11/09/2012,04:15,4,2,2
11/09/2012,04:30,1,0,1
11/09/2012,04:45,0,0,0
11/09/2012,05:00,4,1,3
11/09/2012,05:15,5,3,2
11/09/2012,05:30,10,6,4
11/09/2012,05:45,7,6,1
11/09/2012,06:00,23,17,6
11/09/2012,06:15,20,6,14
11/09/2012,06:30,35,16,19
11/09/2012,06:45,29,14,15
11/09/2012,07:00,41,19,22
11/09/2012,07:15,64,22,42
11/09/2012,07:30,79,22,57
11/09/2012,07:45,89,24,65
11/09/2012,08:00,89,31,58
11/09/2012,08:15,89,20,69
11/09/2012,08:30,96,24,72
11/09/2012,08:45,72,23,49
11/09/2012,09:00,85,19,66
11/09/2012,09:15,64,18,46
11/09/2012,09:30,54,15,39
11/09/2012,09:45,58,26,32
11/09/2012,10:00,32,11,21
11/09/2012,10:15,41,22,19
11/09/2012,10:30,39,18,21
11/09/2012,10:45,46,29,17
11/09/2012,11:00,31,13,18
11/09/2012,11:15,30,13,17
11/09/2012,11:30,20,12,8
11/09/2012,11:45,37,14,23
11/09/2012,12:00,38,20,18
11/09/2012,12:15,35,16,19
11/09/2012,12:30,28,16,12
11/09/2012,12:45,39,25,14
11/09/2012,13:00,29,17,12
11/09/2012,13:15,47,35,12
11/09/2012,13:30,45,29,16
11/09/2012,13:45,39,16,23
11/09/2012,14:00,49,31,18
11/09/2012,14:15,49,30,19
11/09/2012,14:30,47,26,21
11/09/2012,14:45,37,24,13
11/09/2012,15:00,42,22,20
11/09/2012,15:15,38,19,19
11/09/2012,15:30,53,31,22
11/09/2012,15:45,56,34,22
11/09/2012,16:00,60,33,27
11/09/2012,16:15,66,39,27
11/09/2012,16:30,66,51,15
11/09/2012,16:45,102,64,38
11/09/2012,17:00,106,73,33
11/09/2012,17:15,143,101,42
11/09/2012,17:30,127,97,30
11/09/2012,17:45,125,99,26
11/09/2012,18:00,128,98,30
11/09/2012,18:15,130,97,33
11/09/2012,18:30,111,88,23
11/09/2012,18:45,112,84,28
11/09/2012,19:00,95,64,31
11/09/2012,19:15,76,46,30
11/09/2012,19:30,110,63,47
11/09/2012,19:45,66,35,31
11/09/2012,20:00,60,32,28
11/09/2012,20:15,50,27,23
11/09/2012,20:30,28,18,10
11/09/2012,20:45,37,30,7
11/09/2012,21:00,43,30,13
11/09/2012,21:15,36,31,5
11/09/2012,21:30,38,26,12
11/09/2012,21:45,26,20,6
11/09/2012,22:00,22,16,6
11/09/2012,22:15,21,15,6
11/09/2012,22:30,21,14,7
11/09/2012,22:45,15,13,2
11/09/2012,23:00,22,17,5
11/09/2012,23:15,10,9,1
11/09/2012,23:30,11,7,4
11/09/2012,23:45,6,5,1
12/09/2012,00:00,11,10,1
12/09/2012,00:15,7,7,0
12/09/2012,00:30,4,4,0
12/09/2012,00:45,4,4,0
12/09/2012,01:00,5,3,2
12/09/2012,01:15,7,6,1
12/09/2012,01:30,2,2,0
12/09/2012,01:45,1,1,0
12/09/2012,02:00,4,4,0
12/09/2012,02:15,2,2,0
12/09/2012,02:30,0,0,0
12/09/2012,02:45,0,0,0
12/09/2012,03:00,2,2,0
12/09/2012,03:15,0,0,0
12/09/2012,03:30,1,1,0
12/09/2012,03:45,3,2,1
12/09/2012,04:00,1,1,0
12/09/2012,04:15,0,0,0
12/09/2012,04:30,0,0,0
12/09/2012,04:45,5,3,2
12/09/2012,05:00,3,1,2
12/09/2012,05:15,3,2,1
12/09/2012,05:30,6,2,4
12/09/2012,05:45,9,5,4
12/09/2012,06:00,14,7,7
12/09/2012,06:15,25,11,14
12/09/2012,06:30,29,11,18
12/09/2012,06:45,33,15,18
12/09/2012,07:00,37,13,24
12/09/2012,07:15,50,13,37
12/09/2012,07:30,90,20,70
12/09/2012,07:45,76,23,53
12/09/2012,08:00,80,22,58
12/09/2012,08:15,106,26,80
12/09/2012,08:30,100,22,78
12/09/2012,08:45,94,31,63
12/09/2012,09:00,74,29,45
12/09/2012,09:15,64,24,40
12/09/2012,09:30,56,23,33
12/09/2012,09:45,46,21,25
12/09/2012,10:00,39,15,24
12/09/2012,10:15,37,21,16
12/09/2012,10:30,47,23,24
12/09/2012,10:45,34,13,21
12/09/2012,11:00,35,16,19
12/09/2012,11:15,32,19,13
12/09/2012,11:30,50,21,29
12/09/2012,11:45,29,18,11
12/09/2012,12:00,31,17,14
12/09/2012,12:15,35,16,19
12/09/2012,12:30,32,18,14
12/09/2012,12:45,34,20,14
12/09/2012,13:00,26,19,7
12/09/2012,13:15,31,20,11
12/09/2012,13:30,37,24,13
12/09/2012,13:45,31,22,9
12/09/2012,14:00,37,17,20
12/09/2012,14:15,45,30,15
12/09/2012,14:30,44,24,20
12/09/2012,14:45,41,27,14
12/09/2012,15:00,40,24,16
12/09/2012,15:15,45,23,22
12/09/2012,15:30,53,33,20
12/09/2012,15:45,39,29,10
12/09/2012,16:00,52,29,23
12/09/2012,16:15,68,48,20
12/09/2012,16:30,75,46,29
12/09/2012,16:45,80,50,30
12/09/2012,17:00,89,58,31
12/09/2012,17:15,117,77,40
12/09/2012,17:30,85,67,18
12/09/2012,17:45,111,80,31
12/09/2012,18:00,96,74,22
12/09/2012,18:15,119,103,16
12/09/2012,18:30,123,86,37
12/09/2012,18:45,99,68,31
12/09/2012,19:00,88,61,27
12/09/2012,19:15,72,58,14
12/09/2012,19:30,66,48,18
12/09/2012,19:45,57,43,14
12/09/2012,20:00,51,36,15
12/09/2012,20:15,51,35,16
12/09/2012,20:30,40,27,13
12/09/2012,20:45,35,25,10
12/09/2012,21:00,48,23,25
12/09/2012,21:15,34,30,4
12/09/2012,21:30,30,23,7
12/09/2012,21:45,34,27,7
12/09/2012,22:00,22,17,5
12/09/2012,22:15,25,16,9
12/09/2012,22:30,20,14,6
12/09/2012,22:45,21,15,6
12/09/2012,23:00,17,12,5
12/09/2012,23:15,19,18,1
12/09/2012,23:30,20,16,4
12/09/2012,23:45,9,6,3
13/09/2012,00:00,11,10,1
13/09/2012,00:15,5,5,0
13/09/2012,00:30,4,4,0
13/09/2012,00:45,0,0,0
13/09/2012,01:00,6,4,2
13/09/2012,01:15,6,5,1
13/09/2012,01:30,4,3,1
13/09/2012,01:45,1,1,0
13/09/2012,02:00,6,4,2
13/09/2012,02:15,1,1,0
13/09/2012,02:30,0,0,0
13/09/2012,02:45,3,2,1
13/09/2012,03:00,0,0,0
13/09/2012,03:15,1,0,1
13/09/2012,03:30,0,0,0
13/09/2012,03:45,0,0,0
13/09/2012,04:00,1,1,0
13/09/2012,04:15,0,0,0
13/09/2012,04:30,0,0,0
13/09/2012,04:45,3,2,1
13/09/2012,05:00,5,5,0
13/09/2012,05:15,2,1,1
13/09/2012,05:30,8,1,7
13/09/2012,05:45,10,5,5
13/09/2012,06:00,23,14,9
13/09/2012,06:15,17,7,10
13/09/2012,06:30,21,7,14
13/09/2012,06:45,20,10,10
13/09/2012,07:00,46,16,30
13/09/2012,07:15,57,27,30
13/09/2012,07:30,73,25,48
13/09/2012,07:45,76,25,51
13/09/2012,08:00,81,28,53
13/09/2012,08:15,93,22,71
13/09/2012,08:30,92,21,71
13/09/2012,08:45,76,26,50
13/09/2012,09:00,62,28,34
13/09/2012,09:15,77,26,51
13/09/2012,09:30,54,17,37
13/09/2012,09:45,48,24,24
13/09/2012,10:00,51,16,35
13/09/2012,10:15,37,19,18
13/09/2012,10:30,50,27,23
13/09/2012,10:45,27,11,16
13/09/2012,11:00,21,9,12
13/09/2012,11:15,19,10,9
13/09/2012,11:30,34,15,19
13/09/2012,11:45,45,26,19
13/09/2012,12:00,33,18,15
13/09/2012,12:15,36,21,15
13/09/2012,12:30,39,22,17
13/09/2012,12:45,33,17,16
13/09/2012,13:00,29,17,12
13/09/2012,13:15,33,21,12
13/09/2012,13:30,28,16,12
13/09/2012,13:45,35,21,14
13/09/2012,14:00,28,15,13
13/09/2012,14:15,34,20,14
13/09/2012,14:30,40,21,19
13/09/2012,14:45,44,26,18
13/09/2012,15:00,29,14,15
13/09/2012,15:15,50,29,21
13/09/2012,15:30,59,34,25
13/09/2012,15:45,51,32,19
13/09/2012,16:00,55,45,10
13/09/2012,16:15,74,51,23
13/09/2012,16:30,64,36,28
13/09/2012,16:45,70,40,30
13/09/2012,17:00,84,60,24
13/09/2012,17:15,110,78,32
13/09/2012,17:30,110,80,30
13/09/2012,17:45,103,82,21
13/09/2012,18:00,116,78,38
13/09/2012,18:15,105,86,19
13/09/2012,18:30,109,81,28
13/09/2012,18:45,88,60,28
13/09/2012,19:00,82,56,26
13/09/2012,19:15,67,50,17
13/09/2012,19:30,63,43,20
13/09/2012,19:45,55,39,16
13/09/2012,20:00,29,23,6
13/09/2012,20:15,34,21,13
13/09/2012,20:30,37,27,10
13/09/2012,20:45,29,19,10
13/09/2012,21:00,30,23,7
13/09/2012,21:15,29,25,4
13/09/2012,21:30,31,20,11
13/09/2012,21:45,38,20,18
13/09/2012,22:00,25,13,12
13/09/2012,22:15,27,16,11
13/09/2012,22:30,24,17,7
13/09/2012,22:45,16,13,3
13/09/2012,23:00,15,12,3
13/09/2012,23:15,18,12,6
13/09/2012,23:30,16,11,5
13/09/2012,23:45,7,6,1
14/09/2012,00:00,14,10,4
14/09/2012,00:15,12,9,3
14/09/2012,00:30,12,10,2
14/09/2012,00:45,7,7,0
14/09/2012,01:00,2,1,1
14/09/2012,01:15,2,2,0
14/09/2012,01:30,1,1,0
14/09/2012,01:45,0,0,0
14/09/2012,02:00,3,2,1
14/09/2012,02:15,2,2,0
14/09/2012,02:30,3,3,0
14/09/2012,02:45,1,0,1
14/09/2012,03:00,2,2,0
14/09/2012,03:15,0,0,0
14/09/2012,03:30,1,1,0
14/09/2012,03:45,1,1,0
14/09/2012,04:00,1,0,1
14/09/2012,04:15,0,0,0
14/09/2012,04:30,2,2,0
14/09/2012,04:45,2,2,0
14/09/2012,05:00,3,2,1
14/09/2012,05:15,5,3,2
14/09/2012,05:30,4,0,4
14/09/2012,05:45,11,3,8
14/09/2012,06:00,11,7,4
14/09/2012,06:15,23,12,11
14/09/2012,06:30,25,11,14
14/09/2012,06:45,26,12,14
14/09/2012,07:00,32,15,17
14/09/2012,07:15,43,16,27
14/09/2012,07:30,75,24,51
14/09/2012,07:45,69,24,45
14/09/2012,08:00,51,16,35
14/09/2012,08:15,55,20,35
14/09/2012,08:30,93,19,74
14/09/2012,08:45,66,24,42
14/09/2012,09:00,53,20,33
14/09/2012,09:15,66,17,49
14/09/2012,09:30,38,17,21
14/09/2012,09:45,52,22,30
14/09/2012,10:00,42,24,18
14/09/2012,10:15,34,11,23
14/09/2012,10:30,31,17,14
14/09/2012,10:45,25,14,11
14/09/2012,11:00,37,16,21
14/09/2012,11:15,32,18,14
14/09/2012,11:30,32,17,15
14/09/2012,11:45,30,16,14
14/09/2012,12:00,21,10,11
14/09/2012,12:15,30,15,15
14/09/2012,12:30,36,20,16
14/09/2012,12:45,31,12,19
14/09/2012,13:00,38,20,18
14/09/2012,13:15,38,22,16
14/09/2012,13:30,29,18,11
14/09/2012,13:45,36,20,16
14/09/2012,14:00,39,19,20
14/09/2012,14:15,46,23,23
14/09/2012,14:30,35,16,19
14/09/2012,14:45,32,17,15
14/09/2012,15:00,44,22,22
14/09/2012,15:15,69,42,27
14/09/2012,15:30,57,23,34
14/09/2012,15:45,61,31,30
14/09/2012,16:00,42,27,15
14/09/2012,16:15,60,37,23
14/09/2012,16:30,72,46,26
14/09/2012,16:45,90,64,26
14/09/2012,17:00,81,47,34
14/09/2012,17:15,100,74,26
14/09/2012,17:30,90,66,24
14/09/2012,17:45,107,91,16
14/09/2012,18:00,99,74,25
14/09/2012,18:15,88,56,32
14/09/2012,18:30,92,65,27
14/09/2012,18:45,68,49,19
14/09/2012,19:00,64,39,25
14/09/2012,19:15,59,35,24
14/09/2012,19:30,39,30,9
14/09/2012,19:45,35,19,16
14/09/2012,20:00,42,27,15
14/09/2012,20:15,36,25,11
14/09/2012,20:30,29,16,13
14/09/2012,20:45,21,14,7
14/09/2012,21:00,40,28,12
14/09/2012,21:15,24,14,10
14/09/2012,21:30,18,13,5
14/09/2012,21:45,23,17,6
14/09/2012,22:00,22,12,10
14/09/2012,22:15,19,16,3
14/09/2012,22:30,12,8,4
14/09/2012,22:45,18,14,4
14/09/2012,23:00,18,17,1
14/09/2012,23:15,20,15,5
14/09/2012,23:30,25,18,7
14/09/2012,23:45,15,11,4
15/09/2012,00:00,13,8,5
15/09/2012,00:15,13,12,1
15/09/2012,00:30,11,7,4
15/09/2012,00:45,8,8,0
15/09/2012,01:00,19,15,4
15/09/2012,01:15,12,10,2
15/09/2012,01:30,4,4,0
15/09/2012,01:45,2,1,1
15/09/2012,02:00,3,2,1
15/09/2012,02:15,5,4,1
15/09/2012,02:30,1,0,1
15/09/2012,02:45,5,5,0
15/09/2012,03:00,6,4,2
15/09/2012,03:15,2,2,0
15/09/2012,03:30,0,0,0
15/09/2012,03:45,0,0,0
15/09/2012,04:00,0,0,0
15/09/2012,04:15,2,1,1
15/09/2012,04:30,0,0,0
15/09/2012,04:45,0,0,0
15/09/2012,05:00,1,1,0
15/09/2012,05:15,2,0,2
15/09/2012,05:30,3,2,1
15/09/2012,05:45,4,2,2
15/09/2012,06:00,8,5,3
15/09/2012,06:15,7,1,6
15/09/2012,06:30,5,1,4
15/09/2012,06:45,8,3,5
15/09/2012,07:00,13,9,4
15/09/2012,07:15,16,11,5
15/09/2012,07:30,16,7,9
15/09/2012,07:45,25,13,12
15/09/2012,08:00,17,15,2
15/09/2012,08:15,44,21,23
15/09/2012,08:30,37,22,15
15/09/2012,08:45,36,30,6
15/09/2012,09:00,49,32,17
15/09/2012,09:15,39,25,14
15/09/2012,09:30,68,47,21
15/09/2012,09:45,47,31,16
15/09/2012,10:00,40,25,15
15/09/2012,10:15,57,37,20
15/09/2012,10:30,68,33,35
15/09/2012,10:45,62,42,20
15/09/2012,11:00,41,17,24
15/09/2012,11:15,55,38,17
15/09/2012,11:30,76,36,40
15/09/2012,11:45,44,31,13
15/09/2012,12:00,84,48,36
15/09/2012,12:15,79,46,33
15/09/2012,12:30,89,62,27
15/09/2012,12:45,93,59,34
15/09/2012,13:00,72,40,32
15/09/2012,13:15,79,54,25
15/09/2012,13:30,105,64,41
15/09/2012,13:45,117,76,41
15/09/2012,14:00,103,61,42
15/09/2012,14:15,98,50,48
15/09/2012,14:30,113,70,43
15/09/2012,14:45,110,54,56
15/09/2012,15:00,95,65,30
15/09/2012,15:15,97,47,50
15/09/2012,15:30,90,45,45
15/09/2012,15:45,82,42,40
15/09/2012,16:00,99,39,60
15/09/2012,16:15,88,39,49
15/09/2012,16:30,90,40,50
15/09/2012,16:45,95,42,53
15/09/2012,17:00,74,27,47
15/09/2012,17:15,59,28,31
15/09/2012,17:30,90,37,53
15/09/2012,17:45,61,28,33
15/09/2012,18:00,79,33,46
15/09/2012,18:15,80,41,39
15/09/2012,18:30,45,21,24
15/09/2012,18:45,51,20,31
15/09/2012,19:00,53,27,26
15/09/2012,19:15,38,17,21
15/09/2012,19:30,33,14,19
15/09/2012,19:45,33,22,11
15/09/2012,20:00,20,11,9
15/09/2012,20:15,25,8,17
15/09/2012,20:30,18,5,13
15/09/2012,20:45,21,8,13
15/09/2012,21:00,9,6,3
15/09/2012,21:15,14,5,9
15/09/2012,21:30,14,8,6
15/09/2012,21:45,23,14,9
15/09/2012,22:00,28,20,8
15/09/2012,22:15,18,14,4
15/09/2012,22:30,17,9,8
15/09/2012,22:45,12,8,4
15/09/2012,23:00,16,12,4
15/09/2012,23:15,22,15,7
15/09/2012,23:30,16,10,6
15/09/2012,23:45,20,12,8
16/09/2012,00:00,11,10,1
16/09/2012,00:15,11,7,4
16/09/2012,00:30,13,10,3
16/09/2012,00:45,10,9,1
16/09/2012,01:00,8,6,2
16/09/2012,01:15,11,8,3
16/09/2012,01:30,13,12,1
16/09/2012,01:45,4,4,0
16/09/2012,02:00,7,7,0
16/09/2012,02:15,8,8,0
16/09/2012,02:30,1,0,1
16/09/2012,02:45,6,4,2
16/09/2012,03:00,6,6,0
16/09/2012,03:15,3,1,2
16/09/2012,03:30,2,2,0
16/09/2012,03:45,1,0,1
16/09/2012,04:00,0,0,0
16/09/2012,04:15,1,0,1
16/09/2012,04:30,2,1,1
16/09/2012,04:45,0,0,0
16/09/2012,05:00,1,0,1
16/09/2012,05:15,4,2,2
16/09/2012,05:30,4,1,3
16/09/2012,05:45,2,0,2
16/09/2012,06:00,8,7,1
16/09/2012,06:15,5,4,1
16/09/2012,06:30,4,3,1
16/09/2012,06:45,9,3,6
16/09/2012,07:00,12,9,3
16/09/2012,07:15,20,13,7
16/09/2012,07:30,23,15,8
16/09/2012,07:45,22,19,3
16/09/2012,08:00,18,11,7
16/09/2012,08:15,20,15,5
16/09/2012,08:30,33,21,12
16/09/2012,08:45,32,15,17
16/09/2012,09:00,41,33,8
16/09/2012,09:15,48,31,17
16/09/2012,09:30,31,19,12
16/09/2012,09:45,48,26,22
16/09/2012,10:00,58,41,17
16/09/2012,10:15,61,43,18
16/09/2012,10:30,53,27,26
16/09/2012,10:45,61,43,18
16/09/2012,11:00,78,52,26
16/09/2012,11:15,49,34,15
16/09/2012,11:30,95,58,37
16/09/2012,11:45,69,50,19
16/09/2012,12:00,93,52,41
16/09/2012,12:15,84,51,33
16/09/2012,12:30,73,49,24
16/09/2012,12:45,92,58,34
16/09/2012,13:00,123,68,55
16/09/2012,13:15,123,79,44
16/09/2012,13:30,99,51,48
16/09/2012,13:45,98,66,32
16/09/2012,14:00,116,75,41
16/09/2012,14:15,88,48,40
16/09/2012,14:30,102,59,43
16/09/2012,14:45,109,57,52
16/09/2012,15:00,91,45,46
16/09/2012,15:15,127,68,59
16/09/2012,15:30,104,52,52
16/09/2012,15:45,100,43,57
16/09/2012,16:00,109,43,66
16/09/2012,16:15,90,38,52
16/09/2012,16:30,81,29,52
16/09/2012,16:45,102,34,68
16/09/2012,17:00,89,28,61
16/09/2012,17:15,82,34,48
16/09/2012,17:30,77,34,43
16/09/2012,17:45,63,28,35
16/09/2012,18:00,40,15,25
16/09/2012,18:15,55,28,27
16/09/2012,18:30,46,26,20
16/09/2012,18:45,44,19,25
16/09/2012,19:00,47,31,16
16/09/2012,19:15,49,21,28
16/09/2012,19:30,22,10,12
16/09/2012,19:45,25,16,9
16/09/2012,20:00,24,12,12
16/09/2012,20:15,21,15,6
16/09/2012,20:30,18,10,8
16/09/2012,20:45,18,13,5
16/09/2012,21:00,14,6,8
16/09/2012,21:15,19,9,10
16/09/2012,21:30,12,6,6
16/09/2012,21:45,13,7,6
16/09/2012,22:00,14,12,2
16/09/2012,22:15,11,8,3
16/09/2012,22:30,14,7,7
16/09/2012,22:45,10,9,1
16/09/2012,23:00,16,12,4
16/09/2012,23:15,6,3,3
16/09/2012,23:30,11,10,1
16/09/2012,23:45,8,6,2
17/09/2012,00:00,6,6,0
17/09/2012,00:15,1,0,1
17/09/2012,00:30,5,4,1
17/09/2012,00:45,5,4,1
17/09/2012,01:00,1,1,0
17/09/2012,01:15,2,1,1
17/09/2012,01:30,5,5,0
17/09/2012,01:45,1,1,0
17/09/2012,02:00,1,1,0
17/09/2012,02:15,0,0,0
17/09/2012,02:30,1,1,0
17/09/2012,02:45,0,0,0
17/09/2012,03:00,0,0,0
17/09/2012,03:15,0,0,0
17/09/2012,03:30,1,1,0
17/09/2012,03:45,1,1,0
17/09/2012,04:00,2,2,0
17/09/2012,04:15,1,1,0
17/09/2012,04:30,1,0,1
17/09/2012,04:45,2,0,2
17/09/2012,05:00,3,1,2
17/09/2012,05:15,3,2,1
17/09/2012,05:30,10,3,7
17/09/2012,05:45,3,1,2
17/09/2012,06:00,12,6,6
17/09/2012,06:15,24,10,14
17/09/2012,06:30,29,13,16
17/09/2012,06:45,28,8,20
17/09/2012,07:00,42,20,22
17/09/2012,07:15,54,17,37
17/09/2012,07:30,77,23,54
17/09/2012,07:45,82,21,61
17/09/2012,08:00,60,11,49
17/09/2012,08:15,95,21,74
17/09/2012,08:30,95,16,79
17/09/2012,08:45,74,16,58
17/09/2012,09:00,63,20,43
17/09/2012,09:15,54,7,47
17/09/2012,09:30,41,14,27
17/09/2012,09:45,31,14,17
17/09/2012,10:00,22,7,15
17/09/2012,10:15,28,13,15
17/09/2012,10:30,27,15,12
17/09/2012,10:45,28,15,13
17/09/2012,11:00,21,8,13
17/09/2012,11:15,24,14,10
17/09/2012,11:30,37,22,15
17/09/2012,11:45,37,17,20
17/09/2012,12:00,26,15,11
17/09/2012,12:15,25,12,13
17/09/2012,12:30,25,15,10
17/09/2012,12:45,25,10,15
17/09/2012,13:00,33,14,19
17/09/2012,13:15,27,15,12
17/09/2012,13:30,26,17,9
17/09/2012,13:45,21,12,9
17/09/2012,14:00,37,19,18
17/09/2012,14:15,24,13,11
17/09/2012,14:30,33,21,12
17/09/2012,14:45,23,10,13
17/09/2012,15:00,39,26,13
17/09/2012,15:15,41,27,14
17/09/2012,15:30,39,20,19
17/09/2012,15:45,53,31,22
17/09/2012,16:00,58,34,24
17/09/2012,16:15,53,38,15
17/09/2012,16:30,51,36,15
17/09/2012,16:45,81,48,33
17/09/2012,17:00,81,58,23
17/09/2012,17:15,93,60,33
17/09/2012,17:30,126,82,44
17/09/2012,17:45,105,82,23
17/09/2012,18:00,97,77,20
17/09/2012,18:15,134,106,28
17/09/2012,18:30,109,87,22
17/09/2012,18:45,96,72,24
17/09/2012,19:00,75,59,16
17/09/2012,19:15,68,52,16
17/09/2012,19:30,53,39,14
17/09/2012,19:45,40,28,12
17/09/2012,20:00,52,35,17
17/09/2012,20:15,41,32,9
17/09/2012,20:30,38,29,9
17/09/2012,20:45,30,22,8
17/09/2012,21:00,13,10,3
17/09/2012,21:15,34,27,7
17/09/2012,21:30,26,21,5
17/09/2012,21:45,23,17,6
17/09/2012,22:00,23,18,5
17/09/2012,22:15,18,15,3
17/09/2012,22:30,17,13,4
17/09/2012,22:45,17,15,2
17/09/2012,23:00,12,11,1
17/09/2012,23:15,10,5,5
17/09/2012,23:30,7,5,2
17/09/2012,23:45,8,7,1
18/09/2012,00:00,6,6,0
18/09/2012,00:15,8,5,3
18/09/2012,00:30,2,2,0
18/09/2012,00:45,7,5,2
18/09/2012,01:00,2,1,1
18/09/2012,01:15,5,5,0
18/09/2012,01:30,3,2,1
18/09/2012,01:45,0,0,0
18/09/2012,02:00,3,2,1
18/09/2012,02:15,3,3,0
18/09/2012,02:30,0,0,0
18/09/2012,02:45,1,1,0
18/09/2012,03:00,2,1,1
18/09/2012,03:15,0,0,0
18/09/2012,03:30,2,2,0
18/09/2012,03:45,0,0,0
18/09/2012,04:00,0,0,0
18/09/2012,04:15,0,0,0
18/09/2012,04:30,1,0,1
18/09/2012,04:45,0,0,0
18/09/2012,05:00,1,0,1
18/09/2012,05:15,6,4,2
18/09/2012,05:30,5,1,4
18/09/2012,05:45,9,4,5
18/09/2012,06:00,25,11,14
18/09/2012,06:15,16,8,8
18/09/2012,06:30,30,9,21
18/09/2012,06:45,22,8,14
18/09/2012,07:00,50,15,35
18/09/2012,07:15,54,16,38
18/09/2012,07:30,75,18,57
18/09/2012,07:45,86,26,60
18/09/2012,08:00,91,22,69
18/09/2012,08:15,90,25,65
18/09/2012,08:30,120,21,99
18/09/2012,08:45,90,29,61
18/09/2012,09:00,62,14,48
18/09/2012,09:15,52,19,33
18/09/2012,09:30,60,21,39
18/09/2012,09:45,38,19,19
18/09/2012,10:00,28,11,17
18/09/2012,10:15,41,28,13
18/09/2012,10:30,36,20,16
18/09/2012,10:45,32,15,17
18/09/2012,11:00,27,15,12
18/09/2012,11:15,38,20,18
18/09/2012,11:30,31,14,17
18/09/2012,11:45,40,29,11
18/09/2012,12:00,31,13,18
18/09/2012,12:15,35,22,13
18/09/2012,12:30,41,21,20
18/09/2012,12:45,31,21,10
18/09/2012,13:00,31,19,12
18/09/2012,13:15,23,9,14
18/09/2012,13:30,42,27,15
18/09/2012,13:45,37,24,13
18/09/2012,14:00,33,20,13
18/09/2012,14:15,42,23,19
18/09/2012,14:30,43,25,18
18/09/2012,14:45,38,23,15
18/09/2012,15:00,36,20,16
18/09/2012,15:15,61,40,21
18/09/2012,15:30,35,21,14
18/09/2012,15:45,49,36,13
18/09/2012,16:00,59,41,18
18/09/2012,16:15,73,49,24
18/09/2012,16:30,68,44,24
18/09/2012,16:45,85,55,30
18/09/2012,17:00,96,59,37
18/09/2012,17:15,103,77,26
18/09/2012,17:30,134,84,50
18/09/2012,17:45,127,91,36
18/09/2012,18:00,124,93,31
18/09/2012,18:15,120,92,28
18/09/2012,18:30,105,72,33
18/09/2012,18:45,108,77,31
18/09/2012,19:00,86,61,25
18/09/2012,19:15,89,58,31
18/09/2012,19:30,65,49,16
18/09/2012,19:45,41,27,14
18/09/2012,20:00,46,32,14
18/09/2012,20:15,51,35,16
18/09/2012,20:30,30,19,11
18/09/2012,20:45,28,20,8
18/09/2012,21:00,40,32,8
18/09/2012,21:15,29,24,5
18/09/2012,21:30,19,14,5
18/09/2012,21:45,34,29,5
18/09/2012,22:00,33,24,9
18/09/2012,22:15,19,11,8
18/09/2012,22:30,23,19,4
18/09/2012,22:45,31,27,4
18/09/2012,23:00,19,16,3
18/09/2012,23:15,16,14,2
18/09/2012,23:30,12,11,1
18/09/2012,23:45,11,8,3
19/09/2012,00:00,7,5,2
19/09/2012,00:15,5,5,0
19/09/2012,00:30,3,3,0
19/09/2012,00:45,5,5,0
19/09/2012,01:00,5,5,0
19/09/2012,01:15,5,4,1
19/09/2012,01:30,5,4,1
19/09/2012,01:45,3,3,0
19/09/2012,02:00,2,2,0
19/09/2012,02:15,1,0,1
19/09/2012,02:30,1,1,0
19/09/2012,02:45,3,1,2
19/09/2012,03:00,3,3,0
19/09/2012,03:15,0,0,0
19/09/2012,03:30,0,0,0
19/09/2012,03:45,4,4,0
19/09/2012,04:00,1,1,0
19/09/2012,04:15,1,0,1
19/09/2012,04:30,0,0,0
19/09/2012,04:45,4,3,1
19/09/2012,05:00,1,0,1
19/09/2012,05:15,5,4,1
19/09/2012,05:30,3,0,3
19/09/2012,05:45,3,2,1
19/09/2012,06:00,13,7,6
19/09/2012,06:15,25,12,13
19/09/2012,06:30,29,11,18
19/09/2012,06:45,28,12,16
19/09/2012,07:00,36,13,23
19/09/2012,07:15,49,21,28
19/09/2012,07:30,86,27,59
19/09/2012,07:45,78,19,59
19/09/2012,08:00,72,18,54
19/09/2012,08:15,104,29,75
19/09/2012,08:30,94,28,66
19/09/2012,08:45,89,29,60
19/09/2012,09:00,64,23,41
19/09/2012,09:15,52,13,39
19/09/2012,09:30,55,27,28
19/09/2012,09:45,47,24,23
19/09/2012,10:00,35,15,20
19/09/2012,10:15,31,14,17
19/09/2012,10:30,48,31,17
19/09/2012,10:45,38,11,27
19/09/2012,11:00,26,16,10
19/09/2012,11:15,35,13,22
19/09/2012,11:30,22,10,12
19/09/2012,11:45,24,13,11
19/09/2012,12:00,30,19,11
19/09/2012,12:15,36,23,13
19/09/2012,12:30,28,15,13
19/09/2012,12:45,30,14,16
19/09/2012,13:00,32,20,12
19/09/2012,13:15,37,20,17
19/09/2012,13:30,41,31,10
19/09/2012,13:45,33,22,11
19/09/2012,14:00,47,30,17
19/09/2012,14:15,40,23,17
19/09/2012,14:30,44,30,14
19/09/2012,14:45,38,25,13
19/09/2012,15:00,43,25,18
19/09/2012,15:15,54,32,22
19/09/2012,15:30,58,36,22
19/09/2012,15:45,52,28,24
19/09/2012,16:00,56,35,21
19/09/2012,16:15,49,31,18
19/09/2012,16:30,62,34,28
19/09/2012,16:45,68,43,25
19/09/2012,17:00,94,56,38
19/09/2012,17:15,99,74,25
19/09/2012,17:30,123,96,27
19/09/2012,17:45,108,86,22
19/09/2012,18:00,108,79,29
19/09/2012,18:15,110,82,28
19/09/2012,18:30,121,96,25
19/09/2012,18:45,69,55,14
19/09/2012,19:00,77,50,27
19/09/2012,19:15,72,50,22
19/09/2012,19:30,73,53,20
19/09/2012,19:45,52,28,24
19/09/2012,20:00,38,23,15
19/09/2012,20:15,40,28,12
19/09/2012,20:30,32,24,8
19/09/2012,20:45,30,25,5
19/09/2012,21:00,42,24,18
19/09/2012,21:15,41,28,13
19/09/2012,21:30,30,22,8
19/09/2012,21:45,29,21,8
19/09/2012,22:00,39,31,8
19/09/2012,22:15,30,21,9
19/09/2012,22:30,25,23,2
19/09/2012,22:45,33,27,6
19/09/2012,23:00,25,19,6
19/09/2012,23:15,23,19,4
19/09/2012,23:30,9,7,2
19/09/2012,23:45,17,14,3
20/09/2012,00:00,11,10,1
20/09/2012,00:15,9,9,0
20/09/2012,00:30,5,3,2
20/09/2012,00:45,3,0,3
20/09/2012,01:00,6,3,3
20/09/2012,01:15,7,7,0
20/09/2012,01:30,1,1,0
20/09/2012,01:45,0,0,0
20/09/2012,02:00,1,1,0
20/09/2012,02:15,2,1,1
20/09/2012,02:30,0,0,0
20/09/2012,02:45,4,4,0
20/09/2012,03:00,0,0,0
20/09/2012,03:15,1,1,0
20/09/2012,03:30,1,0,1
20/09/2012,03:45,0,0,0
20/09/2012,04:00,0,0,0
20/09/2012,04:15,0,0,0
20/09/2012,04:30,0,0,0
20/09/2012,04:45,1,1,0
20/09/2012,05:00,1,1,0
20/09/2012,05:15,3,2,1
20/09/2012,05:30,7,1,6
20/09/2012,05:45,7,2,5
20/09/2012,06:00,24,15,9
20/09/2012,06:15,26,10,16
20/09/2012,06:30,23,9,14
20/09/2012,06:45,23,12,11
20/09/2012,07:00,30,14,16
20/09/2012,07:15,61,16,45
20/09/2012,07:30,67,18,49
20/09/2012,07:45,64,19,45
20/09/2012,08:00,102,27,75
20/09/2012,08:15,84,22,62
20/09/2012,08:30,97,20,77
20/09/2012,08:45,98,26,72
20/09/2012,09:00,65,24,41
20/09/2012,09:15,70,28,42
20/09/2012,09:30,68,25,43
20/09/2012,09:45,49,23,26
20/09/2012,10:00,35,9,26
20/09/2012,10:15,45,15,30
20/09/2012,10:30,47,24,23
20/09/2012,10:45,36,18,18
20/09/2012,11:00,30,12,18
20/09/2012,11:15,37,21,16
20/09/2012,11:30,44,27,17
20/09/2012,11:45,30,14,16
20/09/2012,12:00,40,19,21
20/09/2012,12:15,37,21,16
20/09/2012,12:30,39,21,18
20/09/2012,12:45,28,13,15
20/09/2012,13:00,38,26,12
20/09/2012,13:15,33,21,12
20/09/2012,13:30,26,14,12
20/09/2012,13:45,32,16,16
20/09/2012,14:00,41,28,13
20/09/2012,14:15,40,20,20
20/09/2012,14:30,48,23,25
20/09/2012,14:45,35,20,15
20/09/2012,15:00,57,32,25
20/09/2012,15:15,37,20,17
20/09/2012,15:30,49,29,20
20/09/2012,15:45,39,23,16
20/09/2012,16:00,56,34,22
20/09/2012,16:15,63,42,21
20/09/2012,16:30,60,35,25
20/09/2012,16:45,74,51,23
20/09/2012,17:00,85,58,27
20/09/2012,17:15,112,83,29
20/09/2012,17:30,124,82,42
20/09/2012,17:45,135,109,26
20/09/2012,18:00,123,79,44
20/09/2012,18:15,125,93,32
20/09/2012,18:30,107,84,23
20/09/2012,18:45,108,76,32
20/09/2012,19:00,88,60,28
20/09/2012,19:15,81,57,24
20/09/2012,19:30,77,45,32
20/09/2012,19:45,39,29,10
20/09/2012,20:00,51,35,16
20/09/2012,20:15,44,34,10
20/09/2012,20:30,39,33,6
20/09/2012,20:45,40,26,14
20/09/2012,21:00,47,32,15
20/09/2012,21:15,30,20,10
20/09/2012,21:30,27,19,8
20/09/2012,21:45,35,25,10
20/09/2012,22:00,37,31,6
20/09/2012,22:15,28,23,5
20/09/2012,22:30,37,24,13
20/09/2012,22:45,24,19,5
20/09/2012,23:00,24,18,6
20/09/2012,23:15,16,11,5
20/09/2012,23:30,15,13,2
20/09/2012,23:45,14,9,5
21/09/2012,00:00,15,13,2
21/09/2012,00:15,16,15,1
21/09/2012,00:30,12,9,3
21/09/2012,00:45,10,8,2
21/09/2012,01:00,4,3,1
21/09/2012,01:15,6,6,0
21/09/2012,01:30,2,2,0
21/09/2012,01:45,0,0,0
21/09/2012,02:00,0,0,0
21/09/2012,02:15,6,5,1
21/09/2012,02:30,2,2,0
21/09/2012,02:45,2,2,0
21/09/2012,03:00,0,0,0
21/09/2012,03:15,0,0,0
21/09/2012,03:30,2,2,0
21/09/2012,03:45,2,1,1
21/09/2012,04:00,0,0,0
21/09/2012,04:15,2,2,0
21/09/2012,04:30,0,0,0
21/09/2012,04:45,1,1,0
21/09/2012,05:00,0,0,0
21/09/2012,05:15,4,2,2
21/09/2012,05:30,4,4,0
21/09/2012,05:45,5,4,1
21/09/2012,06:00,8,1,7
21/09/2012,06:15,17,8,9
21/09/2012,06:30,22,9,13
21/09/2012,06:45,26,9,17
21/09/2012,07:00,42,20,22
21/09/2012,07:15,51,26,25
21/09/2012,07:30,70,21,49
21/09/2012,07:45,78,29,49
21/09/2012,08:00,82,23,59
21/09/2012,08:15,83,30,53
21/09/2012,08:30,85,24,61
21/09/2012,08:45,94,37,57
21/09/2012,09:00,72,27,45
21/09/2012,09:15,79,33,46
21/09/2012,09:30,45,19,26
21/09/2012,09:45,52,22,30
21/09/2012,10:00,26,12,14
21/09/2012,10:15,34,14,20
21/09/2012,10:30,53,20,33
21/09/2012,10:45,41,14,27
21/09/2012,11:00,38,17,21
21/09/2012,11:15,37,21,16
21/09/2012,11:30,38,15,23
21/09/2012,11:45,51,32,19
21/09/2012,12:00,32,22,10
21/09/2012,12:15,60,38,22
21/09/2012,12:30,32,19,13
21/09/2012,12:45,46,21,25
21/09/2012,13:00,32,12,20
21/09/2012,13:15,25,16,9
21/09/2012,13:30,45,27,18
21/09/2012,13:45,34,17,17
21/09/2012,14:00,34,22,12
21/09/2012,14:15,49,27,22
21/09/2012,14:30,44,20,24
21/09/2012,14:45,40,18,22
21/09/2012,15:00,38,22,16
21/09/2012,15:15,61,32,29
21/09/2012,15:30,68,39,29
21/09/2012,15:45,75,43,32
21/09/2012,16:00,89,43,46
21/09/2012,16:15,58,35,23
21/09/2012,16:30,91,64,27
21/09/2012,16:45,76,42,34
21/09/2012,17:00,93,67,26
21/09/2012,17:15,101,76,25
21/09/2012,17:30,94,67,27
21/09/2012,17:45,120,78,42
21/09/2012,18:00,119,86,33
21/09/2012,18:15,74,54,20
21/09/2012,18:30,75,58,17
21/09/2012,18:45,71,50,21
21/09/2012,19:00,56,40,16
21/09/2012,19:15,70,50,20
21/09/2012,19:30,55,31,24
21/09/2012,19:45,49,41,8
21/09/2012,20:00,20,11,9
21/09/2012,20:15,32,23,9
21/09/2012,20:30,21,14,7
21/09/2012,20:45,37,25,12
21/09/2012,21:00,24,12,12
21/09/2012,21:15,25,12,13
21/09/2012,21:30,14,9,5
21/09/2012,21:45,24,15,9
21/09/2012,22:00,12,9,3
21/09/2012,22:15,20,17,3
21/09/2012,22:30,13,10,3
21/09/2012,22:45,22,15,7
21/09/2012,23:00,15,13,2
21/09/2012,23:15,25,20,5
21/09/2012,23:30,11,9,2
21/09/2012,23:45,18,10,8
22/09/2012,00:00,20,15,5
22/09/2012,00:15,13,12,1
22/09/2012,00:30,10,8,2
22/09/2012,00:45,8,5,3
22/09/2012,01:00,20,17,3
22/09/2012,01:15,9,8,1
22/09/2012,01:30,5,4,1
22/09/2012,01:45,4,4,0
22/09/2012,02:00,14,12,2
22/09/2012,02:15,7,7,0
22/09/2012,02:30,10,9,1
22/09/2012,02:45,1,1,0
22/09/2012,03:00,2,2,0
22/09/2012,03:15,2,2,0
22/09/2012,03:30,0,0,0
22/09/2012,03:45,2,1,1
22/09/2012,04:00,3,3,0
22/09/2012,04:15,3,1,2
22/09/2012,04:30,1,1,0
22/09/2012,04:45,1,1,0
22/09/2012,05:00,6,3,3
22/09/2012,05:15,5,3,2
22/09/2012,05:30,3,3,0
22/09/2012,05:45,2,0,2
22/09/2012,06:00,3,0,3
22/09/2012,06:15,2,1,1
22/09/2012,06:30,7,2,5
22/09/2012,06:45,9,3,6
22/09/2012,07:00,9,4,5
22/09/2012,07:15,20,14,6
22/09/2012,07:30,12,6,6
22/09/2012,07:45,27,16,11
22/09/2012,08:00,39,26,13
22/09/2012,08:15,51,33,18
22/09/2012,08:30,37,24,13
22/09/2012,08:45,38,26,12
22/09/2012,09:00,50,40,10
22/09/2012,09:15,56,40,16
22/09/2012,09:30,53,31,22
22/09/2012,09:45,72,52,20
22/09/2012,10:00,78,53,25
22/09/2012,10:15,112,88,24
22/09/2012,10:30,117,92,25
22/09/2012,10:45,116,97,19
22/09/2012,11:00,117,94,23
22/09/2012,11:15,101,74,27
22/09/2012,11:30,110,81,29
22/09/2012,11:45,128,99,29
22/09/2012,12:00,131,101,30
22/09/2012,12:15,163,115,48
22/09/2012,12:30,119,90,29
22/09/2012,12:45,149,103,46
22/09/2012,13:00,162,108,54
22/09/2012,13:15,163,109,54
22/09/2012,13:30,128,97,31
22/09/2012,13:45,177,126,51
22/09/2012,14:00,173,113,60
22/09/2012,14:15,161,103,58
22/09/2012,14:30,165,85,80
22/09/2012,14:45,139,73,66
22/09/2012,15:00,153,65,88
22/09/2012,15:15,170,89,81
22/09/2012,15:30,140,68,72
22/09/2012,15:45,125,46,79
22/09/2012,16:00,156,56,100
22/09/2012,16:15,144,39,105
22/09/2012,16:30,155,46,109
22/09/2012,16:45,161,48,113
22/09/2012,17:00,217,30,187
22/09/2012,17:15,226,40,186
22/09/2012,17:30,134,24,110
22/09/2012,17:45,126,27,99
22/09/2012,18:00,73,33,40
22/09/2012,18:15,65,32,33
22/09/2012,18:30,65,28,37
22/09/2012,18:45,48,22,26
22/09/2012,19:00,47,15,32
22/09/2012,19:15,27,14,13
22/09/2012,19:30,35,14,21
22/09/2012,19:45,29,17,12
22/09/2012,20:00,17,12,5
22/09/2012,20:15,27,10,17
22/09/2012,20:30,27,13,14
22/09/2012,20:45,17,12,5
22/09/2012,21:00,17,10,7
22/09/2012,21:15,11,7,4
22/09/2012,21:30,13,7,6
22/09/2012,21:45,22,19,3
22/09/2012,22:00,19,12,7
22/09/2012,22:15,11,8,3
22/09/2012,22:30,15,7,8
22/09/2012,22:45,12,5,7
22/09/2012,23:00,14,11,3
22/09/2012,23:15,9,8,1
22/09/2012,23:30,9,9,0
22/09/2012,23:45,15,14,1
23/09/2012,00:00,16,16,0
23/09/2012,00:15,18,14,4
23/09/2012,00:30,17,15,2
23/09/2012,00:45,11,6,5
23/09/2012,01:00,7,6,1
23/09/2012,01:15,6,6,0
23/09/2012,01:30,6,6,0
23/09/2012,01:45,3,3,0
23/09/2012,02:00,4,4,0
23/09/2012,02:15,3,3,0
23/09/2012,02:30,9,5,4
23/09/2012,02:45,3,2,1
23/09/2012,03:00,6,5,1
23/09/2012,03:15,2,1,1
23/09/2012,03:30,6,5,1
23/09/2012,03:45,0,0,0
23/09/2012,04:00,2,1,1
23/09/2012,04:15,1,1,0
23/09/2012,04:30,2,2,0
23/09/2012,04:45,2,2,0
23/09/2012,05:00,1,0,1
23/09/2012,05:15,2,1,1
23/09/2012,05:30,1,1,0
23/09/2012,05:45,1,0,1
23/09/2012,06:00,3,2,1
23/09/2012,06:15,6,3,3
23/09/2012,06:30,9,4,5
23/09/2012,06:45,8,4,4
23/09/2012,07:00,8,4,4
23/09/2012,07:15,18,11,7
23/09/2012,07:30,12,7,5
23/09/2012,07:45,16,6,10
23/09/2012,08:00,34,22,12
23/09/2012,08:15,23,13,10
23/09/2012,08:30,36,21,15
23/09/2012,08:45,34,24,10
23/09/2012,09:00,29,20,9
23/09/2012,09:15,40,26,14
23/09/2012,09:30,37,23,14
23/09/2012,09:45,66,52,14
23/09/2012,10:00,56,29,27
23/09/2012,10:15,59,34,25
23/09/2012,10:30,75,44,31
23/09/2012,10:45,69,45,24
23/09/2012,11:00,75,48,27
23/09/2012,11:15,81,55,26
23/09/2012,11:30,82,60,22
23/09/2012,11:45,97,56,41
23/09/2012,12:00,100,59,41
23/09/2012,12:15,92,44,48
23/09/2012,12:30,82,43,39
23/09/2012,12:45,84,45,39
23/09/2012,13:00,111,58,53
23/09/2012,13:15,66,38,28
23/09/2012,13:30,80,34,46
23/09/2012,13:45,76,32,44
23/09/2012,14:00,71,33,38
23/09/2012,14:15,96,49,47
23/09/2012,14:30,77,46,31
23/09/2012,14:45,89,48,41
23/09/2012,15:00,77,42,35
23/09/2012,15:15,84,40,44
23/09/2012,15:30,75,39,36
23/09/2012,15:45,65,31,34
23/09/2012,16:00,78,39,39
23/09/2012,16:15,83,31,52
23/09/2012,16:30,68,31,37
23/09/2012,16:45,59,33,26
23/09/2012,17:00,65,33,32
23/09/2012,17:15,76,36,40
23/09/2012,17:30,56,27,29
23/09/2012,17:45,55,26,29
23/09/2012,18:00,50,30,20
23/09/2012,18:15,53,37,16
23/09/2012,18:30,37,27,10
23/09/2012,18:45,36,32,4
23/09/2012,19:00,35,23,12
23/09/2012,19:15,29,19,10
23/09/2012,19:30,40,26,14
23/09/2012,19:45,29,15,14
23/09/2012,20:00,20,13,7
23/09/2012,20:15,20,16,4
23/09/2012,20:30,14,6,8
23/09/2012,20:45,23,15,8
23/09/2012,21:00,13,11,2
23/09/2012,21:15,15,9,6
23/09/2012,21:30,8,5,3
23/09/2012,21:45,16,8,8
23/09/2012,22:00,13,8,5
23/09/2012,22:15,9,6,3
23/09/2012,22:30,10,6,4
23/09/2012,22:45,9,7,2
23/09/2012,23:00,14,10,4
23/09/2012,23:15,9,8,1
23/09/2012,23:30,6,6,0
23/09/2012,23:45,1,1,0
24/09/2012,00:00,8,7,1
24/09/2012,00:15,4,3,1
24/09/2012,00:30,5,4,1
24/09/2012,00:45,0,0,0
24/09/2012,01:00,3,2,1
24/09/2012,01:15,2,2,0
24/09/2012,01:30,0,0,0
24/09/2012,01:45,0,0,0
24/09/2012,02:00,2,1,1
24/09/2012,02:15,3,2,1
24/09/2012,02:30,1,1,0
24/09/2012,02:45,1,1,0
24/09/2012,03:00,3,3,0
24/09/2012,03:15,2,2,0
24/09/2012,03:30,1,1,0
24/09/2012,03:45,0,0,0
24/09/2012,04:00,1,1,0
24/09/2012,04:15,1,1,0
24/09/2012,04:30,1,0,1
24/09/2012,04:45,1,1,0
24/09/2012,05:00,1,0,1
24/09/2012,05:15,5,2,3
24/09/2012,05:30,6,0,6
24/09/2012,05:45,11,5,6
24/09/2012,06:00,6,5,1
24/09/2012,06:15,27,9,18
24/09/2012,06:30,21,7,14
24/09/2012,06:45,32,12,20
24/09/2012,07:00,29,9,20
24/09/2012,07:15,56,16,40
24/09/2012,07:30,59,12,47
24/09/2012,07:45,90,32,58
24/09/2012,08:00,78,17,61
24/09/2012,08:15,85,24,61
24/09/2012,08:30,103,29,74
24/09/2012,08:45,87,22,65
24/09/2012,09:00,53,10,43
24/09/2012,09:15,47,11,36
24/09/2012,09:30,41,20,21
24/09/2012,09:45,35,15,20
24/09/2012,10:00,18,8,10
24/09/2012,10:15,18,9,9
24/09/2012,10:30,32,18,14
24/09/2012,10:45,34,22,12
24/09/2012,11:00,20,11,9
24/09/2012,11:15,25,17,8
24/09/2012,11:30,38,19,19
24/09/2012,11:45,31,17,14
24/09/2012,12:00,17,7,10
24/09/2012,12:15,36,26,10
24/09/2012,12:30,29,20,9
24/09/2012,12:45,37,20,17
24/09/2012,13:00,23,16,7
24/09/2012,13:15,29,18,11
24/09/2012,13:30,23,16,7
24/09/2012,13:45,21,14,7
24/09/2012,14:00,37,23,14
24/09/2012,14:15,32,18,14
24/09/2012,14:30,42,30,12
24/09/2012,14:45,31,18,13
24/09/2012,15:00,38,25,13
24/09/2012,15:15,46,35,11
24/09/2012,15:30,54,37,17
24/09/2012,15:45,48,29,19
24/09/2012,16:00,61,45,16
24/09/2012,16:15,51,34,17
24/09/2012,16:30,66,44,22
24/09/2012,16:45,66,48,18
24/09/2012,17:00,88,63,25
24/09/2012,17:15,108,79,29
24/09/2012,17:30,123,93,30
24/09/2012,17:45,146,96,50
24/09/2012,18:00,123,100,23
24/09/2012,18:15,111,82,29
24/09/2012,18:30,98,79,19
24/09/2012,18:45,89,65,24
24/09/2012,19:00,78,64,14
24/09/2012,19:15,90,76,14
24/09/2012,19:30,48,38,10
24/09/2012,19:45,42,31,11
24/09/2012,20:00,28,22,6
24/09/2012,20:15,34,25,9
24/09/2012,20:30,24,16,8
24/09/2012,20:45,38,27,11
24/09/2012,21:00,27,20,7
24/09/2012,21:15,26,17,9
24/09/2012,21:30,18,12,6
24/09/2012,21:45,17,12,5
24/09/2012,22:00,18,14,4
24/09/2012,22:15,16,12,4
24/09/2012,22:30,13,9,4
24/09/2012,22:45,13,11,2
24/09/2012,23:00,12,12,0
24/09/2012,23:15,8,8,0
24/09/2012,23:30,8,8,0
24/09/2012,23:45,9,9,0
25/09/2012,00:00,4,4,0
25/09/2012,00:15,6,6,0
25/09/2012,00:30,4,2,2
25/09/2012,00:45,5,2,3
25/09/2012,01:00,2,1,1
25/09/2012,01:15,3,1,2
25/09/2012,01:30,3,2,1
25/09/2012,01:45,1,1,0
25/09/2012,02:00,3,2,1
25/09/2012,02:15,2,2,0
25/09/2012,02:30,0,0,0
25/09/2012,02:45,2,2,0
25/09/2012,03:00,2,2,0
25/09/2012,03:15,0,0,0
25/09/2012,03:30,1,1,0
25/09/2012,03:45,0,0,0
25/09/2012,04:00,1,1,0
25/09/2012,04:15,1,1,0
25/09/2012,04:30,2,1,1
25/09/2012,04:45,2,0,2
25/09/2012,05:00,5,2,3
25/09/2012,05:15,2,1,1
25/09/2012,05:30,8,1,7
25/09/2012,05:45,9,7,2
25/09/2012,06:00,28,16,12
25/09/2012,06:15,23,11,12
25/09/2012,06:30,24,12,12
25/09/2012,06:45,26,8,18
25/09/2012,07:00,50,23,27
25/09/2012,07:15,54,14,40
25/09/2012,07:30,78,20,58
25/09/2012,07:45,95,33,62
25/09/2012,08:00,95,16,79
25/09/2012,08:15,102,36,66
25/09/2012,08:30,107,27,80
25/09/2012,08:45,92,32,60
25/09/2012,09:00,65,18,47
25/09/2012,09:15,67,24,43
25/09/2012,09:30,73,23,50
25/09/2012,09:45,38,14,24
25/09/2012,10:00,41,20,21
25/09/2012,10:15,42,21,21
25/09/2012,10:30,23,8,15
25/09/2012,10:45,24,14,10
25/09/2012,11:00,28,13,15
25/09/2012,11:15,20,11,9
25/09/2012,11:30,21,10,11
25/09/2012,11:45,21,12,9
25/09/2012,12:00,29,22,7
25/09/2012,12:15,37,19,18
25/09/2012,12:30,31,12,19
25/09/2012,12:45,34,22,12
25/09/2012,13:00,33,22,11
25/09/2012,13:15,33,20,13
25/09/2012,13:30,34,17,17
25/09/2012,13:45,24,16,8
25/09/2012,14:00,26,11,15
25/09/2012,14:15,33,20,13
25/09/2012,14:30,32,19,13
25/09/2012,14:45,43,29,14
25/09/2012,15:00,19,13,6
25/09/2012,15:15,55,31,24
25/09/2012,15:30,38,24,14
25/09/2012,15:45,42,27,15
25/09/2012,16:00,58,45,13
25/09/2012,16:15,54,36,18
25/09/2012,16:30,52,35,17
25/09/2012,16:45,75,51,24
25/09/2012,17:00,81,52,29
25/09/2012,17:15,107,67,40
25/09/2012,17:30,112,88,24
25/09/2012,17:45,89,71,18
25/09/2012,18:00,114,86,28
25/09/2012,18:15,126,105,21
25/09/2012,18:30,109,80,29
25/09/2012,18:45,94,65,29
25/09/2012,19:00,76,56,20
25/09/2012,19:15,51,40,11
25/09/2012,19:30,65,58,7
25/09/2012,19:45,47,31,16
25/09/2012,20:00,34,23,11
25/09/2012,20:15,35,22,13
25/09/2012,20:30,28,19,9
25/09/2012,20:45,23,20,3
25/09/2012,21:00,39,30,9
25/09/2012,21:15,34,27,7
25/09/2012,21:30,18,14,4
25/09/2012,21:45,34,27,7
25/09/2012,22:00,19,15,4
25/09/2012,22:15,20,14,6
25/09/2012,22:30,18,16,2
25/09/2012,22:45,23,15,8
25/09/2012,23:00,19,13,6
25/09/2012,23:15,18,14,4
25/09/2012,23:30,12,12,0
25/09/2012,23:45,6,6,0
26/09/2012,00:00,9,6,3
26/09/2012,00:15,9,9,0
26/09/2012,00:30,10,7,3
26/09/2012,00:45,3,2,1
26/09/2012,01:00,6,4,2
26/09/2012,01:15,10,10,0
26/09/2012,01:30,1,1,0
26/09/2012,01:45,1,1,0
26/09/2012,02:00,3,3,0
26/09/2012,02:15,3,3,0
26/09/2012,02:30,0,0,0
26/09/2012,02:45,1,0,1
26/09/2012,03:00,0,0,0
26/09/2012,03:15,0,0,0
26/09/2012,03:30,1,1,0
26/09/2012,03:45,1,0,1
26/09/2012,04:00,2,1,1
26/09/2012,04:15,0,0,0
26/09/2012,04:30,2,0,2
26/09/2012,04:45,2,2,0
26/09/2012,05:00,1,1,0
26/09/2012,05:15,5,3,2
26/09/2012,05:30,6,2,4
26/09/2012,05:45,7,3,4
26/09/2012,06:00,12,6,6
26/09/2012,06:15,21,8,13
26/09/2012,06:30,27,11,16
26/09/2012,06:45,27,18,9
26/09/2012,07:00,41,17,24
26/09/2012,07:15,47,14,33
26/09/2012,07:30,72,20,52
26/09/2012,07:45,73,22,51
26/09/2012,08:00,83,20,63
26/09/2012,08:15,92,23,69
26/09/2012,08:30,108,32,76
26/09/2012,08:45,101,37,64
26/09/2012,09:00,55,12,43
26/09/2012,09:15,52,17,35
26/09/2012,09:30,40,16,24
26/09/2012,09:45,54,30,24
26/09/2012,10:00,35,11,24
26/09/2012,10:15,36,14,22
26/09/2012,10:30,47,28,19
26/09/2012,10:45,28,9,19
26/09/2012,11:00,20,6,14
26/09/2012,11:15,34,14,20
26/09/2012,11:30,33,13,20
26/09/2012,11:45,52,37,15
26/09/2012,12:00,29,13,16
26/09/2012,12:15,39,27,12
26/09/2012,12:30,60,50,10
26/09/2012,12:45,40,21,19
26/09/2012,13:00,34,26,8
26/09/2012,13:15,29,17,12
26/09/2012,13:30,36,22,14
26/09/2012,13:45,34,18,16
26/09/2012,14:00,28,16,12
26/09/2012,14:15,50,27,23
26/09/2012,14:30,52,28,24
26/09/2012,14:45,34,19,15
26/09/2012,15:00,46,25,21
26/09/2012,15:15,36,19,17
26/09/2012,15:30,48,30,18
26/09/2012,15:45,67,36,31
26/09/2012,16:00,55,36,19
26/09/2012,16:15,57,35,22
26/09/2012,16:30,62,43,19
26/09/2012,16:45,75,51,24
26/09/2012,17:00,77,49,28
26/09/2012,17:15,75,57,18
26/09/2012,17:30,104,72,32
26/09/2012,17:45,115,89,26
26/09/2012,18:00,102,71,31
26/09/2012,18:15,112,81,31
26/09/2012,18:30,128,91,37
26/09/2012,18:45,83,59,24
26/09/2012,19:00,67,52,15
26/09/2012,19:15,85,65,20
26/09/2012,19:30,62,38,24
26/09/2012,19:45,48,32,16
26/09/2012,20:00,35,18,17
26/09/2012,20:15,31,23,8
26/09/2012,20:30,44,27,17
26/09/2012,20:45,30,22,8
26/09/2012,21:00,31,17,14
26/09/2012,21:15,40,30,10
26/09/2012,21:30,26,20,6
26/09/2012,21:45,31,25,6
26/09/2012,22:00,25,20,5
26/09/2012,22:15,22,15,7
26/09/2012,22:30,26,21,5
26/09/2012,22:45,29,26,3
26/09/2012,23:00,19,18,1
26/09/2012,23:15,21,17,4
26/09/2012,23:30,14,9,5
26/09/2012,23:45,17,16,1
27/09/2012,00:00,11,11,0
27/09/2012,00:15,11,7,4
27/09/2012,00:30,2,1,1
27/09/2012,00:45,4,3,1
27/09/2012,01:00,2,2,0
27/09/2012,01:15,4,3,1
27/09/2012,01:30,2,2,0
27/09/2012,01:45,2,1,1
27/09/2012,02:00,0,0,0
27/09/2012,02:15,2,2,0
27/09/2012,02:30,0,0,0
27/09/2012,02:45,2,0,2
27/09/2012,03:00,1,0,1
27/09/2012,03:15,2,1,1
27/09/2012,03:30,0,0,0
27/09/2012,03:45,1,1,0
27/09/2012,04:00,2,2,0
27/09/2012,04:15,1,1,0
27/09/2012,04:30,0,0,0
27/09/2012,04:45,2,1,1
27/09/2012,05:00,4,2,2
27/09/2012,05:15,7,4,3
27/09/2012,05:30,7,4,3
27/09/2012,05:45,9,3,6
27/09/2012,06:00,21,14,7
27/09/2012,06:15,20,9,11
27/09/2012,06:30,18,9,9
27/09/2012,06:45,29,10,19
27/09/2012,07:00,35,11,24
27/09/2012,07:15,41,18,23
27/09/2012,07:30,77,22,55
27/09/2012,07:45,82,32,50
27/09/2012,08:00,73,19,54
27/09/2012,08:15,70,24,46
27/09/2012,08:30,104,21,83
27/09/2012,08:45,78,21,57
27/09/2012,09:00,60,14,46
27/09/2012,09:15,58,26,32
27/09/2012,09:30,54,17,37
27/09/2012,09:45,50,20,30
27/09/2012,10:00,33,11,22
27/09/2012,10:15,22,10,12
27/09/2012,10:30,32,16,16
27/09/2012,10:45,38,22,16
27/09/2012,11:00,28,15,13
27/09/2012,11:15,30,18,12
27/09/2012,11:30,48,26,22
27/09/2012,11:45,31,14,17
27/09/2012,12:00,43,29,14
27/09/2012,12:15,36,20,16
27/09/2012,12:30,40,17,23
27/09/2012,12:45,40,31,9
27/09/2012,13:00,42,25,17
27/09/2012,13:15,28,15,13
27/09/2012,13:30,43,25,18
27/09/2012,13:45,36,20,16
27/09/2012,14:00,34,15,19
27/09/2012,14:15,29,18,11
27/09/2012,14:30,51,29,22
27/09/2012,14:45,48,30,18
27/09/2012,15:00,46,28,18
27/09/2012,15:15,43,25,18
27/09/2012,15:30,66,45,21
27/09/2012,15:45,64,40,24
27/09/2012,16:00,59,35,24
27/09/2012,16:15,62,43,19
27/09/2012,16:30,58,33,25
27/09/2012,16:45,57,37,20
27/09/2012,17:00,85,57,28
27/09/2012,17:15,103,77,26
27/09/2012,17:30,112,79,33
27/09/2012,17:45,106,81,25
27/09/2012,18:00,118,73,45
27/09/2012,18:15,97,79,18
27/09/2012,18:30,76,63,13
27/09/2012,18:45,104,84,20
27/09/2012,19:00,70,57,13
27/09/2012,19:15,55,42,13
27/09/2012,19:30,52,36,16
27/09/2012,19:45,45,36,9
27/09/2012,20:00,44,27,17
27/09/2012,20:15,39,36,3
27/09/2012,20:30,36,24,12
27/09/2012,20:45,34,24,10
27/09/2012,21:00,35,28,7
27/09/2012,21:15,34,28,6
27/09/2012,21:30,32,18,14
27/09/2012,21:45,28,12,16
27/09/2012,22:00,44,22,22
27/09/2012,22:15,36,29,7
27/09/2012,22:30,21,19,2
27/09/2012,22:45,15,13,2
27/09/2012,23:00,26,24,2
27/09/2012,23:15,9,8,1
27/09/2012,23:30,11,8,3
27/09/2012,23:45,13,12,1
28/09/2012,00:00,7,5,2
28/09/2012,00:15,12,11,1
28/09/2012,00:30,4,4,0
28/09/2012,00:45,2,2,0
28/09/2012,01:00,6,5,1
28/09/2012,01:15,5,5,0
28/09/2012,01:30,7,7,0
28/09/2012,01:45,0,0,0
28/09/2012,02:00,2,0,2
28/09/2012,02:15,2,2,0
28/09/2012,02:30,0,0,0
28/09/2012,02:45,0,0,0
28/09/2012,03:00,1,0,1
28/09/2012,03:15,0,0,0
28/09/2012,03:30,0,0,0
28/09/2012,03:45,0,0,0
28/09/2012,04:00,0,0,0
28/09/2012,04:15,1,1,0
28/09/2012,04:30,1,1,0
28/09/2012,04:45,2,1,1
28/09/2012,05:00,5,2,3
28/09/2012,05:15,1,1,0
28/09/2012,05:30,4,0,4
28/09/2012,05:45,6,3,3
28/09/2012,06:00,8,5,3
28/09/2012,06:15,19,7,12
28/09/2012,06:30,18,12,6
28/09/2012,06:45,34,12,22
28/09/2012,07:00,33,16,17
28/09/2012,07:15,44,17,27
28/09/2012,07:30,80,28,52
28/09/2012,07:45,63,25,38
28/09/2012,08:00,69,25,44
28/09/2012,08:15,87,21,66
28/09/2012,08:30,90,24,66
28/09/2012,08:45,70,12,58
28/09/2012,09:00,60,15,45
28/09/2012,09:15,62,22,40
28/09/2012,09:30,60,21,39
28/09/2012,09:45,44,24,20
28/09/2012,10:00,35,12,23
28/09/2012,10:15,38,21,17
28/09/2012,10:30,43,24,19
28/09/2012,10:45,27,13,14
28/09/2012,11:00,25,12,13
28/09/2012,11:15,35,16,19
28/09/2012,11:30,29,15,14
28/09/2012,11:45,36,13,23
28/09/2012,12:00,38,20,18
28/09/2012,12:15,32,10,22
28/09/2012,12:30,27,14,13
28/09/2012,12:45,42,25,17
28/09/2012,13:00,37,16,21
28/09/2012,13:15,36,13,23
28/09/2012,13:30,27,20,7
28/09/2012,13:45,36,26,10
28/09/2012,14:00,27,16,11
28/09/2012,14:15,35,26,9
28/09/2012,14:30,53,31,22
28/09/2012,14:45,49,33,16
28/09/2012,15:00,45,29,16
28/09/2012,15:15,31,14,17
28/09/2012,15:30,67,36,31
28/09/2012,15:45,51,27,24
28/09/2012,16:00,50,27,23
28/09/2012,16:15,78,37,41
28/09/2012,16:30,72,39,33
28/09/2012,16:45,77,40,37
28/09/2012,17:00,101,51,50
28/09/2012,17:15,104,51,53
28/09/2012,17:30,127,57,70
28/09/2012,17:45,99,52,47
28/09/2012,18:00,79,50,29
28/09/2012,18:15,82,57,25
28/09/2012,18:30,69,48,21
28/09/2012,18:45,55,41,14
28/09/2012,19:00,49,33,16
28/09/2012,19:15,68,52,16
28/09/2012,19:30,74,59,15
28/09/2012,19:45,85,79,6
28/09/2012,20:00,74,57,17
28/09/2012,20:15,55,42,13
28/09/2012,20:30,31,24,7
28/09/2012,20:45,34,30,4
28/09/2012,21:00,53,45,8
28/09/2012,21:15,46,37,9
28/09/2012,21:30,35,33,2
28/09/2012,21:45,33,27,6
28/09/2012,22:00,29,24,5
28/09/2012,22:15,34,27,7
28/09/2012,22:30,19,17,2
28/09/2012,22:45,25,23,2
28/09/2012,23:00,26,15,11
28/09/2012,23:15,27,20,7
28/09/2012,23:30,15,11,4
28/09/2012,23:45,28,22,6
29/09/2012,00:00,18,18,0
29/09/2012,00:15,16,16,0
29/09/2012,00:30,17,17,0
29/09/2012,00:45,15,14,1
29/09/2012,01:00,9,5,4
29/09/2012,01:15,11,10,1
29/09/2012,01:30,7,7,0
29/09/2012,01:45,3,3,0
29/09/2012,02:00,7,5,2
29/09/2012,02:15,7,4,3
29/09/2012,02:30,5,5,0
29/09/2012,02:45,6,6,0
29/09/2012,03:00,4,4,0
29/09/2012,03:15,4,3,1
29/09/2012,03:30,2,2,0
29/09/2012,03:45,1,1,0
29/09/2012,04:00,2,2,0
29/09/2012,04:15,3,2,1
29/09/2012,04:30,0,0,0
29/09/2012,04:45,0,0,0
29/09/2012,05:00,1,1,0
29/09/2012,05:15,0,0,0
29/09/2012,05:30,4,3,1
29/09/2012,05:45,2,1,1
29/09/2012,06:00,2,1,1
29/09/2012,06:15,8,3,5
29/09/2012,06:30,4,2,2
29/09/2012,06:45,6,3,3
29/09/2012,07:00,10,9,1
29/09/2012,07:15,17,10,7
29/09/2012,07:30,19,5,14
29/09/2012,07:45,16,10,6
29/09/2012,08:00,24,15,9
29/09/2012,08:15,31,18,13
29/09/2012,08:30,43,29,14
29/09/2012,08:45,35,27,8
29/09/2012,09:00,29,16,13
29/09/2012,09:15,52,38,14
29/09/2012,09:30,65,42,23
29/09/2012,09:45,43,28,15
29/09/2012,10:00,47,29,18
29/09/2012,10:15,53,33,20
29/09/2012,10:30,60,41,19
29/09/2012,10:45,62,43,19
29/09/2012,11:00,55,32,23
29/09/2012,11:15,70,46,24
29/09/2012,11:30,60,29,31
29/09/2012,11:45,72,46,26
29/09/2012,12:00,82,52,30
29/09/2012,12:15,81,51,30
29/09/2012,12:30,75,50,25
29/09/2012,12:45,100,66,34
29/09/2012,13:00,78,48,30
29/09/2012,13:15,96,48,48
29/09/2012,13:30,90,54,36
29/09/2012,13:45,100,62,38
29/09/2012,14:00,87,54,33
29/09/2012,14:15,111,56,55
29/09/2012,14:30,96,44,52
29/09/2012,14:45,92,41,51
29/09/2012,15:00,129,65,64
29/09/2012,15:15,125,65,60
29/09/2012,15:30,128,76,52
29/09/2012,15:45,106,38,68
29/09/2012,16:00,99,47,52
29/09/2012,16:15,83,36,47
29/09/2012,16:30,80,35,45
29/09/2012,16:45,73,36,37
29/09/2012,17:00,84,35,49
29/09/2012,17:15,75,36,39
29/09/2012,17:30,74,37,37
29/09/2012,17:45,62,29,33
29/09/2012,18:00,71,34,37
29/09/2012,18:15,58,24,34
29/09/2012,18:30,46,21,25
29/09/2012,18:45,61,29,32
29/09/2012,19:00,45,20,25
29/09/2012,19:15,40,19,21
29/09/2012,19:30,34,22,12
29/09/2012,19:45,22,14,8
29/09/2012,20:00,29,15,14
29/09/2012,20:15,25,20,5
29/09/2012,20:30,21,10,11
29/09/2012,20:45,25,16,9
29/09/2012,21:00,11,8,3
29/09/2012,21:15,20,15,5
29/09/2012,21:30,13,11,2
29/09/2012,21:45,22,18,4
29/09/2012,22:00,14,10,4
29/09/2012,22:15,12,7,5
29/09/2012,22:30,13,8,5
29/09/2012,22:45,12,7,5
29/09/2012,23:00,11,8,3
29/09/2012,23:15,17,10,7
29/09/2012,23:30,26,18,8
29/09/2012,23:45,11,6,5
30/09/2012,00:00,14,9,5
30/09/2012,00:15,16,16,0
30/09/2012,00:30,9,8,1
30/09/2012,00:45,10,7,3
30/09/2012,01:00,8,6,2
30/09/2012,01:15,8,8,0
30/09/2012,01:30,8,8,0
30/09/2012,01:45,2,1,1
30/09/2012,02:00,13,11,2
30/09/2012,02:15,4,4,0
30/09/2012,02:30,10,9,1
30/09/2012,02:45,8,7,1
30/09/2012,03:00,1,1,0
30/09/2012,03:15,3,3,0
30/09/2012,03:30,2,0,2
30/09/2012,03:45,0,0,0
30/09/2012,04:00,1,1,0
30/09/2012,04:15,2,2,0
30/09/2012,04:30,2,2,0
30/09/2012,04:45,0,0,0
30/09/2012,05:00,1,1,0
30/09/2012,05:15,2,1,1
30/09/2012,05:30,1,1,0
30/09/2012,05:45,0,0,0
30/09/2012,06:00,2,2,0
30/09/2012,06:15,8,3,5
30/09/2012,06:30,5,3,2
30/09/2012,06:45,5,2,3
30/09/2012,07:00,9,7,2
30/09/2012,07:15,12,4,8
30/09/2012,07:30,19,13,6
30/09/2012,07:45,17,12,5
30/09/2012,08:00,25,16,9
30/09/2012,08:15,25,13,12
30/09/2012,08:30,38,26,12
30/09/2012,08:45,33,19,14
30/09/2012,09:00,36,30,6
30/09/2012,09:15,31,17,14
30/09/2012,09:30,50,31,19
30/09/2012,09:45,59,40,19
30/09/2012,10:00,50,34,16
30/09/2012,10:15,69,50,19
30/09/2012,10:30,82,58,24
30/09/2012,10:45,82,51,31
30/09/2012,11:00,78,46,32
30/09/2012,11:15,87,59,28
30/09/2012,11:30,87,56,31
30/09/2012,11:45,98,65,33
30/09/2012,12:00,124,109,15
30/09/2012,12:15,110,70,40
30/09/2012,12:30,129,73,56
30/09/2012,12:45,131,73,58
30/09/2012,13:00,127,81,46
30/09/2012,13:15,165,113,52
30/09/2012,13:30,203,134,69
30/09/2012,13:45,138,102,36
30/09/2012,14:00,152,106,46
30/09/2012,14:15,163,92,71
30/09/2012,14:30,170,104,66
30/09/2012,14:45,149,112,37
30/09/2012,15:00,130,67,63
30/09/2012,15:15,147,79,68
30/09/2012,15:30,146,89,57
30/09/2012,15:45,110,46,64
30/09/2012,16:00,159,77,82
30/09/2012,16:15,175,55,120
30/09/2012,16:30,142,41,101
30/09/2012,16:45,129,55,74
30/09/2012,17:00,188,48,140
30/09/2012,17:15,142,39,103
30/09/2012,17:30,144,46,98
30/09/2012,17:45,99,37,62
30/09/2012,18:00,106,50,56
30/09/2012,18:15,108,40,68
30/09/2012,18:30,73,20,53
30/09/2012,18:45,70,24,46
30/09/2012,19:00,62,23,39
30/09/2012,19:15,52,25,27
30/09/2012,19:30,50,16,34
30/09/2012,19:45,30,17,13
30/09/2012,20:00,35,19,16
30/09/2012,20:15,24,11,13
30/09/2012,20:30,26,20,6
30/09/2012,20:45,20,10,10
30/09/2012,21:00,12,6,6
30/09/2012,21:15,20,11,9
30/09/2012,21:30,19,13,6
30/09/2012,21:45,15,9,6
30/09/2012,22:00,39,20,19
30/09/2012,22:15,13,9,4
30/09/2012,22:30,12,7,5
30/09/2012,22:45,12,7,5
30/09/2012,23:00,13,11,2
30/09/2012,23:15,21,14,7
30/09/2012,23:30,5,5,0
30/09/2012,23:45,6,5,1
01/10/2012,00:00,10,8,2
01/10/2012,00:15,1,0,1
01/10/2012,00:30,4,2,2
01/10/2012,00:45,1,0,1
01/10/2012,01:00,2,2,0
01/10/2012,01:15,1,1,0
01/10/2012,01:30,2,2,0
01/10/2012,01:45,0,0,0
01/10/2012,02:00,5,4,1
01/10/2012,02:15,7,7,0
01/10/2012,02:30,0,0,0
01/10/2012,02:45,1,1,0
01/10/2012,03:00,1,1,0
01/10/2012,03:15,0,0,0
01/10/2012,03:30,0,0,0
01/10/2012,03:45,0,0,0
01/10/2012,04:00,0,0,0
01/10/2012,04:15,1,1,0
01/10/2012,04:30,1,1,0
01/10/2012,04:45,3,2,1
01/10/2012,05:00,8,4,4
01/10/2012,05:15,4,3,1
01/10/2012,05:30,8,3,5
01/10/2012,05:45,4,2,2
01/10/2012,06:00,16,5,11
01/10/2012,06:15,30,12,18
01/10/2012,06:30,35,18,17
01/10/2012,06:45,27,9,18
01/10/2012,07:00,45,16,29
01/10/2012,07:15,53,22,31
01/10/2012,07:30,87,17,70
01/10/2012,07:45,90,27,63
01/10/2012,08:00,74,25,49
01/10/2012,08:15,89,24,65
01/10/2012,08:30,126,37,89
01/10/2012,08:45,110,30,80
01/10/2012,09:00,72,26,46
01/10/2012,09:15,68,21,47
01/10/2012,09:30,64,25,39
01/10/2012,09:45,47,18,29
01/10/2012,10:00,41,16,25
01/10/2012,10:15,43,24,19
01/10/2012,10:30,36,15,21
01/10/2012,10:45,53,31,22
01/10/2012,11:00,27,19,8
01/10/2012,11:15,48,22,26
01/10/2012,11:30,28,14,14
01/10/2012,11:45,51,33,18
01/10/2012,12:00,33,18,15
01/10/2012,12:15,41,19,22
01/10/2012,12:30,48,29,19
01/10/2012,12:45,44,17,27
01/10/2012,13:00,30,19,11
01/10/2012,13:15,47,30,17
01/10/2012,13:30,37,28,9
01/10/2012,13:45,61,36,25
01/10/2012,14:00,43,29,14
01/10/2012,14:15,37,20,17
01/10/2012,14:30,44,24,20
01/10/2012,14:45,39,23,16
01/10/2012,15:00,57,36,21
01/10/2012,15:15,59,38,21
01/10/2012,15:30,58,39,19
01/10/2012,15:45,53,26,27
01/10/2012,16:00,80,45,35
01/10/2012,16:15,79,53,26
01/10/2012,16:30,96,65,31
01/10/2012,16:45,81,58,23
01/10/2012,17:00,118,77,41
01/10/2012,17:15,147,107,40
01/10/2012,17:30,160,120,40
01/10/2012,17:45,159,108,51
01/10/2012,18:00,149,105,44
01/10/2012,18:15,158,121,37
01/10/2012,18:30,151,98,53
01/10/2012,18:45,136,92,44
01/10/2012,19:00,113,65,48
01/10/2012,19:15,97,63,34
01/10/2012,19:30,75,51,24
01/10/2012,19:45,69,45,24
01/10/2012,20:00,60,47,13
01/10/2012,20:15,44,30,14
01/10/2012,20:30,46,27,19
01/10/2012,20:45,41,26,15
01/10/2012,21:00,38,32,6
01/10/2012,21:15,35,25,10
01/10/2012,21:30,31,21,10
01/10/2012,21:45,28,20,8
01/10/2012,22:00,31,20,11
01/10/2012,22:15,31,24,7
01/10/2012,22:30,17,9,8
01/10/2012,22:45,17,12,5
01/10/2012,23:00,23,20,3
01/10/2012,23:15,25,12,13
01/10/2012,23:30,12,10,2
01/10/2012,23:45,21,17,4
02/10/2012,00:00,8,7,1
02/10/2012,00:15,4,3,1
02/10/2012,00:30,9,8,1
02/10/2012,00:45,6,4,2
02/10/2012,01:00,9,3,6
02/10/2012,01:15,3,2,1
02/10/2012,01:30,2,1,1
02/10/2012,01:45,0,0,0
02/10/2012,02:00,4,4,0
02/10/2012,02:15,3,3,0
02/10/2012,02:30,4,4,0
02/10/2012,02:45,2,2,0
02/10/2012,03:00,2,0,2
02/10/2012,03:15,0,0,0
02/10/2012,03:30,1,0,1
02/10/2012,03:45,0,0,0
02/10/2012,04:00,1,1,0
02/10/2012,04:15,0,0,0
02/10/2012,04:30,1,0,1
02/10/2012,04:45,4,3,1
02/10/2012,05:00,0,0,0
02/10/2012,05:15,5,2,3
02/10/2012,05:30,10,0,10
02/10/2012,05:45,9,4,5
02/10/2012,06:00,22,9,13
02/10/2012,06:15,23,16,7
02/10/2012,06:30,42,15,27
02/10/2012,06:45,38,17,21
02/10/2012,07:00,46,17,29
02/10/2012,07:15,58,19,39
02/10/2012,07:30,83,21,62
02/10/2012,07:45,102,28,74
02/10/2012,08:00,114,31,83
02/10/2012,08:15,107,20,87
02/10/2012,08:30,102,26,76
02/10/2012,08:45,106,31,75
02/10/2012,09:00,76,20,56
02/10/2012,09:15,82,30,52
02/10/2012,09:30,69,26,43
02/10/2012,09:45,70,36,34
02/10/2012,10:00,49,21,28
02/10/2012,10:15,35,15,20
02/10/2012,10:30,52,22,30
02/10/2012,10:45,38,26,12
02/10/2012,11:00,39,21,18
02/10/2012,11:15,40,22,18
02/10/2012,11:30,39,28,11
02/10/2012,11:45,30,15,15
02/10/2012,12:00,55,35,20
02/10/2012,12:15,67,42,25
02/10/2012,12:30,46,24,22
02/10/2012,12:45,37,20,17
02/10/2012,13:00,47,28,19
02/10/2012,13:15,40,18,22
02/10/2012,13:30,55,37,18
02/10/2012,13:45,59,28,31
02/10/2012,14:00,45,24,21
02/10/2012,14:15,58,34,24
02/10/2012,14:30,59,39,20
02/10/2012,14:45,69,39,30
02/10/2012,15:00,47,33,14
02/10/2012,15:15,60,38,22
02/10/2012,15:30,84,52,32
02/10/2012,15:45,69,42,27
02/10/2012,16:00,64,38,26
02/10/2012,16:15,94,65,29
02/10/2012,16:30,79,55,24
02/10/2012,16:45,97,66,31
02/10/2012,17:00,112,69,43
02/10/2012,17:15,136,106,30
02/10/2012,17:30,151,108,43
02/10/2012,17:45,158,110,48
02/10/2012,18:00,164,124,40
02/10/2012,18:15,176,118,58
02/10/2012,18:30,179,116,63
02/10/2012,18:45,167,116,51
02/10/2012,19:00,120,67,53
02/10/2012,19:15,124,60,64
02/10/2012,19:30,112,55,57
02/10/2012,19:45,62,39,23
02/10/2012,20:00,56,35,21
02/10/2012,20:15,58,41,17
02/10/2012,20:30,63,36,27
02/10/2012,20:45,38,24,14
02/10/2012,21:00,41,25,16
02/10/2012,21:15,43,34,9
02/10/2012,21:30,40,34,6
02/10/2012,21:45,48,37,11
02/10/2012,22:00,41,27,14
02/10/2012,22:15,19,16,3
02/10/2012,22:30,25,18,7
02/10/2012,22:45,24,18,6
02/10/2012,23:00,32,23,9
02/10/2012,23:15,29,20,9
02/10/2012,23:30,13,11,2
02/10/2012,23:45,12,10,2
03/10/2012,00:00,16,11,5
03/10/2012,00:15,9,7,2
03/10/2012,00:30,6,5,1
03/10/2012,00:45,13,13,0
03/10/2012,01:00,2,2,0
03/10/2012,01:15,3,3,0
03/10/2012,01:30,3,3,0
03/10/2012,01:45,2,2,0
03/10/2012,02:00,7,6,1
03/10/2012,02:15,0,0,0
03/10/2012,02:30,1,1,0
03/10/2012,02:45,5,4,1
03/10/2012,03:00,0,0,0
03/10/2012,03:15,1,1,0
03/10/2012,03:30,1,1,0
03/10/2012,03:45,0,0,0
03/10/2012,04:00,0,0,0
03/10/2012,04:15,3,1,2
03/10/2012,04:30,3,2,1
03/10/2012,04:45,2,0,2
03/10/2012,05:00,3,3,0
03/10/2012,05:15,7,5,2
03/10/2012,05:30,11,5,6
03/10/2012,05:45,11,3,8
03/10/2012,06:00,12,4,8
03/10/2012,06:15,30,20,10
03/10/2012,06:30,32,12,20
03/10/2012,06:45,44,24,20
03/10/2012,07:00,42,20,22
03/10/2012,07:15,64,24,40
03/10/2012,07:30,84,23,61
03/10/2012,07:45,96,25,71
03/10/2012,08:00,102,28,74
03/10/2012,08:15,130,39,91
03/10/2012,08:30,100,19,81
03/10/2012,08:45,114,36,78
03/10/2012,09:00,66,22,44
03/10/2012,09:15,64,23,41
03/10/2012,09:30,68,33,35
03/10/2012,09:45,66,30,36
03/10/2012,10:00,59,26,33
03/10/2012,10:15,55,30,25
03/10/2012,10:30,50,25,25
03/10/2012,10:45,46,23,23
03/10/2012,11:00,38,13,25
03/10/2012,11:15,49,22,27
03/10/2012,11:30,58,26,32
03/10/2012,11:45,33,22,11
03/10/2012,12:00,27,16,11
03/10/2012,12:15,51,28,23
03/10/2012,12:30,52,30,22
03/10/2012,12:45,43,17,26
03/10/2012,13:00,34,17,17
03/10/2012,13:15,55,35,20
03/10/2012,13:30,48,29,19
03/10/2012,13:45,45,24,21
03/10/2012,14:00,38,23,15
03/10/2012,14:15,44,18,26
03/10/2012,14:30,35,18,17
03/10/2012,14:45,52,29,23
03/10/2012,15:00,59,42,17
03/10/2012,15:15,53,33,20
03/10/2012,15:30,52,26,26
03/10/2012,15:45,61,45,16
03/10/2012,16:00,57,32,25
03/10/2012,16:15,61,43,18
03/10/2012,16:30,70,46,24
03/10/2012,16:45,72,48,24
03/10/2012,17:00,105,67,38
03/10/2012,17:15,112,85,27
03/10/2012,17:30,141,112,29
03/10/2012,17:45,145,103,42
03/10/2012,18:00,109,83,26
03/10/2012,18:15,109,86,23
03/10/2012,18:30,114,83,31
03/10/2012,18:45,86,70,16
03/10/2012,19:00,70,45,25
03/10/2012,19:15,73,39,34
03/10/2012,19:30,53,41,12
03/10/2012,19:45,41,31,10
03/10/2012,20:00,49,41,8
03/10/2012,20:15,53,35,18
03/10/2012,20:30,58,50,8
03/10/2012,20:45,35,28,7
03/10/2012,21:00,50,36,14
03/10/2012,21:15,31,23,8
03/10/2012,21:30,59,32,27
03/10/2012,21:45,27,22,5
03/10/2012,22:00,20,15,5
03/10/2012,22:15,31,26,5
03/10/2012,22:30,23,20,3
03/10/2012,22:45,32,28,4
03/10/2012,23:00,20,16,4
03/10/2012,23:15,17,12,5
03/10/2012,23:30,10,8,2
03/10/2012,23:45,14,14,0
04/10/2012,00:00,6,5,1
04/10/2012,00:15,9,8,1
04/10/2012,00:30,4,4,0
04/10/2012,00:45,6,5,1
04/10/2012,01:00,3,2,1
04/10/2012,01:15,1,0,1
04/10/2012,01:30,3,3,0
04/10/2012,01:45,0,0,0
04/10/2012,02:00,7,6,1
04/10/2012,02:15,3,3,0
04/10/2012,02:30,0,0,0
04/10/2012,02:45,2,2,0
04/10/2012,03:00,4,1,3
04/10/2012,03:15,0,0,0
04/10/2012,03:30,0,0,0
04/10/2012,03:45,0,0,0
04/10/2012,04:00,0,0,0
04/10/2012,04:15,1,1,0
04/10/2012,04:30,0,0,0
04/10/2012,04:45,2,2,0
04/10/2012,05:00,4,4,0
04/10/2012,05:15,4,2,2
04/10/2012,05:30,9,4,5
04/10/2012,05:45,6,2,4
04/10/2012,06:00,17,11,6
04/10/2012,06:15,19,12,7
04/10/2012,06:30,31,15,16
04/10/2012,06:45,21,9,12
04/10/2012,07:00,45,20,25
04/10/2012,07:15,63,20,43
04/10/2012,07:30,77,20,57
04/10/2012,07:45,73,20,53
04/10/2012,08:00,91,24,67
04/10/2012,08:15,104,26,78
04/10/2012,08:30,105,29,76
04/10/2012,08:45,79,24,55
04/10/2012,09:00,73,26,47
04/10/2012,09:15,70,20,50
04/10/2012,09:30,60,20,40
04/10/2012,09:45,53,20,33
04/10/2012,10:00,44,15,29
04/10/2012,10:15,37,17,20
04/10/2012,10:30,33,10,23
04/10/2012,10:45,35,17,18
04/10/2012,11:00,24,14,10
04/10/2012,11:15,37,16,21
04/10/2012,11:30,36,20,16
04/10/2012,11:45,29,16,13
04/10/2012,12:00,19,14,5
04/10/2012,12:15,43,23,20
04/10/2012,12:30,47,25,22
04/10/2012,12:45,31,15,16
04/10/2012,13:00,26,9,17
04/10/2012,13:15,35,22,13
04/10/2012,13:30,25,14,11
04/10/2012,13:45,35,23,12
04/10/2012,14:00,41,24,17
04/10/2012,14:15,48,33,15
04/10/2012,14:30,31,18,13
04/10/2012,14:45,52,34,18
04/10/2012,15:00,43,28,15
04/10/2012,15:15,44,24,20
04/10/2012,15:30,47,35,12
04/10/2012,15:45,57,39,18
04/10/2012,16:00,50,33,17
04/10/2012,16:15,60,40,20
04/10/2012,16:30,58,41,17
04/10/2012,16:45,64,43,21
04/10/2012,17:00,70,41,29
04/10/2012,17:15,115,90,25
04/10/2012,17:30,113,86,27
04/10/2012,17:45,115,78,37
04/10/2012,18:00,115,80,35
04/10/2012,18:15,114,81,33
04/10/2012,18:30,82,66,16
04/10/2012,18:45,80,59,21
04/10/2012,19:00,88,69,19
04/10/2012,19:15,66,51,15
04/10/2012,19:30,57,47,10
04/10/2012,19:45,47,41,6
04/10/2012,20:00,50,42,8
04/10/2012,20:15,34,27,7
04/10/2012,20:30,49,37,12
04/10/2012,20:45,44,38,6
04/10/2012,21:00,35,24,11
04/10/2012,21:15,28,18,10
04/10/2012,21:30,39,23,16
04/10/2012,21:45,39,26,13
04/10/2012,22:00,38,25,13
04/10/2012,22:15,43,29,14
04/10/2012,22:30,20,18,2
04/10/2012,22:45,26,21,5
04/10/2012,23:00,20,15,5
04/10/2012,23:15,33,30,3
04/10/2012,23:30,11,8,3
04/10/2012,23:45,18,16,2
05/10/2012,00:00,11,8,3
05/10/2012,00:15,10,9,1
05/10/2012,00:30,8,7,1
05/10/2012,00:45,7,6,1
05/10/2012,01:00,10,10,0
05/10/2012,01:15,3,3,0
05/10/2012,01:30,6,6,0
05/10/2012,01:45,3,2,1
05/10/2012,02:00,2,2,0
05/10/2012,02:15,3,3,0
05/10/2012,02:30,3,3,0
05/10/2012,02:45,1,1,0
05/10/2012,03:00,2,0,2
05/10/2012,03:15,0,0,0
05/10/2012,03:30,2,2,0
05/10/2012,03:45,0,0,0
05/10/2012,04:00,0,0,0
05/10/2012,04:15,1,1,0
05/10/2012,04:30,0,0,0
05/10/2012,04:45,0,0,0
05/10/2012,05:00,3,2,1
05/10/2012,05:15,2,1,1
05/10/2012,05:30,9,3,6
05/10/2012,05:45,6,2,4
05/10/2012,06:00,14,5,9
05/10/2012,06:15,14,5,9
05/10/2012,06:30,24,14,10
05/10/2012,06:45,26,10,16
05/10/2012,07:00,35,13,22
05/10/2012,07:15,55,24,31
05/10/2012,07:30,82,33,49
05/10/2012,07:45,64,21,43
05/10/2012,08:00,77,16,61
05/10/2012,08:15,77,17,60
05/10/2012,08:30,96,31,65
05/10/2012,08:45,74,19,55
05/10/2012,09:00,89,34,55
05/10/2012,09:15,76,19,57
05/10/2012,09:30,73,39,34
05/10/2012,09:45,72,37,35
05/10/2012,10:00,34,9,25
05/10/2012,10:15,58,30,28
05/10/2012,10:30,54,32,22
05/10/2012,10:45,61,36,25
05/10/2012,11:00,53,29,24
05/10/2012,11:15,43,26,17
05/10/2012,11:30,48,34,14
05/10/2012,11:45,87,55,32
05/10/2012,12:00,64,45,19
05/10/2012,12:15,61,43,18
05/10/2012,12:30,67,55,12
05/10/2012,12:45,70,44,26
05/10/2012,13:00,95,75,20
05/10/2012,13:15,73,53,20
05/10/2012,13:30,75,55,20
05/10/2012,13:45,70,46,24
05/10/2012,14:00,93,73,20
05/10/2012,14:15,105,76,29
05/10/2012,14:30,108,83,25
05/10/2012,14:45,115,91,24
05/10/2012,15:00,100,69,31
05/10/2012,15:15,125,90,35
05/10/2012,15:30,128,109,19
05/10/2012,15:45,123,99,24
05/10/2012,16:00,99,67,32
05/10/2012,16:15,131,94,37
05/10/2012,16:30,148,106,42
05/10/2012,16:45,146,107,39
05/10/2012,17:00,162,115,47
05/10/2012,17:15,196,146,50
05/10/2012,17:30,175,118,57
05/10/2012,17:45,158,115,43
05/10/2012,18:00,123,84,39
05/10/2012,18:15,131,83,48
05/10/2012,18:30,132,72,60
05/10/2012,18:45,130,57,73
05/10/2012,19:00,197,53,144
05/10/2012,19:15,319,68,251
05/10/2012,19:30,235,49,186
05/10/2012,19:45,142,64,78
05/10/2012,20:00,93,41,52
05/10/2012,20:15,63,36,27
05/10/2012,20:30,35,23,12
05/10/2012,20:45,44,19,25
05/10/2012,21:00,40,22,18
05/10/2012,21:15,39,18,21
05/10/2012,21:30,32,18,14
05/10/2012,21:45,32,16,16
05/10/2012,22:00,24,8,16
05/10/2012,22:15,36,27,9
05/10/2012,22:30,36,18,18
05/10/2012,22:45,18,13,5
05/10/2012,23:00,24,14,10
05/10/2012,23:15,16,12,4
05/10/2012,23:30,13,11,2
05/10/2012,23:45,17,11,6
06/10/2012,00:00,21,16,5
06/10/2012,00:15,16,15,1
06/10/2012,00:30,17,15,2
06/10/2012,00:45,13,10,3
06/10/2012,01:00,17,13,4
06/10/2012,01:15,10,9,1
06/10/2012,01:30,9,7,2
06/10/2012,01:45,5,5,0
06/10/2012,02:00,14,11,3
06/10/2012,02:15,16,15,1
06/10/2012,02:30,7,6,1
06/10/2012,02:45,9,6,3
06/10/2012,03:00,5,1,4
06/10/2012,03:15,4,4,0
06/10/2012,03:30,3,3,0
06/10/2012,03:45,4,2,2
06/10/2012,04:00,2,1,1
06/10/2012,04:15,3,3,0
06/10/2012,04:30,2,2,0
06/10/2012,04:45,0,0,0
06/10/2012,05:00,2,1,1
06/10/2012,05:15,8,2,6
06/10/2012,05:30,5,2,3
06/10/2012,05:45,3,2,1
06/10/2012,06:00,4,0,4
06/10/2012,06:15,8,3,5
06/10/2012,06:30,7,5,2
06/10/2012,06:45,11,9,2
06/10/2012,07:00,19,12,7
06/10/2012,07:15,14,9,5
06/10/2012,07:30,20,10,10
06/10/2012,07:45,36,24,12
06/10/2012,08:00,32,23,9
06/10/2012,08:15,37,22,15
06/10/2012,08:30,68,43,25
06/10/2012,08:45,50,36,14
06/10/2012,09:00,67,44,23
06/10/2012,09:15,63,42,21
06/10/2012,09:30,57,40,17
06/10/2012,09:45,72,52,20
06/10/2012,10:00,77,57,20
06/10/2012,10:15,127,92,35
06/10/2012,10:30,126,92,34
06/10/2012,10:45,166,140,26
06/10/2012,11:00,161,130,31
06/10/2012,11:15,173,149,24
06/10/2012,11:30,185,147,38
06/10/2012,11:45,236,186,50
06/10/2012,12:00,223,187,36
06/10/2012,12:15,246,206,40
06/10/2012,12:30,243,202,41
06/10/2012,12:45,245,209,36
06/10/2012,13:00,270,220,50
06/10/2012,13:15,287,245,42
06/10/2012,13:30,324,276,48
06/10/2012,13:45,313,260,53
06/10/2012,14:00,297,245,52
06/10/2012,14:15,266,217,49
06/10/2012,14:30,276,224,52
06/10/2012,14:45,217,152,65
06/10/2012,15:00,243,179,64
06/10/2012,15:15,205,137,68
06/10/2012,15:30,230,148,82
06/10/2012,15:45,215,124,91
06/10/2012,16:00,165,96,69
06/10/2012,16:15,201,93,108
06/10/2012,16:30,222,94,128
06/10/2012,16:45,180,56,124
06/10/2012,17:00,220,77,143
06/10/2012,17:15,239,66,173
06/10/2012,17:30,211,48,163
06/10/2012,17:45,250,58,192
06/10/2012,18:00,268,47,221
06/10/2012,18:15,284,32,252
06/10/2012,18:30,296,30,266
06/10/2012,18:45,300,29,271
06/10/2012,19:00,339,25,314
06/10/2012,19:15,309,22,287
06/10/2012,19:30,309,31,278
06/10/2012,19:45,171,18,153
06/10/2012,20:00,106,14,92
06/10/2012,20:15,60,20,40
06/10/2012,20:30,57,15,42
06/10/2012,20:45,48,17,31
06/10/2012,21:00,62,13,49
06/10/2012,21:15,31,11,20
06/10/2012,21:30,50,19,31
06/10/2012,21:45,27,13,14
06/10/2012,22:00,37,13,24
06/10/2012,22:15,51,20,31
06/10/2012,22:30,37,18,19
06/10/2012,22:45,45,21,24
06/10/2012,23:00,37,20,17
06/10/2012,23:15,35,18,17
06/10/2012,23:30,21,11,10
06/10/2012,23:45,28,12,16
07/10/2012,00:00,21,11,10
07/10/2012,00:15,19,10,9
07/10/2012,00:30,18,14,4
07/10/2012,00:45,11,6,5
07/10/2012,01:00,10,5,5
07/10/2012,01:15,19,7,12
07/10/2012,01:30,10,9,1
07/10/2012,01:45,1,0,1
07/10/2012,02:00,11,7,4
07/10/2012,02:15,4,4,0
07/10/2012,02:30,11,7,4
07/10/2012,02:45,6,3,3
07/10/2012,03:00,7,6,1
07/10/2012,03:15,3,1,2
07/10/2012,03:30,2,1,1
07/10/2012,03:45,0,0,0
07/10/2012,04:00,2,0,2
07/10/2012,04:15,1,1,0
07/10/2012,04:30,3,2,1
07/10/2012,04:45,0,0,0
07/10/2012,05:00,0,0,0
07/10/2012,05:15,1,0,1
07/10/2012,05:30,1,1,0
07/10/2012,05:45,3,1,2
07/10/2012,06:00,2,1,1
07/10/2012,06:15,5,2,3
07/10/2012,06:30,8,4,4
07/10/2012,06:45,13,6,7
07/10/2012,07:00,8,4,4
07/10/2012,07:15,13,9,4
07/10/2012,07:30,18,10,8
07/10/2012,07:45,18,12,6
07/10/2012,08:00,21,15,6
07/10/2012,08:15,27,21,6
07/10/2012,08:30,43,31,12
07/10/2012,08:45,45,27,18
07/10/2012,09:00,33,25,8
07/10/2012,09:15,35,21,14
07/10/2012,09:30,49,28,21
07/10/2012,09:45,67,48,19
07/10/2012,10:00,82,64,18
07/10/2012,10:15,97,63,34
07/10/2012,10:30,121,89,32
07/10/2012,10:45,134,101,33
07/10/2012,11:00,112,92,20
07/10/2012,11:15,132,98,34
07/10/2012,11:30,128,92,36
07/10/2012,11:45,154,124,30
07/10/2012,12:00,154,116,38
07/10/2012,12:15,167,133,34
07/10/2012,12:30,198,153,45
07/10/2012,12:45,227,172,55
07/10/2012,13:00,175,143,32
07/10/2012,13:15,232,161,71
07/10/2012,13:30,218,190,28
07/10/2012,13:45,247,203,44
07/10/2012,14:00,197,166,31
07/10/2012,14:15,176,139,37
07/10/2012,14:30,215,162,53
07/10/2012,14:45,178,130,48
07/10/2012,15:00,213,155,58
07/10/2012,15:15,164,123,41
07/10/2012,15:30,168,94,74
07/10/2012,15:45,168,104,64
07/10/2012,16:00,158,87,71
07/10/2012,16:15,203,104,99
07/10/2012,16:30,193,97,96
07/10/2012,16:45,236,93,143
07/10/2012,17:00,191,62,129
07/10/2012,17:15,162,63,99
07/10/2012,17:30,180,61,119
07/10/2012,17:45,141,42,99
07/10/2012,18:00,151,31,120
07/10/2012,18:15,208,28,180
07/10/2012,18:30,215,23,192
07/10/2012,18:45,264,17,247
07/10/2012,19:00,222,21,201
07/10/2012,19:15,298,15,283
07/10/2012,19:30,326,18,308
07/10/2012,19:45,159,14,145
07/10/2012,20:00,55,13,42
07/10/2012,20:15,34,11,23
07/10/2012,20:30,36,19,17
07/10/2012,20:45,37,14,23
07/10/2012,21:00,37,11,26
07/10/2012,21:15,29,8,21
07/10/2012,21:30,20,9,11
07/10/2012,21:45,26,18,8
07/10/2012,22:00,34,10,24
07/10/2012,22:15,23,18,5
07/10/2012,22:30,25,16,9
07/10/2012,22:45,27,20,7
07/10/2012,23:00,21,11,10
07/10/2012,23:15,7,6,1
07/10/2012,23:30,10,7,3
07/10/2012,23:45,12,6,6
08/10/2012,00:00,12,7,5
08/10/2012,00:15,10,7,3
08/10/2012,00:30,3,3,0
08/10/2012,00:45,6,6,0
08/10/2012,01:00,4,3,1
08/10/2012,01:15,2,2,0
08/10/2012,01:30,3,2,1
08/10/2012,01:45,1,1,0
08/10/2012,02:00,1,1,0
08/10/2012,02:15,5,5,0
08/10/2012,02:30,0,0,0
08/10/2012,02:45,2,2,0
08/10/2012,03:00,1,0,1
08/10/2012,03:15,1,1,0
08/10/2012,03:30,0,0,0
08/10/2012,03:45,0,0,0
08/10/2012,04:00,1,1,0
08/10/2012,04:15,1,1,0
08/10/2012,04:30,4,3,1
08/10/2012,04:45,4,2,2
08/10/2012,05:00,1,1,0
08/10/2012,05:15,1,0,1
08/10/2012,05:30,5,2,3
08/10/2012,05:45,7,3,4
08/10/2012,06:00,10,2,8
08/10/2012,06:15,11,5,6
08/10/2012,06:30,32,10,22
08/10/2012,06:45,28,7,21
08/10/2012,07:00,37,18,19
08/10/2012,07:15,37,12,25
08/10/2012,07:30,46,19,27
08/10/2012,07:45,64,20,44
08/10/2012,08:00,55,6,49
08/10/2012,08:15,63,16,47
08/10/2012,08:30,97,27,70
08/10/2012,08:45,84,24,60
08/10/2012,09:00,72,19,53
08/10/2012,09:15,57,15,42
08/10/2012,09:30,50,21,29
08/10/2012,09:45,54,30,24
08/10/2012,10:00,56,18,38
08/10/2012,10:15,47,26,21
08/10/2012,10:30,40,25,15
08/10/2012,10:45,42,21,21
08/10/2012,11:00,30,20,10
08/10/2012,11:15,36,20,16
08/10/2012,11:30,59,28,31
08/10/2012,11:45,30,23,7
08/10/2012,12:00,27,17,10
08/10/2012,12:15,48,29,19
08/10/2012,12:30,33,14,19
08/10/2012,12:45,49,26,23
08/10/2012,13:00,47,31,16
08/10/2012,13:15,45,23,22
08/10/2012,13:30,37,20,17
08/10/2012,13:45,35,16,19
08/10/2012,14:00,42,22,20
08/10/2012,14:15,53,33,20
08/10/2012,14:30,43,19,24
08/10/2012,14:45,49,31,18
08/10/2012,15:00,32,18,14
08/10/2012,15:15,50,30,20
08/10/2012,15:30,50,27,23
08/10/2012,15:45,48,27,21
08/10/2012,16:00,62,40,22
08/10/2012,16:15,79,48,31
08/10/2012,16:30,54,26,28
08/10/2012,16:45,87,56,31
08/10/2012,17:00,76,45,31
08/10/2012,17:15,100,67,33
08/10/2012,17:30,111,78,33
08/10/2012,17:45,103,81,22
08/10/2012,18:00,105,78,27
08/10/2012,18:15,116,91,25
08/10/2012,18:30,125,87,38
08/10/2012,18:45,103,67,36
08/10/2012,19:00,86,62,24
08/10/2012,19:15,69,52,17
08/10/2012,19:30,49,38,11
08/10/2012,19:45,39,28,11
08/10/2012,20:00,33,24,9
08/10/2012,20:15,34,23,11
08/10/2012,20:30,25,23,2
08/10/2012,20:45,29,21,8
08/10/2012,21:00,28,13,15
08/10/2012,21:15,37,28,9
08/10/2012,21:30,29,22,7
08/10/2012,21:45,23,17,6
08/10/2012,22:00,23,16,7
08/10/2012,22:15,25,20,5
08/10/2012,22:30,13,9,4
08/10/2012,22:45,13,6,7
08/10/2012,23:00,15,13,2
08/10/2012,23:15,14,11,3
08/10/2012,23:30,13,9,4
08/10/2012,23:45,11,7,4
09/10/2012,00:00,12,10,2
09/10/2012,00:15,10,8,2
09/10/2012,00:30,4,3,1
09/10/2012,00:45,4,4,0
09/10/2012,01:00,2,1,1
09/10/2012,01:15,4,4,0
09/10/2012,01:30,2,2,0
09/10/2012,01:45,2,2,0
09/10/2012,02:00,4,4,0
09/10/2012,02:15,2,2,0
09/10/2012,02:30,3,2,1
09/10/2012,02:45,0,0,0
09/10/2012,03:00,2,1,1
09/10/2012,03:15,1,1,0
09/10/2012,03:30,0,0,0
09/10/2012,03:45,1,0,1
09/10/2012,04:00,0,0,0
09/10/2012,04:15,0,0,0
09/10/2012,04:30,1,1,0
09/10/2012,04:45,2,2,0
09/10/2012,05:00,2,1,1
09/10/2012,05:15,9,3,6
09/10/2012,05:30,7,3,4
09/10/2012,05:45,12,7,5
09/10/2012,06:00,24,14,10
09/10/2012,06:15,20,7,13
09/10/2012,06:30,36,14,22
09/10/2012,06:45,39,11,28
09/10/2012,07:00,30,14,16
09/10/2012,07:15,53,13,40
09/10/2012,07:30,86,30,56
09/10/2012,07:45,81,21,60
09/10/2012,08:00,113,33,80
09/10/2012,08:15,87,20,67
09/10/2012,08:30,140,30,110
09/10/2012,08:45,117,30,87
09/10/2012,09:00,63,11,52
09/10/2012,09:15,64,24,40
09/10/2012,09:30,56,19,37
09/10/2012,09:45,47,20,27
09/10/2012,10:00,55,21,34
09/10/2012,10:15,42,20,22
09/10/2012,10:30,45,25,20
09/10/2012,10:45,32,17,15
09/10/2012,11:00,31,18,13
09/10/2012,11:15,26,13,13
09/10/2012,11:30,28,16,12
09/10/2012,11:45,37,22,15
09/10/2012,12:00,38,26,12
09/10/2012,12:15,36,19,17
09/10/2012,12:30,43,14,29
09/10/2012,12:45,41,23,18
09/10/2012,13:00,44,18,26
09/10/2012,13:15,51,28,23
09/10/2012,13:30,34,18,16
09/10/2012,13:45,23,15,8
09/10/2012,14:00,40,29,11
09/10/2012,14:15,39,27,12
09/10/2012,14:30,33,15,18
09/10/2012,14:45,43,22,21
09/10/2012,15:00,43,23,20
09/10/2012,15:15,52,36,16
09/10/2012,15:30,63,33,30
09/10/2012,15:45,52,33,19
09/10/2012,16:00,56,29,27
09/10/2012,16:15,76,45,31
09/10/2012,16:30,67,34,33
09/10/2012,16:45,76,52,24
09/10/2012,17:00,90,60,30
09/10/2012,17:15,143,101,42
09/10/2012,17:30,128,92,36
09/10/2012,17:45,110,82,28
09/10/2012,18:00,134,104,30
09/10/2012,18:15,139,106,33
09/10/2012,18:30,136,101,35
09/10/2012,18:45,109,84,25
09/10/2012,19:00,98,58,40
09/10/2012,19:15,77,51,26
09/10/2012,19:30,72,48,24
09/10/2012,19:45,50,42,8
09/10/2012,20:00,29,18,11
09/10/2012,20:15,56,42,14
09/10/2012,20:30,36,29,7
09/10/2012,20:45,39,27,12
09/10/2012,21:00,36,27,9
09/10/2012,21:15,32,27,5
09/10/2012,21:30,41,33,8
09/10/2012,21:45,31,26,5
09/10/2012,22:00,30,22,8
09/10/2012,22:15,27,21,6
09/10/2012,22:30,22,19,3
09/10/2012,22:45,29,21,8
09/10/2012,23:00,14,11,3
09/10/2012,23:15,13,11,2
09/10/2012,23:30,17,16,1
09/10/2012,23:45,18,14,4
10/10/2012,00:00,11,10,1
10/10/2012,00:15,10,9,1
10/10/2012,00:30,4,4,0
10/10/2012,00:45,6,6,0
10/10/2012,01:00,6,5,1
10/10/2012,01:15,3,2,1
10/10/2012,01:30,1,1,0
10/10/2012,01:45,1,1,0
10/10/2012,02:00,2,1,1
10/10/2012,02:15,1,1,0
10/10/2012,02:30,3,3,0
10/10/2012,02:45,1,0,1
10/10/2012,03:00,3,2,1
10/10/2012,03:15,1,1,0
10/10/2012,03:30,0,0,0
10/10/2012,03:45,1,0,1
10/10/2012,04:00,0,0,0
10/10/2012,04:15,0,0,0
10/10/2012,04:30,4,3,1
10/10/2012,04:45,2,0,2
10/10/2012,05:00,1,1,0
10/10/2012,05:15,3,1,2
10/10/2012,05:30,8,2,6
10/10/2012,05:45,7,4,3
10/10/2012,06:00,9,2,7
10/10/2012,06:15,24,10,14
10/10/2012,06:30,20,8,12
10/10/2012,06:45,33,15,18
10/10/2012,07:00,46,19,27
10/10/2012,07:15,56,23,33
10/10/2012,07:30,69,21,48
10/10/2012,07:45,80,28,52
10/10/2012,08:00,80,18,62
10/10/2012,08:15,112,27,85
10/10/2012,08:30,118,40,78
10/10/2012,08:45,85,27,58
10/10/2012,09:00,79,20,59
10/10/2012,09:15,78,24,54
10/10/2012,09:30,61,28,33
10/10/2012,09:45,51,21,30
10/10/2012,10:00,50,23,27
10/10/2012,10:15,44,23,21
10/10/2012,10:30,52,26,26
10/10/2012,10:45,41,24,17
10/10/2012,11:00,21,9,12
10/10/2012,11:15,46,24,22
10/10/2012,11:30,43,20,23
10/10/2012,11:45,51,24,27
10/10/2012,12:00,36,24,12
10/10/2012,12:15,42,21,21
10/10/2012,12:30,42,21,21
10/10/2012,12:45,42,20,22
10/10/2012,13:00,35,16,19
10/10/2012,13:15,36,19,17
10/10/2012,13:30,46,23,23
10/10/2012,13:45,49,28,21
10/10/2012,14:00,38,13,25
10/10/2012,14:15,31,21,10
10/10/2012,14:30,53,27,26
10/10/2012,14:45,37,19,18
10/10/2012,15:00,40,29,11
10/10/2012,15:15,47,22,25
10/10/2012,15:30,49,32,17
10/10/2012,15:45,42,28,14
10/10/2012,16:00,49,30,19
10/10/2012,16:15,68,41,27
10/10/2012,16:30,79,51,28
10/10/2012,16:45,85,55,30
10/10/2012,17:00,80,56,24
10/10/2012,17:15,93,72,21
10/10/2012,17:30,116,93,23
10/10/2012,17:45,111,80,31
10/10/2012,18:00,116,86,30
10/10/2012,18:15,148,111,37
10/10/2012,18:30,128,105,23
10/10/2012,18:45,87,63,24
10/10/2012,19:00,84,66,18
10/10/2012,19:15,73,45,28
10/10/2012,19:30,71,55,16
10/10/2012,19:45,53,45,8
10/10/2012,20:00,39,25,14
10/10/2012,20:15,50,28,22
10/10/2012,20:30,33,24,9
10/10/2012,20:45,40,32,8
10/10/2012,21:00,43,18,25
10/10/2012,21:15,30,23,7
10/10/2012,21:30,28,24,4
10/10/2012,21:45,30,21,9
10/10/2012,22:00,30,19,11
10/10/2012,22:15,31,28,3
10/10/2012,22:30,21,21,0
10/10/2012,22:45,27,24,3
10/10/2012,23:00,27,22,5
10/10/2012,23:15,11,11,0
10/10/2012,23:30,18,17,1
10/10/2012,23:45,19,17,2
11/10/2012,00:00,11,10,1
11/10/2012,00:15,8,6,2
11/10/2012,00:30,3,3,0
11/10/2012,00:45,6,6,0
11/10/2012,01:00,8,4,4
11/10/2012,01:15,10,9,1
11/10/2012,01:30,1,1,0
11/10/2012,01:45,0,0,0
11/10/2012,02:00,1,1,0
11/10/2012,02:15,2,2,0
11/10/2012,02:30,1,1,0
11/10/2012,02:45,5,5,0
11/10/2012,03:00,2,0,2
11/10/2012,03:15,1,1,0
11/10/2012,03:30,0,0,0
11/10/2012,03:45,0,0,0
11/10/2012,04:00,1,1,0
11/10/2012,04:15,0,0,0
11/10/2012,04:30,0,0,0
11/10/2012,04:45,1,1,0
11/10/2012,05:00,5,4,1
11/10/2012,05:15,4,1,3
11/10/2012,05:30,7,0,7
11/10/2012,05:45,8,5,3
11/10/2012,06:00,25,16,9
11/10/2012,06:15,20,11,9
11/10/2012,06:30,28,10,18
11/10/2012,06:45,20,10,10
11/10/2012,07:00,46,16,30
11/10/2012,07:15,59,20,39
11/10/2012,07:30,81,25,56
11/10/2012,07:45,82,26,56
11/10/2012,08:00,99,29,70
11/10/2012,08:15,88,20,68
11/10/2012,08:30,97,23,74
11/10/2012,08:45,80,20,60
11/10/2012,09:00,51,14,37
11/10/2012,09:15,43,13,30
11/10/2012,09:30,49,12,37
11/10/2012,09:45,52,20,32
11/10/2012,10:00,45,19,26
11/10/2012,10:15,35,12,23
11/10/2012,10:30,34,14,20
11/10/2012,10:45,39,20,19
11/10/2012,11:00,27,11,16
11/10/2012,11:15,32,21,11
11/10/2012,11:30,32,14,18
11/10/2012,11:45,42,25,17
11/10/2012,12:00,36,24,12
11/10/2012,12:15,19,8,11
11/10/2012,12:30,28,22,6
11/10/2012,12:45,26,14,12
11/10/2012,13:00,26,12,14
11/10/2012,13:15,26,14,12
11/10/2012,13:30,26,13,13
11/10/2012,13:45,29,9,20
11/10/2012,14:00,26,14,12
11/10/2012,14:15,39,25,14
11/10/2012,14:30,39,23,16
11/10/2012,14:45,33,20,13
11/10/2012,15:00,32,16,16
11/10/2012,15:15,43,30,13
11/10/2012,15:30,41,29,12
11/10/2012,15:45,47,35,12
11/10/2012,16:00,51,34,17
11/10/2012,16:15,46,28,18
11/10/2012,16:30,60,38,22
11/10/2012,16:45,60,41,19
11/10/2012,17:00,74,48,26
11/10/2012,17:15,71,54,17
11/10/2012,17:30,96,70,26
11/10/2012,17:45,66,55,11
11/10/2012,18:00,79,60,19
11/10/2012,18:15,74,54,20
11/10/2012,18:30,69,47,22
11/10/2012,18:45,55,39,16
11/10/2012,19:00,61,51,10
11/10/2012,19:15,33,28,5
11/10/2012,19:30,43,37,6
11/10/2012,19:45,40,31,9
11/10/2012,20:00,27,21,6
11/10/2012,20:15,29,20,9
11/10/2012,20:30,29,26,3
11/10/2012,20:45,17,10,7
11/10/2012,21:00,26,22,4
11/10/2012,21:15,17,14,3
11/10/2012,21:30,30,17,13
11/10/2012,21:45,17,14,3
11/10/2012,22:00,16,8,8
11/10/2012,22:15,16,9,7
11/10/2012,22:30,18,17,1
11/10/2012,22:45,12,9,3
11/10/2012,23:00,15,14,1
11/10/2012,23:15,25,22,3
11/10/2012,23:30,4,4,0
11/10/2012,23:45,16,10,6
12/10/2012,00:00,11,11,0
12/10/2012,00:15,12,11,1
12/10/2012,00:30,13,9,4
12/10/2012,00:45,5,4,1
12/10/2012,01:00,5,3,2
12/10/2012,01:15,3,3,0
12/10/2012,01:30,1,1,0
12/10/2012,01:45,1,1,0
12/10/2012,02:00,0,0,0
12/10/2012,02:15,2,1,1
12/10/2012,02:30,0,0,0
12/10/2012,02:45,2,2,0
12/10/2012,03:00,0,0,0
12/10/2012,03:15,1,1,0
12/10/2012,03:30,0,0,0
12/10/2012,03:45,1,1,0
12/10/2012,04:00,0,0,0
12/10/2012,04:15,0,0,0
12/10/2012,04:30,0,0,0
12/10/2012,04:45,4,3,1
12/10/2012,05:00,2,1,1
12/10/2012,05:15,3,1,2
12/10/2012,05:30,5,0,5
12/10/2012,05:45,5,3,2
12/10/2012,06:00,6,1,5
12/10/2012,06:15,14,6,8
12/10/2012,06:30,20,8,12
12/10/2012,06:45,25,8,17
12/10/2012,07:00,33,15,18
12/10/2012,07:15,37,11,26
12/10/2012,07:30,66,32,34
12/10/2012,07:45,50,16,34
12/10/2012,08:00,72,19,53
12/10/2012,08:15,66,18,48
12/10/2012,08:30,74,17,57
12/10/2012,08:45,65,24,41
12/10/2012,09:00,41,3,38
12/10/2012,09:15,53,17,36
12/10/2012,09:30,60,27,33
12/10/2012,09:45,37,12,25
12/10/2012,10:00,40,14,26
12/10/2012,10:15,44,14,30
12/10/2012,10:30,40,15,25
12/10/2012,10:45,36,17,19
12/10/2012,11:00,34,21,13
12/10/2012,11:15,37,24,13
12/10/2012,11:30,29,13,16
12/10/2012,11:45,28,15,13
12/10/2012,12:00,37,19,18
12/10/2012,12:15,23,13,10
12/10/2012,12:30,33,16,17
12/10/2012,12:45,38,16,22
12/10/2012,13:00,29,18,11
12/10/2012,13:15,48,29,19
12/10/2012,13:30,36,24,12
12/10/2012,13:45,29,18,11
12/10/2012,14:00,35,24,11
12/10/2012,14:15,46,26,20
12/10/2012,14:30,25,13,12
12/10/2012,14:45,35,23,12
12/10/2012,15:00,31,21,10
12/10/2012,15:15,42,23,19
12/10/2012,15:30,44,32,12
12/10/2012,15:45,41,25,16
12/10/2012,16:00,49,26,23
12/10/2012,16:15,66,37,29
12/10/2012,16:30,83,57,26
12/10/2012,16:45,75,41,34
12/10/2012,17:00,80,56,24
12/10/2012,17:15,103,64,39
12/10/2012,17:30,93,65,28
12/10/2012,17:45,77,55,22
12/10/2012,18:00,85,59,26
12/10/2012,18:15,104,79,25
12/10/2012,18:30,71,51,20
12/10/2012,18:45,77,53,24
12/10/2012,19:00,61,39,22
12/10/2012,19:15,52,37,15
12/10/2012,19:30,40,30,10
12/10/2012,19:45,45,30,15
12/10/2012,20:00,40,30,10
12/10/2012,20:15,36,23,13
12/10/2012,20:30,26,15,11
12/10/2012,20:45,27,18,9
12/10/2012,21:00,26,16,10
12/10/2012,21:15,30,21,9
12/10/2012,21:30,24,14,10
12/10/2012,21:45,29,22,7
12/10/2012,22:00,22,16,6
12/10/2012,22:15,20,17,3
12/10/2012,22:30,21,16,5
12/10/2012,22:45,20,14,6
12/10/2012,23:00,16,12,4
12/10/2012,23:15,12,10,2
12/10/2012,23:30,11,9,2
12/10/2012,23:45,13,13,0
13/10/2012,00:00,13,6,7
13/10/2012,00:15,13,12,1
13/10/2012,00:30,14,12,2
13/10/2012,00:45,11,10,1
13/10/2012,01:00,13,12,1
13/10/2012,01:15,10,8,2
13/10/2012,01:30,8,4,4
13/10/2012,01:45,6,6,0
13/10/2012,02:00,5,5,0
13/10/2012,02:15,8,6,2
13/10/2012,02:30,2,2,0
13/10/2012,02:45,3,2,1
13/10/2012,03:00,3,1,2
13/10/2012,03:15,1,1,0
13/10/2012,03:30,6,6,0
13/10/2012,03:45,2,2,0
13/10/2012,04:00,0,0,0
13/10/2012,04:15,1,0,1
13/10/2012,04:30,0,0,0
13/10/2012,04:45,0,0,0
13/10/2012,05:00,2,2,0
13/10/2012,05:15,2,1,1
13/10/2012,05:30,2,1,1
13/10/2012,05:45,3,1,2
13/10/2012,06:00,2,1,1
13/10/2012,06:15,4,3,1
13/10/2012,06:30,12,5,7
13/10/2012,06:45,8,2,6
13/10/2012,07:00,9,4,5
13/10/2012,07:15,8,4,4
13/10/2012,07:30,12,5,7
13/10/2012,07:45,15,11,4
13/10/2012,08:00,24,17,7
13/10/2012,08:15,22,13,9
13/10/2012,08:30,29,18,11
13/10/2012,08:45,42,25,17
13/10/2012,09:00,48,32,16
13/10/2012,09:15,54,37,17
13/10/2012,09:30,75,47,28
13/10/2012,09:45,46,25,21
13/10/2012,10:00,55,32,23
13/10/2012,10:15,50,28,22
13/10/2012,10:30,84,54,30
13/10/2012,10:45,94,58,36
13/10/2012,11:00,66,49,17
13/10/2012,11:15,88,49,39
13/10/2012,11:30,94,63,31
13/10/2012,11:45,105,65,40
13/10/2012,12:00,74,45,29
13/10/2012,12:15,95,62,33
13/10/2012,12:30,73,46,27
13/10/2012,12:45,121,65,56
13/10/2012,13:00,81,40,41
13/10/2012,13:15,120,86,34
13/10/2012,13:30,113,62,51
13/10/2012,13:45,95,48,47
13/10/2012,14:00,92,50,42
13/10/2012,14:15,94,47,47
13/10/2012,14:30,92,46,46
13/10/2012,14:45,95,59,36
13/10/2012,15:00,90,53,37
13/10/2012,15:15,109,48,61
13/10/2012,15:30,95,51,44
13/10/2012,15:45,101,53,48
13/10/2012,16:00,112,56,56
13/10/2012,16:15,80,42,38
13/10/2012,16:30,85,37,48
13/10/2012,16:45,101,46,55
13/10/2012,17:00,79,32,47
13/10/2012,17:15,87,25,62
13/10/2012,17:30,98,37,61
13/10/2012,17:45,67,30,37
13/10/2012,18:00,97,42,55
13/10/2012,18:15,85,32,53
13/10/2012,18:30,67,33,34
13/10/2012,18:45,52,23,29
13/10/2012,19:00,50,12,38
13/10/2012,19:15,46,25,21
13/10/2012,19:30,36,18,18
13/10/2012,19:45,26,15,11
13/10/2012,20:00,26,19,7
13/10/2012,20:15,26,17,9
13/10/2012,20:30,22,9,13
13/10/2012,20:45,32,11,21
13/10/2012,21:00,24,19,5
13/10/2012,21:15,32,20,12
13/10/2012,21:30,10,8,2
13/10/2012,21:45,20,15,5
13/10/2012,22:00,15,11,4
13/10/2012,22:15,28,19,9
13/10/2012,22:30,18,16,2
13/10/2012,22:45,24,19,5
13/10/2012,23:00,12,8,4
13/10/2012,23:15,12,6,6
13/10/2012,23:30,23,15,8
13/10/2012,23:45,18,16,2
14/10/2012,00:00,16,12,4
14/10/2012,00:15,13,11,2
14/10/2012,00:30,9,7,2
14/10/2012,00:45,10,8,2
14/10/2012,01:00,21,20,1
14/10/2012,01:15,13,10,3
14/10/2012,01:30,6,5,1
14/10/2012,01:45,11,7,4
14/10/2012,02:00,1,1,0
14/10/2012,02:15,4,4,0
14/10/2012,02:30,7,7,0
14/10/2012,02:45,7,6,1
14/10/2012,03:00,8,8,0
14/10/2012,03:15,2,2,0
14/10/2012,03:30,3,3,0
14/10/2012,03:45,3,3,0
14/10/2012,04:00,1,0,1
14/10/2012,04:15,1,1,0
14/10/2012,04:30,1,1,0
14/10/2012,04:45,0,0,0
14/10/2012,05:00,3,2,1
14/10/2012,05:15,1,1,0
14/10/2012,05:30,6,5,1
14/10/2012,05:45,5,4,1
14/10/2012,06:00,4,3,1
14/10/2012,06:15,6,3,3
14/10/2012,06:30,7,3,4
14/10/2012,06:45,13,5,8
14/10/2012,07:00,12,6,6
14/10/2012,07:15,8,3,5
14/10/2012,07:30,12,7,5
14/10/2012,07:45,24,14,10
14/10/2012,08:00,17,11,6
14/10/2012,08:15,31,26,5
14/10/2012,08:30,33,23,10
14/10/2012,08:45,32,23,9
14/10/2012,09:00,30,21,9
14/10/2012,09:15,32,20,12
14/10/2012,09:30,40,22,18
14/10/2012,09:45,76,59,17
14/10/2012,10:00,53,37,16
14/10/2012,10:15,60,38,22
14/10/2012,10:30,50,31,19
14/10/2012,10:45,65,42,23
14/10/2012,11:00,47,28,19
14/10/2012,11:15,55,37,18
14/10/2012,11:30,58,33,25
14/10/2012,11:45,64,31,33
14/10/2012,12:00,75,36,39
14/10/2012,12:15,84,52,32
14/10/2012,12:30,69,42,27
14/10/2012,12:45,94,59,35
14/10/2012,13:00,100,62,38
14/10/2012,13:15,104,63,41
14/10/2012,13:30,69,41,28
14/10/2012,13:45,91,49,42
14/10/2012,14:00,103,63,40
14/10/2012,14:15,121,72,49
14/10/2012,14:30,112,69,43
14/10/2012,14:45,142,78,64
14/10/2012,15:00,118,51,67
14/10/2012,15:15,94,39,55
14/10/2012,15:30,91,51,40
14/10/2012,15:45,106,54,52
14/10/2012,16:00,99,51,48
14/10/2012,16:15,90,40,50
14/10/2012,16:30,138,55,83
14/10/2012,16:45,109,55,54
14/10/2012,17:00,75,37,38
14/10/2012,17:15,88,47,41
14/10/2012,17:30,78,29,49
14/10/2012,17:45,85,35,50
14/10/2012,18:00,78,33,45
14/10/2012,18:15,61,22,39
14/10/2012,18:30,48,20,28
14/10/2012,18:45,46,25,21
14/10/2012,19:00,22,11,11
14/10/2012,19:15,25,14,11
14/10/2012,19:30,17,11,6
14/10/2012,19:45,22,12,10
14/10/2012,20:00,16,8,8
14/10/2012,20:15,29,16,13
14/10/2012,20:30,22,16,6
14/10/2012,20:45,31,17,14
14/10/2012,21:00,28,15,13
14/10/2012,21:15,28,24,4
14/10/2012,21:30,26,22,4
14/10/2012,21:45,9,9,0
14/10/2012,22:00,15,8,7
14/10/2012,22:15,16,11,5
14/10/2012,22:30,10,8,2
14/10/2012,22:45,17,12,5
14/10/2012,23:00,11,10,1
14/10/2012,23:15,11,8,3
14/10/2012,23:30,6,5,1
14/10/2012,23:45,9,8,1
15/10/2012,00:00,13,9,4
15/10/2012,00:15,9,8,1
15/10/2012,00:30,1,1,0
15/10/2012,00:45,4,4,0
15/10/2012,01:00,3,2,1
15/10/2012,01:15,1,1,0
15/10/2012,01:30,1,1,0
15/10/2012,01:45,2,2,0
15/10/2012,02:00,0,0,0
15/10/2012,02:15,4,4,0
15/10/2012,02:30,1,1,0
15/10/2012,02:45,0,0,0
15/10/2012,03:00,2,2,0
15/10/2012,03:15,0,0,0
15/10/2012,03:30,0,0,0
15/10/2012,03:45,0,0,0
15/10/2012,04:00,1,1,0
15/10/2012,04:15,2,1,1
15/10/2012,04:30,2,2,0
15/10/2012,04:45,1,1,0
15/10/2012,05:00,0,0,0
15/10/2012,05:15,6,5,1
15/10/2012,05:30,4,0,4
15/10/2012,05:45,5,2,3
15/10/2012,06:00,8,1,7
15/10/2012,06:15,18,8,10
15/10/2012,06:30,32,11,21
15/10/2012,06:45,16,4,12
15/10/2012,07:00,33,13,20
15/10/2012,07:15,42,18,24
15/10/2012,07:30,66,19,47
15/10/2012,07:45,72,27,45
15/10/2012,08:00,66,21,45
15/10/2012,08:15,82,16,66
15/10/2012,08:30,95,21,74
15/10/2012,08:45,92,21,71
15/10/2012,09:00,54,14,40
15/10/2012,09:15,73,19,54
15/10/2012,09:30,66,23,43
15/10/2012,09:45,39,11,28
15/10/2012,10:00,38,15,23
15/10/2012,10:15,27,12,15
15/10/2012,10:30,28,14,14
15/10/2012,10:45,27,14,13
15/10/2012,11:00,19,7,12
15/10/2012,11:15,33,15,18
15/10/2012,11:30,32,16,16
15/10/2012,11:45,42,22,20
15/10/2012,12:00,17,10,7
15/10/2012,12:15,27,12,15
15/10/2012,12:30,28,11,17
15/10/2012,12:45,45,22,23
15/10/2012,13:00,46,25,21
15/10/2012,13:15,61,36,25
15/10/2012,13:30,38,22,16
15/10/2012,13:45,38,27,11
15/10/2012,14:00,31,16,15
15/10/2012,14:15,38,17,21
15/10/2012,14:30,53,27,26
15/10/2012,14:45,38,31,7
15/10/2012,15:00,56,30,26
15/10/2012,15:15,47,32,15
15/10/2012,15:30,53,36,17
15/10/2012,15:45,71,46,25
15/10/2012,16:00,62,32,30
15/10/2012,16:15,52,35,17
15/10/2012,16:30,65,42,23
15/10/2012,16:45,95,61,34
15/10/2012,17:00,97,63,34
15/10/2012,17:15,119,84,35
15/10/2012,17:30,120,87,33
15/10/2012,17:45,106,72,34
15/10/2012,18:00,116,89,27
15/10/2012,18:15,118,85,33
15/10/2012,18:30,106,84,22
15/10/2012,18:45,84,53,31
15/10/2012,19:00,93,66,27
15/10/2012,19:15,83,57,26
15/10/2012,19:30,57,44,13
15/10/2012,19:45,47,36,11
15/10/2012,20:00,34,28,6
15/10/2012,20:15,57,49,8
15/10/2012,20:30,31,26,5
15/10/2012,20:45,38,27,11
15/10/2012,21:00,49,32,17
15/10/2012,21:15,42,30,12
15/10/2012,21:30,33,25,8
15/10/2012,21:45,42,34,8
15/10/2012,22:00,25,20,5
15/10/2012,22:15,16,12,4
15/10/2012,22:30,19,14,5
15/10/2012,22:45,22,13,9
15/10/2012,23:00,19,15,4
15/10/2012,23:15,19,16,3
15/10/2012,23:30,14,14,0
15/10/2012,23:45,8,6,2
16/10/2012,00:00,7,5,2
16/10/2012,00:15,7,7,0
16/10/2012,00:30,6,6,0
16/10/2012,00:45,4,4,0
16/10/2012,01:00,2,2,0
16/10/2012,01:15,0,0,0
16/10/2012,01:30,2,2,0
16/10/2012,01:45,1,1,0
16/10/2012,02:00,0,0,0
16/10/2012,02:15,4,4,0
16/10/2012,02:30,2,1,1
16/10/2012,02:45,1,1,0
16/10/2012,03:00,3,3,0
16/10/2012,03:15,0,0,0
16/10/2012,03:30,0,0,0
16/10/2012,03:45,0,0,0
16/10/2012,04:00,1,0,1
16/10/2012,04:15,0,0,0
16/10/2012,04:30,1,0,1
16/10/2012,04:45,0,0,0
16/10/2012,05:00,2,2,0
16/10/2012,05:15,4,2,2
16/10/2012,05:30,4,2,2
16/10/2012,05:45,15,9,6
16/10/2012,06:00,14,4,10
16/10/2012,06:15,34,23,11
16/10/2012,06:30,35,16,19
16/10/2012,06:45,28,8,20
16/10/2012,07:00,44,21,23
16/10/2012,07:15,51,21,30
16/10/2012,07:30,85,22,63
16/10/2012,07:45,81,23,58
16/10/2012,08:00,99,27,72
16/10/2012,08:15,97,31,66
16/10/2012,08:30,122,25,97
16/10/2012,08:45,105,36,69
16/10/2012,09:00,82,23,59
16/10/2012,09:15,82,23,59
16/10/2012,09:30,62,18,44
16/10/2012,09:45,59,25,34
16/10/2012,10:00,32,15,17
16/10/2012,10:15,57,32,25
16/10/2012,10:30,33,9,24
16/10/2012,10:45,44,25,19
16/10/2012,11:00,25,12,13
16/10/2012,11:15,41,23,18
16/10/2012,11:30,27,15,12
16/10/2012,11:45,38,28,10
16/10/2012,12:00,32,11,21
16/10/2012,12:15,46,22,24
16/10/2012,12:30,45,25,20
16/10/2012,12:45,56,27,29
16/10/2012,13:00,40,19,21
16/10/2012,13:15,32,16,16
16/10/2012,13:30,43,28,15
16/10/2012,13:45,33,21,12
16/10/2012,14:00,27,12,15
16/10/2012,14:15,44,30,14
16/10/2012,14:30,39,18,21
16/10/2012,14:45,36,17,19
16/10/2012,15:00,36,24,12
16/10/2012,15:15,47,24,23
16/10/2012,15:30,48,29,19
16/10/2012,15:45,57,36,21
16/10/2012,16:00,55,38,17
16/10/2012,16:15,65,42,23
16/10/2012,16:30,76,45,31
16/10/2012,16:45,77,53,24
16/10/2012,17:00,104,61,43
16/10/2012,17:15,120,88,32
16/10/2012,17:30,129,94,35
16/10/2012,17:45,140,99,41
16/10/2012,18:00,160,120,40
16/10/2012,18:15,125,100,25
16/10/2012,18:30,130,99,31
16/10/2012,18:45,90,66,24
16/10/2012,19:00,88,65,23
16/10/2012,19:15,62,36,26
16/10/2012,19:30,62,51,11
16/10/2012,19:45,41,33,8
16/10/2012,20:00,45,33,12
16/10/2012,20:15,47,38,9
16/10/2012,20:30,30,25,5
16/10/2012,20:45,19,14,5
16/10/2012,21:00,42,30,12
16/10/2012,21:15,37,33,4
16/10/2012,21:30,34,25,9
16/10/2012,21:45,37,30,7
16/10/2012,22:00,35,26,9
16/10/2012,22:15,43,35,8
16/10/2012,22:30,33,25,8
16/10/2012,22:45,25,21,4
16/10/2012,23:00,20,11,9
16/10/2012,23:15,15,12,3
16/10/2012,23:30,23,17,6
16/10/2012,23:45,8,6,2
17/10/2012,00:00,11,9,2
17/10/2012,00:15,6,6,0
17/10/2012,00:30,8,7,1
17/10/2012,00:45,6,5,1
17/10/2012,01:00,0,0,0
17/10/2012,01:15,2,2,0
17/10/2012,01:30,3,2,1
17/10/2012,01:45,0,0,0
17/10/2012,02:00,0,0,0
17/10/2012,02:15,2,2,0
17/10/2012,02:30,2,2,0
17/10/2012,02:45,2,2,0
17/10/2012,03:00,0,0,0
17/10/2012,03:15,1,1,0
17/10/2012,03:30,1,1,0
17/10/2012,03:45,0,0,0
17/10/2012,04:00,0,0,0
17/10/2012,04:15,0,0,0
17/10/2012,04:30,1,0,1
17/10/2012,04:45,2,2,0
17/10/2012,05:00,2,1,1
17/10/2012,05:15,8,5,3
17/10/2012,05:30,7,1,6
17/10/2012,05:45,13,5,8
17/10/2012,06:00,6,2,4
17/10/2012,06:15,24,13,11
17/10/2012,06:30,25,9,16
17/10/2012,06:45,30,17,13
17/10/2012,07:00,38,15,23
17/10/2012,07:15,53,17,36
17/10/2012,07:30,69,25,44
17/10/2012,07:45,80,21,59
17/10/2012,08:00,87,31,56
17/10/2012,08:15,104,31,73
17/10/2012,08:30,124,25,99
17/10/2012,08:45,104,30,74
17/10/2012,09:00,84,20,64
17/10/2012,09:15,76,21,55
17/10/2012,09:30,65,23,42
17/10/2012,09:45,56,20,36
17/10/2012,10:00,42,17,25
17/10/2012,10:15,51,26,25
17/10/2012,10:30,53,29,24
17/10/2012,10:45,52,31,21
17/10/2012,11:00,39,16,23
17/10/2012,11:15,36,15,21
17/10/2012,11:30,36,18,18
17/10/2012,11:45,55,38,17
17/10/2012,12:00,38,23,15
17/10/2012,12:15,37,24,13
17/10/2012,12:30,54,33,21
17/10/2012,12:45,45,25,20
17/10/2012,13:00,33,18,15
17/10/2012,13:15,45,26,19
17/10/2012,13:30,51,24,27
17/10/2012,13:45,42,28,14
17/10/2012,14:00,37,20,17
17/10/2012,14:15,49,30,19
17/10/2012,14:30,52,27,25
17/10/2012,14:45,53,35,18
17/10/2012,15:00,43,23,20
17/10/2012,15:15,61,34,27
17/10/2012,15:30,53,30,23
17/10/2012,15:45,61,35,26
17/10/2012,16:00,74,42,32
17/10/2012,16:15,92,57,35
17/10/2012,16:30,80,46,34
17/10/2012,16:45,78,49,29
17/10/2012,17:00,114,75,39
17/10/2012,17:15,120,83,37
17/10/2012,17:30,151,111,40
17/10/2012,17:45,150,102,48
17/10/2012,18:00,129,93,36
17/10/2012,18:15,156,101,55
17/10/2012,18:30,150,103,47
17/10/2012,18:45,123,85,38
17/10/2012,19:00,112,79,33
17/10/2012,19:15,93,49,44
17/10/2012,19:30,78,57,21
17/10/2012,19:45,71,55,16
17/10/2012,20:00,70,52,18
17/10/2012,20:15,50,30,20
17/10/2012,20:30,38,27,11
17/10/2012,20:45,44,35,9
17/10/2012,21:00,49,29,20
17/10/2012,21:15,51,39,12
17/10/2012,21:30,39,23,16
17/10/2012,21:45,41,32,9
17/10/2012,22:00,45,31,14
17/10/2012,22:15,39,22,17
17/10/2012,22:30,28,23,5
17/10/2012,22:45,29,27,2
17/10/2012,23:00,34,32,2
17/10/2012,23:15,18,18,0
17/10/2012,23:30,10,5,5
17/10/2012,23:45,14,12,2
18/10/2012,00:00,11,11,0
18/10/2012,00:15,13,10,3
18/10/2012,00:30,15,15,0
18/10/2012,00:45,12,9,3
18/10/2012,01:00,5,5,0
18/10/2012,01:15,4,4,0
18/10/2012,01:30,2,1,1
18/10/2012,01:45,2,2,0
18/10/2012,02:00,1,1,0
18/10/2012,02:15,6,5,1
18/10/2012,02:30,1,1,0
18/10/2012,02:45,1,0,1
18/10/2012,03:00,2,2,0
18/10/2012,03:15,3,1,2
18/10/2012,03:30,2,1,1
18/10/2012,03:45,1,1,0
18/10/2012,04:00,0,0,0
18/10/2012,04:15,0,0,0
18/10/2012,04:30,0,0,0
18/10/2012,04:45,2,2,0
18/10/2012,05:00,3,1,2
18/10/2012,05:15,7,4,3
18/10/2012,05:30,6,1,5
18/10/2012,05:45,11,5,6
18/10/2012,06:00,10,5,5
18/10/2012,06:15,28,16,12
18/10/2012,06:30,29,14,15
18/10/2012,06:45,22,8,14
18/10/2012,07:00,36,11,25
18/10/2012,07:15,53,18,35
18/10/2012,07:30,66,21,45
18/10/2012,07:45,87,27,60
18/10/2012,08:00,87,31,56
18/10/2012,08:15,101,31,70
18/10/2012,08:30,114,31,83
18/10/2012,08:45,108,32,76
18/10/2012,09:00,75,25,50
18/10/2012,09:15,77,20,57
18/10/2012,09:30,73,24,49
18/10/2012,09:45,62,30,32
18/10/2012,10:00,53,25,28
18/10/2012,10:15,39,18,21
18/10/2012,10:30,52,30,22
18/10/2012,10:45,52,29,23
18/10/2012,11:00,33,15,18
18/10/2012,11:15,51,36,15
18/10/2012,11:30,50,25,25
18/10/2012,11:45,47,23,24
18/10/2012,12:00,33,13,20
18/10/2012,12:15,37,25,12
18/10/2012,12:30,55,32,23
18/10/2012,12:45,60,30,30
18/10/2012,13:00,71,42,29
18/10/2012,13:15,63,36,27
18/10/2012,13:30,57,37,20
18/10/2012,13:45,51,22,29
18/10/2012,14:00,70,40,30
18/10/2012,14:15,49,31,18
18/10/2012,14:30,52,28,24
18/10/2012,14:45,49,30,19
18/10/2012,15:00,54,28,26
18/10/2012,15:15,61,34,27
18/10/2012,15:30,76,50,26
18/10/2012,15:45,71,48,23
18/10/2012,16:00,77,45,32
18/10/2012,16:15,96,58,38
18/10/2012,16:30,89,52,37
18/10/2012,16:45,95,58,37
18/10/2012,17:00,102,55,47
18/10/2012,17:15,144,91,53
18/10/2012,17:30,134,100,34
18/10/2012,17:45,158,105,53
18/10/2012,18:00,120,82,38
18/10/2012,18:15,133,90,43
18/10/2012,18:30,119,95,24
18/10/2012,18:45,102,69,33
18/10/2012,19:00,97,75,22
18/10/2012,19:15,73,42,31
18/10/2012,19:30,68,54,14
18/10/2012,19:45,53,39,14
18/10/2012,20:00,58,46,12
18/10/2012,20:15,48,37,11
18/10/2012,20:30,43,26,17
18/10/2012,20:45,48,31,17
18/10/2012,21:00,49,39,10
18/10/2012,21:15,41,28,13
18/10/2012,21:30,38,29,9
18/10/2012,21:45,41,27,14
18/10/2012,22:00,50,30,20
18/10/2012,22:15,36,19,17
18/10/2012,22:30,36,26,10
18/10/2012,22:45,19,12,7
18/10/2012,23:00,27,22,5
18/10/2012,23:15,31,25,6
18/10/2012,23:30,15,15,0
18/10/2012,23:45,21,17,4
19/10/2012,00:00,8,5,3
19/10/2012,00:15,10,9,1
19/10/2012,00:30,15,13,2
19/10/2012,00:45,7,7,0
19/10/2012,01:00,12,11,1
19/10/2012,01:15,4,4,0
19/10/2012,01:30,3,3,0
19/10/2012,01:45,4,4,0
19/10/2012,02:00,2,2,0
19/10/2012,02:15,7,7,0
19/10/2012,02:30,10,8,2
19/10/2012,02:45,4,3,1
19/10/2012,03:00,6,5,1
19/10/2012,03:15,1,1,0
19/10/2012,03:30,2,1,1
19/10/2012,03:45,1,1,0
19/10/2012,04:00,0,0,0
19/10/2012,04:15,0,0,0
19/10/2012,04:30,2,1,1
19/10/2012,04:45,3,2,1
19/10/2012,05:00,3,2,1
19/10/2012,05:15,2,2,0
19/10/2012,05:30,2,0,2
19/10/2012,05:45,7,3,4
19/10/2012,06:00,10,4,6
19/10/2012,06:15,21,15,6
19/10/2012,06:30,23,7,16
19/10/2012,06:45,23,7,16
19/10/2012,07:00,28,12,16
19/10/2012,07:15,47,22,25
19/10/2012,07:30,67,23,44
19/10/2012,07:45,64,24,40
19/10/2012,08:00,74,18,56
19/10/2012,08:15,66,19,47
19/10/2012,08:30,80,19,61
19/10/2012,08:45,90,28,62
19/10/2012,09:00,68,17,51
19/10/2012,09:15,63,23,40
19/10/2012,09:30,55,19,36
19/10/2012,09:45,32,15,17
19/10/2012,10:00,33,12,21
19/10/2012,10:15,33,13,20
19/10/2012,10:30,32,15,17
19/10/2012,10:45,38,14,24
19/10/2012,11:00,21,12,9
19/10/2012,11:15,26,21,5
19/10/2012,11:30,41,26,15
19/10/2012,11:45,29,20,9
19/10/2012,12:00,46,20,26
19/10/2012,12:15,19,7,12
19/10/2012,12:30,22,10,12
19/10/2012,12:45,37,19,18
19/10/2012,13:00,25,17,8
19/10/2012,13:15,27,10,17
19/10/2012,13:30,22,8,14
19/10/2012,13:45,24,17,7
19/10/2012,14:00,23,13,10
19/10/2012,14:15,28,13,15
19/10/2012,14:30,43,27,16
19/10/2012,14:45,51,35,16
19/10/2012,15:00,48,29,19
19/10/2012,15:15,33,17,16
19/10/2012,15:30,44,24,20
19/10/2012,15:45,46,29,17
19/10/2012,16:00,50,34,16
19/10/2012,16:15,79,53,26
19/10/2012,16:30,68,52,16
19/10/2012,16:45,43,26,17
19/10/2012,17:00,94,63,31
19/10/2012,17:15,92,71,21
19/10/2012,17:30,113,87,26
19/10/2012,17:45,119,87,32
19/10/2012,18:00,103,80,23
19/10/2012,18:15,99,73,26
19/10/2012,18:30,84,59,25
19/10/2012,18:45,66,51,15
19/10/2012,19:00,68,44,24
19/10/2012,19:15,44,35,9
19/10/2012,19:30,37,29,8
19/10/2012,19:45,31,23,8
19/10/2012,20:00,31,18,13
19/10/2012,20:15,27,20,7
19/10/2012,20:30,25,16,9
19/10/2012,20:45,25,16,9
19/10/2012,21:00,30,18,12
19/10/2012,21:15,28,18,10
19/10/2012,21:30,26,17,9
19/10/2012,21:45,13,9,4
19/10/2012,22:00,17,11,6
19/10/2012,22:15,14,11,3
19/10/2012,22:30,20,16,4
19/10/2012,22:45,8,5,3
19/10/2012,23:00,18,16,2
19/10/2012,23:15,24,11,13
19/10/2012,23:30,13,9,4
19/10/2012,23:45,22,19,3
20/10/2012,00:00,18,12,6
20/10/2012,00:15,13,12,1
20/10/2012,00:30,19,13,6
20/10/2012,00:45,3,3,0
20/10/2012,01:00,8,7,1
20/10/2012,01:15,7,7,0
20/10/2012,01:30,5,4,1
20/10/2012,01:45,5,4,1
20/10/2012,02:00,4,4,0
20/10/2012,02:15,6,6,0
20/10/2012,02:30,8,8,0
20/10/2012,02:45,2,1,1
20/10/2012,03:00,2,2,0
20/10/2012,03:15,0,0,0
20/10/2012,03:30,2,1,1
20/10/2012,03:45,0,0,0
20/10/2012,04:00,3,3,0
20/10/2012,04:15,1,1,0
20/10/2012,04:30,1,1,0
20/10/2012,04:45,2,2,0
20/10/2012,05:00,2,1,1
20/10/2012,05:15,3,2,1
20/10/2012,05:30,3,2,1
20/10/2012,05:45,2,1,1
20/10/2012,06:00,4,1,3
20/10/2012,06:15,3,2,1
20/10/2012,06:30,4,0,4
20/10/2012,06:45,8,2,6
20/10/2012,07:00,9,6,3
20/10/2012,07:15,15,8,7
20/10/2012,07:30,19,11,8
20/10/2012,07:45,24,17,7
20/10/2012,08:00,28,23,5
20/10/2012,08:15,32,13,19
20/10/2012,08:30,40,23,17
20/10/2012,08:45,41,25,16
20/10/2012,09:00,35,26,9
20/10/2012,09:15,39,31,8
20/10/2012,09:30,57,39,18
20/10/2012,09:45,55,38,17
20/10/2012,10:00,54,32,22
20/10/2012,10:15,53,29,24
20/10/2012,10:30,56,34,22
20/10/2012,10:45,72,52,20
20/10/2012,11:00,50,24,26
20/10/2012,11:15,57,36,21
20/10/2012,11:30,64,39,25
20/10/2012,11:45,79,43,36
20/10/2012,12:00,74,47,27
20/10/2012,12:15,72,36,36
20/10/2012,12:30,74,46,28
20/10/2012,12:45,58,28,30
20/10/2012,13:00,70,44,26
20/10/2012,13:15,69,29,40
20/10/2012,13:30,72,35,37
20/10/2012,13:45,61,36,25
20/10/2012,14:00,90,47,43
20/10/2012,14:15,89,50,39
20/10/2012,14:30,83,43,40
20/10/2012,14:45,99,59,40
20/10/2012,15:00,81,47,34
20/10/2012,15:15,95,59,36
20/10/2012,15:30,86,50,36
20/10/2012,15:45,82,40,42
20/10/2012,16:00,88,37,51
20/10/2012,16:15,87,38,49
20/10/2012,16:30,75,35,40
20/10/2012,16:45,86,49,37
20/10/2012,17:00,87,42,45
20/10/2012,17:15,88,36,52
20/10/2012,17:30,89,36,53
20/10/2012,17:45,56,21,35
20/10/2012,18:00,51,31,20
20/10/2012,18:15,75,44,31
20/10/2012,18:30,46,23,23
20/10/2012,18:45,46,29,17
20/10/2012,19:00,36,24,12
20/10/2012,19:15,37,25,12
20/10/2012,19:30,24,17,7
20/10/2012,19:45,26,15,11
20/10/2012,20:00,15,8,7
20/10/2012,20:15,20,11,9
20/10/2012,20:30,21,17,4
20/10/2012,20:45,22,12,10
20/10/2012,21:00,18,10,8
20/10/2012,21:15,9,6,3
20/10/2012,21:30,27,21,6
20/10/2012,21:45,18,7,11
20/10/2012,22:00,11,7,4
20/10/2012,22:15,13,10,3
20/10/2012,22:30,16,11,5
20/10/2012,22:45,11,5,6
20/10/2012,23:00,13,7,6
20/10/2012,23:15,18,10,8
20/10/2012,23:30,16,13,3
20/10/2012,23:45,13,11,2
21/10/2012,00:00,98,92,6
21/10/2012,00:15,17,14,3
21/10/2012,00:30,14,14,0
21/10/2012,00:45,10,7,3
21/10/2012,01:00,11,7,4
21/10/2012,01:15,6,5,1
21/10/2012,01:30,22,7,15
21/10/2012,01:45,30,14,16
21/10/2012,02:00,4,4,0
21/10/2012,02:15,16,11,5
21/10/2012,02:30,12,11,1
21/10/2012,02:45,3,3,0
21/10/2012,03:00,5,4,1
21/10/2012,03:15,5,5,0
21/10/2012,03:30,0,0,0
21/10/2012,03:45,9,0,9
21/10/2012,04:00,1,1,0
21/10/2012,04:15,4,1,3
21/10/2012,04:30,6,3,3
21/10/2012,04:45,2,2,0
21/10/2012,05:00,1,0,1
21/10/2012,05:15,1,0,1
21/10/2012,05:30,3,1,2
21/10/2012,05:45,3,3,0
21/10/2012,06:00,3,1,2
21/10/2012,06:15,5,3,2
21/10/2012,06:30,6,2,4
21/10/2012,06:45,2,1,1
21/10/2012,07:00,4,2,2
21/10/2012,07:15,5,3,2
21/10/2012,07:30,14,8,6
21/10/2012,07:45,20,14,6
21/10/2012,08:00,19,13,6
21/10/2012,08:15,15,8,7
21/10/2012,08:30,32,21,11
21/10/2012,08:45,22,15,7
21/10/2012,09:00,39,26,13
21/10/2012,09:15,35,27,8
21/10/2012,09:30,63,49,14
21/10/2012,09:45,46,27,19
21/10/2012,10:00,38,23,15
21/10/2012,10:15,36,25,11
21/10/2012,10:30,67,48,19
21/10/2012,10:45,49,36,13
21/10/2012,11:00,40,27,13
21/10/2012,11:15,55,32,23
21/10/2012,11:30,42,19,23
21/10/2012,11:45,86,45,41
21/10/2012,12:00,92,60,32
21/10/2012,12:15,68,41,27
21/10/2012,12:30,57,20,37
21/10/2012,12:45,64,35,29
21/10/2012,13:00,60,33,27
21/10/2012,13:15,69,42,27
21/10/2012,13:30,69,29,40
21/10/2012,13:45,70,29,41
21/10/2012,14:00,86,37,49
21/10/2012,14:15,69,33,36
21/10/2012,14:30,90,49,41
21/10/2012,14:45,75,44,31
21/10/2012,15:00,66,32,34
21/10/2012,15:15,61,26,35
21/10/2012,15:30,67,31,36
21/10/2012,15:45,99,51,48
21/10/2012,16:00,61,34,27
21/10/2012,16:15,68,36,32
21/10/2012,16:30,66,33,33
21/10/2012,16:45,97,56,41
21/10/2012,17:00,74,37,37
21/10/2012,17:15,76,41,35
21/10/2012,17:30,58,22,36
21/10/2012,17:45,76,30,46
21/10/2012,18:00,50,26,24
21/10/2012,18:15,60,32,28
21/10/2012,18:30,46,22,24
21/10/2012,18:45,41,18,23
21/10/2012,19:00,31,13,18
21/10/2012,19:15,29,18,11
21/10/2012,19:30,22,15,7
21/10/2012,19:45,26,18,8
21/10/2012,20:00,31,17,14
21/10/2012,20:15,26,19,7
21/10/2012,20:30,20,19,1
21/10/2012,20:45,25,17,8
21/10/2012,21:00,19,17,2
21/10/2012,21:15,26,12,14
21/10/2012,21:30,12,10,2
21/10/2012,21:45,12,11,1
21/10/2012,22:00,21,12,9
21/10/2012,22:15,17,10,7
21/10/2012,22:30,12,8,4
21/10/2012,22:45,9,8,1
21/10/2012,23:00,10,7,3
21/10/2012,23:15,9,9,0
21/10/2012,23:30,5,3,2
21/10/2012,23:45,9,8,1
22/10/2012,00:00,6,4,2
22/10/2012,00:15,6,5,1
22/10/2012,00:30,1,0,1
22/10/2012,00:45,3,2,1
22/10/2012,01:00,7,6,1
22/10/2012,01:15,2,2,0
22/10/2012,01:30,1,1,0
22/10/2012,01:45,0,0,0
22/10/2012,02:00,1,1,0
22/10/2012,02:15,0,0,0
22/10/2012,02:30,0,0,0
22/10/2012,02:45,0,0,0
22/10/2012,03:00,0,0,0
22/10/2012,03:15,0,0,0
22/10/2012,03:30,1,1,0
22/10/2012,03:45,0,0,0
22/10/2012,04:00,0,0,0
22/10/2012,04:15,0,0,0
22/10/2012,04:30,0,0,0
22/10/2012,04:45,0,0,0
22/10/2012,05:00,5,3,2
22/10/2012,05:15,2,0,2
22/10/2012,05:30,1,0,1
22/10/2012,05:45,3,1,2
22/10/2012,06:00,4,1,3
22/10/2012,06:15,3,1,2
22/10/2012,06:30,8,1,7
22/10/2012,06:45,9,1,8
22/10/2012,07:00,14,4,10
22/10/2012,07:15,13,3,10
22/10/2012,07:30,15,5,10
22/10/2012,07:45,20,8,12
22/10/2012,08:00,27,7,20
22/10/2012,08:15,33,7,26
22/10/2012,08:30,31,12,19
22/10/2012,08:45,36,12,24
22/10/2012,09:00,20,6,14
22/10/2012,09:15,36,8,28
22/10/2012,09:30,23,6,17
22/10/2012,09:45,16,8,8
22/10/2012,10:00,24,8,16
22/10/2012,10:15,24,6,18
22/10/2012,10:30,23,9,14
22/10/2012,10:45,23,11,12
22/10/2012,11:00,17,8,9
22/10/2012,11:15,17,7,10
22/10/2012,11:30,15,9,6
22/10/2012,11:45,26,12,14
22/10/2012,12:00,22,9,13
22/10/2012,12:15,20,10,10
22/10/2012,12:30,23,13,10
22/10/2012,12:45,17,12,5
22/10/2012,13:00,26,12,14
22/10/2012,13:15,25,13,12
22/10/2012,13:30,23,12,11
22/10/2012,13:45,19,14,5
22/10/2012,14:00,24,14,10
22/10/2012,14:15,36,19,17
22/10/2012,14:30,37,21,16
22/10/2012,14:45,28,17,11
22/10/2012,15:00,33,15,18
22/10/2012,15:15,26,9,17
22/10/2012,15:30,18,10,8
22/10/2012,15:45,18,12,6
22/10/2012,16:00,19,12,7
22/10/2012,16:15,27,18,9
22/10/2012,16:30,45,25,20
22/10/2012,16:45,36,26,10
22/10/2012,17:00,33,21,12
22/10/2012,17:15,50,33,17
22/10/2012,17:30,45,35,10
22/10/2012,17:45,53,41,12
22/10/2012,18:00,56,40,16
22/10/2012,18:15,55,39,16
22/10/2012,18:30,46,39,7
22/10/2012,18:45,41,29,12
22/10/2012,19:00,22,19,3
22/10/2012,19:15,22,14,8
22/10/2012,19:30,17,12,5
22/10/2012,19:45,25,15,10
22/10/2012,20:00,26,23,3
22/10/2012,20:15,18,15,3
22/10/2012,20:30,14,11,3
22/10/2012,20:45,8,5,3
22/10/2012,21:00,24,19,5
22/10/2012,21:15,10,9,1
22/10/2012,21:30,21,18,3
22/10/2012,21:45,17,17,0
22/10/2012,22:00,14,12,2
22/10/2012,22:15,16,12,4
22/10/2012,22:30,10,9,1
22/10/2012,22:45,8,7,1
22/10/2012,23:00,8,7,1
22/10/2012,23:15,7,6,1
22/10/2012,23:30,6,4,2
22/10/2012,23:45,8,7,1
23/10/2012,00:00,4,4,0
23/10/2012,00:15,4,4,0
23/10/2012,00:30,5,5,0
23/10/2012,00:45,3,3,0
23/10/2012,01:00,3,3,0
23/10/2012,01:15,4,4,0
23/10/2012,01:30,0,0,0
23/10/2012,01:45,1,1,0
23/10/2012,02:00,1,1,0
23/10/2012,02:15,1,1,0
23/10/2012,02:30,0,0,0
23/10/2012,02:45,0,0,0
23/10/2012,03:00,0,0,0
23/10/2012,03:15,0,0,0
23/10/2012,03:30,0,0,0
23/10/2012,03:45,1,1,0
23/10/2012,04:00,0,0,0
23/10/2012,04:15,2,2,0
23/10/2012,04:30,0,0,0
23/10/2012,04:45,0,0,0
23/10/2012,05:00,2,1,1
23/10/2012,05:15,2,0,2
23/10/2012,05:30,2,0,2
23/10/2012,05:45,8,4,4
23/10/2012,06:00,6,2,4
23/10/2012,06:15,20,17,3
23/10/2012,06:30,11,3,8
23/10/2012,06:45,29,6,23
23/10/2012,07:00,28,7,21
23/10/2012,07:15,39,14,25
23/10/2012,07:30,63,18,45
23/10/2012,07:45,47,15,32
23/10/2012,08:00,76,26,50
23/10/2012,08:15,52,17,35
23/10/2012,08:30,92,25,67
23/10/2012,08:45,73,23,50
23/10/2012,09:00,46,14,32
23/10/2012,09:15,48,17,31
23/10/2012,09:30,44,11,33
23/10/2012,09:45,47,18,29
23/10/2012,10:00,34,18,16
23/10/2012,10:15,34,12,22
23/10/2012,10:30,35,19,16
23/10/2012,10:45,39,21,18
23/10/2012,11:00,22,9,13
23/10/2012,11:15,20,11,9
23/10/2012,11:30,30,13,17
23/10/2012,11:45,21,15,6
23/10/2012,12:00,18,14,4
23/10/2012,12:15,29,16,13
23/10/2012,12:30,24,15,9
23/10/2012,12:45,27,14,13
23/10/2012,13:00,29,17,12
23/10/2012,13:15,36,14,22
23/10/2012,13:30,37,21,16
23/10/2012,13:45,20,11,9
23/10/2012,14:00,30,14,16
23/10/2012,14:15,27,18,9
23/10/2012,14:30,31,18,13
23/10/2012,14:45,35,18,17
23/10/2012,15:00,26,16,10
23/10/2012,15:15,30,16,14
23/10/2012,15:30,44,33,11
23/10/2012,15:45,42,30,12
23/10/2012,16:00,56,40,16
23/10/2012,16:15,54,34,20
23/10/2012,16:30,61,43,18
23/10/2012,16:45,72,45,27
23/10/2012,17:00,71,41,30
23/10/2012,17:15,85,58,27
23/10/2012,17:30,107,80,27
23/10/2012,17:45,103,72,31
23/10/2012,18:00,100,71,29
23/10/2012,18:15,103,72,31
23/10/2012,18:30,90,68,22
23/10/2012,18:45,92,73,19
23/10/2012,19:00,54,34,20
23/10/2012,19:15,58,39,19
23/10/2012,19:30,50,39,11
23/10/2012,19:45,39,25,14
23/10/2012,20:00,28,20,8
23/10/2012,20:15,33,26,7
23/10/2012,20:30,32,20,12
23/10/2012,20:45,31,20,11
23/10/2012,21:00,35,25,10
23/10/2012,21:15,28,19,9
23/10/2012,21:30,22,17,5
23/10/2012,21:45,21,17,4
23/10/2012,22:00,30,22,8
23/10/2012,22:15,15,12,3
23/10/2012,22:30,24,19,5
23/10/2012,22:45,20,19,1
23/10/2012,23:00,12,11,1
23/10/2012,23:15,11,9,2
23/10/2012,23:30,14,12,2
23/10/2012,23:45,16,10,6
24/10/2012,00:00,9,7,2
24/10/2012,00:15,5,4,1
24/10/2012,00:30,8,7,1
24/10/2012,00:45,6,5,1
24/10/2012,01:00,2,2,0
24/10/2012,01:15,3,3,0
24/10/2012,01:30,0,0,0
24/10/2012,01:45,5,3,2
24/10/2012,02:00,1,1,0
24/10/2012,02:15,1,1,0
24/10/2012,02:30,3,2,1
24/10/2012,02:45,4,4,0
24/10/2012,03:00,0,0,0
24/10/2012,03:15,1,1,0
24/10/2012,03:30,0,0,0
24/10/2012,03:45,0,0,0
24/10/2012,04:00,0,0,0
24/10/2012,04:15,0,0,0
24/10/2012,04:30,0,0,0
24/10/2012,04:45,1,1,0
24/10/2012,05:00,1,1,0
24/10/2012,05:15,1,0,1
24/10/2012,05:30,3,0,3
24/10/2012,05:45,3,1,2
24/10/2012,06:00,5,2,3
24/10/2012,06:15,9,8,1
24/10/2012,06:30,14,4,10
24/10/2012,06:45,19,5,14
24/10/2012,07:00,28,9,19
24/10/2012,07:15,33,11,22
24/10/2012,07:30,48,13,35
24/10/2012,07:45,61,12,49
24/10/2012,08:00,62,26,36
24/10/2012,08:15,78,17,61
24/10/2012,08:30,83,28,55
24/10/2012,08:45,99,25,74
24/10/2012,09:00,67,17,50
24/10/2012,09:15,56,12,44
24/10/2012,09:30,54,19,35
24/10/2012,09:45,50,24,26
24/10/2012,10:00,27,13,14
24/10/2012,10:15,25,10,15
24/10/2012,10:30,39,22,17
24/10/2012,10:45,29,14,15
24/10/2012,11:00,30,10,20
24/10/2012,11:15,22,12,10
24/10/2012,11:30,36,18,18
24/10/2012,11:45,39,23,16
24/10/2012,12:00,31,20,11
24/10/2012,12:15,29,16,13
24/10/2012,12:30,33,18,15
24/10/2012,12:45,28,16,12
24/10/2012,13:00,27,9,18
24/10/2012,13:15,34,21,13
24/10/2012,13:30,27,15,12
24/10/2012,13:45,26,10,16
24/10/2012,14:00,26,15,11
24/10/2012,14:15,27,17,10
24/10/2012,14:30,31,18,13
24/10/2012,14:45,27,13,14
24/10/2012,15:00,46,31,15
24/10/2012,15:15,49,35,14
24/10/2012,15:30,44,21,23
24/10/2012,15:45,49,32,17
24/10/2012,16:00,63,38,25
24/10/2012,16:15,47,31,16
24/10/2012,16:30,71,47,24
24/10/2012,16:45,69,50,19
24/10/2012,17:00,80,57,23
24/10/2012,17:15,92,59,33
24/10/2012,17:30,103,75,28
24/10/2012,17:45,91,63,28
24/10/2012,18:00,106,79,27
24/10/2012,18:15,85,60,25
24/10/2012,18:30,91,75,16
24/10/2012,18:45,67,49,18
24/10/2012,19:00,61,47,14
24/10/2012,19:15,54,43,11
24/10/2012,19:30,46,29,17
24/10/2012,19:45,49,35,14
24/10/2012,20:00,32,15,17
24/10/2012,20:15,37,27,10
24/10/2012,20:30,29,17,12
24/10/2012,20:45,39,27,12
24/10/2012,21:00,38,33,5
24/10/2012,21:15,45,36,9
24/10/2012,21:30,41,33,8
24/10/2012,21:45,35,20,15
24/10/2012,22:00,23,16,7
24/10/2012,22:15,21,17,4
24/10/2012,22:30,23,18,5
24/10/2012,22:45,19,13,6
24/10/2012,23:00,20,19,1
24/10/2012,23:15,13,11,2
24/10/2012,23:30,9,8,1
24/10/2012,23:45,13,11,2
25/10/2012,00:00,7,5,2
25/10/2012,00:15,8,7,1
25/10/2012,00:30,13,8,5
25/10/2012,00:45,6,5,1
25/10/2012,01:00,4,3,1
25/10/2012,01:15,2,2,0
25/10/2012,01:30,1,1,0
25/10/2012,01:45,5,4,1
25/10/2012,02:00,0,0,0
25/10/2012,02:15,2,1,1
25/10/2012,02:30,3,1,2
25/10/2012,02:45,0,0,0
25/10/2012,03:00,0,0,0
25/10/2012,03:15,0,0,0
25/10/2012,03:30,0,0,0
25/10/2012,03:45,0,0,0
25/10/2012,04:00,0,0,0
25/10/2012,04:15,0,0,0
25/10/2012,04:30,2,2,0
25/10/2012,04:45,1,1,0
25/10/2012,05:00,1,0,1
25/10/2012,05:15,2,2,0
25/10/2012,05:30,3,0,3
25/10/2012,05:45,9,5,4
25/10/2012,06:00,11,3,8
25/10/2012,06:15,12,5,7
25/10/2012,06:30,15,8,7
25/10/2012,06:45,22,9,13
25/10/2012,07:00,16,7,9
25/10/2012,07:15,42,10,32
25/10/2012,07:30,47,21,26
25/10/2012,07:45,60,23,37
25/10/2012,08:00,47,13,34
25/10/2012,08:15,57,15,42
25/10/2012,08:30,57,16,41
25/10/2012,08:45,64,10,54
25/10/2012,09:00,52,12,40
25/10/2012,09:15,49,18,31
25/10/2012,09:30,42,14,28
25/10/2012,09:45,23,9,14
25/10/2012,10:00,25,11,14
25/10/2012,10:15,23,12,11
25/10/2012,10:30,28,19,9
25/10/2012,10:45,25,10,15
25/10/2012,11:00,23,10,13
25/10/2012,11:15,31,15,16
25/10/2012,11:30,20,11,9
25/10/2012,11:45,39,31,8
25/10/2012,12:00,20,11,9
25/10/2012,12:15,25,13,12
25/10/2012,12:30,12,6,6
25/10/2012,12:45,40,19,21
25/10/2012,13:00,21,7,14
25/10/2012,13:15,32,17,15
25/10/2012,13:30,23,16,7
25/10/2012,13:45,26,17,9
25/10/2012,14:00,28,13,15
25/10/2012,14:15,41,25,16
25/10/2012,14:30,25,14,11
25/10/2012,14:45,38,16,22
25/10/2012,15:00,38,15,23
25/10/2012,15:15,47,21,26
25/10/2012,15:30,52,31,21
25/10/2012,15:45,42,26,16
25/10/2012,16:00,48,26,22
25/10/2012,16:15,49,33,16
25/10/2012,16:30,64,39,25
25/10/2012,16:45,68,41,27
25/10/2012,17:00,72,49,23
25/10/2012,17:15,73,52,21
25/10/2012,17:30,99,70,29
25/10/2012,17:45,98,68,30
25/10/2012,18:00,83,62,21
25/10/2012,18:15,81,52,29
25/10/2012,18:30,67,49,18
25/10/2012,18:45,78,59,19
25/10/2012,19:00,60,45,15
25/10/2012,19:15,54,40,14
25/10/2012,19:30,37,29,8
25/10/2012,19:45,35,27,8
25/10/2012,20:00,37,25,12
25/10/2012,20:15,27,21,6
25/10/2012,20:30,39,33,6
25/10/2012,20:45,38,28,10
25/10/2012,21:00,24,16,8
25/10/2012,21:15,45,32,13
25/10/2012,21:30,26,17,9
25/10/2012,21:45,25,17,8
25/10/2012,22:00,40,29,11
25/10/2012,22:15,24,14,10
25/10/2012,22:30,31,24,7
25/10/2012,22:45,24,19,5
25/10/2012,23:00,21,16,5
25/10/2012,23:15,27,23,4
25/10/2012,23:30,14,11,3
25/10/2012,23:45,11,7,4
26/10/2012,00:00,14,10,4
26/10/2012,00:15,6,6,0
26/10/2012,00:30,8,8,0
26/10/2012,00:45,5,4,1
26/10/2012,01:00,7,6,1
26/10/2012,01:15,3,3,0
26/10/2012,01:30,1,1,0
26/10/2012,01:45,4,4,0
26/10/2012,02:00,1,1,0
26/10/2012,02:15,4,4,0
26/10/2012,02:30,4,3,1
26/10/2012,02:45,0,0,0
26/10/2012,03:00,2,2,0
26/10/2012,03:15,0,0,0
26/10/2012,03:30,0,0,0
26/10/2012,03:45,0,0,0
26/10/2012,04:00,1,1,0
26/10/2012,04:15,3,3,0
26/10/2012,04:30,2,1,1
26/10/2012,04:45,1,1,0
26/10/2012,05:00,1,1,0
26/10/2012,05:15,3,2,1
26/10/2012,05:30,5,1,4
26/10/2012,05:45,5,2,3
26/10/2012,06:00,5,2,3
26/10/2012,06:15,17,9,8
26/10/2012,06:30,23,7,16
26/10/2012,06:45,27,11,16
26/10/2012,07:00,35,17,18
26/10/2012,07:15,41,12,29
26/10/2012,07:30,55,25,30
26/10/2012,07:45,63,18,45
26/10/2012,08:00,80,18,62
26/10/2012,08:15,73,20,53
26/10/2012,08:30,83,25,58
26/10/2012,08:45,92,31,61
26/10/2012,09:00,66,23,43
26/10/2012,09:15,64,17,47
26/10/2012,09:30,69,28,41
26/10/2012,09:45,44,18,26
26/10/2012,10:00,46,22,24
26/10/2012,10:15,42,16,26
26/10/2012,10:30,33,14,19
26/10/2012,10:45,36,20,16
26/10/2012,11:00,31,13,18
26/10/2012,11:15,35,23,12
26/10/2012,11:30,52,28,24
26/10/2012,11:45,52,32,20
26/10/2012,12:00,44,24,20
26/10/2012,12:15,33,23,10
26/10/2012,12:30,48,29,19
26/10/2012,12:45,44,29,15
26/10/2012,13:00,30,12,18
26/10/2012,13:15,54,31,23
26/10/2012,13:30,40,25,15
26/10/2012,13:45,45,24,21
26/10/2012,14:00,40,25,15
26/10/2012,14:15,52,32,20
26/10/2012,14:30,56,30,26
26/10/2012,14:45,51,30,21
26/10/2012,15:00,45,28,17
26/10/2012,15:15,50,27,23
26/10/2012,15:30,64,33,31
26/10/2012,15:45,68,42,26
26/10/2012,16:00,59,44,15
26/10/2012,16:15,77,55,22
26/10/2012,16:30,75,38,37
26/10/2012,16:45,87,57,30
26/10/2012,17:00,94,55,39
26/10/2012,17:15,103,68,35
26/10/2012,17:30,139,94,45
26/10/2012,17:45,140,83,57
26/10/2012,18:00,116,83,33
26/10/2012,18:15,109,73,36
26/10/2012,18:30,84,55,29
26/10/2012,18:45,76,54,22
26/10/2012,19:00,73,52,21
26/10/2012,19:15,66,38,28
26/10/2012,19:30,54,42,12
26/10/2012,19:45,47,39,8
26/10/2012,20:00,42,28,14
26/10/2012,20:15,44,32,12
26/10/2012,20:30,44,32,12
26/10/2012,20:45,31,19,12
26/10/2012,21:00,26,16,10
26/10/2012,21:15,23,18,5
26/10/2012,21:30,29,26,3
26/10/2012,21:45,39,37,2
26/10/2012,22:00,31,17,14
26/10/2012,22:15,30,23,7
26/10/2012,22:30,31,24,7
26/10/2012,22:45,26,21,5
26/10/2012,23:00,29,21,8
26/10/2012,23:15,33,25,8
26/10/2012,23:30,26,17,9
26/10/2012,23:45,17,15,2
27/10/2012,00:00,24,20,4
27/10/2012,00:15,27,18,9
27/10/2012,00:30,22,19,3
27/10/2012,00:45,16,16,0
27/10/2012,01:00,24,21,3
27/10/2012,01:15,14,12,2
27/10/2012,01:30,13,10,3
27/10/2012,01:45,10,9,1
27/10/2012,02:00,5,3,2
27/10/2012,02:15,16,11,5
27/10/2012,02:30,7,5,2
27/10/2012,02:45,2,0,2
27/10/2012,03:00,6,3,3
27/10/2012,03:15,6,5,1
27/10/2012,03:30,1,1,0
27/10/2012,03:45,7,5,2
27/10/2012,04:00,4,4,0
27/10/2012,04:15,3,2,1
27/10/2012,04:30,0,0,0
27/10/2012,04:45,3,3,0
27/10/2012,05:00,1,0,1
27/10/2012,05:15,2,2,0
27/10/2012,05:30,4,3,1
27/10/2012,05:45,3,2,1
27/10/2012,06:00,3,3,0
27/10/2012,06:15,6,3,3
27/10/2012,06:30,6,4,2
27/10/2012,06:45,3,2,1
27/10/2012,07:00,10,7,3
27/10/2012,07:15,14,6,8
27/10/2012,07:30,14,9,5
27/10/2012,07:45,13,6,7
27/10/2012,08:00,22,11,11
27/10/2012,08:15,33,21,12
27/10/2012,08:30,41,23,18
27/10/2012,08:45,30,18,12
27/10/2012,09:00,41,23,18
27/10/2012,09:15,45,33,12
27/10/2012,09:30,60,41,19
27/10/2012,09:45,55,36,19
27/10/2012,10:00,69,52,17
27/10/2012,10:15,65,39,26
27/10/2012,10:30,60,31,29
27/10/2012,10:45,59,42,17
27/10/2012,11:00,77,44,33
27/10/2012,11:15,77,54,23
27/10/2012,11:30,86,60,26
27/10/2012,11:45,92,54,38
27/10/2012,12:00,89,44,45
27/10/2012,12:15,88,56,32
27/10/2012,12:30,110,60,50
27/10/2012,12:45,118,61,57
27/10/2012,13:00,109,76,33
27/10/2012,13:15,91,47,44
27/10/2012,13:30,114,54,60
27/10/2012,13:45,75,44,31
27/10/2012,14:00,114,61,53
27/10/2012,14:15,86,47,39
27/10/2012,14:30,88,45,43
27/10/2012,14:45,100,47,53
27/10/2012,15:00,120,59,61
27/10/2012,15:15,112,66,46
27/10/2012,15:30,109,51,58
27/10/2012,15:45,112,64,48
27/10/2012,16:00,108,53,55
27/10/2012,16:15,134,71,63
27/10/2012,16:30,113,44,69
27/10/2012,16:45,92,39,53
27/10/2012,17:00,81,32,49
27/10/2012,17:15,60,31,29
27/10/2012,17:30,84,37,47
27/10/2012,17:45,87,39,48
27/10/2012,18:00,73,38,35
27/10/2012,18:15,63,26,37
27/10/2012,18:30,43,21,22
27/10/2012,18:45,42,19,23
27/10/2012,19:00,42,16,26
27/10/2012,19:15,32,18,14
27/10/2012,19:30,19,12,7
27/10/2012,19:45,19,11,8
27/10/2012,20:00,22,10,12
27/10/2012,20:15,26,13,13
27/10/2012,20:30,22,8,14
27/10/2012,20:45,40,27,13
27/10/2012,21:00,41,25,16
27/10/2012,21:15,27,15,12
27/10/2012,21:30,11,9,2
27/10/2012,21:45,24,13,11
27/10/2012,22:00,32,19,13
27/10/2012,22:15,29,16,13
27/10/2012,22:30,17,9,8
27/10/2012,22:45,21,10,11
27/10/2012,23:00,11,9,2
27/10/2012,23:15,17,6,11
27/10/2012,23:30,15,9,6
27/10/2012,23:45,23,19,4
28/10/2012,00:00,14,10,4
28/10/2012,00:15,28,24,4
28/10/2012,00:30,16,12,4
28/10/2012,00:45,21,17,4
28/10/2012,01:00,26,22,4
28/10/2012,01:15,16,14,2
28/10/2012,01:30,11,10,1
28/10/2012,01:45,6,3,3
28/10/2012,02:00,2,1,1
28/10/2012,02:15,11,11,0
28/10/2012,02:30,9,9,0
28/10/2012,02:45,4,4,0
28/10/2012,03:00,5,2,3
28/10/2012,03:15,3,3,0
28/10/2012,03:30,2,2,0
28/10/2012,03:45,2,0,2
28/10/2012,04:00,6,3,3
28/10/2012,04:15,2,2,0
28/10/2012,04:30,2,2,0
28/10/2012,04:45,1,1,0
28/10/2012,05:00,0,0,0
28/10/2012,05:15,4,3,1
28/10/2012,05:30,1,0,1
28/10/2012,05:45,3,3,0
28/10/2012,06:00,1,1,0
28/10/2012,06:15,5,2,3
28/10/2012,06:30,9,2,7
28/10/2012,06:45,9,6,3
28/10/2012,07:00,5,1,4
28/10/2012,07:15,14,11,3
28/10/2012,07:30,13,4,9
28/10/2012,07:45,22,15,7
28/10/2012,08:00,16,11,5
28/10/2012,08:15,24,17,7
28/10/2012,08:30,33,23,10
28/10/2012,08:45,28,19,9
28/10/2012,09:00,39,25,14
28/10/2012,09:15,29,19,10
28/10/2012,09:30,51,30,21
28/10/2012,09:45,47,30,17
28/10/2012,10:00,61,43,18
28/10/2012,10:15,53,27,26
28/10/2012,10:30,71,45,26
28/10/2012,10:45,75,40,35
28/10/2012,11:00,89,51,38
28/10/2012,11:15,82,66,16
28/10/2012,11:30,74,51,23
28/10/2012,11:45,87,55,32
28/10/2012,12:00,95,66,29
28/10/2012,12:15,88,62,26
28/10/2012,12:30,127,82,45
28/10/2012,12:45,100,51,49
28/10/2012,13:00,112,61,51
28/10/2012,13:15,113,69,44
28/10/2012,13:30,122,58,64
28/10/2012,13:45,133,85,48
28/10/2012,14:00,107,68,39
28/10/2012,14:15,149,69,80
28/10/2012,14:30,124,75,49
28/10/2012,14:45,122,64,58
28/10/2012,15:00,122,60,62
28/10/2012,15:15,140,82,58
28/10/2012,15:30,119,56,63
28/10/2012,15:45,124,58,66
28/10/2012,16:00,104,47,57
28/10/2012,16:15,131,48,83
28/10/2012,16:30,113,48,65
28/10/2012,16:45,111,49,62
28/10/2012,17:00,128,42,86
28/10/2012,17:15,116,47,69
28/10/2012,17:30,75,25,50
28/10/2012,17:45,57,27,30
28/10/2012,18:00,38,19,19
28/10/2012,18:15,37,19,18
28/10/2012,18:30,33,19,14
28/10/2012,18:45,33,15,18
28/10/2012,19:00,19,12,7
28/10/2012,19:15,14,8,6
28/10/2012,19:30,14,9,5
28/10/2012,19:45,16,8,8
28/10/2012,20:00,9,5,4
28/10/2012,20:15,10,6,4
28/10/2012,20:30,9,6,3
28/10/2012,20:45,10,9,1
28/10/2012,21:00,29,13,16
28/10/2012,21:15,46,21,25
28/10/2012,21:30,27,14,13
28/10/2012,21:45,23,20,3
28/10/2012,22:00,25,18,7
28/10/2012,22:15,28,16,12
28/10/2012,22:30,30,20,10
28/10/2012,22:45,13,10,3
28/10/2012,23:00,23,20,3
28/10/2012,23:15,18,15,3
28/10/2012,23:30,13,9,4
28/10/2012,23:45,14,13,1
29/10/2012,00:00,11,10,1
29/10/2012,00:15,14,14,0
29/10/2012,00:30,11,11,0
29/10/2012,00:45,8,7,1
29/10/2012,01:00,6,5,1
29/10/2012,01:15,7,6,1
29/10/2012,01:30,6,6,0
29/10/2012,01:45,1,1,0
29/10/2012,02:00,2,2,0
29/10/2012,02:15,3,3,0
29/10/2012,02:30,1,1,0
29/10/2012,02:45,3,3,0
29/10/2012,03:00,0,0,0
29/10/2012,03:15,0,0,0
29/10/2012,03:30,0,0,0
29/10/2012,03:45,0,0,0
29/10/2012,04:00,0,0,0
29/10/2012,04:15,0,0,0
29/10/2012,04:30,2,1,1
29/10/2012,04:45,2,1,1
29/10/2012,05:00,3,1,2
29/10/2012,05:15,2,2,0
29/10/2012,05:30,5,1,4
29/10/2012,05:45,10,2,8
29/10/2012,06:00,5,1,4
29/10/2012,06:15,18,10,8
29/10/2012,06:30,23,10,13
29/10/2012,06:45,31,11,20
29/10/2012,07:00,27,13,14
29/10/2012,07:15,41,15,26
29/10/2012,07:30,57,16,41
29/10/2012,07:45,65,13,52
29/10/2012,08:00,88,32,56
29/10/2012,08:15,85,22,63
29/10/2012,08:30,81,22,59
29/10/2012,08:45,84,22,62
29/10/2012,09:00,80,19,61
29/10/2012,09:15,65,20,45
29/10/2012,09:30,49,17,32
29/10/2012,09:45,44,13,31
29/10/2012,10:00,34,10,24
29/10/2012,10:15,25,14,11
29/10/2012,10:30,28,9,19
29/10/2012,10:45,21,9,12
29/10/2012,11:00,26,17,9
29/10/2012,11:15,22,13,9
29/10/2012,11:30,31,19,12
29/10/2012,11:45,26,17,9
29/10/2012,12:00,25,9,16
29/10/2012,12:15,30,19,11
29/10/2012,12:30,26,9,17
29/10/2012,12:45,19,10,9
29/10/2012,13:00,35,20,15
29/10/2012,13:15,44,27,17
29/10/2012,13:30,25,14,11
29/10/2012,13:45,41,19,22
29/10/2012,14:00,35,17,18
29/10/2012,14:15,37,17,20
29/10/2012,14:30,44,28,16
29/10/2012,14:45,58,36,22
29/10/2012,15:00,34,19,15
29/10/2012,15:15,48,27,21
29/10/2012,15:30,42,31,11
29/10/2012,15:45,58,31,27
29/10/2012,16:00,50,29,21
29/10/2012,16:15,56,41,15
29/10/2012,16:30,64,40,24
29/10/2012,16:45,54,38,16
29/10/2012,17:00,90,50,40
29/10/2012,17:15,104,74,30
29/10/2012,17:30,120,92,28
29/10/2012,17:45,109,77,32
29/10/2012,18:00,128,89,39
29/10/2012,18:15,102,81,21
29/10/2012,18:30,121,101,20
29/10/2012,18:45,94,79,15
29/10/2012,19:00,80,58,22
29/10/2012,19:15,59,44,15
29/10/2012,19:30,65,45,20
29/10/2012,19:45,39,29,10
29/10/2012,20:00,32,29,3
29/10/2012,20:15,42,32,10
29/10/2012,20:30,33,26,7
29/10/2012,20:45,23,19,4
29/10/2012,21:00,27,22,5
29/10/2012,21:15,28,26,2
29/10/2012,21:30,27,24,3
29/10/2012,21:45,28,23,5
29/10/2012,22:00,21,15,6
29/10/2012,22:15,23,21,2
29/10/2012,22:30,19,17,2
29/10/2012,22:45,19,11,8
29/10/2012,23:00,17,16,1
29/10/2012,23:15,6,5,1
29/10/2012,23:30,10,9,1
29/10/2012,23:45,10,9,1
30/10/2012,00:00,9,5,4
30/10/2012,00:15,10,9,1
30/10/2012,00:30,9,5,4
30/10/2012,00:45,1,1,0
30/10/2012,01:00,3,3,0
30/10/2012,01:15,2,1,1
30/10/2012,01:30,3,3,0
30/10/2012,01:45,3,2,1
30/10/2012,02:00,0,0,0
30/10/2012,02:15,3,3,0
30/10/2012,02:30,0,0,0
30/10/2012,02:45,0,0,0
30/10/2012,03:00,1,1,0
30/10/2012,03:15,3,2,1
30/10/2012,03:30,0,0,0
30/10/2012,03:45,0,0,0
30/10/2012,04:00,0,0,0
30/10/2012,04:15,0,0,0
30/10/2012,04:30,1,1,0
30/10/2012,04:45,2,1,1
30/10/2012,05:00,3,0,3
30/10/2012,05:15,2,2,0
30/10/2012,05:30,7,1,6
30/10/2012,05:45,9,3,6
30/10/2012,06:00,10,3,7
30/10/2012,06:15,23,16,7
30/10/2012,06:30,32,13,19
30/10/2012,06:45,37,16,21
30/10/2012,07:00,26,12,14
30/10/2012,07:15,48,19,29
30/10/2012,07:30,71,16,55
30/10/2012,07:45,86,32,54
30/10/2012,08:00,72,17,55
30/10/2012,08:15,84,25,59
30/10/2012,08:30,92,20,72
30/10/2012,08:45,90,23,67
30/10/2012,09:00,54,12,42
30/10/2012,09:15,70,21,49
30/10/2012,09:30,67,19,48
30/10/2012,09:45,49,19,30
30/10/2012,10:00,28,12,16
30/10/2012,10:15,33,17,16
30/10/2012,10:30,43,17,26
30/10/2012,10:45,26,11,15
30/10/2012,11:00,31,18,13
30/10/2012,11:15,19,9,10
30/10/2012,11:30,22,11,11
30/10/2012,11:45,18,11,7
30/10/2012,12:00,33,19,14
30/10/2012,12:15,31,21,10
30/10/2012,12:30,28,13,15
30/10/2012,12:45,36,24,12
30/10/2012,13:00,27,11,16
30/10/2012,13:15,32,12,20
30/10/2012,13:30,42,21,21
30/10/2012,13:45,35,18,17
30/10/2012,14:00,44,28,16
30/10/2012,14:15,40,25,15
30/10/2012,14:30,41,22,19
30/10/2012,14:45,37,26,11
30/10/2012,15:00,48,35,13
30/10/2012,15:15,45,32,13
30/10/2012,15:30,44,24,20
30/10/2012,15:45,50,31,19
30/10/2012,16:00,53,30,23
30/10/2012,16:15,65,40,25
30/10/2012,16:30,77,51,26
30/10/2012,16:45,84,52,32
30/10/2012,17:00,81,54,27
30/10/2012,17:15,115,68,47
30/10/2012,17:30,105,72,33
30/10/2012,17:45,118,92,26
30/10/2012,18:00,103,78,25
30/10/2012,18:15,123,99,24
30/10/2012,18:30,97,71,26
30/10/2012,18:45,79,62,17
30/10/2012,19:00,92,74,18
30/10/2012,19:15,51,43,8
30/10/2012,19:30,51,38,13
30/10/2012,19:45,49,33,16
30/10/2012,20:00,39,31,8
30/10/2012,20:15,42,32,10
30/10/2012,20:30,38,27,11
30/10/2012,20:45,27,21,6
30/10/2012,21:00,25,19,6
30/10/2012,21:15,31,21,10
30/10/2012,21:30,37,24,13
30/10/2012,21:45,31,29,2
30/10/2012,22:00,23,16,7
30/10/2012,22:15,21,15,6
30/10/2012,22:30,16,9,7
30/10/2012,22:45,26,25,1
30/10/2012,23:00,13,9,4
30/10/2012,23:15,21,19,2
30/10/2012,23:30,14,12,2
30/10/2012,23:45,16,15,1
31/10/2012,00:00,9,8,1
31/10/2012,00:15,4,3,1
31/10/2012,00:30,8,8,0
31/10/2012,00:45,5,5,0
31/10/2012,01:00,4,4,0
31/10/2012,01:15,5,4,1
31/10/2012,01:30,2,2,0
31/10/2012,01:45,0,0,0
31/10/2012,02:00,0,0,0
31/10/2012,02:15,4,4,0
31/10/2012,02:30,3,1,2
31/10/2012,02:45,1,1,0
31/10/2012,03:00,0,0,0
31/10/2012,03:15,1,1,0
31/10/2012,03:30,5,4,1
31/10/2012,03:45,1,0,1
31/10/2012,04:00,1,0,1
31/10/2012,04:15,0,0,0
31/10/2012,04:30,1,0,1
31/10/2012,04:45,4,1,3
31/10/2012,05:00,2,0,2
31/10/2012,05:15,1,0,1
31/10/2012,05:30,3,1,2
31/10/2012,05:45,12,2,10
31/10/2012,06:00,10,3,7
31/10/2012,06:15,11,6,5
31/10/2012,06:30,23,10,13
31/10/2012,06:45,23,10,13
31/10/2012,07:00,30,6,24
31/10/2012,07:15,46,12,34
31/10/2012,07:30,50,14,36
31/10/2012,07:45,81,21,60
31/10/2012,08:00,58,18,40
31/10/2012,08:15,64,11,53
31/10/2012,08:30,99,18,81
31/10/2012,08:45,94,31,63
31/10/2012,09:00,59,13,46
31/10/2012,09:15,64,16,48
31/10/2012,09:30,72,20,52
31/10/2012,09:45,50,15,35
31/10/2012,10:00,42,11,31
31/10/2012,10:15,39,15,24
31/10/2012,10:30,51,17,34
31/10/2012,10:45,41,17,24
31/10/2012,11:00,35,13,22
31/10/2012,11:15,42,14,28
31/10/2012,11:30,36,8,28
31/10/2012,11:45,39,21,18
31/10/2012,12:00,30,18,12
31/10/2012,12:15,25,19,6
31/10/2012,12:30,35,17,18
31/10/2012,12:45,40,26,14
31/10/2012,13:00,30,17,13
31/10/2012,13:15,53,36,17
31/10/2012,13:30,38,22,16
31/10/2012,13:45,33,23,10
31/10/2012,14:00,31,19,12
31/10/2012,14:15,39,32,7
31/10/2012,14:30,36,16,20
31/10/2012,14:45,40,25,15
31/10/2012,15:00,47,32,15
31/10/2012,15:15,50,37,13
31/10/2012,15:30,49,35,14
31/10/2012,15:45,45,30,15
31/10/2012,16:00,48,29,19
31/10/2012,16:15,61,50,11
31/10/2012,16:30,73,58,15
31/10/2012,16:45,81,61,20
31/10/2012,17:00,67,49,18
31/10/2012,17:15,89,66,23
31/10/2012,17:30,114,94,20
31/10/2012,17:45,90,71,19
31/10/2012,18:00,89,76,13
31/10/2012,18:15,75,60,15
31/10/2012,18:30,70,57,13
31/10/2012,18:45,56,44,12
31/10/2012,19:00,50,38,12
31/10/2012,19:15,49,42,7
31/10/2012,19:30,40,30,10
31/10/2012,19:45,36,29,7
31/10/2012,20:00,19,14,5
31/10/2012,20:15,21,18,3
31/10/2012,20:30,28,20,8
31/10/2012,20:45,19,11,8
31/10/2012,21:00,19,14,5
31/10/2012,21:15,14,12,2
31/10/2012,21:30,14,10,4
31/10/2012,21:45,17,14,3
31/10/2012,22:00,8,6,2
31/10/2012,22:15,11,9,2
31/10/2012,22:30,7,4,3
31/10/2012,22:45,19,15,4
31/10/2012,23:00,17,12,5
31/10/2012,23:15,4,2,2
31/10/2012,23:30,16,10,6
31/10/2012,23:45,12,10,2
01/11/2012,00:00,1,1,0
01/11/2012,00:15,10,8,2
01/11/2012,00:30,2,1,1
01/11/2012,00:45,6,5,1
01/11/2012,01:00,7,5,2
01/11/2012,01:15,2,2,0
01/11/2012,01:30,1,1,0
01/11/2012,01:45,5,4,1
01/11/2012,02:00,2,2,0
01/11/2012,02:15,6,5,1
01/11/2012,02:30,2,1,1
01/11/2012,02:45,0,0,0
01/11/2012,03:00,1,1,0
01/11/2012,03:15,0,0,0
01/11/2012,03:30,1,0,1
01/11/2012,03:45,0,0,0
01/11/2012,04:00,0,0,0
01/11/2012,04:15,3,3,0
01/11/2012,04:30,0,0,0
01/11/2012,04:45,1,1,0
01/11/2012,05:00,2,0,2
01/11/2012,05:15,2,2,0
01/11/2012,05:30,5,3,2
01/11/2012,05:45,4,1,3
01/11/2012,06:00,7,2,5
01/11/2012,06:15,15,6,9
01/11/2012,06:30,15,7,8
01/11/2012,06:45,20,6,14
01/11/2012,07:00,30,10,20
01/11/2012,07:15,35,19,16
01/11/2012,07:30,50,15,35
01/11/2012,07:45,49,12,37
01/11/2012,08:00,51,12,39
01/11/2012,08:15,56,17,39
01/11/2012,08:30,90,17,73
01/11/2012,08:45,73,16,57
01/11/2012,09:00,44,7,37
01/11/2012,09:15,49,12,37
01/11/2012,09:30,44,9,35
01/11/2012,09:45,34,10,24
01/11/2012,10:00,30,12,18
01/11/2012,10:15,28,12,16
01/11/2012,10:30,36,18,18
01/11/2012,10:45,37,16,21
01/11/2012,11:00,45,29,16
01/11/2012,11:15,25,13,12
01/11/2012,11:30,29,13,16
01/11/2012,11:45,28,10,18
01/11/2012,12:00,20,14,6
01/11/2012,12:15,18,9,9
01/11/2012,12:30,38,18,20
01/11/2012,12:45,28,14,14
01/11/2012,13:00,19,10,9
01/11/2012,13:15,29,19,10
01/11/2012,13:30,23,11,12
01/11/2012,13:45,26,13,13
01/11/2012,14:00,19,10,9
01/11/2012,14:15,42,26,16
01/11/2012,14:30,36,19,17
01/11/2012,14:45,34,20,14
01/11/2012,15:00,47,33,14
01/11/2012,15:15,36,22,14
01/11/2012,15:30,45,21,24
01/11/2012,15:45,37,24,13
01/11/2012,16:00,32,20,12
01/11/2012,16:15,47,30,17
01/11/2012,16:30,58,38,20
01/11/2012,16:45,69,53,16
01/11/2012,17:00,62,43,19
01/11/2012,17:15,90,64,26
01/11/2012,17:30,86,72,14
01/11/2012,17:45,107,71,36
01/11/2012,18:00,98,72,26
01/11/2012,18:15,110,81,29
01/11/2012,18:30,76,53,23
01/11/2012,18:45,89,63,26
01/11/2012,19:00,55,44,11
01/11/2012,19:15,61,43,18
01/11/2012,19:30,53,44,9
01/11/2012,19:45,44,36,8
01/11/2012,20:00,30,21,9
01/11/2012,20:15,45,38,7
01/11/2012,20:30,27,19,8
01/11/2012,20:45,31,23,8
01/11/2012,21:00,27,14,13
01/11/2012,21:15,30,24,6
01/11/2012,21:30,29,25,4
01/11/2012,21:45,34,28,6
01/11/2012,22:00,22,17,5
01/11/2012,22:15,24,16,8
01/11/2012,22:30,25,20,5
01/11/2012,22:45,19,13,6
01/11/2012,23:00,20,17,3
01/11/2012,23:15,27,25,2
01/11/2012,23:30,21,15,6
01/11/2012,23:45,10,9,1
02/11/2012,00:00,10,8,2
02/11/2012,00:15,11,11,0
02/11/2012,00:30,7,6,1
02/11/2012,00:45,6,5,1
02/11/2012,01:00,14,14,0
02/11/2012,01:15,8,6,2
02/11/2012,01:30,7,5,2
02/11/2012,01:45,5,4,1
02/11/2012,02:00,1,1,0
02/11/2012,02:15,2,1,1
02/11/2012,02:30,3,3,0
02/11/2012,02:45,4,4,0
02/11/2012,03:00,0,0,0
02/11/2012,03:15,1,0,1
02/11/2012,03:30,0,0,0
02/11/2012,03:45,1,1,0
02/11/2012,04:00,1,0,1
02/11/2012,04:15,2,0,2
02/11/2012,04:30,2,0,2
02/11/2012,04:45,2,2,0
02/11/2012,05:00,2,1,1
02/11/2012,05:15,1,1,0
02/11/2012,05:30,0,0,0
02/11/2012,05:45,7,2,5
02/11/2012,06:00,10,1,9
02/11/2012,06:15,21,11,10
02/11/2012,06:30,18,8,10
02/11/2012,06:45,24,6,18
02/11/2012,07:00,30,10,20
02/11/2012,07:15,44,12,32
02/11/2012,07:30,59,23,36
02/11/2012,07:45,62,18,44
02/11/2012,08:00,69,21,48
02/11/2012,08:15,85,18,67
02/11/2012,08:30,88,26,62
02/11/2012,08:45,77,31,46
02/11/2012,09:00,58,14,44
02/11/2012,09:15,62,17,45
02/11/2012,09:30,60,29,31
02/11/2012,09:45,60,22,38
02/11/2012,10:00,48,32,16
02/11/2012,10:15,44,22,22
02/11/2012,10:30,33,16,17
02/11/2012,10:45,36,13,23
02/11/2012,11:00,42,18,24
02/11/2012,11:15,44,26,18
02/11/2012,11:30,41,22,19
02/11/2012,11:45,43,23,20
02/11/2012,12:00,46,25,21
02/11/2012,12:15,40,18,22
02/11/2012,12:30,33,18,15
02/11/2012,12:45,33,12,21
02/11/2012,13:00,38,19,19
02/11/2012,13:15,41,17,24
02/11/2012,13:30,32,17,15
02/11/2012,13:45,45,27,18
02/11/2012,14:00,49,22,27
02/11/2012,14:15,43,26,17
02/11/2012,14:30,38,19,19
02/11/2012,14:45,42,30,12
02/11/2012,15:00,50,30,20
02/11/2012,15:15,46,19,27
02/11/2012,15:30,59,38,21
02/11/2012,15:45,61,32,29
02/11/2012,16:00,61,40,21
02/11/2012,16:15,67,38,29
02/11/2012,16:30,60,34,26
02/11/2012,16:45,85,52,33
02/11/2012,17:00,90,63,27
02/11/2012,17:15,105,64,41
02/11/2012,17:30,103,70,33
02/11/2012,17:45,87,65,22
02/11/2012,18:00,100,76,24
02/11/2012,18:15,101,65,36
02/11/2012,18:30,71,48,23
02/11/2012,18:45,59,44,15
02/11/2012,19:00,55,41,14
02/11/2012,19:15,51,33,18
02/11/2012,19:30,43,31,12
02/11/2012,19:45,36,24,12
02/11/2012,20:00,40,32,8
02/11/2012,20:15,28,16,12
02/11/2012,20:30,31,23,8
02/11/2012,20:45,35,18,17
02/11/2012,21:00,23,13,10
02/11/2012,21:15,28,23,5
02/11/2012,21:30,18,10,8
02/11/2012,21:45,30,23,7
02/11/2012,22:00,14,10,4
02/11/2012,22:15,19,13,6
02/11/2012,22:30,19,14,5
02/11/2012,22:45,25,18,7
02/11/2012,23:00,23,21,2
02/11/2012,23:15,25,22,3
02/11/2012,23:30,20,17,3
02/11/2012,23:45,29,26,3
03/11/2012,00:00,30,28,2
03/11/2012,00:15,28,23,5
03/11/2012,00:30,23,23,0
03/11/2012,00:45,13,12,1
03/11/2012,01:00,21,20,1
03/11/2012,01:15,11,10,1
03/11/2012,01:30,15,13,2
03/11/2012,01:45,19,18,1
03/11/2012,02:00,3,3,0
03/11/2012,02:15,8,6,2
03/11/2012,02:30,7,6,1
03/11/2012,02:45,2,2,0
03/11/2012,03:00,2,2,0
03/11/2012,03:15,5,4,1
03/11/2012,03:30,7,7,0
03/11/2012,03:45,4,3,1
03/11/2012,04:00,2,2,0
03/11/2012,04:15,0,0,0
03/11/2012,04:30,2,1,1
03/11/2012,04:45,5,3,2
03/11/2012,05:00,9,5,4
03/11/2012,05:15,5,4,1
03/11/2012,05:30,3,2,1
03/11/2012,05:45,3,2,1
03/11/2012,06:00,5,1,4
03/11/2012,06:15,3,1,2
03/11/2012,06:30,3,3,0
03/11/2012,06:45,10,5,5
03/11/2012,07:00,5,1,4
03/11/2012,07:15,8,5,3
03/11/2012,07:30,18,13,5
03/11/2012,07:45,24,17,7
03/11/2012,08:00,14,8,6
03/11/2012,08:15,32,13,19
03/11/2012,08:30,20,8,12
03/11/2012,08:45,43,28,15
03/11/2012,09:00,47,37,10
03/11/2012,09:15,36,27,9
03/11/2012,09:30,40,24,16
03/11/2012,09:45,68,46,22
03/11/2012,10:00,50,31,19
03/11/2012,10:15,58,41,17
03/11/2012,10:30,59,39,20
03/11/2012,10:45,76,44,32
03/11/2012,11:00,78,54,24
03/11/2012,11:15,63,38,25
03/11/2012,11:30,90,59,31
03/11/2012,11:45,91,62,29
03/11/2012,12:00,113,61,52
03/11/2012,12:15,93,69,24
03/11/2012,12:30,91,45,46
03/11/2012,12:45,123,85,38
03/11/2012,13:00,68,39,29
03/11/2012,13:15,91,53,38
03/11/2012,13:30,102,49,53
03/11/2012,13:45,90,48,42
03/11/2012,14:00,110,49,61
03/11/2012,14:15,81,44,37
03/11/2012,14:30,115,71,44
03/11/2012,14:45,126,79,47
03/11/2012,15:00,131,77,54
03/11/2012,15:15,112,64,48
03/11/2012,15:30,125,69,56
03/11/2012,15:45,137,64,73
03/11/2012,16:00,96,54,42
03/11/2012,16:15,104,43,61
03/11/2012,16:30,103,42,61
03/11/2012,16:45,97,44,53
03/11/2012,17:00,86,42,44
03/11/2012,17:15,82,26,56
03/11/2012,17:30,85,39,46
03/11/2012,17:45,64,28,36
03/11/2012,18:00,59,22,37
03/11/2012,18:15,75,32,43
03/11/2012,18:30,73,27,46
03/11/2012,18:45,60,27,33
03/11/2012,19:00,38,21,17
03/11/2012,19:15,35,14,21
03/11/2012,19:30,46,23,23
03/11/2012,19:45,35,18,17
03/11/2012,20:00,34,18,16
03/11/2012,20:15,24,13,11
03/11/2012,20:30,26,15,11
03/11/2012,20:45,24,14,10
03/11/2012,21:00,28,16,12
03/11/2012,21:15,29,24,5
03/11/2012,21:30,25,11,14
03/11/2012,21:45,17,14,3
03/11/2012,22:00,21,17,4
03/11/2012,22:15,12,11,1
03/11/2012,22:30,10,4,6
03/11/2012,22:45,17,13,4
03/11/2012,23:00,29,24,5
03/11/2012,23:15,12,11,1
03/11/2012,23:30,21,17,4
03/11/2012,23:45,17,12,5
04/11/2012,00:00,14,12,2
04/11/2012,00:15,23,13,10
04/11/2012,00:30,14,12,2
04/11/2012,00:45,22,16,6
04/11/2012,01:00,8,8,0
04/11/2012,01:15,10,7,3
04/11/2012,01:30,11,6,5
04/11/2012,01:45,17,13,4
04/11/2012,02:00,9,6,3
04/11/2012,02:15,14,7,7
04/11/2012,02:30,9,7,2
04/11/2012,02:45,4,3,1
04/11/2012,03:00,0,0,0
04/11/2012,03:15,0,0,0
04/11/2012,03:30,0,0,0
04/11/2012,03:45,0,0,0
04/11/2012,04:00,0,0,0
04/11/2012,04:15,0,0,0
04/11/2012,04:30,3,2,1
04/11/2012,04:45,3,2,1
04/11/2012,05:00,1,0,1
04/11/2012,05:15,4,1,3
04/11/2012,05:30,1,0,1
04/11/2012,05:45,2,2,0
04/11/2012,06:00,2,2,0
04/11/2012,06:15,5,3,2
04/11/2012,06:30,8,4,4
04/11/2012,06:45,5,4,1
04/11/2012,07:00,8,5,3
04/11/2012,07:15,12,6,6
04/11/2012,07:30,21,15,6
04/11/2012,07:45,25,15,10
04/11/2012,08:00,22,12,10
04/11/2012,08:15,40,33,7
04/11/2012,08:30,44,31,13
04/11/2012,08:45,43,30,13
04/11/2012,09:00,54,34,20
04/11/2012,09:15,60,41,19
04/11/2012,09:30,82,44,38
04/11/2012,09:45,111,81,30
04/11/2012,10:00,117,82,35
04/11/2012,10:15,82,55,27
04/11/2012,10:30,109,62,47
04/11/2012,10:45,105,67,38
04/11/2012,11:00,110,83,27
04/11/2012,11:15,121,77,44
04/11/2012,11:30,119,70,49
04/11/2012,11:45,153,108,45
04/11/2012,12:00,112,82,30
04/11/2012,12:15,128,78,50
04/11/2012,12:30,134,84,50
04/11/2012,12:45,133,90,43
04/11/2012,13:00,175,114,61
04/11/2012,13:15,135,69,66
04/11/2012,13:30,147,83,64
04/11/2012,13:45,168,89,79
04/11/2012,14:00,144,82,62
04/11/2012,14:15,135,72,63
04/11/2012,14:30,135,68,67
04/11/2012,14:45,132,83,49
04/11/2012,15:00,140,71,69
04/11/2012,15:15,143,83,60
04/11/2012,15:30,120,47,73
04/11/2012,15:45,153,66,87
04/11/2012,16:00,170,67,103
04/11/2012,16:15,149,64,85
04/11/2012,16:30,158,61,97
04/11/2012,16:45,141,37,104
04/11/2012,17:00,124,37,87
04/11/2012,17:15,93,30,63
04/11/2012,17:30,111,35,76
04/11/2012,17:45,83,36,47
04/11/2012,18:00,67,26,41
04/11/2012,18:15,58,23,35
04/11/2012,18:30,45,24,21
04/11/2012,18:45,45,23,22
04/11/2012,19:00,37,22,15
04/11/2012,19:15,36,19,17
04/11/2012,19:30,30,20,10
04/11/2012,19:45,23,14,9
04/11/2012,20:00,36,16,20
04/11/2012,20:15,23,14,9
04/11/2012,20:30,15,13,2
04/11/2012,20:45,23,14,9
04/11/2012,21:00,15,11,4
04/11/2012,21:15,23,14,9
04/11/2012,21:30,19,18,1
04/11/2012,21:45,22,16,6
04/11/2012,22:00,15,10,5
04/11/2012,22:15,12,7,5
04/11/2012,22:30,19,12,7
04/11/2012,22:45,18,11,7
04/11/2012,23:00,8,7,1
04/11/2012,23:15,19,15,4
04/11/2012,23:30,7,5,2
04/11/2012,23:45,5,4,1
05/11/2012,00:00,6,5,1
05/11/2012,00:15,8,6,2
05/11/2012,00:30,4,4,0
05/11/2012,00:45,7,6,1
05/11/2012,01:00,2,1,1
05/11/2012,01:15,3,0,3
05/11/2012,01:30,0,0,0
05/11/2012,01:45,1,0,1
05/11/2012,02:00,2,2,0
05/11/2012,02:15,1,1,0
05/11/2012,02:30,0,0,0
05/11/2012,02:45,2,2,0
05/11/2012,03:00,3,2,1
05/11/2012,03:15,1,1,0
05/11/2012,03:30,1,0,1
05/11/2012,03:45,0,0,0
05/11/2012,04:00,0,0,0
05/11/2012,04:15,1,0,1
05/11/2012,04:30,1,1,0
05/11/2012,04:45,5,3,2
05/11/2012,05:00,3,0,3
05/11/2012,05:15,5,1,4
05/11/2012,05:30,10,3,7
05/11/2012,05:45,9,4,5
05/11/2012,06:00,11,2,9
05/11/2012,06:15,21,13,8
05/11/2012,06:30,36,16,20
05/11/2012,06:45,45,23,22
05/11/2012,07:00,50,17,33
05/11/2012,07:15,81,29,52
05/11/2012,07:30,80,29,51
05/11/2012,07:45,112,32,80
05/11/2012,08:00,93,21,72
05/11/2012,08:15,121,24,97
05/11/2012,08:30,107,26,81
05/11/2012,08:45,97,35,62
05/11/2012,09:00,82,26,56
05/11/2012,09:15,98,35,63
05/11/2012,09:30,67,27,40
05/11/2012,09:45,53,29,24
05/11/2012,10:00,48,22,26
05/11/2012,10:15,47,24,23
05/11/2012,10:30,42,23,19
05/11/2012,10:45,60,28,32
05/11/2012,11:00,44,20,24
05/11/2012,11:15,36,23,13
05/11/2012,11:30,40,20,20
05/11/2012,11:45,51,28,23
05/11/2012,12:00,28,18,10
05/11/2012,12:15,47,25,22
05/11/2012,12:30,39,24,15
05/11/2012,12:45,47,22,25
05/11/2012,13:00,37,27,10
05/11/2012,13:15,46,24,22
05/11/2012,13:30,60,42,18
05/11/2012,13:45,52,29,23
05/11/2012,14:00,45,27,18
05/11/2012,14:15,50,27,23
05/11/2012,14:30,64,42,22
05/11/2012,14:45,62,36,26
05/11/2012,15:00,46,32,14
05/11/2012,15:15,67,45,22
05/11/2012,15:30,58,36,22
05/11/2012,15:45,67,43,24
05/11/2012,16:00,66,36,30
05/11/2012,16:15,84,54,30
05/11/2012,16:30,91,56,35
05/11/2012,16:45,100,67,33
05/11/2012,17:00,120,76,44
05/11/2012,17:15,148,91,57
05/11/2012,17:30,160,110,50
05/11/2012,17:45,116,81,35
05/11/2012,18:00,138,104,34
05/11/2012,18:15,117,80,37
05/11/2012,18:30,114,90,24
05/11/2012,18:45,100,86,14
05/11/2012,19:00,85,65,20
05/11/2012,19:15,76,55,21
05/11/2012,19:30,65,44,21
05/11/2012,19:45,60,44,16
05/11/2012,20:00,44,30,14
05/11/2012,20:15,47,32,15
05/11/2012,20:30,41,31,10
05/11/2012,20:45,40,28,12
05/11/2012,21:00,31,17,14
05/11/2012,21:15,42,33,9
05/11/2012,21:30,50,38,12
05/11/2012,21:45,33,29,4
05/11/2012,22:00,31,23,8
05/11/2012,22:15,25,20,5
05/11/2012,22:30,24,21,3
05/11/2012,22:45,27,16,11
05/11/2012,23:00,14,6,8
05/11/2012,23:15,17,12,5
05/11/2012,23:30,11,9,2
05/11/2012,23:45,15,8,7
06/11/2012,00:00,10,10,0
06/11/2012,00:15,8,7,1
06/11/2012,00:30,11,9,2
06/11/2012,00:45,11,11,0
06/11/2012,01:00,2,1,1
06/11/2012,01:15,5,5,0
06/11/2012,01:30,1,1,0
06/11/2012,01:45,4,4,0
06/11/2012,02:00,2,2,0
06/11/2012,02:15,2,2,0
06/11/2012,02:30,2,2,0
06/11/2012,02:45,1,1,0
06/11/2012,03:00,1,1,0
06/11/2012,03:15,0,0,0
06/11/2012,03:30,0,0,0
06/11/2012,03:45,0,0,0
06/11/2012,04:00,0,0,0
06/11/2012,04:15,0,0,0
06/11/2012,04:30,1,0,1
06/11/2012,04:45,1,1,0
06/11/2012,05:00,2,0,2
06/11/2012,05:15,8,1,7
06/11/2012,05:30,9,3,6
06/11/2012,05:45,10,5,5
06/11/2012,06:00,11,4,7
06/11/2012,06:15,43,31,12
06/11/2012,06:30,32,17,15
06/11/2012,06:45,45,28,17
06/11/2012,07:00,47,20,27
06/11/2012,07:15,58,17,41
06/11/2012,07:30,108,38,70
06/11/2012,07:45,113,34,79
06/11/2012,08:00,123,28,95
06/11/2012,08:15,117,33,84
06/11/2012,08:30,116,36,80
06/11/2012,08:45,125,31,94
06/11/2012,09:00,95,35,60
06/11/2012,09:15,95,25,70
06/11/2012,09:30,71,22,49
06/11/2012,09:45,67,31,36
06/11/2012,10:00,47,22,25
06/11/2012,10:15,50,19,31
06/11/2012,10:30,74,36,38
06/11/2012,10:45,64,28,36
06/11/2012,11:00,40,27,13
06/11/2012,11:15,48,27,21
06/11/2012,11:30,50,27,23
06/11/2012,11:45,49,27,22
06/11/2012,12:00,48,30,18
06/11/2012,12:15,40,18,22
06/11/2012,12:30,45,26,19
06/11/2012,12:45,39,20,19
06/11/2012,13:00,47,23,24
06/11/2012,13:15,66,36,30
06/11/2012,13:30,33,24,9
06/11/2012,13:45,66,44,22
06/11/2012,14:00,66,35,31
06/11/2012,14:15,68,38,30
06/11/2012,14:30,54,32,22
06/11/2012,14:45,48,29,19
06/11/2012,15:00,55,35,20
06/11/2012,15:15,71,42,29
06/11/2012,15:30,61,35,26
06/11/2012,15:45,75,46,29
06/11/2012,16:00,69,38,31
06/11/2012,16:15,100,58,42
06/11/2012,16:30,111,71,40
06/11/2012,16:45,117,82,35
06/11/2012,17:00,119,62,57
06/11/2012,17:15,149,96,53
06/11/2012,17:30,145,102,43
06/11/2012,17:45,123,90,33
06/11/2012,18:00,137,108,29
06/11/2012,18:15,113,90,23
06/11/2012,18:30,96,70,26
06/11/2012,18:45,100,76,24
06/11/2012,19:00,84,68,16
06/11/2012,19:15,58,47,11
06/11/2012,19:30,71,46,25
06/11/2012,19:45,41,27,14
06/11/2012,20:00,31,24,7
06/11/2012,20:15,49,35,14
06/11/2012,20:30,38,28,10
06/11/2012,20:45,35,27,8
06/11/2012,21:00,30,21,9
06/11/2012,21:15,44,22,22
06/11/2012,21:30,31,24,7
06/11/2012,21:45,35,26,9
06/11/2012,22:00,27,20,7
06/11/2012,22:15,31,21,10
06/11/2012,22:30,36,26,10
06/11/2012,22:45,24,17,7
06/11/2012,23:00,32,25,7
06/11/2012,23:15,54,44,10
06/11/2012,23:30,32,28,4
06/11/2012,23:45,29,27,2
07/11/2012,00:00,13,12,1
07/11/2012,00:15,16,14,2
07/11/2012,00:30,7,7,0
07/11/2012,00:45,7,5,2
07/11/2012,01:00,1,0,1
07/11/2012,01:15,5,5,0
07/11/2012,01:30,4,3,1
07/11/2012,01:45,5,4,1
07/11/2012,02:00,1,1,0
07/11/2012,02:15,2,2,0
07/11/2012,02:30,4,3,1
07/11/2012,02:45,1,1,0
07/11/2012,03:00,0,0,0
07/11/2012,03:15,2,2,0
07/11/2012,03:30,0,0,0
07/11/2012,03:45,2,0,2
07/11/2012,04:00,0,0,0
07/11/2012,04:15,1,0,1
07/11/2012,04:30,0,0,0
07/11/2012,04:45,4,1,3
07/11/2012,05:00,0,0,0
07/11/2012,05:15,3,2,1
07/11/2012,05:30,11,4,7
07/11/2012,05:45,6,2,4
07/11/2012,06:00,8,3,5
07/11/2012,06:15,18,6,12
07/11/2012,06:30,40,14,26
07/11/2012,06:45,28,13,15
07/11/2012,07:00,34,12,22
07/11/2012,07:15,51,17,34
07/11/2012,07:30,67,24,43
07/11/2012,07:45,83,21,62
07/11/2012,08:00,110,32,78
07/11/2012,08:15,99,31,68
07/11/2012,08:30,117,30,87
07/11/2012,08:45,109,27,82
07/11/2012,09:00,66,22,44
07/11/2012,09:15,76,27,49
07/11/2012,09:30,70,18,52
07/11/2012,09:45,55,24,31
07/11/2012,10:00,29,12,17
07/11/2012,10:15,35,11,24
07/11/2012,10:30,35,20,15
07/11/2012,10:45,29,15,14
07/11/2012,11:00,20,9,11
07/11/2012,11:15,44,19,25
07/11/2012,11:30,31,18,13
07/11/2012,11:45,35,14,21
07/11/2012,12:00,28,19,9
07/11/2012,12:15,28,15,13
07/11/2012,12:30,31,14,17
07/11/2012,12:45,27,15,12
07/11/2012,13:00,25,12,13
07/11/2012,13:15,31,19,12
07/11/2012,13:30,30,16,14
07/11/2012,13:45,29,21,8
07/11/2012,14:00,36,21,15
07/11/2012,14:15,27,21,6
07/11/2012,14:30,37,18,19
07/11/2012,14:45,31,15,16
07/11/2012,15:00,32,19,13
07/11/2012,15:15,40,26,14
07/11/2012,15:30,47,27,20
07/11/2012,15:45,72,41,31
07/11/2012,16:00,42,26,16
07/11/2012,16:15,69,48,21
07/11/2012,16:30,54,40,14
07/11/2012,16:45,68,42,26
07/11/2012,17:00,85,53,32
07/11/2012,17:15,105,72,33
07/11/2012,17:30,115,79,36
07/11/2012,17:45,112,82,30
07/11/2012,18:00,117,92,25
07/11/2012,18:15,98,85,13
07/11/2012,18:30,90,75,15
07/11/2012,18:45,88,70,18
07/11/2012,19:00,59,47,12
07/11/2012,19:15,59,42,17
07/11/2012,19:30,50,40,10
07/11/2012,19:45,39,28,11
07/11/2012,20:00,38,29,9
07/11/2012,20:15,49,35,14
07/11/2012,20:30,40,29,11
07/11/2012,20:45,34,27,7
07/11/2012,21:00,29,22,7
07/11/2012,21:15,43,19,24
07/11/2012,21:30,28,18,10
07/11/2012,21:45,36,28,8
07/11/2012,22:00,30,24,6
07/11/2012,22:15,30,24,6
07/11/2012,22:30,21,19,2
07/11/2012,22:45,18,18,0
07/11/2012,23:00,20,16,4
07/11/2012,23:15,21,14,7
07/11/2012,23:30,18,15,3
07/11/2012,23:45,13,8,5
08/11/2012,00:00,9,8,1
08/11/2012,00:15,11,9,2
08/11/2012,00:30,5,5,0
08/11/2012,00:45,8,7,1
08/11/2012,01:00,0,0,0
08/11/2012,01:15,3,3,0
08/11/2012,01:30,7,7,0
08/11/2012,01:45,2,2,0
08/11/2012,02:00,3,2,1
08/11/2012,02:15,6,6,0
08/11/2012,02:30,2,2,0
08/11/2012,02:45,1,1,0
08/11/2012,03:00,3,3,0
08/11/2012,03:15,1,0,1
08/11/2012,03:30,1,0,1
08/11/2012,03:45,1,1,0
08/11/2012,04:00,1,0,1
08/11/2012,04:15,1,1,0
08/11/2012,04:30,1,0,1
08/11/2012,04:45,0,0,0
08/11/2012,05:00,3,1,2
08/11/2012,05:15,1,1,0
08/11/2012,05:30,5,1,4
08/11/2012,05:45,3,2,1
08/11/2012,06:00,4,0,4
08/11/2012,06:15,19,14,5
08/11/2012,06:30,23,10,13
08/11/2012,06:45,20,8,12
08/11/2012,07:00,33,9,24
08/11/2012,07:15,42,17,25
08/11/2012,07:30,60,17,43
08/11/2012,07:45,68,20,48
08/11/2012,08:00,76,20,56
08/11/2012,08:15,101,24,77
08/11/2012,08:30,86,11,75
08/11/2012,08:45,94,19,75
08/11/2012,09:00,83,25,58
08/11/2012,09:15,67,26,41
08/11/2012,09:30,72,22,50
08/11/2012,09:45,63,27,36
08/11/2012,10:00,39,16,23
08/11/2012,10:15,31,16,15
08/11/2012,10:30,36,22,14
08/11/2012,10:45,38,14,24
08/11/2012,11:00,28,14,14
08/11/2012,11:15,23,12,11
08/11/2012,11:30,46,26,20
08/11/2012,11:45,35,23,12
08/11/2012,12:00,33,12,21
08/11/2012,12:15,20,8,12
08/11/2012,12:30,15,7,8
08/11/2012,12:45,16,10,6
08/11/2012,13:00,17,10,7
08/11/2012,13:15,11,5,6
08/11/2012,13:30,12,5,7
08/11/2012,13:45,14,4,10
08/11/2012,14:00,17,8,9
08/11/2012,14:15,19,10,9
08/11/2012,14:30,14,8,6
08/11/2012,14:45,24,10,14
08/11/2012,15:00,23,16,7
08/11/2012,15:15,26,16,10
08/11/2012,15:30,43,31,12
08/11/2012,15:45,26,19,7
08/11/2012,16:00,18,15,3
08/11/2012,16:15,32,20,12
08/11/2012,16:30,48,31,17
08/11/2012,16:45,51,38,13
08/11/2012,17:00,55,32,23
08/11/2012,17:15,84,64,20
08/11/2012,17:30,109,77,32
08/11/2012,17:45,84,64,20
08/11/2012,18:00,71,57,14
08/11/2012,18:15,77,58,19
08/11/2012,18:30,80,60,20
08/11/2012,18:45,64,51,13
08/11/2012,19:00,52,43,9
08/11/2012,19:15,67,56,11
08/11/2012,19:30,42,31,11
08/11/2012,19:45,35,32,3
08/11/2012,20:00,29,26,3
08/11/2012,20:15,33,27,6
08/11/2012,20:30,31,19,12
08/11/2012,20:45,26,20,6
08/11/2012,21:00,25,19,6
08/11/2012,21:15,30,16,14
08/11/2012,21:30,23,19,4
08/11/2012,21:45,31,28,3
08/11/2012,22:00,29,24,5
08/11/2012,22:15,14,11,3
08/11/2012,22:30,20,17,3
08/11/2012,22:45,19,17,2
08/11/2012,23:00,16,15,1
08/11/2012,23:15,16,12,4
08/11/2012,23:30,14,14,0
08/11/2012,23:45,13,9,4
09/11/2012,00:00,6,6,0
09/11/2012,00:15,7,7,0
09/11/2012,00:30,4,4,0
09/11/2012,00:45,5,4,1
09/11/2012,01:00,3,3,0
09/11/2012,01:15,0,0,0
09/11/2012,01:30,2,1,1
09/11/2012,01:45,2,1,1
09/11/2012,02:00,4,4,0
09/11/2012,02:15,2,1,1
09/11/2012,02:30,2,2,0
09/11/2012,02:45,1,1,0
09/11/2012,03:00,1,1,0
09/11/2012,03:15,0,0,0
09/11/2012,03:30,0,0,0
09/11/2012,03:45,0,0,0
09/11/2012,04:00,0,0,0
09/11/2012,04:15,2,1,1
09/11/2012,04:30,0,0,0
09/11/2012,04:45,1,1,0
09/11/2012,05:00,1,1,0
09/11/2012,05:15,1,1,0
09/11/2012,05:30,5,2,3
09/11/2012,05:45,6,3,3
09/11/2012,06:00,4,0,4
09/11/2012,06:15,10,6,4
09/11/2012,06:30,16,4,12
09/11/2012,06:45,23,10,13
09/11/2012,07:00,17,4,13
09/11/2012,07:15,38,12,26
09/11/2012,07:30,43,16,27
09/11/2012,07:45,57,19,38
09/11/2012,08:00,75,22,53
09/11/2012,08:15,53,15,38
09/11/2012,08:30,72,20,52
09/11/2012,08:45,70,20,50
09/11/2012,09:00,59,18,41
09/11/2012,09:15,63,25,38
09/11/2012,09:30,50,16,34
09/11/2012,09:45,44,16,28
09/11/2012,10:00,38,22,16
09/11/2012,10:15,22,11,11
09/11/2012,10:30,37,18,19
09/11/2012,10:45,36,15,21
09/11/2012,11:00,36,18,18
09/11/2012,11:15,37,20,17
09/11/2012,11:30,40,22,18
09/11/2012,11:45,32,15,17
09/11/2012,12:00,30,20,10
09/11/2012,12:15,46,22,24
09/11/2012,12:30,29,16,13
09/11/2012,12:45,19,8,11
09/11/2012,13:00,32,17,15
09/11/2012,13:15,24,14,10
09/11/2012,13:30,26,16,10
09/11/2012,13:45,36,22,14
09/11/2012,14:00,35,20,15
09/11/2012,14:15,35,26,9
09/11/2012,14:30,30,18,12
09/11/2012,14:45,39,19,20
09/11/2012,15:00,46,28,18
09/11/2012,15:15,45,25,20
09/11/2012,15:30,50,35,15
09/11/2012,15:45,43,29,14
09/11/2012,16:00,48,32,16
09/11/2012,16:15,50,26,24
09/11/2012,16:30,57,31,26
09/11/2012,16:45,64,35,29
09/11/2012,17:00,65,54,11
09/11/2012,17:15,87,58,29
09/11/2012,17:30,90,59,31
09/11/2012,17:45,80,63,17
09/11/2012,18:00,54,47,7
09/11/2012,18:15,70,62,8
09/11/2012,18:30,67,47,20
09/11/2012,18:45,62,52,10
09/11/2012,19:00,57,48,9
09/11/2012,19:15,49,40,9
09/11/2012,19:30,30,19,11
09/11/2012,19:45,30,22,8
09/11/2012,20:00,28,20,8
09/11/2012,20:15,29,21,8
09/11/2012,20:30,31,15,16
09/11/2012,20:45,23,15,8
09/11/2012,21:00,20,13,7
09/11/2012,21:15,15,7,8
09/11/2012,21:30,18,9,9
09/11/2012,21:45,18,15,3
09/11/2012,22:00,19,17,2
09/11/2012,22:15,14,9,5
09/11/2012,22:30,23,19,4
09/11/2012,22:45,11,7,4
09/11/2012,23:00,13,11,2
09/11/2012,23:15,15,10,5
09/11/2012,23:30,12,7,5
09/11/2012,23:45,12,12,0
10/11/2012,00:00,17,16,1
10/11/2012,00:15,14,11,3
10/11/2012,00:30,15,11,4
10/11/2012,00:45,11,11,0
10/11/2012,01:00,4,3,1
10/11/2012,01:15,12,10,2
10/11/2012,01:30,1,1,0
10/11/2012,01:45,8,5,3
10/11/2012,02:00,11,9,2
10/11/2012,02:15,6,6,0
10/11/2012,02:30,0,0,0
10/11/2012,02:45,4,4,0
10/11/2012,03:00,2,2,0
10/11/2012,03:15,1,1,0
10/11/2012,03:30,2,2,0
10/11/2012,03:45,3,2,1
10/11/2012,04:00,1,1,0
10/11/2012,04:15,0,0,0
10/11/2012,04:30,2,1,1
10/11/2012,04:45,1,1,0
10/11/2012,05:00,1,0,1
10/11/2012,05:15,1,1,0
10/11/2012,05:30,4,4,0
10/11/2012,05:45,4,2,2
10/11/2012,06:00,3,3,0
10/11/2012,06:15,9,3,6
10/11/2012,06:30,5,1,4
10/11/2012,06:45,7,4,3
10/11/2012,07:00,7,3,4
10/11/2012,07:15,11,7,4
10/11/2012,07:30,13,9,4
10/11/2012,07:45,22,15,7
10/11/2012,08:00,24,12,12
10/11/2012,08:15,29,19,10
10/11/2012,08:30,36,20,16
10/11/2012,08:45,34,17,17
10/11/2012,09:00,39,26,13
10/11/2012,09:15,56,42,14
10/11/2012,09:30,49,31,18
10/11/2012,09:45,66,37,29
10/11/2012,10:00,50,30,20
10/11/2012,10:15,50,31,19
10/11/2012,10:30,54,33,21
10/11/2012,10:45,78,33,45
10/11/2012,11:00,74,37,37
10/11/2012,11:15,63,32,31
10/11/2012,11:30,81,48,33
10/11/2012,11:45,82,41,41
10/11/2012,12:00,89,44,45
10/11/2012,12:15,70,34,36
10/11/2012,12:30,79,36,43
10/11/2012,12:45,94,44,50
10/11/2012,13:00,79,33,46
10/11/2012,13:15,62,26,36
10/11/2012,13:30,85,42,43
10/11/2012,13:45,71,26,45
10/11/2012,14:00,93,42,51
10/11/2012,14:15,94,39,55
10/11/2012,14:30,55,27,28
10/11/2012,14:45,68,42,26
10/11/2012,15:00,57,39,18
10/11/2012,15:15,69,35,34
10/11/2012,15:30,72,32,40
10/11/2012,15:45,77,52,25
10/11/2012,16:00,75,35,40
10/11/2012,16:15,87,52,35
10/11/2012,16:30,76,42,34
10/11/2012,16:45,80,44,36
10/11/2012,17:00,68,30,38
10/11/2012,17:15,62,22,40
10/11/2012,17:30,64,25,39
10/11/2012,17:45,47,34,13
10/11/2012,18:00,34,21,13
10/11/2012,18:15,34,24,10
10/11/2012,18:30,19,12,7
10/11/2012,18:45,31,17,14
10/11/2012,19:00,25,13,12
10/11/2012,19:15,33,22,11
10/11/2012,19:30,23,11,12
10/11/2012,19:45,25,17,8
10/11/2012,20:00,23,13,10
10/11/2012,20:15,20,10,10
10/11/2012,20:30,17,6,11
10/11/2012,20:45,19,12,7
10/11/2012,21:00,17,16,1
10/11/2012,21:15,15,11,4
10/11/2012,21:30,22,18,4
10/11/2012,21:45,18,12,6
10/11/2012,22:00,32,24,8
10/11/2012,22:15,10,7,3
10/11/2012,22:30,12,9,3
10/11/2012,22:45,24,19,5
10/11/2012,23:00,15,13,2
10/11/2012,23:15,16,15,1
10/11/2012,23:30,18,18,0
10/11/2012,23:45,35,28,7
11/11/2012,00:00,19,18,1
11/11/2012,00:15,13,11,2
11/11/2012,00:30,14,9,5
11/11/2012,00:45,14,11,3
11/11/2012,01:00,2,1,1
11/11/2012,01:15,18,10,8
11/11/2012,01:30,5,5,0
11/11/2012,01:45,5,5,0
11/11/2012,02:00,2,2,0
11/11/2012,02:15,6,4,2
11/11/2012,02:30,5,3,2
11/11/2012,02:45,3,3,0
11/11/2012,03:00,3,1,2
11/11/2012,03:15,3,3,0
11/11/2012,03:30,4,4,0
11/11/2012,03:45,4,3,1
11/11/2012,04:00,2,2,0
11/11/2012,04:15,0,0,0
11/11/2012,04:30,0,0,0
11/11/2012,04:45,1,1,0
11/11/2012,05:00,2,0,2
11/11/2012,05:15,1,0,1
11/11/2012,05:30,6,5,1
11/11/2012,05:45,2,1,1
11/11/2012,06:00,1,1,0
11/11/2012,06:15,6,5,1
11/11/2012,06:30,8,3,5
11/11/2012,06:45,7,3,4
11/11/2012,07:00,8,3,5
11/11/2012,07:15,10,6,4
11/11/2012,07:30,9,4,5
11/11/2012,07:45,15,12,3
11/11/2012,08:00,23,15,8
11/11/2012,08:15,15,12,3
11/11/2012,08:30,29,17,12
11/11/2012,08:45,29,17,12
11/11/2012,09:00,41,32,9
11/11/2012,09:15,38,28,10
11/11/2012,09:30,51,27,24
11/11/2012,09:45,45,35,10
11/11/2012,10:00,52,45,7
11/11/2012,10:15,75,53,22
11/11/2012,10:30,65,33,32
11/11/2012,10:45,56,34,22
11/11/2012,11:00,66,39,27
11/11/2012,11:15,64,44,20
11/11/2012,11:30,86,57,29
11/11/2012,11:45,71,29,42
11/11/2012,12:00,83,42,41
11/11/2012,12:15,81,55,26
11/11/2012,12:30,67,46,21
11/11/2012,12:45,112,69,43
11/11/2012,13:00,100,55,45
11/11/2012,13:15,69,46,23
11/11/2012,13:30,95,48,47
11/11/2012,13:45,118,77,41
11/11/2012,14:00,76,46,30
11/11/2012,14:15,97,56,41
11/11/2012,14:30,79,48,31
11/11/2012,14:45,103,59,44
11/11/2012,15:00,94,49,45
11/11/2012,15:15,101,42,59
11/11/2012,15:30,82,25,57
11/11/2012,15:45,98,40,58
11/11/2012,16:00,90,36,54
11/11/2012,16:15,116,54,62
11/11/2012,16:30,78,27,51
11/11/2012,16:45,88,35,53
11/11/2012,17:00,78,34,44
11/11/2012,17:15,54,15,39
11/11/2012,17:30,71,28,43
11/11/2012,17:45,41,24,17
11/11/2012,18:00,38,19,19
11/11/2012,18:15,27,8,19
11/11/2012,18:30,40,30,10
11/11/2012,18:45,21,16,5
11/11/2012,19:00,25,15,10
11/11/2012,19:15,36,28,8
11/11/2012,19:30,23,13,10
11/11/2012,19:45,28,19,9
11/11/2012,20:00,20,10,10
11/11/2012,20:15,25,13,12
11/11/2012,20:30,14,11,3
11/11/2012,20:45,16,10,6
11/11/2012,21:00,19,14,5
11/11/2012,21:15,17,11,6
11/11/2012,21:30,13,11,2
11/11/2012,21:45,19,7,12
11/11/2012,22:00,13,9,4
11/11/2012,22:15,14,9,5
11/11/2012,22:30,18,14,4
11/11/2012,22:45,19,10,9
11/11/2012,23:00,14,7,7
11/11/2012,23:15,11,10,1
11/11/2012,23:30,9,5,4
11/11/2012,23:45,5,5,0
12/11/2012,00:00,2,2,0
12/11/2012,00:15,4,4,0
12/11/2012,00:30,4,4,0
12/11/2012,00:45,4,3,1
12/11/2012,01:00,1,1,0
12/11/2012,01:15,6,5,1
12/11/2012,01:30,2,2,0
12/11/2012,01:45,3,3,0
12/11/2012,02:00,2,2,0
12/11/2012,02:15,0,0,0
12/11/2012,02:30,2,1,1
12/11/2012,02:45,2,1,1
12/11/2012,03:00,1,1,0
12/11/2012,03:15,2,1,1
12/11/2012,03:30,0,0,0
12/11/2012,03:45,3,1,2
12/11/2012,04:00,3,3,0
12/11/2012,04:15,0,0,0
12/11/2012,04:30,2,1,1
12/11/2012,04:45,2,2,0
12/11/2012,05:00,3,0,3
12/11/2012,05:15,2,0,2
12/11/2012,05:30,6,2,4
12/11/2012,05:45,5,2,3
12/11/2012,06:00,6,2,4
12/11/2012,06:15,12,6,6
12/11/2012,06:30,21,11,10
12/11/2012,06:45,24,11,13
12/11/2012,07:00,25,12,13
12/11/2012,07:15,29,10,19
12/11/2012,07:30,42,18,24
12/11/2012,07:45,58,19,39
12/11/2012,08:00,54,10,44
12/11/2012,08:15,74,12,62
12/11/2012,08:30,70,10,60
12/11/2012,08:45,89,30,59
12/11/2012,09:00,61,6,55
12/11/2012,09:15,77,26,51
12/11/2012,09:30,49,14,35
12/11/2012,09:45,37,20,17
12/11/2012,10:00,42,20,22
12/11/2012,10:15,38,20,18
12/11/2012,10:30,33,22,11
12/11/2012,10:45,51,36,15
12/11/2012,11:00,36,19,17
12/11/2012,11:15,50,23,27
12/11/2012,11:30,62,25,37
12/11/2012,11:45,51,28,23
12/11/2012,12:00,43,28,15
12/11/2012,12:15,40,26,14
12/11/2012,12:30,54,20,34
12/11/2012,12:45,43,25,18
12/11/2012,13:00,36,26,10
12/11/2012,13:15,41,24,17
12/11/2012,13:30,44,34,10
12/11/2012,13:45,46,17,29
12/11/2012,14:00,41,18,23
12/11/2012,14:15,48,25,23
12/11/2012,14:30,51,25,26
12/11/2012,14:45,59,33,26
12/11/2012,15:00,60,32,28
12/11/2012,15:15,62,30,32
12/11/2012,15:30,44,26,18
12/11/2012,15:45,51,32,19
12/11/2012,16:00,57,33,24
12/11/2012,16:15,65,34,31
12/11/2012,16:30,59,39,20
12/11/2012,16:45,67,42,25
12/11/2012,17:00,66,36,30
12/11/2012,17:15,89,69,20
12/11/2012,17:30,110,74,36
12/11/2012,17:45,101,77,24
12/11/2012,18:00,89,73,16
12/11/2012,18:15,82,63,19
12/11/2012,18:30,82,69,13
12/11/2012,18:45,75,64,11
12/11/2012,19:00,53,39,14
12/11/2012,19:15,57,41,16
12/11/2012,19:30,58,46,12
12/11/2012,19:45,32,30,2
12/11/2012,20:00,26,21,5
12/11/2012,20:15,27,21,6
12/11/2012,20:30,35,30,5
12/11/2012,20:45,31,24,7
12/11/2012,21:00,31,25,6
12/11/2012,21:15,30,19,11
12/11/2012,21:30,20,18,2
12/11/2012,21:45,16,16,0
12/11/2012,22:00,25,20,5
12/11/2012,22:15,29,28,1
12/11/2012,22:30,20,15,5
12/11/2012,22:45,10,7,3
12/11/2012,23:00,18,15,3
12/11/2012,23:15,17,15,2
12/11/2012,23:30,21,18,3
12/11/2012,23:45,10,7,3
13/11/2012,00:00,9,9,0
13/11/2012,00:15,7,6,1
13/11/2012,00:30,8,4,4
13/11/2012,00:45,0,0,0
13/11/2012,01:00,0,0,0
13/11/2012,01:15,3,1,2
13/11/2012,01:30,0,0,0
13/11/2012,01:45,1,1,0
13/11/2012,02:00,2,2,0
13/11/2012,02:15,2,2,0
13/11/2012,02:30,2,1,1
13/11/2012,02:45,2,2,0
13/11/2012,03:00,1,1,0
13/11/2012,03:15,0,0,0
13/11/2012,03:30,1,1,0
13/11/2012,03:45,0,0,0
13/11/2012,04:00,0,0,0
13/11/2012,04:15,0,0,0
13/11/2012,04:30,0,0,0
13/11/2012,04:45,4,1,3
13/11/2012,05:00,1,0,1
13/11/2012,05:15,5,1,4
13/11/2012,05:30,4,0,4
13/11/2012,05:45,9,3,6
13/11/2012,06:00,6,2,4
13/11/2012,06:15,30,22,8
13/11/2012,06:30,38,19,19
13/11/2012,06:45,40,19,21
13/11/2012,07:00,34,9,25
13/11/2012,07:15,55,28,27
13/11/2012,07:30,80,34,46
13/11/2012,07:45,94,28,66
13/11/2012,08:00,92,22,70
13/11/2012,08:15,112,29,83
13/11/2012,08:30,108,29,79
13/11/2012,08:45,92,28,64
13/11/2012,09:00,81,16,65
13/11/2012,09:15,68,23,45
13/11/2012,09:30,69,20,49
13/11/2012,09:45,58,30,28
13/11/2012,10:00,52,26,26
13/11/2012,10:15,42,25,17
13/11/2012,10:30,40,16,24
13/11/2012,10:45,38,17,21
13/11/2012,11:00,27,16,11
13/11/2012,11:15,24,8,16
13/11/2012,11:30,34,15,19
13/11/2012,11:45,34,15,19
13/11/2012,12:00,25,11,14
13/11/2012,12:15,36,15,21
13/11/2012,12:30,37,22,15
13/11/2012,12:45,44,20,24
13/11/2012,13:00,39,28,11
13/11/2012,13:15,45,26,19
13/11/2012,13:30,44,26,18
13/11/2012,13:45,24,11,13
13/11/2012,14:00,36,16,20
13/11/2012,14:15,39,26,13
13/11/2012,14:30,35,16,19
13/11/2012,14:45,42,25,17
13/11/2012,15:00,37,22,15
13/11/2012,15:15,43,27,16
13/11/2012,15:30,54,37,17
13/11/2012,15:45,49,29,20
13/11/2012,16:00,44,25,19
13/11/2012,16:15,67,41,26
13/11/2012,16:30,69,44,25
13/11/2012,16:45,72,46,26
13/11/2012,17:00,85,55,30
13/11/2012,17:15,100,67,33
13/11/2012,17:30,97,61,36
13/11/2012,17:45,105,84,21
13/11/2012,18:00,106,84,22
13/11/2012,18:15,110,86,24
13/11/2012,18:30,83,72,11
13/11/2012,18:45,89,74,15
13/11/2012,19:00,83,71,12
13/11/2012,19:15,50,44,6
13/11/2012,19:30,49,37,12
13/11/2012,19:45,53,43,10
13/11/2012,20:00,28,22,6
13/11/2012,20:15,44,36,8
13/11/2012,20:30,33,26,7
13/11/2012,20:45,37,23,14
13/11/2012,21:00,37,26,11
13/11/2012,21:15,36,26,10
13/11/2012,21:30,39,28,11
13/11/2012,21:45,38,30,8
13/11/2012,22:00,34,29,5
13/11/2012,22:15,21,17,4
13/11/2012,22:30,32,27,5
13/11/2012,22:45,18,13,5
13/11/2012,23:00,11,7,4
13/11/2012,23:15,15,15,0
13/11/2012,23:30,16,14,2
13/11/2012,23:45,10,8,2
14/11/2012,00:00,8,7,1
14/11/2012,00:15,8,8,0
14/11/2012,00:30,8,7,1
14/11/2012,00:45,9,8,1
14/11/2012,01:00,4,4,0
14/11/2012,01:15,5,5,0
14/11/2012,01:30,2,1,1
14/11/2012,01:45,3,2,1
14/11/2012,02:00,4,3,1
14/11/2012,02:15,4,4,0
14/11/2012,02:30,1,1,0
14/11/2012,02:45,3,1,2
14/11/2012,03:00,3,2,1
14/11/2012,03:15,0,0,0
14/11/2012,03:30,1,1,0
14/11/2012,03:45,3,3,0
14/11/2012,04:00,0,0,0
14/11/2012,04:15,0,0,0
14/11/2012,04:30,1,1,0
14/11/2012,04:45,0,0,0
14/11/2012,05:00,3,0,3
14/11/2012,05:15,6,3,3
14/11/2012,05:30,4,1,3
14/11/2012,05:45,9,4,5
14/11/2012,06:00,7,2,5
14/11/2012,06:15,18,7,11
14/11/2012,06:30,33,15,18
14/11/2012,06:45,31,17,14
14/11/2012,07:00,43,18,25
14/11/2012,07:15,51,24,27
14/11/2012,07:30,84,31,53
14/11/2012,07:45,94,23,71
14/11/2012,08:00,79,23,56
14/11/2012,08:15,105,33,72
14/11/2012,08:30,96,19,77
14/11/2012,08:45,98,26,72
14/11/2012,09:00,77,20,57
14/11/2012,09:15,70,26,44
14/11/2012,09:30,72,28,44
14/11/2012,09:45,41,15,26
14/11/2012,10:00,34,13,21
14/11/2012,10:15,38,19,19
14/11/2012,10:30,40,16,24
14/11/2012,10:45,32,14,18
14/11/2012,11:00,28,13,15
14/11/2012,11:15,33,11,22
14/11/2012,11:30,32,13,19
14/11/2012,11:45,36,19,17
14/11/2012,12:00,34,17,17
14/11/2012,12:15,43,24,19
14/11/2012,12:30,45,33,12
14/11/2012,12:45,43,25,18
14/11/2012,13:00,33,17,16
14/11/2012,13:15,43,23,20
14/11/2012,13:30,41,23,18
14/11/2012,13:45,35,21,14
14/11/2012,14:00,39,20,19
14/11/2012,14:15,59,36,23
14/11/2012,14:30,45,30,15
14/11/2012,14:45,52,30,22
14/11/2012,15:00,46,26,20
14/11/2012,15:15,50,29,21
14/11/2012,15:30,54,35,19
14/11/2012,15:45,70,46,24
14/11/2012,16:00,54,34,20
14/11/2012,16:15,64,42,22
14/11/2012,16:30,68,45,23
14/11/2012,16:45,80,52,28
14/11/2012,17:00,102,59,43
14/11/2012,17:15,115,72,43
14/11/2012,17:30,97,62,35
14/11/2012,17:45,101,73,28
14/11/2012,18:00,109,84,25
14/11/2012,18:15,100,73,27
14/11/2012,18:30,91,71,20
14/11/2012,18:45,82,59,23
14/11/2012,19:00,59,52,7
14/11/2012,19:15,58,37,21
14/11/2012,19:30,60,41,19
14/11/2012,19:45,54,44,10
14/11/2012,20:00,42,36,6
14/11/2012,20:15,58,44,14
14/11/2012,20:30,56,40,16
14/11/2012,20:45,40,34,6
14/11/2012,21:00,21,14,7
14/11/2012,21:15,63,33,30
14/11/2012,21:30,23,17,6
14/11/2012,21:45,36,30,6
14/11/2012,22:00,32,22,10
14/11/2012,22:15,14,12,2
14/11/2012,22:30,26,25,1
14/11/2012,22:45,30,21,9
14/11/2012,23:00,29,24,5
14/11/2012,23:15,20,18,2
14/11/2012,23:30,12,12,0
14/11/2012,23:45,8,7,1
15/11/2012,00:00,11,9,2
15/11/2012,00:15,13,9,4
15/11/2012,00:30,13,12,1
15/11/2012,00:45,11,11,0
15/11/2012,01:00,2,2,0
15/11/2012,01:15,8,7,1
15/11/2012,01:30,3,3,0
15/11/2012,01:45,1,1,0
15/11/2012,02:00,4,4,0
15/11/2012,02:15,1,1,0
15/11/2012,02:30,2,2,0
15/11/2012,02:45,2,0,2
15/11/2012,03:00,4,2,2
15/11/2012,03:15,1,1,0
15/11/2012,03:30,2,2,0
15/11/2012,03:45,1,1,0
15/11/2012,04:00,1,0,1
15/11/2012,04:15,0,0,0
15/11/2012,04:30,4,3,1
15/11/2012,04:45,0,0,0
15/11/2012,05:00,3,0,3
15/11/2012,05:15,4,2,2
15/11/2012,05:30,1,0,1
15/11/2012,05:45,6,2,4
15/11/2012,06:00,12,7,5
15/11/2012,06:15,32,23,9
15/11/2012,06:30,28,12,16
15/11/2012,06:45,29,14,15
15/11/2012,07:00,51,25,26
15/11/2012,07:15,57,22,35
15/11/2012,07:30,66,21,45
15/11/2012,07:45,73,20,53
15/11/2012,08:00,73,22,51
15/11/2012,08:15,90,28,62
15/11/2012,08:30,101,21,80
15/11/2012,08:45,96,24,72
15/11/2012,09:00,67,20,47
15/11/2012,09:15,78,33,45
15/11/2012,09:30,67,17,50
15/11/2012,09:45,50,20,30
15/11/2012,10:00,47,22,25
15/11/2012,10:15,43,20,23
15/11/2012,10:30,32,14,18
15/11/2012,10:45,35,16,19
15/11/2012,11:00,33,20,13
15/11/2012,11:15,32,16,16
15/11/2012,11:30,37,17,20
15/11/2012,11:45,29,13,16
15/11/2012,12:00,34,17,17
15/11/2012,12:15,28,11,17
15/11/2012,12:30,40,23,17
15/11/2012,12:45,30,16,14
15/11/2012,13:00,25,9,16
15/11/2012,13:15,35,19,16
15/11/2012,13:30,32,19,13
15/11/2012,13:45,30,15,15
15/11/2012,14:00,39,22,17
15/11/2012,14:15,46,25,21
15/11/2012,14:30,30,23,7
15/11/2012,14:45,33,20,13
15/11/2012,15:00,34,18,16
15/11/2012,15:15,53,24,29
15/11/2012,15:30,51,34,17
15/11/2012,15:45,33,28,5
15/11/2012,16:00,59,39,20
15/11/2012,16:15,69,47,22
15/11/2012,16:30,78,47,31
15/11/2012,16:45,79,53,26
15/11/2012,17:00,79,52,27
15/11/2012,17:15,74,42,32
15/11/2012,17:30,102,69,33
15/11/2012,17:45,96,74,22
15/11/2012,18:00,96,78,18
15/11/2012,18:15,93,79,14
15/11/2012,18:30,81,62,19
15/11/2012,18:45,86,66,20
15/11/2012,19:00,60,51,9
15/11/2012,19:15,63,48,15
15/11/2012,19:30,69,52,17
15/11/2012,19:45,40,35,5
15/11/2012,20:00,39,30,9
15/11/2012,20:15,50,34,16
15/11/2012,20:30,45,31,14
15/11/2012,20:45,31,25,6
15/11/2012,21:00,28,18,10
15/11/2012,21:15,37,25,12
15/11/2012,21:30,33,24,9
15/11/2012,21:45,31,23,8
15/11/2012,22:00,32,26,6
15/11/2012,22:15,24,19,5
15/11/2012,22:30,29,20,9
15/11/2012,22:45,20,15,5
15/11/2012,23:00,21,19,2
15/11/2012,23:15,22,19,3
15/11/2012,23:30,24,19,5
15/11/2012,23:45,11,8,3
16/11/2012,00:00,9,8,1
16/11/2012,00:15,10,9,1
16/11/2012,00:30,9,9,0
16/11/2012,00:45,5,5,0
16/11/2012,01:00,3,2,1
16/11/2012,01:15,5,5,0
16/11/2012,01:30,8,7,1
16/11/2012,01:45,1,1,0
16/11/2012,02:00,17,12,5
16/11/2012,02:15,5,3,2
16/11/2012,02:30,1,1,0
16/11/2012,02:45,1,1,0
16/11/2012,03:00,4,2,2
16/11/2012,03:15,4,2,2
16/11/2012,03:30,0,0,0
16/11/2012,03:45,0,0,0
16/11/2012,04:00,1,1,0
16/11/2012,04:15,0,0,0
16/11/2012,04:30,2,2,0
16/11/2012,04:45,1,1,0
16/11/2012,05:00,2,0,2
16/11/2012,05:15,5,2,3
16/11/2012,05:30,1,1,0
16/11/2012,05:45,5,3,2
16/11/2012,06:00,6,3,3
16/11/2012,06:15,7,5,2
16/11/2012,06:30,10,2,8
16/11/2012,06:45,13,3,10
16/11/2012,07:00,16,3,13
16/11/2012,07:15,18,5,13
16/11/2012,07:30,22,4,18
16/11/2012,07:45,27,12,15
16/11/2012,08:00,26,5,21
16/11/2012,08:15,28,6,22
16/11/2012,08:30,30,12,18
16/11/2012,08:45,26,10,16
16/11/2012,09:00,20,7,13
16/11/2012,09:15,32,9,23
16/11/2012,09:30,27,8,19
16/11/2012,09:45,20,6,14
16/11/2012,10:00,6,4,2
16/11/2012,10:15,11,7,4
16/11/2012,10:30,22,9,13
16/11/2012,10:45,19,6,13
16/11/2012,11:00,20,11,9
16/11/2012,11:15,22,14,8
16/11/2012,11:30,18,14,4
16/11/2012,11:45,22,8,14
16/11/2012,12:00,19,11,8
16/11/2012,12:15,23,9,14
16/11/2012,12:30,19,9,10
16/11/2012,12:45,17,11,6
16/11/2012,13:00,24,12,12
16/11/2012,13:15,18,14,4
16/11/2012,13:30,8,3,5
16/11/2012,13:45,12,3,9
16/11/2012,14:00,16,8,8
16/11/2012,14:15,9,4,5
16/11/2012,14:30,14,6,8
16/11/2012,14:45,8,4,4
16/11/2012,15:00,12,8,4
16/11/2012,15:15,11,7,4
16/11/2012,15:30,24,19,5
16/11/2012,15:45,18,14,4
16/11/2012,16:00,17,8,9
16/11/2012,16:15,20,15,5
16/11/2012,16:30,28,14,14
16/11/2012,16:45,22,13,9
16/11/2012,17:00,28,20,8
16/11/2012,17:15,34,27,7
16/11/2012,17:30,28,23,5
16/11/2012,17:45,34,27,7
16/11/2012,18:00,37,26,11
16/11/2012,18:15,38,30,8
16/11/2012,18:30,33,22,11
16/11/2012,18:45,22,18,4
16/11/2012,19:00,25,19,6
16/11/2012,19:15,16,12,4
16/11/2012,19:30,14,12,2
16/11/2012,19:45,20,15,5
16/11/2012,20:00,9,8,1
16/11/2012,20:15,15,10,5
16/11/2012,20:30,7,7,0
16/11/2012,20:45,8,6,2
16/11/2012,21:00,9,4,5
16/11/2012,21:15,9,6,3
16/11/2012,21:30,4,2,2
16/11/2012,21:45,5,4,1
16/11/2012,22:00,6,4,2
16/11/2012,22:15,8,3,5
16/11/2012,22:30,8,7,1
16/11/2012,22:45,6,4,2
16/11/2012,23:00,5,3,2
16/11/2012,23:15,6,4,2
16/11/2012,23:30,4,3,1
16/11/2012,23:45,7,7,0
17/11/2012,00:00,9,9,0
17/11/2012,00:15,4,4,0
17/11/2012,00:30,7,7,0
17/11/2012,00:45,1,1,0
17/11/2012,01:00,1,1,0
17/11/2012,01:15,3,3,0
17/11/2012,01:30,0,0,0
17/11/2012,01:45,1,1,0
17/11/2012,02:00,2,1,1
17/11/2012,02:15,0,0,0
17/11/2012,02:30,1,0,1
17/11/2012,02:45,2,2,0
17/11/2012,03:00,2,0,2
17/11/2012,03:15,1,1,0
17/11/2012,03:30,2,1,1
17/11/2012,03:45,2,2,0
17/11/2012,04:00,0,0,0
17/11/2012,04:15,0,0,0
17/11/2012,04:30,1,1,0
17/11/2012,04:45,0,0,0
17/11/2012,05:00,1,0,1
17/11/2012,05:15,0,0,0
17/11/2012,05:30,0,0,0
17/11/2012,05:45,0,0,0
17/11/2012,06:00,0,0,0
17/11/2012,06:15,1,0,1
17/11/2012,06:30,5,4,1
17/11/2012,06:45,1,1,0
17/11/2012,07:00,2,0,2
17/11/2012,07:15,9,3,6
17/11/2012,07:30,5,4,1
17/11/2012,07:45,8,6,2
17/11/2012,08:00,5,3,2
17/11/2012,08:15,8,4,4
17/11/2012,08:30,8,3,5
17/11/2012,08:45,9,5,4
17/11/2012,09:00,5,3,2
17/11/2012,09:15,11,6,5
17/11/2012,09:30,8,5,3
17/11/2012,09:45,10,5,5
17/11/2012,10:00,11,7,4
17/11/2012,10:15,10,7,3
17/11/2012,10:30,14,11,3
17/11/2012,10:45,22,12,10
17/11/2012,11:00,18,10,8
17/11/2012,11:15,13,8,5
17/11/2012,11:30,20,10,10
17/11/2012,11:45,22,11,11
17/11/2012,12:00,11,8,3
17/11/2012,12:15,32,16,16
17/11/2012,12:30,31,20,11
17/11/2012,12:45,23,18,5
17/11/2012,13:00,29,20,9
17/11/2012,13:15,39,24,15
17/11/2012,13:30,43,16,27
17/11/2012,13:45,47,38,9
17/11/2012,14:00,32,19,13
17/11/2012,14:15,42,29,13
17/11/2012,14:30,60,23,37
17/11/2012,14:45,47,31,16
17/11/2012,15:00,47,24,23
17/11/2012,15:15,41,29,12
17/11/2012,15:30,33,17,16
17/11/2012,15:45,43,27,16
17/11/2012,16:00,40,19,21
17/11/2012,16:15,35,19,16
17/11/2012,16:30,38,17,21
17/11/2012,16:45,47,26,21
17/11/2012,17:00,36,15,21
17/11/2012,17:15,28,12,16
17/11/2012,17:30,24,16,8
17/11/2012,17:45,16,8,8
17/11/2012,18:00,11,7,4
17/11/2012,18:15,17,8,9
17/11/2012,18:30,16,9,7
17/11/2012,18:45,17,11,6
17/11/2012,19:00,14,10,4
17/11/2012,19:15,16,9,7
17/11/2012,19:30,6,2,4
17/11/2012,19:45,3,1,2
17/11/2012,20:00,10,7,3
17/11/2012,20:15,8,3,5
17/11/2012,20:30,9,3,6
17/11/2012,20:45,7,5,2
17/11/2012,21:00,5,3,2
17/11/2012,21:15,9,5,4
17/11/2012,21:30,3,2,1
17/11/2012,21:45,2,1,1
17/11/2012,22:00,5,4,1
17/11/2012,22:15,10,6,4
17/11/2012,22:30,8,5,3
17/11/2012,22:45,2,1,1
17/11/2012,23:00,3,2,1
17/11/2012,23:15,7,4,3
17/11/2012,23:30,6,5,1
17/11/2012,23:45,10,9,1
18/11/2012,00:00,6,4,2
18/11/2012,00:15,8,8,0
18/11/2012,00:30,8,6,2
18/11/2012,00:45,2,2,0
18/11/2012,01:00,1,1,0
18/11/2012,01:15,2,2,0
18/11/2012,01:30,2,2,0
18/11/2012,01:45,3,2,1
18/11/2012,02:00,3,3,0
18/11/2012,02:15,3,3,0
18/11/2012,02:30,3,3,0
18/11/2012,02:45,2,0,2
18/11/2012,03:00,1,1,0
18/11/2012,03:15,3,2,1
18/11/2012,03:30,1,1,0
18/11/2012,03:45,0,0,0
18/11/2012,04:00,0,0,0
18/11/2012,04:15,1,1,0
18/11/2012,04:30,1,0,1
18/11/2012,04:45,1,1,0
18/11/2012,05:00,2,1,1
18/11/2012,05:15,1,1,0
18/11/2012,05:30,2,1,1
18/11/2012,05:45,2,1,1
18/11/2012,06:00,1,1,0
18/11/2012,06:15,4,3,1
18/11/2012,06:30,7,2,5
18/11/2012,06:45,2,0,2
18/11/2012,07:00,4,4,0
18/11/2012,07:15,10,6,4
18/11/2012,07:30,17,12,5
18/11/2012,07:45,25,14,11
18/11/2012,08:00,13,10,3
18/11/2012,08:15,14,10,4
18/11/2012,08:30,25,14,11
18/11/2012,08:45,26,17,9
18/11/2012,09:00,23,12,11
18/11/2012,09:15,28,17,11
18/11/2012,09:30,29,11,18
18/11/2012,09:45,38,23,15
18/11/2012,10:00,65,39,26
18/11/2012,10:15,46,30,16
18/11/2012,10:30,60,35,25
18/11/2012,10:45,56,34,22
18/11/2012,11:00,51,29,22
18/11/2012,11:15,51,28,23
18/11/2012,11:30,59,42,17
18/11/2012,11:45,72,37,35
18/11/2012,12:00,74,49,25
18/11/2012,12:15,56,39,17
18/11/2012,12:30,77,46,31
18/11/2012,12:45,85,49,36
18/11/2012,13:00,80,42,38
18/11/2012,13:15,79,42,37
18/11/2012,13:30,80,52,28
18/11/2012,13:45,73,42,31
18/11/2012,14:00,92,50,42
18/11/2012,14:15,88,56,32
18/11/2012,14:30,87,47,40
18/11/2012,14:45,85,50,35
18/11/2012,15:00,68,31,37
18/11/2012,15:15,95,37,58
18/11/2012,15:30,70,43,27
18/11/2012,15:45,82,52,30
18/11/2012,16:00,73,32,41
18/11/2012,16:15,57,28,29
18/11/2012,16:30,98,31,67
18/11/2012,16:45,62,32,30
18/11/2012,17:00,52,20,32
18/11/2012,17:15,55,29,26
18/11/2012,17:30,42,14,28
18/11/2012,17:45,49,23,26
18/11/2012,18:00,33,20,13
18/11/2012,18:15,26,13,13
18/11/2012,18:30,20,14,6
18/11/2012,18:45,24,10,14
18/11/2012,19:00,22,12,10
18/11/2012,19:15,15,6,9
18/11/2012,19:30,19,15,4
18/11/2012,19:45,21,10,11
18/11/2012,20:00,15,12,3
18/11/2012,20:15,9,4,5
18/11/2012,20:30,17,14,3
18/11/2012,20:45,17,10,7
18/11/2012,21:00,11,7,4
18/11/2012,21:15,14,7,7
18/11/2012,21:30,15,11,4
18/11/2012,21:45,10,9,1
18/11/2012,22:00,10,10,0
18/11/2012,22:15,14,12,2
18/11/2012,22:30,15,12,3
18/11/2012,22:45,16,11,5
18/11/2012,23:00,9,7,2
18/11/2012,23:15,10,5,5
18/11/2012,23:30,3,3,0
18/11/2012,23:45,7,6,1
19/11/2012,00:00,11,9,2
19/11/2012,00:15,5,3,2
19/11/2012,00:30,4,4,0
19/11/2012,00:45,5,5,0
19/11/2012,01:00,0,0,0
19/11/2012,01:15,1,1,0
19/11/2012,01:30,0,0,0
19/11/2012,01:45,1,0,1
19/11/2012,02:00,2,1,1
19/11/2012,02:15,3,3,0
19/11/2012,02:30,1,1,0
19/11/2012,02:45,1,1,0
19/11/2012,03:00,0,0,0
19/11/2012,03:15,3,2,1
19/11/2012,03:30,2,2,0
19/11/2012,03:45,2,2,0
19/11/2012,04:00,1,1,0
19/11/2012,04:15,2,2,0
19/11/2012,04:30,0,0,0
19/11/2012,04:45,3,3,0
19/11/2012,05:00,5,0,5
19/11/2012,05:15,3,2,1
19/11/2012,05:30,4,0,4
19/11/2012,05:45,5,1,4
19/11/2012,06:00,9,3,6
19/11/2012,06:15,20,11,9
19/11/2012,06:30,36,21,15
19/11/2012,06:45,28,12,16
19/11/2012,07:00,32,14,18
19/11/2012,07:15,48,10,38
19/11/2012,07:30,63,28,35
19/11/2012,07:45,68,22,46
19/11/2012,08:00,78,15,63
19/11/2012,08:15,88,19,69
19/11/2012,08:30,93,20,73
19/11/2012,08:45,91,23,68
19/11/2012,09:00,68,24,44
19/11/2012,09:15,74,20,54
19/11/2012,09:30,58,16,42
19/11/2012,09:45,44,19,25
19/11/2012,10:00,43,19,24
19/11/2012,10:15,26,12,14
19/11/2012,10:30,20,14,6
19/11/2012,10:45,37,17,20
19/11/2012,11:00,30,21,9
19/11/2012,11:15,44,20,24
19/11/2012,11:30,31,21,10
19/11/2012,11:45,44,21,23
19/11/2012,12:00,27,14,13
19/11/2012,12:15,26,15,11
19/11/2012,12:30,34,25,9
19/11/2012,12:45,41,18,23
19/11/2012,13:00,35,19,16
19/11/2012,13:15,27,15,12
19/11/2012,13:30,36,19,17
19/11/2012,13:45,33,18,15
19/11/2012,14:00,38,25,13
19/11/2012,14:15,44,24,20
19/11/2012,14:30,41,17,24
19/11/2012,14:45,49,27,22
19/11/2012,15:00,45,25,20
19/11/2012,15:15,46,31,15
19/11/2012,15:30,54,31,23
19/11/2012,15:45,43,32,11
19/11/2012,16:00,61,42,19
19/11/2012,16:15,60,41,19
19/11/2012,16:30,63,39,24
19/11/2012,16:45,62,33,29
19/11/2012,17:00,88,57,31
19/11/2012,17:15,88,60,28
19/11/2012,17:30,109,84,25
19/11/2012,17:45,108,76,32
19/11/2012,18:00,101,75,26
19/11/2012,18:15,109,81,28
19/11/2012,18:30,102,78,24
19/11/2012,18:45,67,54,13
19/11/2012,19:00,52,42,10
19/11/2012,19:15,64,48,16
19/11/2012,19:30,43,32,11
19/11/2012,19:45,51,43,8
19/11/2012,20:00,32,26,6
19/11/2012,20:15,26,20,6
19/11/2012,20:30,30,25,5
19/11/2012,20:45,33,24,9
19/11/2012,21:00,42,32,10
19/11/2012,21:15,28,19,9
19/11/2012,21:30,26,17,9
19/11/2012,21:45,32,28,4
19/11/2012,22:00,23,18,5
19/11/2012,22:15,18,11,7
19/11/2012,22:30,33,22,11
19/11/2012,22:45,22,16,6
19/11/2012,23:00,24,12,12
19/11/2012,23:15,15,10,5
19/11/2012,23:30,20,15,5
19/11/2012,23:45,10,10,0
20/11/2012,00:00,11,9,2
20/11/2012,00:15,7,5,2
20/11/2012,00:30,11,10,1
20/11/2012,00:45,3,3,0
20/11/2012,01:00,4,2,2
20/11/2012,01:15,3,3,0
20/11/2012,01:30,3,3,0
20/11/2012,01:45,2,1,1
20/11/2012,02:00,2,2,0
20/11/2012,02:15,2,2,0
20/11/2012,02:30,5,3,2
20/11/2012,02:45,1,1,0
20/11/2012,03:00,3,2,1
20/11/2012,03:15,1,1,0
20/11/2012,03:30,2,1,1
20/11/2012,03:45,0,0,0
20/11/2012,04:00,0,0,0
20/11/2012,04:15,1,0,1
20/11/2012,04:30,2,2,0
20/11/2012,04:45,3,2,1
20/11/2012,05:00,3,1,2
20/11/2012,05:15,6,2,4
20/11/2012,05:30,3,0,3
20/11/2012,05:45,6,1,5
20/11/2012,06:00,7,2,5
20/11/2012,06:15,16,9,7
20/11/2012,06:30,14,5,9
20/11/2012,06:45,20,10,10
20/11/2012,07:00,30,7,23
20/11/2012,07:15,33,11,22
20/11/2012,07:30,32,9,23
20/11/2012,07:45,39,8,31
20/11/2012,08:00,56,8,48
20/11/2012,08:15,39,11,28
20/11/2012,08:30,50,14,36
20/11/2012,08:45,54,18,36
20/11/2012,09:00,45,11,34
20/11/2012,09:15,45,21,24
20/11/2012,09:30,49,16,33
20/11/2012,09:45,34,15,19
20/11/2012,10:00,25,7,18
20/11/2012,10:15,34,18,16
20/11/2012,10:30,35,13,22
20/11/2012,10:45,27,12,15
20/11/2012,11:00,21,7,14
20/11/2012,11:15,17,10,7
20/11/2012,11:30,27,13,14
20/11/2012,11:45,19,14,5
20/11/2012,12:00,24,11,13
20/11/2012,12:15,19,10,9
20/11/2012,12:30,12,8,4
20/11/2012,12:45,23,10,13
20/11/2012,13:00,19,11,8
20/11/2012,13:15,21,12,9
20/11/2012,13:30,20,12,8
20/11/2012,13:45,19,10,9
20/11/2012,14:00,20,9,11
20/11/2012,14:15,24,13,11
20/11/2012,14:30,19,11,8
20/11/2012,14:45,23,10,13
20/11/2012,15:00,42,27,15
20/11/2012,15:15,27,19,8
20/11/2012,15:30,38,20,18
20/11/2012,15:45,26,17,9
20/11/2012,16:00,35,27,8
20/11/2012,16:15,31,20,11
20/11/2012,16:30,37,31,6
20/11/2012,16:45,47,33,14
20/11/2012,17:00,41,25,16
20/11/2012,17:15,50,33,17
20/11/2012,17:30,54,41,13
20/11/2012,17:45,55,34,21
20/11/2012,18:00,58,48,10
20/11/2012,18:15,57,44,13
20/11/2012,18:30,55,42,13
20/11/2012,18:45,46,39,7
20/11/2012,19:00,42,33,9
20/11/2012,19:15,40,31,9
20/11/2012,19:30,42,31,11
20/11/2012,19:45,37,29,8
20/11/2012,20:00,27,17,10
20/11/2012,20:15,24,16,8
20/11/2012,20:30,29,26,3
20/11/2012,20:45,15,11,4
20/11/2012,21:00,15,11,4
20/11/2012,21:15,14,14,0
20/11/2012,21:30,13,10,3
20/11/2012,21:45,13,10,3
20/11/2012,22:00,11,7,4
20/11/2012,22:15,13,12,1
20/11/2012,22:30,5,5,0
20/11/2012,22:45,5,5,0
20/11/2012,23:00,13,10,3
20/11/2012,23:15,5,3,2
20/11/2012,23:30,5,3,2
20/11/2012,23:45,8,7,1
21/11/2012,00:00,3,3,0
21/11/2012,00:15,2,0,2
21/11/2012,00:30,1,1,0
21/11/2012,00:45,3,3,0
21/11/2012,01:00,1,1,0
21/11/2012,01:15,2,2,0
21/11/2012,01:30,1,1,0
21/11/2012,01:45,3,3,0
21/11/2012,02:00,2,1,1
21/11/2012,02:15,3,3,0
21/11/2012,02:30,2,2,0
21/11/2012,02:45,1,1,0
21/11/2012,03:00,1,1,0
21/11/2012,03:15,0,0,0
21/11/2012,03:30,1,1,0
21/11/2012,03:45,0,0,0
21/11/2012,04:00,1,0,1
21/11/2012,04:15,1,1,0
21/11/2012,04:30,2,0,2
21/11/2012,04:45,1,1,0
21/11/2012,05:00,0,0,0
21/11/2012,05:15,0,0,0
21/11/2012,05:30,4,1,3
21/11/2012,05:45,1,1,0
21/11/2012,06:00,3,1,2
21/11/2012,06:15,8,2,6
21/11/2012,06:30,10,6,4
21/11/2012,06:45,11,5,6
21/11/2012,07:00,14,4,10
21/11/2012,07:15,19,6,13
21/11/2012,07:30,19,7,12
21/11/2012,07:45,32,6,26
21/11/2012,08:00,25,10,15
21/11/2012,08:15,34,8,26
21/11/2012,08:30,38,17,21
21/11/2012,08:45,45,16,29
21/11/2012,09:00,41,13,28
21/11/2012,09:15,31,10,21
21/11/2012,09:30,43,12,31
21/11/2012,09:45,26,12,14
21/11/2012,10:00,28,15,13
21/11/2012,10:15,15,6,9
21/11/2012,10:30,27,13,14
21/11/2012,10:45,34,19,15
21/11/2012,11:00,31,19,12
21/11/2012,11:15,30,13,17
21/11/2012,11:30,24,14,10
21/11/2012,11:45,32,16,16
21/11/2012,12:00,26,21,5
21/11/2012,12:15,29,19,10
21/11/2012,12:30,24,14,10
21/11/2012,12:45,36,17,19
21/11/2012,13:00,39,27,12
21/11/2012,13:15,35,15,20
21/11/2012,13:30,30,15,15
21/11/2012,13:45,48,39,9
21/11/2012,14:00,44,25,19
21/11/2012,14:15,49,31,18
21/11/2012,14:30,58,35,23
21/11/2012,14:45,37,23,14
21/11/2012,15:00,29,16,13
21/11/2012,15:15,56,30,26
21/11/2012,15:30,64,39,25
21/11/2012,15:45,51,31,20
21/11/2012,16:00,58,39,19
21/11/2012,16:15,58,33,25
21/11/2012,16:30,59,36,23
21/11/2012,16:45,64,43,21
21/11/2012,17:00,44,29,15
21/11/2012,17:15,70,51,19
21/11/2012,17:30,48,34,14
21/11/2012,17:45,51,29,22
21/11/2012,18:00,41,35,6
21/11/2012,18:15,44,31,13
21/11/2012,18:30,37,29,8
21/11/2012,18:45,35,26,9
21/11/2012,19:00,22,12,10
21/11/2012,19:15,32,22,10
21/11/2012,19:30,29,22,7
21/11/2012,19:45,19,14,5
21/11/2012,20:00,18,15,3
21/11/2012,20:15,18,14,4
21/11/2012,20:30,18,11,7
21/11/2012,20:45,15,11,4
21/11/2012,21:00,18,7,11
21/11/2012,21:15,27,9,18
21/11/2012,21:30,14,9,5
21/11/2012,21:45,21,15,6
21/11/2012,22:00,13,11,2
21/11/2012,22:15,9,5,4
21/11/2012,22:30,11,8,3
21/11/2012,22:45,10,9,1
21/11/2012,23:00,12,6,6
21/11/2012,23:15,6,4,2
21/11/2012,23:30,7,6,1
21/11/2012,23:45,11,8,3
22/11/2012,00:00,11,9,2
22/11/2012,00:15,12,10,2
22/11/2012,00:30,7,7,0
22/11/2012,00:45,8,8,0
22/11/2012,01:00,2,2,0
22/11/2012,01:15,2,2,0
22/11/2012,01:30,3,1,2
22/11/2012,01:45,8,7,1
22/11/2012,02:00,2,2,0
22/11/2012,02:15,4,4,0
22/11/2012,02:30,2,1,1
22/11/2012,02:45,1,1,0
22/11/2012,03:00,3,3,0
22/11/2012,03:15,5,5,0
22/11/2012,03:30,0,0,0
22/11/2012,03:45,0,0,0
22/11/2012,04:00,1,1,0
22/11/2012,04:15,2,0,2
22/11/2012,04:30,2,1,1
22/11/2012,04:45,2,1,1
22/11/2012,05:00,1,0,1
22/11/2012,05:15,1,0,1
22/11/2012,05:30,1,1,0
22/11/2012,05:45,1,1,0
22/11/2012,06:00,4,2,2
22/11/2012,06:15,5,4,1
22/11/2012,06:30,7,3,4
22/11/2012,06:45,7,6,1
22/11/2012,07:00,8,5,3
22/11/2012,07:15,10,9,1
22/11/2012,07:30,13,9,4
22/11/2012,07:45,15,10,5
22/11/2012,08:00,4,4,0
22/11/2012,08:15,24,17,7
22/11/2012,08:30,27,17,10
22/11/2012,08:45,33,23,10
22/11/2012,09:00,47,39,8
22/11/2012,09:15,29,19,10
22/11/2012,09:30,46,33,13
22/11/2012,09:45,34,21,13
22/11/2012,10:00,37,23,14
22/11/2012,10:15,54,28,26
22/11/2012,10:30,51,30,21
22/11/2012,10:45,52,32,20
22/11/2012,11:00,46,28,18
22/11/2012,11:15,66,32,34
22/11/2012,11:30,46,19,27
22/11/2012,11:45,69,39,30
22/11/2012,12:00,60,33,27
22/11/2012,12:15,62,35,27
22/11/2012,12:30,42,29,13
22/11/2012,12:45,39,19,20
22/11/2012,13:00,45,28,17
22/11/2012,13:15,59,28,31
22/11/2012,13:30,56,17,39
22/11/2012,13:45,58,29,29
22/11/2012,14:00,39,20,19
22/11/2012,14:15,41,24,17
22/11/2012,14:30,44,30,14
22/11/2012,14:45,57,28,29
22/11/2012,15:00,43,18,25
22/11/2012,15:15,33,13,20
22/11/2012,15:30,29,16,13
22/11/2012,15:45,30,11,19
22/11/2012,16:00,23,12,11
22/11/2012,16:15,21,15,6
22/11/2012,16:30,13,6,7
22/11/2012,16:45,24,15,9
22/11/2012,17:00,19,8,11
22/11/2012,17:15,13,4,9
22/11/2012,17:30,16,6,10
22/11/2012,17:45,16,5,11
22/11/2012,18:00,7,2,5
22/11/2012,18:15,8,5,3
22/11/2012,18:30,12,5,7
22/11/2012,18:45,6,2,4
22/11/2012,19:00,5,3,2
22/11/2012,19:15,8,2,6
22/11/2012,19:30,5,3,2
22/11/2012,19:45,2,1,1
22/11/2012,20:00,4,4,0
22/11/2012,20:15,9,3,6
22/11/2012,20:30,10,6,4
22/11/2012,20:45,7,6,1
22/11/2012,21:00,8,3,5
22/11/2012,21:15,8,3,5
22/11/2012,21:30,15,8,7
22/11/2012,21:45,11,5,6
22/11/2012,22:00,8,3,5
22/11/2012,22:15,12,7,5
22/11/2012,22:30,8,6,2
22/11/2012,22:45,8,4,4
22/11/2012,23:00,17,5,12
22/11/2012,23:15,8,8,0
22/11/2012,23:30,6,2,4
22/11/2012,23:45,11,9,2
23/11/2012,00:00,2,2,0
23/11/2012,00:15,9,6,3
23/11/2012,00:30,15,12,3
23/11/2012,00:45,8,7,1
23/11/2012,01:00,1,0,1
23/11/2012,01:15,3,3,0
23/11/2012,01:30,2,0,2
23/11/2012,01:45,1,1,0
23/11/2012,02:00,1,1,0
23/11/2012,02:15,1,1,0
23/11/2012,02:30,0,0,0
23/11/2012,02:45,0,0,0
23/11/2012,03:00,0,0,0
23/11/2012,03:15,0,0,0
23/11/2012,03:30,2,2,0
23/11/2012,03:45,0,0,0
23/11/2012,04:00,0,0,0
23/11/2012,04:15,2,2,0
23/11/2012,04:30,2,1,1
23/11/2012,04:45,2,1,1
23/11/2012,05:00,1,0,1
23/11/2012,05:15,1,1,0
23/11/2012,05:30,1,1,0
23/11/2012,05:45,1,0,1
23/11/2012,06:00,1,1,0
23/11/2012,06:15,2,1,1
23/11/2012,06:30,10,2,8
23/11/2012,06:45,6,1,5
23/11/2012,07:00,5,3,2
23/11/2012,07:15,9,4,5
23/11/2012,07:30,8,6,2
23/11/2012,07:45,12,4,8
23/11/2012,08:00,18,7,11
23/11/2012,08:15,9,4,5
23/11/2012,08:30,22,13,9
23/11/2012,08:45,19,6,13
23/11/2012,09:00,19,9,10
23/11/2012,09:15,24,10,14
23/11/2012,09:30,20,13,7
23/11/2012,09:45,26,15,11
23/11/2012,10:00,31,23,8
23/11/2012,10:15,28,19,9
23/11/2012,10:30,28,19,9
23/11/2012,10:45,41,25,16
23/11/2012,11:00,44,28,16
23/11/2012,11:15,44,33,11
23/11/2012,11:30,55,37,18
23/11/2012,11:45,66,48,18
23/11/2012,12:00,59,37,22
23/11/2012,12:15,48,26,22
23/11/2012,12:30,50,26,24
23/11/2012,12:45,55,33,22
23/11/2012,13:00,47,23,24
23/11/2012,13:15,55,27,28
23/11/2012,13:30,45,22,23
23/11/2012,13:45,65,38,27
23/11/2012,14:00,51,30,21
23/11/2012,14:15,85,54,31
23/11/2012,14:30,81,49,32
23/11/2012,14:45,81,36,45
23/11/2012,15:00,66,36,30
23/11/2012,15:15,71,37,34
23/11/2012,15:30,60,28,32
23/11/2012,15:45,80,49,31
23/11/2012,16:00,69,28,41
23/11/2012,16:15,64,38,26
23/11/2012,16:30,64,20,44
23/11/2012,16:45,55,23,32
23/11/2012,17:00,50,14,36
23/11/2012,17:15,67,18,49
23/11/2012,17:30,60,28,32
23/11/2012,17:45,36,18,18
23/11/2012,18:00,28,13,15
23/11/2012,18:15,27,12,15
23/11/2012,18:30,17,8,9
23/11/2012,18:45,23,14,9
23/11/2012,19:00,24,19,5
23/11/2012,19:15,14,9,5
23/11/2012,19:30,14,10,4
23/11/2012,19:45,14,7,7
23/11/2012,20:00,17,11,6
23/11/2012,20:15,8,5,3
23/11/2012,20:30,17,7,10
23/11/2012,20:45,10,7,3
23/11/2012,21:00,14,2,12
23/11/2012,21:15,15,8,7
23/11/2012,21:30,13,5,8
23/11/2012,21:45,11,9,2
23/11/2012,22:00,14,6,8
23/11/2012,22:15,14,11,3
23/11/2012,22:30,10,8,2
23/11/2012,22:45,11,7,4
23/11/2012,23:00,11,8,3
23/11/2012,23:15,9,7,2
23/11/2012,23:30,11,8,3
23/11/2012,23:45,8,8,0
24/11/2012,00:00,11,11,0
24/11/2012,00:15,10,6,4
24/11/2012,00:30,7,7,0
24/11/2012,00:45,10,8,2
24/11/2012,01:00,1,1,0
24/11/2012,01:15,3,3,0
24/11/2012,01:30,6,6,0
24/11/2012,01:45,4,4,0
24/11/2012,02:00,4,3,1
24/11/2012,02:15,7,7,0
24/11/2012,02:30,2,2,0
24/11/2012,02:45,5,5,0
24/11/2012,03:00,1,1,0
24/11/2012,03:15,0,0,0
24/11/2012,03:30,2,2,0
24/11/2012,03:45,0,0,0
24/11/2012,04:00,1,0,1
24/11/2012,04:15,1,0,1
24/11/2012,04:30,0,0,0
24/11/2012,04:45,0,0,0
24/11/2012,05:00,2,1,1
24/11/2012,05:15,1,1,0
24/11/2012,05:30,2,0,2
24/11/2012,05:45,2,1,1
24/11/2012,06:00,2,1,1
24/11/2012,06:15,3,2,1
24/11/2012,06:30,4,1,3
24/11/2012,06:45,6,2,4
24/11/2012,07:00,6,2,4
24/11/2012,07:15,10,5,5
24/11/2012,07:30,18,12,6
24/11/2012,07:45,22,9,13
24/11/2012,08:00,16,9,7
24/11/2012,08:15,14,7,7
24/11/2012,08:30,24,16,8
24/11/2012,08:45,29,12,17
24/11/2012,09:00,29,25,4
24/11/2012,09:15,56,36,20
24/11/2012,09:30,42,29,13
24/11/2012,09:45,51,34,17
24/11/2012,10:00,50,33,17
24/11/2012,10:15,50,33,17
24/11/2012,10:30,51,30,21
24/11/2012,10:45,61,45,16
24/11/2012,11:00,48,29,19
24/11/2012,11:15,61,42,19
24/11/2012,11:30,62,41,21
24/11/2012,11:45,73,41,32
24/11/2012,12:00,68,49,19
24/11/2012,12:15,66,49,17
24/11/2012,12:30,80,35,45
24/11/2012,12:45,107,56,51
24/11/2012,13:00,90,58,32
24/11/2012,13:15,84,53,31
24/11/2012,13:30,80,38,42
24/11/2012,13:45,81,46,35
24/11/2012,14:00,85,47,38
24/11/2012,14:15,62,38,24
24/11/2012,14:30,77,40,37
24/11/2012,14:45,74,39,35
24/11/2012,15:00,86,46,40
24/11/2012,15:15,77,52,25
24/11/2012,15:30,66,39,27
24/11/2012,15:45,92,40,52
24/11/2012,16:00,75,42,33
24/11/2012,16:15,74,33,41
24/11/2012,16:30,84,34,50
24/11/2012,16:45,78,27,51
24/11/2012,17:00,62,12,50
24/11/2012,17:15,70,26,44
24/11/2012,17:30,47,19,28
24/11/2012,17:45,43,12,31
24/11/2012,18:00,31,13,18
24/11/2012,18:15,32,16,16
24/11/2012,18:30,37,23,14
24/11/2012,18:45,31,16,15
24/11/2012,19:00,22,16,6
24/11/2012,19:15,29,13,16
24/11/2012,19:30,15,9,6
24/11/2012,19:45,21,16,5
24/11/2012,20:00,20,14,6
24/11/2012,20:15,23,12,11
24/11/2012,20:30,13,3,10
24/11/2012,20:45,19,13,6
24/11/2012,21:00,14,8,6
24/11/2012,21:15,22,11,11
24/11/2012,21:30,13,7,6
24/11/2012,21:45,18,11,7
24/11/2012,22:00,10,6,4
24/11/2012,22:15,5,4,1
24/11/2012,22:30,11,11,0
24/11/2012,22:45,16,13,3
24/11/2012,23:00,17,10,7
24/11/2012,23:15,12,9,3
24/11/2012,23:30,18,14,4
24/11/2012,23:45,9,5,4
25/11/2012,00:00,16,12,4
25/11/2012,00:15,14,13,1
25/11/2012,00:30,11,6,5
25/11/2012,00:45,7,7,0
25/11/2012,01:00,3,3,0
25/11/2012,01:15,6,4,2
25/11/2012,01:30,8,7,1
25/11/2012,01:45,9,8,1
25/11/2012,02:00,4,3,1
25/11/2012,02:15,6,5,1
25/11/2012,02:30,5,5,0
25/11/2012,02:45,3,3,0
25/11/2012,03:00,5,4,1
25/11/2012,03:15,1,1,0
25/11/2012,03:30,0,0,0
25/11/2012,03:45,1,1,0
25/11/2012,04:00,0,0,0
25/11/2012,04:15,2,2,0
25/11/2012,04:30,2,2,0
25/11/2012,04:45,1,1,0
25/11/2012,05:00,2,1,1
25/11/2012,05:15,1,0,1
25/11/2012,05:30,2,0,2
25/11/2012,05:45,3,3,0
25/11/2012,06:00,2,2,0
25/11/2012,06:15,3,2,1
25/11/2012,06:30,5,1,4
25/11/2012,06:45,10,3,7
25/11/2012,07:00,9,7,2
25/11/2012,07:15,7,4,3
25/11/2012,07:30,8,2,6
25/11/2012,07:45,11,5,6
25/11/2012,08:00,8,5,3
25/11/2012,08:15,15,11,4
25/11/2012,08:30,20,14,6
25/11/2012,08:45,27,18,9
25/11/2012,09:00,37,23,14
25/11/2012,09:15,17,7,10
25/11/2012,09:30,50,26,24
25/11/2012,09:45,48,34,14
25/11/2012,10:00,39,25,14
25/11/2012,10:15,59,37,22
25/11/2012,10:30,46,35,11
25/11/2012,10:45,46,26,20
25/11/2012,11:00,52,31,21
25/11/2012,11:15,58,23,35
25/11/2012,11:30,64,35,29
25/11/2012,11:45,68,45,23
25/11/2012,12:00,62,36,26
25/11/2012,12:15,60,35,25
25/11/2012,12:30,75,52,23
25/11/2012,12:45,76,40,36
25/11/2012,13:00,61,31,30
25/11/2012,13:15,94,58,36
25/11/2012,13:30,75,48,27
25/11/2012,13:45,84,47,37
25/11/2012,14:00,82,55,27
25/11/2012,14:15,119,70,49
25/11/2012,14:30,94,47,47
25/11/2012,14:45,104,60,44
25/11/2012,15:00,125,80,45
25/11/2012,15:15,92,49,43
25/11/2012,15:30,107,54,53
25/11/2012,15:45,84,40,44
25/11/2012,16:00,85,34,51
25/11/2012,16:15,67,31,36
25/11/2012,16:30,80,33,47
25/11/2012,16:45,76,32,44
25/11/2012,17:00,87,45,42
25/11/2012,17:15,59,19,40
25/11/2012,17:30,71,25,46
25/11/2012,17:45,56,29,27
25/11/2012,18:00,30,10,20
25/11/2012,18:15,39,17,22
25/11/2012,18:30,28,15,13
25/11/2012,18:45,17,8,9
25/11/2012,19:00,25,18,7
25/11/2012,19:15,23,13,10
25/11/2012,19:30,23,16,7
25/11/2012,19:45,19,12,7
25/11/2012,20:00,27,14,13
25/11/2012,20:15,15,5,10
25/11/2012,20:30,18,11,7
25/11/2012,20:45,16,9,7
25/11/2012,21:00,13,11,2
25/11/2012,21:15,5,3,2
25/11/2012,21:30,16,10,6
25/11/2012,21:45,10,9,1
25/11/2012,22:00,13,11,2
25/11/2012,22:15,14,10,4
25/11/2012,22:30,7,7,0
25/11/2012,22:45,10,9,1
25/11/2012,23:00,7,6,1
25/11/2012,23:15,5,4,1
25/11/2012,23:30,10,9,1
25/11/2012,23:45,10,10,0
26/11/2012,00:00,1,1,0
26/11/2012,00:15,8,6,2
26/11/2012,00:30,2,0,2
26/11/2012,00:45,8,7,1
26/11/2012,01:00,0,0,0
26/11/2012,01:15,4,3,1
26/11/2012,01:30,4,4,0
26/11/2012,01:45,1,1,0
26/11/2012,02:00,2,1,1
26/11/2012,02:15,0,0,0
26/11/2012,02:30,4,2,2
26/11/2012,02:45,2,2,0
26/11/2012,03:00,1,1,0
26/11/2012,03:15,1,1,0
26/11/2012,03:30,3,1,2
26/11/2012,03:45,0,0,0
26/11/2012,04:00,1,1,0
26/11/2012,04:15,1,0,1
26/11/2012,04:30,1,1,0
26/11/2012,04:45,0,0,0
26/11/2012,05:00,3,0,3
26/11/2012,05:15,6,2,4
26/11/2012,05:30,3,2,1
26/11/2012,05:45,7,2,5
26/11/2012,06:00,4,1,3
26/11/2012,06:15,14,5,9
26/11/2012,06:30,27,13,14
26/11/2012,06:45,30,15,15
26/11/2012,07:00,28,12,16
26/11/2012,07:15,51,14,37
26/11/2012,07:30,62,21,41
26/11/2012,07:45,83,18,65
26/11/2012,08:00,78,14,64
26/11/2012,08:15,80,19,61
26/11/2012,08:30,84,14,70
26/11/2012,08:45,75,19,56
26/11/2012,09:00,64,17,47
26/11/2012,09:15,54,15,39
26/11/2012,09:30,48,12,36
26/11/2012,09:45,48,18,30
26/11/2012,10:00,20,7,13
26/11/2012,10:15,23,12,11
26/11/2012,10:30,24,15,9
26/11/2012,10:45,39,15,24
26/11/2012,11:00,19,8,11
26/11/2012,11:15,33,17,16
26/11/2012,11:30,40,18,22
26/11/2012,11:45,29,15,14
26/11/2012,12:00,17,14,3
26/11/2012,12:15,16,8,8
26/11/2012,12:30,36,18,18
26/11/2012,12:45,26,17,9
26/11/2012,13:00,30,19,11
26/11/2012,13:15,32,22,10
26/11/2012,13:30,28,15,13
26/11/2012,13:45,37,25,12
26/11/2012,14:00,28,13,15
26/11/2012,14:15,45,20,25
26/11/2012,14:30,38,17,21
26/11/2012,14:45,35,25,10
26/11/2012,15:00,41,27,14
26/11/2012,15:15,41,25,16
26/11/2012,15:30,41,23,18
26/11/2012,15:45,46,26,20
26/11/2012,16:00,51,30,21
26/11/2012,16:15,50,33,17
26/11/2012,16:30,64,44,20
26/11/2012,16:45,65,37,28
26/11/2012,17:00,71,49,22
26/11/2012,17:15,94,64,30
26/11/2012,17:30,100,79,21
26/11/2012,17:45,101,81,20
26/11/2012,18:00,105,82,23
26/11/2012,18:15,100,81,19
26/11/2012,18:30,76,64,12
26/11/2012,18:45,90,69,21
26/11/2012,19:00,73,57,16
26/11/2012,19:15,60,51,9
26/11/2012,19:30,58,49,9
26/11/2012,19:45,52,40,12
26/11/2012,20:00,32,26,6
26/11/2012,20:15,42,30,12
26/11/2012,20:30,21,17,4
26/11/2012,20:45,24,18,6
26/11/2012,21:00,24,19,5
26/11/2012,21:15,27,21,6
26/11/2012,21:30,29,26,3
26/11/2012,21:45,26,17,9
26/11/2012,22:00,16,15,1
26/11/2012,22:15,15,12,3
26/11/2012,22:30,22,16,6
26/11/2012,22:45,12,7,5
26/11/2012,23:00,19,16,3
26/11/2012,23:15,9,8,1
26/11/2012,23:30,8,7,1
26/11/2012,23:45,11,8,3
27/11/2012,00:00,7,4,3
27/11/2012,00:15,4,4,0
27/11/2012,00:30,7,6,1
27/11/2012,00:45,7,6,1
27/11/2012,01:00,1,1,0
27/11/2012,01:15,1,1,0
27/11/2012,01:30,3,3,0
27/11/2012,01:45,1,1,0
27/11/2012,02:00,0,0,0
27/11/2012,02:15,0,0,0
27/11/2012,02:30,1,1,0
27/11/2012,02:45,1,0,1
27/11/2012,03:00,4,4,0
27/11/2012,03:15,3,1,2
27/11/2012,03:30,2,1,1
27/11/2012,03:45,2,2,0
27/11/2012,04:00,0,0,0
27/11/2012,04:15,0,0,0
27/11/2012,04:30,2,2,0
27/11/2012,04:45,3,1,2
27/11/2012,05:00,2,0,2
27/11/2012,05:15,4,1,3
27/11/2012,05:30,1,0,1
27/11/2012,05:45,9,4,5
27/11/2012,06:00,9,3,6
27/11/2012,06:15,14,9,5
27/11/2012,06:30,31,14,17
27/11/2012,06:45,35,20,15
27/11/2012,07:00,27,10,17
27/11/2012,07:15,52,19,33
27/11/2012,07:30,80,22,58
27/11/2012,07:45,89,31,58
27/11/2012,08:00,76,27,49
27/11/2012,08:15,80,18,62
27/11/2012,08:30,93,22,71
27/11/2012,08:45,105,29,76
27/11/2012,09:00,65,20,45
27/11/2012,09:15,56,17,39
27/11/2012,09:30,67,25,42
27/11/2012,09:45,41,16,25
27/11/2012,10:00,45,11,34
27/11/2012,10:15,28,14,14
27/11/2012,10:30,44,20,24
27/11/2012,10:45,46,24,22
27/11/2012,11:00,23,10,13
27/11/2012,11:15,33,16,17
27/11/2012,11:30,23,13,10
27/11/2012,11:45,35,19,16
27/11/2012,12:00,29,17,12
27/11/2012,12:15,22,12,10
27/11/2012,12:30,26,13,13
27/11/2012,12:45,34,19,15
27/11/2012,13:00,22,9,13
27/11/2012,13:15,43,24,19
27/11/2012,13:30,32,19,13
27/11/2012,13:45,32,18,14
27/11/2012,14:00,26,17,9
27/11/2012,14:15,35,21,14
27/11/2012,14:30,34,17,17
27/11/2012,14:45,34,19,15
27/11/2012,15:00,31,23,8
27/11/2012,15:15,33,19,14
27/11/2012,15:30,38,24,14
27/11/2012,15:45,62,37,25
27/11/2012,16:00,53,38,15
27/11/2012,16:15,55,31,24
27/11/2012,16:30,68,42,26
27/11/2012,16:45,79,51,28
27/11/2012,17:00,84,39,45
27/11/2012,17:15,94,72,22
27/11/2012,17:30,96,70,26
27/11/2012,17:45,99,70,29
27/11/2012,18:00,93,77,16
27/11/2012,18:15,106,80,26
27/11/2012,18:30,79,63,16
27/11/2012,18:45,96,85,11
27/11/2012,19:00,83,65,18
27/11/2012,19:15,70,58,12
27/11/2012,19:30,56,43,13
27/11/2012,19:45,48,35,13
27/11/2012,20:00,44,35,9
27/11/2012,20:15,33,30,3
27/11/2012,20:30,41,29,12
27/11/2012,20:45,30,21,9
27/11/2012,21:00,21,14,7
27/11/2012,21:15,35,27,8
27/11/2012,21:30,30,27,3
27/11/2012,21:45,27,22,5
27/11/2012,22:00,23,20,3
27/11/2012,22:15,33,21,12
27/11/2012,22:30,27,19,8
27/11/2012,22:45,23,18,5
27/11/2012,23:00,13,11,2
27/11/2012,23:15,20,15,5
27/11/2012,23:30,19,10,9
27/11/2012,23:45,17,10,7
28/11/2012,00:00,9,9,0
28/11/2012,00:15,10,10,0
28/11/2012,00:30,15,11,4
28/11/2012,00:45,6,5,1
28/11/2012,01:00,1,0,1
28/11/2012,01:15,4,3,1
28/11/2012,01:30,6,6,0
28/11/2012,01:45,3,3,0
28/11/2012,02:00,3,3,0
28/11/2012,02:15,0,0,0
28/11/2012,02:30,0,0,0
28/11/2012,02:45,2,1,1
28/11/2012,03:00,5,5,0
28/11/2012,03:15,2,2,0
28/11/2012,03:30,3,3,0
28/11/2012,03:45,0,0,0
28/11/2012,04:00,2,0,2
28/11/2012,04:15,0,0,0
28/11/2012,04:30,2,1,1
28/11/2012,04:45,2,2,0
28/11/2012,05:00,1,0,1
28/11/2012,05:15,3,3,0
28/11/2012,05:30,4,2,2
28/11/2012,05:45,3,1,2
28/11/2012,06:00,5,1,4
28/11/2012,06:15,8,2,6
28/11/2012,06:30,14,3,11
28/11/2012,06:45,11,2,9
28/11/2012,07:00,11,5,6
28/11/2012,07:15,14,3,11
28/11/2012,07:30,17,4,13
28/11/2012,07:45,21,7,14
28/11/2012,08:00,24,9,15
28/11/2012,08:15,23,2,21
28/11/2012,08:30,26,5,21
28/11/2012,08:45,37,12,25
28/11/2012,09:00,18,9,9
28/11/2012,09:15,19,6,13
28/11/2012,09:30,19,5,14
28/11/2012,09:45,17,6,11
28/11/2012,10:00,6,3,3
28/11/2012,10:15,8,2,6
28/11/2012,10:30,3,3,0
28/11/2012,10:45,13,5,8
28/11/2012,11:00,10,4,6
28/11/2012,11:15,3,1,2
28/11/2012,11:30,5,4,1
28/11/2012,11:45,7,4,3
28/11/2012,12:00,8,5,3
28/11/2012,12:15,8,3,5
28/11/2012,12:30,14,4,10
28/11/2012,12:45,12,9,3
28/11/2012,13:00,18,9,9
28/11/2012,13:15,15,4,11
28/11/2012,13:30,18,12,6
28/11/2012,13:45,18,13,5
28/11/2012,14:00,14,7,7
28/11/2012,14:15,23,14,9
28/11/2012,14:30,20,11,9
28/11/2012,14:45,16,6,10
28/11/2012,15:00,12,7,5
28/11/2012,15:15,22,14,8
28/11/2012,15:30,25,17,8
28/11/2012,15:45,33,23,10
28/11/2012,16:00,34,25,9
28/11/2012,16:15,32,25,7
28/11/2012,16:30,33,19,14
28/11/2012,16:45,26,18,8
28/11/2012,17:00,41,25,16
28/11/2012,17:15,41,23,18
28/11/2012,17:30,57,42,15
28/11/2012,17:45,36,23,13
28/11/2012,18:00,33,27,6
28/11/2012,18:15,37,28,9
28/11/2012,18:30,38,25,13
28/11/2012,18:45,30,21,9
28/11/2012,19:00,22,14,8
28/11/2012,19:15,27,18,9
28/11/2012,19:30,36,26,10
28/11/2012,19:45,27,19,8
28/11/2012,20:00,26,18,8
28/11/2012,20:15,37,26,11
28/11/2012,20:30,28,20,8
28/11/2012,20:45,20,14,6
28/11/2012,21:00,18,12,6
28/11/2012,21:15,18,15,3
28/11/2012,21:30,23,13,10
28/11/2012,21:45,13,7,6
28/11/2012,22:00,12,7,5
28/11/2012,22:15,14,11,3
28/11/2012,22:30,20,15,5
28/11/2012,22:45,19,10,9
28/11/2012,23:00,18,12,6
28/11/2012,23:15,12,7,5
28/11/2012,23:30,15,12,3
28/11/2012,23:45,10,6,4
29/11/2012,00:00,3,3,0
29/11/2012,00:15,8,6,2
29/11/2012,00:30,2,2,0
29/11/2012,00:45,2,1,1
29/11/2012,01:00,0,0,0
29/11/2012,01:15,5,4,1
29/11/2012,01:30,5,5,0
29/11/2012,01:45,4,3,1
29/11/2012,02:00,4,3,1
29/11/2012,02:15,5,5,0
29/11/2012,02:30,2,2,0
29/11/2012,02:45,1,0,1
29/11/2012,03:00,4,2,2
29/11/2012,03:15,0,0,0
29/11/2012,03:30,1,1,0
29/11/2012,03:45,0,0,0
29/11/2012,04:00,0,0,0
29/11/2012,04:15,2,1,1
29/11/2012,04:30,1,1,0
29/11/2012,04:45,1,0,1
29/11/2012,05:00,1,0,1
29/11/2012,05:15,3,2,1
29/11/2012,05:30,3,0,3
29/11/2012,05:45,7,2,5
29/11/2012,06:00,8,2,6
29/11/2012,06:15,15,14,1
29/11/2012,06:30,22,5,17
29/11/2012,06:45,16,9,7
29/11/2012,07:00,16,9,7
29/11/2012,07:15,36,12,24
29/11/2012,07:30,50,16,34
29/11/2012,07:45,48,19,29
29/11/2012,08:00,56,10,46
29/11/2012,08:15,62,14,48
29/11/2012,08:30,74,19,55
29/11/2012,08:45,66,18,48
29/11/2012,09:00,52,14,38
29/11/2012,09:15,62,25,37
29/11/2012,09:30,53,20,33
29/11/2012,09:45,46,20,26
29/11/2012,10:00,38,17,21
29/11/2012,10:15,22,8,14
29/11/2012,10:30,29,9,20
29/11/2012,10:45,29,15,14
29/11/2012,11:00,22,9,13
29/11/2012,11:15,8,5,3
29/11/2012,11:30,21,12,9
29/11/2012,11:45,34,17,17
29/11/2012,12:00,22,16,6
29/11/2012,12:15,17,7,10
29/11/2012,12:30,16,8,8
29/11/2012,12:45,16,7,9
29/11/2012,13:00,24,8,16
29/11/2012,13:15,23,16,7
29/11/2012,13:30,20,15,5
29/11/2012,13:45,27,15,12
29/11/2012,14:00,15,9,6
29/11/2012,14:15,21,12,9
29/11/2012,14:30,14,9,5
29/11/2012,14:45,24,15,9
29/11/2012,15:00,19,12,7
29/11/2012,15:15,33,22,11
29/11/2012,15:30,22,15,7
29/11/2012,15:45,27,20,7
29/11/2012,16:00,27,22,5
29/11/2012,16:15,35,21,14
29/11/2012,16:30,47,29,18
29/11/2012,16:45,41,24,17
29/11/2012,17:00,47,34,13
29/11/2012,17:15,43,30,13
29/11/2012,17:30,62,49,13
29/11/2012,17:45,55,46,9
29/11/2012,18:00,52,43,9
29/11/2012,18:15,53,42,11
29/11/2012,18:30,40,34,6
29/11/2012,18:45,39,29,10
29/11/2012,19:00,37,28,9
29/11/2012,19:15,33,30,3
29/11/2012,19:30,21,18,3
29/11/2012,19:45,22,16,6
29/11/2012,20:00,18,15,3
29/11/2012,20:15,30,25,5
29/11/2012,20:30,18,15,3
29/11/2012,20:45,14,14,0
29/11/2012,21:00,16,11,5
29/11/2012,21:15,15,9,6
29/11/2012,21:30,19,14,5
29/11/2012,21:45,17,12,5
29/11/2012,22:00,12,8,4
29/11/2012,22:15,12,6,6
29/11/2012,22:30,3,2,1
29/11/2012,22:45,8,5,3
29/11/2012,23:00,14,9,5
29/11/2012,23:15,11,10,1
29/11/2012,23:30,7,7,0
29/11/2012,23:45,10,8,2
30/11/2012,00:00,5,4,1
30/11/2012,00:15,3,1,2
30/11/2012,00:30,4,3,1
30/11/2012,00:45,3,3,0
30/11/2012,01:00,1,0,1
30/11/2012,01:15,1,1,0
30/11/2012,01:30,4,2,2
30/11/2012,01:45,2,2,0
30/11/2012,02:00,0,0,0
30/11/2012,02:15,0,0,0
30/11/2012,02:30,1,1,0
30/11/2012,02:45,1,0,1
30/11/2012,03:00,0,0,0
30/11/2012,03:15,1,0,1
30/11/2012,03:30,1,0,1
30/11/2012,03:45,1,1,0
30/11/2012,04:00,0,0,0
30/11/2012,04:15,2,1,1
30/11/2012,04:30,1,1,0
30/11/2012,04:45,0,0,0
30/11/2012,05:00,0,0,0
30/11/2012,05:15,1,0,1
30/11/2012,05:30,1,0,1
30/11/2012,05:45,2,0,2
30/11/2012,06:00,5,2,3
30/11/2012,06:15,2,1,1
30/11/2012,06:30,7,3,4
30/11/2012,06:45,5,0,5
30/11/2012,07:00,6,2,4
30/11/2012,07:15,9,3,6
30/11/2012,07:30,9,2,7
30/11/2012,07:45,15,6,9
30/11/2012,08:00,18,4,14
30/11/2012,08:15,17,3,14
30/11/2012,08:30,23,8,15
30/11/2012,08:45,15,2,13
30/11/2012,09:00,12,1,11
30/11/2012,09:15,7,3,4
30/11/2012,09:30,16,7,9
30/11/2012,09:45,15,10,5
30/11/2012,10:00,7,5,2
30/11/2012,10:15,9,2,7
30/11/2012,10:30,13,4,9
30/11/2012,10:45,3,2,1
30/11/2012,11:00,8,4,4
30/11/2012,11:15,2,0,2
30/11/2012,11:30,5,2,3
30/11/2012,11:45,4,2,2
30/11/2012,12:00,2,2,0
30/11/2012,12:15,8,5,3
30/11/2012,12:30,5,2,3
30/11/2012,12:45,10,2,8
30/11/2012,13:00,11,7,4
30/11/2012,13:15,12,7,5
30/11/2012,13:30,4,2,2
30/11/2012,13:45,10,8,2
30/11/2012,14:00,10,8,2
30/11/2012,14:15,15,9,6
30/11/2012,14:30,21,12,9
30/11/2012,14:45,21,12,9
30/11/2012,15:00,15,11,4
30/11/2012,15:15,11,6,5
30/11/2012,15:30,13,8,5
30/11/2012,15:45,13,9,4
30/11/2012,16:00,16,12,4
30/11/2012,16:15,27,18,9
30/11/2012,16:30,18,10,8
30/11/2012,16:45,22,15,7
30/11/2012,17:00,26,17,9
30/11/2012,17:15,16,8,8
30/11/2012,17:30,27,16,11
30/11/2012,17:45,25,17,8
30/11/2012,18:00,21,17,4
30/11/2012,18:15,31,28,3
30/11/2012,18:30,20,16,4
30/11/2012,18:45,20,15,5
30/11/2012,19:00,24,16,8
30/11/2012,19:15,9,7,2
30/11/2012,19:30,8,6,2
30/11/2012,19:45,8,7,1
30/11/2012,20:00,8,6,2
30/11/2012,20:15,15,12,3
30/11/2012,20:30,5,4,1
30/11/2012,20:45,10,8,2
30/11/2012,21:00,6,6,0
30/11/2012,21:15,9,4,5
30/11/2012,21:30,8,1,7
30/11/2012,21:45,10,8,2
30/11/2012,22:00,5,4,1
30/11/2012,22:15,4,4,0
30/11/2012,22:30,6,5,1
30/11/2012,22:45,8,7,1
30/11/2012,23:00,2,1,1
30/11/2012,23:15,2,1,1
30/11/2012,23:30,4,4,0
30/11/2012,23:45,8,7,1
01/12/2012,00:00,7,6,1
01/12/2012,00:15,5,5,0
01/12/2012,00:30,13,10,3
01/12/2012,00:45,8,5,3
01/12/2012,01:00,3,3,0
01/12/2012,01:15,2,2,0
01/12/2012,01:30,2,2,0
01/12/2012,01:45,0,0,0
01/12/2012,02:00,4,3,1
01/12/2012,02:15,1,1,0
01/12/2012,02:30,7,7,0
01/12/2012,02:45,1,0,1
01/12/2012,03:00,3,3,0
01/12/2012,03:15,2,2,0
01/12/2012,03:30,0,0,0
01/12/2012,03:45,0,0,0
01/12/2012,04:00,0,0,0
01/12/2012,04:15,2,2,0
01/12/2012,04:30,1,1,0
01/12/2012,04:45,0,0,0
01/12/2012,05:00,2,2,0
01/12/2012,05:15,3,1,2
01/12/2012,05:30,0,0,0
01/12/2012,05:45,1,0,1
01/12/2012,06:00,1,0,1
01/12/2012,06:15,0,0,0
01/12/2012,06:30,4,2,2
01/12/2012,06:45,6,3,3
01/12/2012,07:00,2,1,1
01/12/2012,07:15,4,2,2
01/12/2012,07:30,4,1,3
01/12/2012,07:45,6,1,5
01/12/2012,08:00,7,4,3
01/12/2012,08:15,7,4,3
01/12/2012,08:30,1,0,1
01/12/2012,08:45,6,5,1
01/12/2012,09:00,6,3,3
01/12/2012,09:15,7,2,5
01/12/2012,09:30,5,1,4
01/12/2012,09:45,13,11,2
01/12/2012,10:00,7,3,4
01/12/2012,10:15,6,3,3
01/12/2012,10:30,8,3,5
01/12/2012,10:45,9,4,5
01/12/2012,11:00,17,12,5
01/12/2012,11:15,13,4,9
01/12/2012,11:30,17,7,10
01/12/2012,11:45,7,1,6
01/12/2012,12:00,15,9,6
01/12/2012,12:15,9,3,6
01/12/2012,12:30,28,19,9
01/12/2012,12:45,21,15,6
01/12/2012,13:00,34,19,15
01/12/2012,13:15,26,14,12
01/12/2012,13:30,28,16,12
01/12/2012,13:45,24,15,9
01/12/2012,14:00,31,24,7
01/12/2012,14:15,24,14,10
01/12/2012,14:30,24,14,10
01/12/2012,14:45,25,10,15
01/12/2012,15:00,39,23,16
01/12/2012,15:15,39,22,17
01/12/2012,15:30,35,18,17
01/12/2012,15:45,33,17,16
01/12/2012,16:00,26,16,10
01/12/2012,16:15,26,16,10
01/12/2012,16:30,21,13,8
01/12/2012,16:45,19,8,11
01/12/2012,17:00,26,11,15
01/12/2012,17:15,19,7,12
01/12/2012,17:30,14,5,9
01/12/2012,17:45,13,7,6
01/12/2012,18:00,9,7,2
01/12/2012,18:15,11,9,2
01/12/2012,18:30,5,4,1
01/12/2012,18:45,6,2,4
01/12/2012,19:00,7,4,3
01/12/2012,19:15,2,0,2
01/12/2012,19:30,9,6,3
01/12/2012,19:45,11,8,3
01/12/2012,20:00,8,5,3
01/12/2012,20:15,2,1,1
01/12/2012,20:30,6,5,1
01/12/2012,20:45,7,2,5
01/12/2012,21:00,4,3,1
01/12/2012,21:15,2,1,1
01/12/2012,21:30,2,2,0
01/12/2012,21:45,3,1,2
01/12/2012,22:00,2,2,0
01/12/2012,22:15,4,4,0
01/12/2012,22:30,4,2,2
01/12/2012,22:45,7,6,1
01/12/2012,23:00,4,3,1
01/12/2012,23:15,4,4,0
01/12/2012,23:30,2,2,0
01/12/2012,23:45,6,3,3
02/12/2012,00:00,10,3,7
02/12/2012,00:15,4,2,2
02/12/2012,00:30,4,4,0
02/12/2012,00:45,4,4,0
02/12/2012,01:00,2,2,0
02/12/2012,01:15,0,0,0
02/12/2012,01:30,1,1,0
02/12/2012,01:45,0,0,0
02/12/2012,02:00,1,1,0
02/12/2012,02:15,2,2,0
02/12/2012,02:30,2,1,1
02/12/2012,02:45,0,0,0
02/12/2012,03:00,0,0,0
02/12/2012,03:15,2,2,0
02/12/2012,03:30,2,2,0
02/12/2012,03:45,3,3,0
02/12/2012,04:00,2,2,0
02/12/2012,04:15,0,0,0
02/12/2012,04:30,0,0,0
02/12/2012,04:45,0,0,0
02/12/2012,05:00,1,0,1
02/12/2012,05:15,0,0,0
02/12/2012,05:30,0,0,0
02/12/2012,05:45,1,1,0
02/12/2012,06:00,1,1,0
02/12/2012,06:15,0,0,0
02/12/2012,06:30,1,0,1
02/12/2012,06:45,3,2,1
02/12/2012,07:00,1,0,1
02/12/2012,07:15,1,1,0
02/12/2012,07:30,2,0,2
02/12/2012,07:45,0,0,0
02/12/2012,08:00,0,0,0
02/12/2012,08:15,0,0,0
02/12/2012,08:30,2,1,1
02/12/2012,08:45,3,2,1
02/12/2012,09:00,3,0,3
02/12/2012,09:15,2,1,1
02/12/2012,09:30,2,1,1
02/12/2012,09:45,3,1,2
02/12/2012,10:00,4,0,4
02/12/2012,10:15,5,2,3
02/12/2012,10:30,8,6,2
02/12/2012,10:45,7,4,3
02/12/2012,11:00,6,4,2
02/12/2012,11:15,8,3,5
02/12/2012,11:30,14,3,11
02/12/2012,11:45,13,10,3
02/12/2012,12:00,15,8,7
02/12/2012,12:15,14,11,3
02/12/2012,12:30,19,12,7
02/12/2012,12:45,34,27,7
02/12/2012,13:00,29,19,10
02/12/2012,13:15,35,24,11
02/12/2012,13:30,39,24,15
02/12/2012,13:45,48,27,21
02/12/2012,14:00,52,29,23
02/12/2012,14:15,61,42,19
02/12/2012,14:30,69,43,26
02/12/2012,14:45,66,35,31
02/12/2012,15:00,63,34,29
02/12/2012,15:15,72,34,38
02/12/2012,15:30,69,43,26
02/12/2012,15:45,61,37,24
02/12/2012,16:00,75,45,30
02/12/2012,16:15,86,36,50
02/12/2012,16:30,84,35,49
02/12/2012,16:45,68,20,48
02/12/2012,17:00,49,16,33
02/12/2012,17:15,41,16,25
02/12/2012,17:30,54,16,38
02/12/2012,17:45,39,19,20
02/12/2012,18:00,23,5,18
02/12/2012,18:15,19,8,11
02/12/2012,18:30,25,15,10
02/12/2012,18:45,21,8,13
02/12/2012,19:00,20,12,8
02/12/2012,19:15,16,10,6
02/12/2012,19:30,20,12,8
02/12/2012,19:45,18,13,5
02/12/2012,20:00,15,10,5
02/12/2012,20:15,14,10,4
02/12/2012,20:30,15,12,3
02/12/2012,20:45,12,8,4
02/12/2012,21:00,12,8,4
02/12/2012,21:15,19,6,13
02/12/2012,21:30,18,12,6
02/12/2012,21:45,14,8,6
02/12/2012,22:00,8,3,5
02/12/2012,22:15,8,7,1
02/12/2012,22:30,12,10,2
02/12/2012,22:45,8,8,0
02/12/2012,23:00,18,14,4
02/12/2012,23:15,13,12,1
02/12/2012,23:30,9,9,0
02/12/2012,23:45,9,6,3
03/12/2012,00:00,12,10,2
03/12/2012,00:15,3,3,0
03/12/2012,00:30,4,3,1
03/12/2012,00:45,3,2,1
03/12/2012,01:00,2,2,0
03/12/2012,01:15,2,2,0
03/12/2012,01:30,3,3,0
03/12/2012,01:45,0,0,0
03/12/2012,02:00,1,0,1
03/12/2012,02:15,2,2,0
03/12/2012,02:30,3,2,1
03/12/2012,02:45,3,3,0
03/12/2012,03:00,1,0,1
03/12/2012,03:15,0,0,0
03/12/2012,03:30,0,0,0
03/12/2012,03:45,0,0,0
03/12/2012,04:00,0,0,0
03/12/2012,04:15,2,1,1
03/12/2012,04:30,2,2,0
03/12/2012,04:45,1,1,0
03/12/2012,05:00,3,1,2
03/12/2012,05:15,6,4,2
03/12/2012,05:30,2,1,1
03/12/2012,05:45,5,2,3
03/12/2012,06:00,8,3,5
03/12/2012,06:15,11,3,8
03/12/2012,06:30,23,9,14
03/12/2012,06:45,16,9,7
03/12/2012,07:00,28,11,17
03/12/2012,07:15,55,21,34
03/12/2012,07:30,54,17,37
03/12/2012,07:45,73,26,47
03/12/2012,08:00,88,22,66
03/12/2012,08:15,74,13,61
03/12/2012,08:30,82,19,63
03/12/2012,08:45,83,14,69
03/12/2012,09:00,66,20,46
03/12/2012,09:15,60,18,42
03/12/2012,09:30,61,19,42
03/12/2012,09:45,47,19,28
03/12/2012,10:00,31,14,17
03/12/2012,10:15,30,19,11
03/12/2012,10:30,26,13,13
03/12/2012,10:45,33,21,12
03/12/2012,11:00,28,14,14
03/12/2012,11:15,29,15,14
03/12/2012,11:30,31,10,21
03/12/2012,11:45,48,24,24
03/12/2012,12:00,25,16,9
03/12/2012,12:15,29,18,11
03/12/2012,12:30,29,18,11
03/12/2012,12:45,33,19,14
03/12/2012,13:00,42,20,22
03/12/2012,13:15,30,15,15
03/12/2012,13:30,45,24,21
03/12/2012,13:45,36,17,19
03/12/2012,14:00,36,15,21
03/12/2012,14:15,40,21,19
03/12/2012,14:30,50,29,21
03/12/2012,14:45,43,30,13
03/12/2012,15:00,50,37,13
03/12/2012,15:15,39,24,15
03/12/2012,15:30,36,20,16
03/12/2012,15:45,57,34,23
03/12/2012,16:00,49,34,15
03/12/2012,16:15,54,27,27
03/12/2012,16:30,61,42,19
03/12/2012,16:45,71,42,29
03/12/2012,17:00,73,51,22
03/12/2012,17:15,85,58,27
03/12/2012,17:30,100,74,26
03/12/2012,17:45,97,79,18
03/12/2012,18:00,95,73,22
03/12/2012,18:15,98,73,25
03/12/2012,18:30,89,74,15
03/12/2012,18:45,109,92,17
03/12/2012,19:00,69,55,14
03/12/2012,19:15,67,51,16
03/12/2012,19:30,48,33,15
03/12/2012,19:45,61,45,16
03/12/2012,20:00,36,29,7
03/12/2012,20:15,35,32,3
03/12/2012,20:30,33,24,9
03/12/2012,20:45,20,18,2
03/12/2012,21:00,35,27,8
03/12/2012,21:15,27,20,7
03/12/2012,21:30,30,21,9
03/12/2012,21:45,28,21,7
03/12/2012,22:00,22,19,3
03/12/2012,22:15,16,13,3
03/12/2012,22:30,16,12,4
03/12/2012,22:45,24,18,6
03/12/2012,23:00,17,13,4
03/12/2012,23:15,19,18,1
03/12/2012,23:30,11,8,3
03/12/2012,23:45,12,8,4
04/12/2012,00:00,10,10,0
04/12/2012,00:15,7,5,2
04/12/2012,00:30,13,12,1
04/12/2012,00:45,7,7,0
04/12/2012,01:00,1,1,0
04/12/2012,01:15,5,5,0
04/12/2012,01:30,3,3,0
04/12/2012,01:45,1,1,0
04/12/2012,02:00,1,1,0
04/12/2012,02:15,2,2,0
04/12/2012,02:30,2,1,1
04/12/2012,02:45,0,0,0
04/12/2012,03:00,0,0,0
04/12/2012,03:15,0,0,0
04/12/2012,03:30,2,2,0
04/12/2012,03:45,4,4,0
04/12/2012,04:00,0,0,0
04/12/2012,04:15,1,1,0
04/12/2012,04:30,0,0,0
04/12/2012,04:45,2,2,0
04/12/2012,05:00,1,0,1
04/12/2012,05:15,1,1,0
04/12/2012,05:30,7,4,3
04/12/2012,05:45,8,5,3
04/12/2012,06:00,8,4,4
04/12/2012,06:15,22,14,8
04/12/2012,06:30,21,11,10
04/12/2012,06:45,35,17,18
04/12/2012,07:00,24,11,13
04/12/2012,07:15,44,17,27
04/12/2012,07:30,57,11,46
04/12/2012,07:45,71,23,48
04/12/2012,08:00,84,24,60
04/12/2012,08:15,75,14,61
04/12/2012,08:30,93,24,69
04/12/2012,08:45,87,26,61
04/12/2012,09:00,58,12,46
04/12/2012,09:15,59,21,38
04/12/2012,09:30,51,18,33
04/12/2012,09:45,48,16,32
04/12/2012,10:00,43,17,26
04/12/2012,10:15,37,11,26
04/12/2012,10:30,30,14,16
04/12/2012,10:45,32,16,16
04/12/2012,11:00,34,18,16
04/12/2012,11:15,19,9,10
04/12/2012,11:30,25,11,14
04/12/2012,11:45,22,11,11
04/12/2012,12:00,33,18,15
04/12/2012,12:15,21,7,14
04/12/2012,12:30,23,14,9
04/12/2012,12:45,27,12,15
04/12/2012,13:00,36,20,16
04/12/2012,13:15,30,15,15
04/12/2012,13:30,38,15,23
04/12/2012,13:45,26,16,10
04/12/2012,14:00,28,17,11
04/12/2012,14:15,22,12,10
04/12/2012,14:30,27,17,10
04/12/2012,14:45,29,18,11
04/12/2012,15:00,38,30,8
04/12/2012,15:15,31,15,16
04/12/2012,15:30,41,28,13
04/12/2012,15:45,30,20,10
04/12/2012,16:00,33,22,11
04/12/2012,16:15,52,31,21
04/12/2012,16:30,49,29,20
04/12/2012,16:45,57,42,15
04/12/2012,17:00,53,36,17
04/12/2012,17:15,63,43,20
04/12/2012,17:30,91,58,33
04/12/2012,17:45,78,60,18
04/12/2012,18:00,89,71,18
04/12/2012,18:15,76,62,14
04/12/2012,18:30,79,67,12
04/12/2012,18:45,81,56,25
04/12/2012,19:00,53,42,11
04/12/2012,19:15,47,40,7
04/12/2012,19:30,60,47,13
04/12/2012,19:45,39,32,7
04/12/2012,20:00,34,29,5
04/12/2012,20:15,22,18,4
04/12/2012,20:30,31,22,9
04/12/2012,20:45,25,20,5
04/12/2012,21:00,23,16,7
04/12/2012,21:15,27,23,4
04/12/2012,21:30,15,8,7
04/12/2012,21:45,35,31,4
04/12/2012,22:00,19,16,3
04/12/2012,22:15,17,13,4
04/12/2012,22:30,15,13,2
04/12/2012,22:45,16,9,7
04/12/2012,23:00,7,6,1
04/12/2012,23:15,10,8,2
04/12/2012,23:30,9,7,2
04/12/2012,23:45,5,4,1
05/12/2012,00:00,8,5,3
05/12/2012,00:15,4,4,0
05/12/2012,00:30,5,5,0
05/12/2012,00:45,0,0,0
05/12/2012,01:00,2,2,0
05/12/2012,01:15,0,0,0
05/12/2012,01:30,2,2,0
05/12/2012,01:45,2,2,0
05/12/2012,02:00,1,1,0
05/12/2012,02:15,1,1,0
05/12/2012,02:30,5,4,1
05/12/2012,02:45,0,0,0
05/12/2012,03:00,0,0,0
05/12/2012,03:15,0,0,0
05/12/2012,03:30,0,0,0
05/12/2012,03:45,0,0,0
05/12/2012,04:00,1,1,0
05/12/2012,04:15,0,0,0
05/12/2012,04:30,1,1,0
05/12/2012,04:45,1,1,0
05/12/2012,05:00,2,0,2
05/12/2012,05:15,1,0,1
05/12/2012,05:30,2,1,1
05/12/2012,05:45,4,2,2
05/12/2012,06:00,2,0,2
05/12/2012,06:15,2,0,2
05/12/2012,06:30,8,3,5
05/12/2012,06:45,8,4,4
05/12/2012,07:00,8,3,5
05/12/2012,07:15,9,3,6
05/12/2012,07:30,12,3,9
05/12/2012,07:45,20,8,12
05/12/2012,08:00,18,6,12
05/12/2012,08:15,18,1,17
05/12/2012,08:30,22,7,15
05/12/2012,08:45,32,11,21
05/12/2012,09:00,14,3,11
05/12/2012,09:15,15,5,10
05/12/2012,09:30,27,12,15
05/12/2012,09:45,9,4,5
05/12/2012,10:00,7,1,6
05/12/2012,10:15,12,5,7
05/12/2012,10:30,20,9,11
05/12/2012,10:45,18,8,10
05/12/2012,11:00,15,5,10
05/12/2012,11:15,21,10,11
05/12/2012,11:30,14,6,8
05/12/2012,11:45,10,6,4
05/12/2012,12:00,8,4,4
05/12/2012,12:15,10,5,5
05/12/2012,12:30,12,3,9
05/12/2012,12:45,15,6,9
05/12/2012,13:00,12,6,6
05/12/2012,13:15,15,9,6
05/12/2012,13:30,18,10,8
05/12/2012,13:45,13,6,7
05/12/2012,14:00,22,8,14
05/12/2012,14:15,21,12,9
05/12/2012,14:30,12,10,2
05/12/2012,14:45,18,12,6
05/12/2012,15:00,22,13,9
05/12/2012,15:15,18,8,10
05/12/2012,15:30,22,10,12
05/12/2012,15:45,26,16,10
05/12/2012,16:00,20,10,10
05/12/2012,16:15,27,16,11
05/12/2012,16:30,32,20,12
05/12/2012,16:45,30,20,10
05/12/2012,17:00,32,21,11
05/12/2012,17:15,43,23,20
05/12/2012,17:30,38,25,13
05/12/2012,17:45,38,26,12
05/12/2012,18:00,41,31,10
05/12/2012,18:15,37,24,13
05/12/2012,18:30,49,31,18
05/12/2012,18:45,39,30,9
05/12/2012,19:00,40,30,10
05/12/2012,19:15,29,18,11
05/12/2012,19:30,29,20,9
05/12/2012,19:45,22,15,7
05/12/2012,20:00,29,14,15
05/12/2012,20:15,35,27,8
05/12/2012,20:30,26,16,10
05/12/2012,20:45,23,19,4
05/12/2012,21:00,15,12,3
05/12/2012,21:15,33,14,19
05/12/2012,21:30,21,17,4
05/12/2012,21:45,15,11,4
05/12/2012,22:00,17,11,6
05/12/2012,22:15,22,17,5
05/12/2012,22:30,16,10,6
05/12/2012,22:45,15,10,5
05/12/2012,23:00,15,15,0
05/12/2012,23:15,14,11,3
05/12/2012,23:30,10,9,1
05/12/2012,23:45,12,11,1
06/12/2012,00:00,10,10,0
06/12/2012,00:15,5,5,0
06/12/2012,00:30,3,2,1
06/12/2012,00:45,5,5,0
06/12/2012,01:00,0,0,0
06/12/2012,01:15,1,1,0
06/12/2012,01:30,5,4,1
06/12/2012,01:45,1,0,1
06/12/2012,02:00,2,0,2
06/12/2012,02:15,4,2,2
06/12/2012,02:30,1,1,0
06/12/2012,02:45,0,0,0
06/12/2012,03:00,3,2,1
06/12/2012,03:15,0,0,0
06/12/2012,03:30,5,5,0
06/12/2012,03:45,0,0,0
06/12/2012,04:00,0,0,0
06/12/2012,04:15,1,0,1
06/12/2012,04:30,2,2,0
06/12/2012,04:45,1,0,1
06/12/2012,05:00,1,1,0
06/12/2012,05:15,2,1,1
06/12/2012,05:30,3,1,2
06/12/2012,05:45,10,4,6
06/12/2012,06:00,4,1,3
06/12/2012,06:15,31,22,9
06/12/2012,06:30,22,9,13
06/12/2012,06:45,30,14,16
06/12/2012,07:00,29,10,19
06/12/2012,07:15,45,20,25
06/12/2012,07:30,53,17,36
06/12/2012,07:45,76,22,54
06/12/2012,08:00,77,19,58
06/12/2012,08:15,75,22,53
06/12/2012,08:30,87,22,65
06/12/2012,08:45,88,20,68
06/12/2012,09:00,63,18,45
06/12/2012,09:15,55,16,39
06/12/2012,09:30,61,19,42
06/12/2012,09:45,62,25,37
06/12/2012,10:00,38,15,23
06/12/2012,10:15,43,13,30
06/12/2012,10:30,38,20,18
06/12/2012,10:45,52,22,30
06/12/2012,11:00,35,25,10
06/12/2012,11:15,34,24,10
06/12/2012,11:30,38,20,18
06/12/2012,11:45,38,25,13
06/12/2012,12:00,31,15,16
06/12/2012,12:15,44,22,22
06/12/2012,12:30,37,21,16
06/12/2012,12:45,27,15,12
06/12/2012,13:00,34,19,15
06/12/2012,13:15,41,17,24
06/12/2012,13:30,24,16,8
06/12/2012,13:45,26,15,11
06/12/2012,14:00,36,16,20
06/12/2012,14:15,42,24,18
06/12/2012,14:30,29,19,10
06/12/2012,14:45,37,19,18
06/12/2012,15:00,38,23,15
06/12/2012,15:15,32,20,12
06/12/2012,15:30,52,30,22
06/12/2012,15:45,46,36,10
06/12/2012,16:00,48,28,20
06/12/2012,16:15,70,50,20
06/12/2012,16:30,49,29,20
06/12/2012,16:45,74,52,22
06/12/2012,17:00,65,46,19
06/12/2012,17:15,86,59,27
06/12/2012,17:30,91,71,20
06/12/2012,17:45,97,74,23
06/12/2012,18:00,82,61,21
06/12/2012,18:15,72,55,17
06/12/2012,18:30,78,60,18
06/12/2012,18:45,88,65,23
06/12/2012,19:00,79,65,14
06/12/2012,19:15,54,41,13
06/12/2012,19:30,45,29,16
06/12/2012,19:45,50,34,16
06/12/2012,20:00,41,28,13
06/12/2012,20:15,33,23,10
06/12/2012,20:30,40,23,17
06/12/2012,20:45,21,15,6
06/12/2012,21:00,48,28,20
06/12/2012,21:15,29,24,5
06/12/2012,21:30,20,15,5
06/12/2012,21:45,20,18,2
06/12/2012,22:00,15,13,2
06/12/2012,22:15,30,19,11
06/12/2012,22:30,31,20,11
06/12/2012,22:45,23,19,4
06/12/2012,23:00,20,14,6
06/12/2012,23:15,14,13,1
06/12/2012,23:30,14,12,2
06/12/2012,23:45,21,18,3
07/12/2012,00:00,18,15,3
07/12/2012,00:15,19,16,3
07/12/2012,00:30,12,10,2
07/12/2012,00:45,6,6,0
07/12/2012,01:00,4,3,1
07/12/2012,01:15,8,8,0
07/12/2012,01:30,4,3,1
07/12/2012,01:45,1,1,0
07/12/2012,02:00,5,5,0
07/12/2012,02:15,3,1,2
07/12/2012,02:30,5,4,1
07/12/2012,02:45,3,1,2
07/12/2012,03:00,0,0,0
07/12/2012,03:15,3,3,0
07/12/2012,03:30,1,1,0
07/12/2012,03:45,2,1,1
07/12/2012,04:00,0,0,0
07/12/2012,04:15,0,0,0
07/12/2012,04:30,0,0,0
07/12/2012,04:45,1,1,0
07/12/2012,05:00,0,0,0
07/12/2012,05:15,1,1,0
07/12/2012,05:30,4,3,1
07/12/2012,05:45,5,2,3
07/12/2012,06:00,16,4,12
07/12/2012,06:15,20,8,12
07/12/2012,06:30,13,6,7
07/12/2012,06:45,23,11,12
07/12/2012,07:00,34,12,22
07/12/2012,07:15,48,16,32
07/12/2012,07:30,41,17,24
07/12/2012,07:45,67,22,45
07/12/2012,08:00,76,18,58
07/12/2012,08:15,62,25,37
07/12/2012,08:30,83,22,61
07/12/2012,08:45,93,37,56
07/12/2012,09:00,60,17,43
07/12/2012,09:15,70,14,56
07/12/2012,09:30,55,24,31
07/12/2012,09:45,57,18,39
07/12/2012,10:00,36,14,22
07/12/2012,10:15,31,16,15
07/12/2012,10:30,41,21,20
07/12/2012,10:45,33,14,19
07/12/2012,11:00,39,15,24
07/12/2012,11:15,42,12,30
07/12/2012,11:30,23,10,13
07/12/2012,11:45,40,20,20
07/12/2012,12:00,39,29,10
07/12/2012,12:15,50,36,14
07/12/2012,12:30,40,23,17
07/12/2012,12:45,47,33,14
07/12/2012,13:00,42,26,16
07/12/2012,13:15,41,19,22
07/12/2012,13:30,36,18,18
07/12/2012,13:45,39,26,13
07/12/2012,14:00,45,25,20
07/12/2012,14:15,42,23,19
07/12/2012,14:30,46,30,16
07/12/2012,14:45,55,35,20
07/12/2012,15:00,49,28,21
07/12/2012,15:15,60,28,32
07/12/2012,15:30,60,44,16
07/12/2012,15:45,68,45,23
07/12/2012,16:00,78,42,36
07/12/2012,16:15,73,32,41
07/12/2012,16:30,69,42,27
07/12/2012,16:45,70,40,30
07/12/2012,17:00,86,58,28
07/12/2012,17:15,94,65,29
07/12/2012,17:30,102,69,33
07/12/2012,17:45,78,60,18
07/12/2012,18:00,74,57,17
07/12/2012,18:15,63,46,17
07/12/2012,18:30,66,47,19
07/12/2012,18:45,50,36,14
07/12/2012,19:00,54,37,17
07/12/2012,19:15,47,28,19
07/12/2012,19:30,45,30,15
07/12/2012,19:45,33,22,11
07/12/2012,20:00,27,18,9
07/12/2012,20:15,30,24,6
07/12/2012,20:30,15,12,3
07/12/2012,20:45,17,11,6
07/12/2012,21:00,29,22,7
07/12/2012,21:15,26,16,10
07/12/2012,21:30,29,19,10
07/12/2012,21:45,17,14,3
07/12/2012,22:00,21,18,3
07/12/2012,22:15,13,10,3
07/12/2012,22:30,22,13,9
07/12/2012,22:45,25,21,4
07/12/2012,23:00,12,6,6
07/12/2012,23:15,21,18,3
07/12/2012,23:30,15,13,2
07/12/2012,23:45,18,15,3
08/12/2012,00:00,21,20,1
08/12/2012,00:15,30,27,3
08/12/2012,00:30,22,19,3
08/12/2012,00:45,16,15,1
08/12/2012,01:00,10,10,0
08/12/2012,01:15,12,10,2
08/12/2012,01:30,7,7,0
08/12/2012,01:45,2,2,0
08/12/2012,02:00,15,15,0
08/12/2012,02:15,4,4,0
08/12/2012,02:30,8,7,1
08/12/2012,02:45,3,3,0
08/12/2012,03:00,5,3,2
08/12/2012,03:15,3,3,0
08/12/2012,03:30,1,1,0
08/12/2012,03:45,0,0,0
08/12/2012,04:00,2,2,0
08/12/2012,04:15,0,0,0
08/12/2012,04:30,1,1,0
08/12/2012,04:45,1,1,0
08/12/2012,05:00,3,2,1
08/12/2012,05:15,3,1,2
08/12/2012,05:30,2,0,2
08/12/2012,05:45,0,0,0
08/12/2012,06:00,6,5,1
08/12/2012,06:15,4,2,2
08/12/2012,06:30,7,2,5
08/12/2012,06:45,9,5,4
08/12/2012,07:00,9,5,4
08/12/2012,07:15,12,5,7
08/12/2012,07:30,10,4,6
08/12/2012,07:45,22,12,10
08/12/2012,08:00,33,20,13
08/12/2012,08:15,39,23,16
08/12/2012,08:30,43,30,13
08/12/2012,08:45,50,33,17
08/12/2012,09:00,51,29,22
08/12/2012,09:15,38,21,17
08/12/2012,09:30,51,28,23
08/12/2012,09:45,50,29,21
08/12/2012,10:00,63,49,14
08/12/2012,10:15,83,54,29
08/12/2012,10:30,61,38,23
08/12/2012,10:45,59,37,22
08/12/2012,11:00,63,42,21
08/12/2012,11:15,75,46,29
08/12/2012,11:30,73,45,28
08/12/2012,11:45,64,31,33
08/12/2012,12:00,61,37,24
08/12/2012,12:15,67,41,26
08/12/2012,12:30,89,49,40
08/12/2012,12:45,80,34,46
08/12/2012,13:00,90,50,40
08/12/2012,13:15,68,48,20
08/12/2012,13:30,89,43,46
08/12/2012,13:45,71,41,30
08/12/2012,14:00,85,45,40
08/12/2012,14:15,101,57,44
08/12/2012,14:30,90,46,44
08/12/2012,14:45,88,38,50
08/12/2012,15:00,95,36,59
08/12/2012,15:15,80,40,40
08/12/2012,15:30,81,30,51
08/12/2012,15:45,73,35,38
08/12/2012,16:00,71,33,38
08/12/2012,16:15,69,32,37
08/12/2012,16:30,54,24,30
08/12/2012,16:45,45,20,25
08/12/2012,17:00,47,19,28
08/12/2012,17:15,44,18,26
08/12/2012,17:30,39,17,22
08/12/2012,17:45,33,11,22
08/12/2012,18:00,32,16,16
08/12/2012,18:15,13,8,5
08/12/2012,18:30,30,22,8
08/12/2012,18:45,35,21,14
08/12/2012,19:00,32,16,16
08/12/2012,19:15,27,16,11
08/12/2012,19:30,21,14,7
08/12/2012,19:45,19,9,10
08/12/2012,20:00,28,18,10
08/12/2012,20:15,13,9,4
08/12/2012,20:30,20,12,8
08/12/2012,20:45,16,7,9
08/12/2012,21:00,19,12,7
08/12/2012,21:15,37,20,17
08/12/2012,21:30,18,13,5
08/12/2012,21:45,9,5,4
08/12/2012,22:00,18,10,8
08/12/2012,22:15,18,13,5
08/12/2012,22:30,17,8,9
08/12/2012,22:45,13,12,1
08/12/2012,23:00,11,10,1
08/12/2012,23:15,26,17,9
08/12/2012,23:30,24,20,4
08/12/2012,23:45,18,15,3
09/12/2012,00:00,13,9,4
09/12/2012,00:15,11,7,4
09/12/2012,00:30,10,10,0
09/12/2012,00:45,5,4,1
09/12/2012,01:00,14,9,5
09/12/2012,01:15,14,8,6
09/12/2012,01:30,4,4,0
09/12/2012,01:45,5,3,2
09/12/2012,02:00,7,6,1
09/12/2012,02:15,6,6,0
09/12/2012,02:30,0,0,0
09/12/2012,02:45,2,2,0
09/12/2012,03:00,3,3,0
09/12/2012,03:15,5,5,0
09/12/2012,03:30,0,0,0
09/12/2012,03:45,0,0,0
09/12/2012,04:00,0,0,0
09/12/2012,04:15,4,3,1
09/12/2012,04:30,3,3,0
09/12/2012,04:45,2,0,2
09/12/2012,05:00,1,1,0
09/12/2012,05:15,1,1,0
09/12/2012,05:30,5,3,2
09/12/2012,05:45,0,0,0
09/12/2012,06:00,4,3,1
09/12/2012,06:15,9,3,6
09/12/2012,06:30,7,3,4
09/12/2012,06:45,10,7,3
09/12/2012,07:00,11,7,4
09/12/2012,07:15,16,9,7
09/12/2012,07:30,25,19,6
09/12/2012,07:45,14,9,5
09/12/2012,08:00,22,18,4
09/12/2012,08:15,19,10,9
09/12/2012,08:30,24,14,10
09/12/2012,08:45,36,14,22
09/12/2012,09:00,48,32,16
09/12/2012,09:15,38,25,13
09/12/2012,09:30,44,24,20
09/12/2012,09:45,59,36,23
09/12/2012,10:00,59,42,17
09/12/2012,10:15,61,37,24
09/12/2012,10:30,76,37,39
09/12/2012,10:45,49,25,24
09/12/2012,11:00,57,34,23
09/12/2012,11:15,96,71,25
09/12/2012,11:30,66,44,22
09/12/2012,11:45,90,52,38
09/12/2012,12:00,93,63,30
09/12/2012,12:15,118,81,37
09/12/2012,12:30,92,59,33
09/12/2012,12:45,82,53,29
09/12/2012,13:00,104,52,52
09/12/2012,13:15,110,79,31
09/12/2012,13:30,89,52,37
09/12/2012,13:45,106,61,45
09/12/2012,14:00,107,66,41
09/12/2012,14:15,106,48,58
09/12/2012,14:30,99,50,49
09/12/2012,14:45,94,41,53
09/12/2012,15:00,115,66,49
09/12/2012,15:15,75,32,43
09/12/2012,15:30,116,51,65
09/12/2012,15:45,107,43,64
09/12/2012,16:00,108,39,69
09/12/2012,16:15,111,32,79
09/12/2012,16:30,86,34,52
09/12/2012,16:45,85,28,57
09/12/2012,17:00,72,34,38
09/12/2012,17:15,56,34,22
09/12/2012,17:30,64,33,31
09/12/2012,17:45,34,14,20
09/12/2012,18:00,37,24,13
09/12/2012,18:15,37,21,16
09/12/2012,18:30,34,18,16
09/12/2012,18:45,22,17,5
09/12/2012,19:00,19,12,7
09/12/2012,19:15,19,17,2
09/12/2012,19:30,30,21,9
09/12/2012,19:45,16,11,5
09/12/2012,20:00,15,10,5
09/12/2012,20:15,17,10,7
09/12/2012,20:30,13,4,9
09/12/2012,20:45,14,9,5
09/12/2012,21:00,17,14,3
09/12/2012,21:15,11,7,4
09/12/2012,21:30,15,11,4
09/12/2012,21:45,9,8,1
09/12/2012,22:00,15,9,6
09/12/2012,22:15,14,9,5
09/12/2012,22:30,18,16,2
09/12/2012,22:45,14,8,6
09/12/2012,23:00,7,3,4
09/12/2012,23:15,7,6,1
09/12/2012,23:30,8,6,2
09/12/2012,23:45,5,3,2
10/12/2012,00:00,3,3,0
10/12/2012,00:15,2,2,0
10/12/2012,00:30,3,3,0
10/12/2012,00:45,2,1,1
10/12/2012,01:00,3,3,0
10/12/2012,01:15,1,1,0
10/12/2012,01:30,3,2,1
10/12/2012,01:45,1,0,1
10/12/2012,02:00,4,2,2
10/12/2012,02:15,1,0,1
10/12/2012,02:30,0,0,0
10/12/2012,02:45,0,0,0
10/12/2012,03:00,0,0,0
10/12/2012,03:15,2,2,0
10/12/2012,03:30,0,0,0
10/12/2012,03:45,1,1,0
10/12/2012,04:00,1,1,0
10/12/2012,04:15,1,1,0
10/12/2012,04:30,2,1,1
10/12/2012,04:45,1,0,1
10/12/2012,05:00,7,4,3
10/12/2012,05:15,6,3,3
10/12/2012,05:30,5,2,3
10/12/2012,05:45,12,3,9
10/12/2012,06:00,24,14,10
10/12/2012,06:15,26,14,12
10/12/2012,06:30,24,8,16
10/12/2012,06:45,35,15,20
10/12/2012,07:00,47,14,33
10/12/2012,07:15,72,33,39
10/12/2012,07:30,71,24,47
10/12/2012,07:45,69,15,54
10/12/2012,08:00,79,16,63
10/12/2012,08:15,89,15,74
10/12/2012,08:30,93,26,67
10/12/2012,08:45,67,11,56
10/12/2012,09:00,78,20,58
10/12/2012,09:15,70,29,41
10/12/2012,09:30,50,18,32
10/12/2012,09:45,27,8,19
10/12/2012,10:00,40,18,22
10/12/2012,10:15,24,15,9
10/12/2012,10:30,28,10,18
10/12/2012,10:45,30,18,12
10/12/2012,11:00,31,13,18
10/12/2012,11:15,33,17,16
10/12/2012,11:30,31,17,14
10/12/2012,11:45,22,10,12
10/12/2012,12:00,22,13,9
10/12/2012,12:15,42,28,14
10/12/2012,12:30,28,17,11
10/12/2012,12:45,25,14,11
10/12/2012,13:00,36,17,19
10/12/2012,13:15,48,31,17
10/12/2012,13:30,30,18,12
10/12/2012,13:45,36,22,14
10/12/2012,14:00,37,19,18
10/12/2012,14:15,42,23,19
10/12/2012,14:30,55,29,26
10/12/2012,14:45,36,24,12
10/12/2012,15:00,59,29,30
10/12/2012,15:15,63,43,20
10/12/2012,15:30,50,28,22
10/12/2012,15:45,46,27,19
10/12/2012,16:00,59,39,20
10/12/2012,16:15,59,37,22
10/12/2012,16:30,81,50,31
10/12/2012,16:45,64,39,25
10/12/2012,17:00,105,71,34
10/12/2012,17:15,96,65,31
10/12/2012,17:30,105,76,29
10/12/2012,17:45,106,76,30
10/12/2012,18:00,101,83,18
10/12/2012,18:15,89,78,11
10/12/2012,18:30,77,65,12
10/12/2012,18:45,78,71,7
10/12/2012,19:00,64,53,11
10/12/2012,19:15,60,47,13
10/12/2012,19:30,44,37,7
10/12/2012,19:45,44,38,6
10/12/2012,20:00,54,46,8
10/12/2012,20:15,27,22,5
10/12/2012,20:30,32,26,6
10/12/2012,20:45,33,25,8
10/12/2012,21:00,23,20,3
10/12/2012,21:15,21,16,5
10/12/2012,21:30,31,23,8
10/12/2012,21:45,19,13,6
10/12/2012,22:00,24,18,6
10/12/2012,22:15,16,13,3
10/12/2012,22:30,18,12,6
10/12/2012,22:45,10,7,3
10/12/2012,23:00,18,15,3
10/12/2012,23:15,9,7,2
10/12/2012,23:30,8,7,1
10/12/2012,23:45,11,9,2
11/12/2012,00:00,14,12,2
11/12/2012,00:15,4,3,1
11/12/2012,00:30,5,5,0
11/12/2012,00:45,3,2,1
11/12/2012,01:00,4,4,0
11/12/2012,01:15,1,0,1
11/12/2012,01:30,2,2,0
11/12/2012,01:45,1,0,1
11/12/2012,02:00,1,1,0
11/12/2012,02:15,4,3,1
11/12/2012,02:30,0,0,0
11/12/2012,02:45,0,0,0
11/12/2012,03:00,1,1,0
11/12/2012,03:15,0,0,0
11/12/2012,03:30,1,0,1
11/12/2012,03:45,0,0,0
11/12/2012,04:00,0,0,0
11/12/2012,04:15,1,0,1
11/12/2012,04:30,1,1,0
11/12/2012,04:45,0,0,0
11/12/2012,05:00,2,1,1
11/12/2012,05:15,5,3,2
11/12/2012,05:30,12,6,6
11/12/2012,05:45,12,5,7
11/12/2012,06:00,28,18,10
11/12/2012,06:15,34,18,16
11/12/2012,06:30,31,9,22
11/12/2012,06:45,30,13,17
11/12/2012,07:00,57,21,36
11/12/2012,07:15,60,15,45
11/12/2012,07:30,67,20,47
11/12/2012,07:45,84,20,64
11/12/2012,08:00,82,18,64
11/12/2012,08:15,99,26,73
11/12/2012,08:30,93,28,65
11/12/2012,08:45,60,17,43
11/12/2012,09:00,67,16,51
11/12/2012,09:15,47,11,36
11/12/2012,09:30,47,16,31
11/12/2012,09:45,45,23,22
11/12/2012,10:00,41,16,25
11/12/2012,10:15,34,16,18
11/12/2012,10:30,37,16,21
11/12/2012,10:45,40,25,15
11/12/2012,11:00,28,11,17
11/12/2012,11:15,26,12,14
11/12/2012,11:30,23,9,14
11/12/2012,11:45,25,12,13
11/12/2012,12:00,24,9,15
11/12/2012,12:15,27,12,15
11/12/2012,12:30,38,16,22
11/12/2012,12:45,29,19,10
11/12/2012,13:00,38,17,21
11/12/2012,13:15,32,15,17
11/12/2012,13:30,21,14,7
11/12/2012,13:45,32,15,17
11/12/2012,14:00,35,18,17
11/12/2012,14:15,27,16,11
11/12/2012,14:30,31,14,17
11/12/2012,14:45,35,20,15
11/12/2012,15:00,37,21,16
11/12/2012,15:15,35,20,15
11/12/2012,15:30,49,32,17
11/12/2012,15:45,40,28,12
11/12/2012,16:00,47,36,11
11/12/2012,16:15,53,39,14
11/12/2012,16:30,84,53,31
11/12/2012,16:45,78,54,24
11/12/2012,17:00,77,50,27
11/12/2012,17:15,96,79,17
11/12/2012,17:30,85,68,17
11/12/2012,17:45,77,63,14
11/12/2012,18:00,81,62,19
11/12/2012,18:15,86,77,9
11/12/2012,18:30,81,64,17
11/12/2012,18:45,69,54,15
11/12/2012,19:00,67,52,15
11/12/2012,19:15,48,34,14
11/12/2012,19:30,43,31,12
11/12/2012,19:45,28,20,8
11/12/2012,20:00,41,35,6
11/12/2012,20:15,26,25,1
11/12/2012,20:30,26,18,8
11/12/2012,20:45,28,19,9
11/12/2012,21:00,27,18,9
11/12/2012,21:15,29,23,6
11/12/2012,21:30,23,19,4
11/12/2012,21:45,25,17,8
11/12/2012,22:00,22,17,5
11/12/2012,22:15,15,11,4
11/12/2012,22:30,13,10,3
11/12/2012,22:45,15,11,4
11/12/2012,23:00,9,7,2
11/12/2012,23:15,9,7,2
11/12/2012,23:30,11,11,0
11/12/2012,23:45,10,9,1
12/12/2012,00:00,9,8,1
12/12/2012,00:15,7,7,0
12/12/2012,00:30,2,2,0
12/12/2012,00:45,2,1,1
12/12/2012,01:00,2,1,1
12/12/2012,01:15,3,3,0
12/12/2012,01:30,1,1,0
12/12/2012,01:45,0,0,0
12/12/2012,02:00,0,0,0
12/12/2012,02:15,5,2,3
12/12/2012,02:30,0,0,0
12/12/2012,02:45,0,0,0
12/12/2012,03:00,1,0,1
12/12/2012,03:15,0,0,0
12/12/2012,03:30,0,0,0
12/12/2012,03:45,0,0,0
12/12/2012,04:00,0,0,0
12/12/2012,04:15,0,0,0
12/12/2012,04:30,2,2,0
12/12/2012,04:45,2,0,2
12/12/2012,05:00,1,0,1
12/12/2012,05:15,2,2,0
12/12/2012,05:30,2,0,2
12/12/2012,05:45,8,3,5
12/12/2012,06:00,12,5,7
12/12/2012,06:15,14,4,10
12/12/2012,06:30,23,13,10
12/12/2012,06:45,18,6,12
12/12/2012,07:00,24,9,15
12/12/2012,07:15,49,15,34
12/12/2012,07:30,53,20,33
12/12/2012,07:45,45,11,34
12/12/2012,08:00,58,15,43
12/12/2012,08:15,67,16,51
12/12/2012,08:30,66,17,49
12/12/2012,08:45,49,11,38
12/12/2012,09:00,51,16,35
12/12/2012,09:15,45,17,28
12/12/2012,09:30,34,10,24
12/12/2012,09:45,22,7,15
12/12/2012,10:00,24,13,11
12/12/2012,10:15,41,17,24
12/12/2012,10:30,32,18,14
12/12/2012,10:45,26,14,12
12/12/2012,11:00,30,15,15
12/12/2012,11:15,22,8,14
12/12/2012,11:30,23,16,7
12/12/2012,11:45,22,11,11
12/12/2012,12:00,27,20,7
12/12/2012,12:15,28,15,13
12/12/2012,12:30,27,14,13
12/12/2012,12:45,21,13,8
12/12/2012,13:00,44,23,21
12/12/2012,13:15,25,16,9
12/12/2012,13:30,22,15,7
12/12/2012,13:45,31,20,11
12/12/2012,14:00,35,22,13
12/12/2012,14:15,40,24,16
12/12/2012,14:30,28,11,17
12/12/2012,14:45,27,15,12
12/12/2012,15:00,51,34,17
12/12/2012,15:15,38,25,13
12/12/2012,15:30,39,28,11
12/12/2012,15:45,41,22,19
12/12/2012,16:00,36,23,13
12/12/2012,16:15,48,33,15
12/12/2012,16:30,45,29,16
12/12/2012,16:45,61,40,21
12/12/2012,17:00,76,51,25
12/12/2012,17:15,81,59,22
12/12/2012,17:30,78,60,18
12/12/2012,17:45,51,39,12
12/12/2012,18:00,66,54,12
12/12/2012,18:15,56,46,10
12/12/2012,18:30,56,45,11
12/12/2012,18:45,57,40,17
12/12/2012,19:00,54,43,11
12/12/2012,19:15,39,32,7
12/12/2012,19:30,36,27,9
12/12/2012,19:45,31,25,6
12/12/2012,20:00,26,18,8
12/12/2012,20:15,34,21,13
12/12/2012,20:30,12,8,4
12/12/2012,20:45,26,17,9
12/12/2012,21:00,39,19,20
12/12/2012,21:15,28,21,7
12/12/2012,21:30,26,22,4
12/12/2012,21:45,15,8,7
12/12/2012,22:00,25,19,6
12/12/2012,22:15,21,16,5
12/12/2012,22:30,21,18,3
12/12/2012,22:45,15,14,1
12/12/2012,23:00,15,11,4
12/12/2012,23:15,19,13,6
12/12/2012,23:30,17,17,0
12/12/2012,23:45,9,8,1
13/12/2012,00:00,8,8,0
13/12/2012,00:15,12,10,2
13/12/2012,00:30,7,6,1
13/12/2012,00:45,4,4,0
13/12/2012,01:00,2,1,1
13/12/2012,01:15,2,2,0
13/12/2012,01:30,6,5,1
13/12/2012,01:45,0,0,0
13/12/2012,02:00,2,1,1
13/12/2012,02:15,2,2,0
13/12/2012,02:30,0,0,0
13/12/2012,02:45,1,1,0
13/12/2012,03:00,1,1,0
13/12/2012,03:15,0,0,0
13/12/2012,03:30,1,1,0
13/12/2012,03:45,0,0,0
13/12/2012,04:00,0,0,0
13/12/2012,04:15,0,0,0
13/12/2012,04:30,2,1,1
13/12/2012,04:45,3,0,3
13/12/2012,05:00,2,0,2
13/12/2012,05:15,3,1,2
13/12/2012,05:30,11,3,8
13/12/2012,05:45,8,2,6
13/12/2012,06:00,25,13,12
13/12/2012,06:15,23,12,11
13/12/2012,06:30,17,7,10
13/12/2012,06:45,29,9,20
13/12/2012,07:00,45,16,29
13/12/2012,07:15,70,22,48
13/12/2012,07:30,66,19,47
13/12/2012,07:45,65,20,45
13/12/2012,08:00,90,20,70
13/12/2012,08:15,76,14,62
13/12/2012,08:30,77,20,57
13/12/2012,08:45,54,11,43
13/12/2012,09:00,49,25,24
13/12/2012,09:15,51,12,39
13/12/2012,09:30,49,23,26
13/12/2012,09:45,32,8,24
13/12/2012,10:00,44,18,26
13/12/2012,10:15,27,16,11
13/12/2012,10:30,43,23,20
13/12/2012,10:45,32,18,14
13/12/2012,11:00,30,15,15
13/12/2012,11:15,45,20,25
13/12/2012,11:30,36,18,18
13/12/2012,11:45,30,15,15
13/12/2012,12:00,32,15,17
13/12/2012,12:15,29,17,12
13/12/2012,12:30,41,19,22
13/12/2012,12:45,41,24,17
13/12/2012,13:00,25,15,10
13/12/2012,13:15,24,11,13
13/12/2012,13:30,26,15,11
13/12/2012,13:45,30,20,10
13/12/2012,14:00,41,26,15
13/12/2012,14:15,28,15,13
13/12/2012,14:30,38,30,8
13/12/2012,14:45,36,19,17
13/12/2012,15:00,45,29,16
13/12/2012,15:15,64,36,28
13/12/2012,15:30,38,28,10
13/12/2012,15:45,44,27,17
13/12/2012,16:00,57,33,24
13/12/2012,16:15,54,39,15
13/12/2012,16:30,78,48,30
13/12/2012,16:45,66,41,25
13/12/2012,17:00,85,57,28
13/12/2012,17:15,82,63,19
13/12/2012,17:30,69,53,16
13/12/2012,17:45,81,60,21
13/12/2012,18:00,85,70,15
13/12/2012,18:15,88,68,20
13/12/2012,18:30,71,53,18
13/12/2012,18:45,72,55,17
13/12/2012,19:00,49,38,11
13/12/2012,19:15,39,32,7
13/12/2012,19:30,38,34,4
13/12/2012,19:45,27,16,11
13/12/2012,20:00,27,21,6
13/12/2012,20:15,16,13,3
13/12/2012,20:30,23,16,7
13/12/2012,20:45,27,19,8
13/12/2012,21:00,24,19,5
13/12/2012,21:15,28,25,3
13/12/2012,21:30,28,19,9
13/12/2012,21:45,24,15,9
13/12/2012,22:00,25,16,9
13/12/2012,22:15,32,26,6
13/12/2012,22:30,23,22,1
13/12/2012,22:45,17,13,4
13/12/2012,23:00,18,15,3
13/12/2012,23:15,22,17,5
13/12/2012,23:30,14,12,2
13/12/2012,23:45,9,8,1
14/12/2012,00:00,11,11,0
14/12/2012,00:15,11,10,1
14/12/2012,00:30,5,5,0
14/12/2012,00:45,6,5,1
14/12/2012,01:00,12,10,2
14/12/2012,01:15,4,4,0
14/12/2012,01:30,6,5,1
14/12/2012,01:45,1,1,0
14/12/2012,02:00,3,2,1
14/12/2012,02:15,1,1,0
14/12/2012,02:30,2,0,2
14/12/2012,02:45,4,2,2
14/12/2012,03:00,3,3,0
14/12/2012,03:15,0,0,0
14/12/2012,03:30,2,2,0
14/12/2012,03:45,0,0,0
14/12/2012,04:00,2,1,1
14/12/2012,04:15,1,0,1
14/12/2012,04:30,2,0,2
14/12/2012,04:45,1,1,0
14/12/2012,05:00,1,0,1
14/12/2012,05:15,1,0,1
14/12/2012,05:30,7,2,5
14/12/2012,05:45,4,2,2
14/12/2012,06:00,11,7,4
14/12/2012,06:15,27,12,15
14/12/2012,06:30,18,9,9
14/12/2012,06:45,24,6,18
14/12/2012,07:00,27,12,15
14/12/2012,07:15,34,9,25
14/12/2012,07:30,51,9,42
14/12/2012,07:45,41,12,29
14/12/2012,08:00,44,12,32
14/12/2012,08:15,45,13,32
14/12/2012,08:30,36,12,24
14/12/2012,08:45,48,20,28
14/12/2012,09:00,41,9,32
14/12/2012,09:15,30,16,14
14/12/2012,09:30,37,16,21
14/12/2012,09:45,24,6,18
14/12/2012,10:00,17,9,8
14/12/2012,10:15,26,15,11
14/12/2012,10:30,12,6,6
14/12/2012,10:45,21,9,12
14/12/2012,11:00,33,16,17
14/12/2012,11:15,29,10,19
14/12/2012,11:30,21,15,6
14/12/2012,11:45,15,8,7
14/12/2012,12:00,12,5,7
14/12/2012,12:15,5,3,2
14/12/2012,12:30,19,12,7
14/12/2012,12:45,20,8,12
14/12/2012,13:00,28,10,18
14/12/2012,13:15,16,12,4
14/12/2012,13:30,13,9,4
14/12/2012,13:45,16,11,5
14/12/2012,14:00,29,19,10
14/12/2012,14:15,23,14,9
14/12/2012,14:30,27,12,15
14/12/2012,14:45,33,13,20
14/12/2012,15:00,27,18,9
14/12/2012,15:15,32,18,14
14/12/2012,15:30,53,36,17
14/12/2012,15:45,32,21,11
14/12/2012,16:00,28,16,12
14/12/2012,16:15,49,38,11
14/12/2012,16:30,44,22,22
14/12/2012,16:45,45,31,14
14/12/2012,17:00,58,44,14
14/12/2012,17:15,73,54,19
14/12/2012,17:30,59,43,16
14/12/2012,17:45,54,41,13
14/12/2012,18:00,52,41,11
14/12/2012,18:15,42,31,11
14/12/2012,18:30,35,29,6
14/12/2012,18:45,42,28,14
14/12/2012,19:00,26,19,7
14/12/2012,19:15,24,18,6
14/12/2012,19:30,23,18,5
14/12/2012,19:45,15,14,1
14/12/2012,20:00,17,12,5
14/12/2012,20:15,23,16,7
14/12/2012,20:30,18,13,5
14/12/2012,20:45,12,10,2
14/12/2012,21:00,19,13,6
14/12/2012,21:15,22,16,6
14/12/2012,21:30,19,17,2
14/12/2012,21:45,19,14,5
14/12/2012,22:00,10,8,2
14/12/2012,22:15,22,16,6
14/12/2012,22:30,13,9,4
14/12/2012,22:45,13,6,7
14/12/2012,23:00,11,11,0
14/12/2012,23:15,14,12,2
14/12/2012,23:30,5,5,0
14/12/2012,23:45,11,10,1
15/12/2012,00:00,12,11,1
15/12/2012,00:15,8,6,2
15/12/2012,00:30,10,9,1
15/12/2012,00:45,9,7,2
15/12/2012,01:00,6,6,0
15/12/2012,01:15,5,2,3
15/12/2012,01:30,5,3,2
15/12/2012,01:45,1,1,0
15/12/2012,02:00,2,2,0
15/12/2012,02:15,6,5,1
15/12/2012,02:30,5,4,1
15/12/2012,02:45,0,0,0
15/12/2012,03:00,3,3,0
15/12/2012,03:15,0,0,0
15/12/2012,03:30,2,2,0
15/12/2012,03:45,0,0,0
15/12/2012,04:00,0,0,0
15/12/2012,04:15,4,2,2
15/12/2012,04:30,2,0,2
15/12/2012,04:45,1,0,1
15/12/2012,05:00,3,3,0
15/12/2012,05:15,2,2,0
15/12/2012,05:30,4,1,3
15/12/2012,05:45,1,0,1
15/12/2012,06:00,7,6,1
15/12/2012,06:15,5,2,3
15/12/2012,06:30,8,6,2
15/12/2012,06:45,7,6,1
15/12/2012,07:00,19,9,10
15/12/2012,07:15,11,8,3
15/12/2012,07:30,16,12,4
15/12/2012,07:45,13,4,9
15/12/2012,08:00,11,2,9
15/12/2012,08:15,17,10,7
15/12/2012,08:30,23,13,10
15/12/2012,08:45,34,20,14
15/12/2012,09:00,34,24,10
15/12/2012,09:15,35,23,12
15/12/2012,09:30,40,25,15
15/12/2012,09:45,36,23,13
15/12/2012,10:00,28,19,9
15/12/2012,10:15,41,26,15
15/12/2012,10:30,42,29,13
15/12/2012,10:45,37,22,15
15/12/2012,11:00,36,15,21
15/12/2012,11:15,58,22,36
15/12/2012,11:30,47,26,21
15/12/2012,11:45,39,16,23
15/12/2012,12:00,44,23,21
15/12/2012,12:15,32,12,20
15/12/2012,12:30,28,12,16
15/12/2012,12:45,35,14,21
15/12/2012,13:00,24,4,20
15/12/2012,13:15,19,7,12
15/12/2012,13:30,20,11,9
15/12/2012,13:45,14,3,11
15/12/2012,14:00,12,7,5
15/12/2012,14:15,16,10,6
15/12/2012,14:30,15,8,7
15/12/2012,14:45,9,3,6
15/12/2012,15:00,12,10,2
15/12/2012,15:15,13,11,2
15/12/2012,15:30,19,14,5
15/12/2012,15:45,10,7,3
15/12/2012,16:00,15,9,6
15/12/2012,16:15,10,7,3
15/12/2012,16:30,8,5,3
15/12/2012,16:45,21,12,9
15/12/2012,17:00,5,1,4
15/12/2012,17:15,11,11,0
15/12/2012,17:30,11,7,4
15/12/2012,17:45,4,4,0
15/12/2012,18:00,9,5,4
15/12/2012,18:15,11,10,1
15/12/2012,18:30,8,4,4
15/12/2012,18:45,18,8,10
15/12/2012,19:00,6,2,4
15/12/2012,19:15,8,2,6
15/12/2012,19:30,9,4,5
15/12/2012,19:45,4,1,3
15/12/2012,20:00,10,3,7
15/12/2012,20:15,10,10,0
15/12/2012,20:30,20,15,5
15/12/2012,20:45,9,5,4
15/12/2012,21:00,5,5,0
15/12/2012,21:15,6,4,2
15/12/2012,21:30,9,6,3
15/12/2012,21:45,8,7,1
15/12/2012,22:00,2,1,1
15/12/2012,22:15,7,5,2
15/12/2012,22:30,4,2,2
15/12/2012,22:45,7,5,2
15/12/2012,23:00,5,5,0
15/12/2012,23:15,6,5,1
15/12/2012,23:30,6,4,2
15/12/2012,23:45,4,3,1
16/12/2012,00:00,12,7,5
16/12/2012,00:15,6,5,1
16/12/2012,00:30,6,5,1
16/12/2012,00:45,3,3,0
16/12/2012,01:00,6,5,1
16/12/2012,01:15,2,2,0
16/12/2012,01:30,8,8,0
16/12/2012,01:45,3,2,1
16/12/2012,02:00,1,0,1
16/12/2012,02:15,1,0,1
16/12/2012,02:30,6,4,2
16/12/2012,02:45,2,2,0
16/12/2012,03:00,4,4,0
16/12/2012,03:15,3,2,1
16/12/2012,03:30,0,0,0
16/12/2012,03:45,2,2,0
16/12/2012,04:00,2,1,1
16/12/2012,04:15,1,1,0
16/12/2012,04:30,1,1,0
16/12/2012,04:45,0,0,0
16/12/2012,05:00,3,2,1
16/12/2012,05:15,2,1,1
16/12/2012,05:30,1,1,0
16/12/2012,05:45,1,1,0
16/12/2012,06:00,1,1,0
16/12/2012,06:15,2,0,2
16/12/2012,06:30,3,2,1
16/12/2012,06:45,3,2,1
16/12/2012,07:00,3,1,2
16/12/2012,07:15,2,1,1
16/12/2012,07:30,8,5,3
16/12/2012,07:45,6,2,4
16/12/2012,08:00,5,4,1
16/12/2012,08:15,21,10,11
16/12/2012,08:30,18,10,8
16/12/2012,08:45,18,12,6
16/12/2012,09:00,23,16,7
16/12/2012,09:15,26,15,11
16/12/2012,09:30,15,8,7
16/12/2012,09:45,11,7,4
16/12/2012,10:00,32,20,12
16/12/2012,10:15,26,15,11
16/12/2012,10:30,31,18,13
16/12/2012,10:45,29,18,11
16/12/2012,11:00,33,15,18
16/12/2012,11:15,38,19,19
16/12/2012,11:30,29,19,10
16/12/2012,11:45,41,16,25
16/12/2012,12:00,26,14,12
16/12/2012,12:15,57,37,20
16/12/2012,12:30,41,17,24
16/12/2012,12:45,29,18,11
16/12/2012,13:00,54,31,23
16/12/2012,13:15,39,16,23
16/12/2012,13:30,35,12,23
16/12/2012,13:45,34,19,15
16/12/2012,14:00,26,16,10
16/12/2012,14:15,23,10,13
16/12/2012,14:30,26,14,12
16/12/2012,14:45,22,8,14
16/12/2012,15:00,25,14,11
16/12/2012,15:15,25,11,14
16/12/2012,15:30,28,16,12
16/12/2012,15:45,29,18,11
16/12/2012,16:00,35,17,18
16/12/2012,16:15,34,15,19
16/12/2012,16:30,32,17,15
16/12/2012,16:45,42,28,14
16/12/2012,17:00,40,15,25
16/12/2012,17:15,29,17,12
16/12/2012,17:30,21,12,9
16/12/2012,17:45,7,4,3
16/12/2012,18:00,19,10,9
16/12/2012,18:15,14,7,7
16/12/2012,18:30,11,10,1
16/12/2012,18:45,13,9,4
16/12/2012,19:00,14,9,5
16/12/2012,19:15,10,8,2
16/12/2012,19:30,11,8,3
16/12/2012,19:45,6,3,3
16/12/2012,20:00,5,3,2
16/12/2012,20:15,4,2,2
16/12/2012,20:30,14,5,9
16/12/2012,20:45,13,7,6
16/12/2012,21:00,9,4,5
16/12/2012,21:15,9,4,5
16/12/2012,21:30,10,7,3
16/12/2012,21:45,12,4,8
16/12/2012,22:00,4,3,1
16/12/2012,22:15,5,5,0
16/12/2012,22:30,10,9,1
16/12/2012,22:45,5,4,1
16/12/2012,23:00,6,5,1
16/12/2012,23:15,6,6,0
16/12/2012,23:30,4,4,0
16/12/2012,23:45,4,4,0
17/12/2012,00:00,6,5,1
17/12/2012,00:15,6,5,1
17/12/2012,00:30,0,0,0
17/12/2012,00:45,2,2,0
17/12/2012,01:00,4,4,0
17/12/2012,01:15,2,2,0
17/12/2012,01:30,1,1,0
17/12/2012,01:45,1,1,0
17/12/2012,02:00,1,1,0
17/12/2012,02:15,3,1,2
17/12/2012,02:30,1,1,0
17/12/2012,02:45,1,0,1
17/12/2012,03:00,0,0,0
17/12/2012,03:15,2,1,1
17/12/2012,03:30,0,0,0
17/12/2012,03:45,0,0,0
17/12/2012,04:00,1,0,1
17/12/2012,04:15,0,0,0
17/12/2012,04:30,2,2,0
17/12/2012,04:45,0,0,0
17/12/2012,05:00,1,0,1
17/12/2012,05:15,0,0,0
17/12/2012,05:30,4,1,3
17/12/2012,05:45,1,1,0
17/12/2012,06:00,8,0,8
17/12/2012,06:15,9,5,4
17/12/2012,06:30,15,5,10
17/12/2012,06:45,5,0,5
17/12/2012,07:00,16,7,9
17/12/2012,07:15,17,3,14
17/12/2012,07:30,17,5,12
17/12/2012,07:45,28,4,24
17/12/2012,08:00,25,8,17
17/12/2012,08:15,29,8,21
17/12/2012,08:30,27,8,19
17/12/2012,08:45,21,5,16
17/12/2012,09:00,20,9,11
17/12/2012,09:15,26,6,20
17/12/2012,09:30,9,5,4
17/12/2012,09:45,22,4,18
17/12/2012,10:00,17,9,8
17/12/2012,10:15,11,0,11
17/12/2012,10:30,16,7,9
17/12/2012,10:45,14,8,6
17/12/2012,11:00,14,5,9
17/12/2012,11:15,22,10,12
17/12/2012,11:30,18,10,8
17/12/2012,11:45,12,5,7
17/12/2012,12:00,15,8,7
17/12/2012,12:15,12,10,2
17/12/2012,12:30,18,10,8
17/12/2012,12:45,12,4,8
17/12/2012,13:00,9,5,4
17/12/2012,13:15,28,18,10
17/12/2012,13:30,15,13,2
17/12/2012,13:45,19,9,10
17/12/2012,14:00,23,13,10
17/12/2012,14:15,23,14,9
17/12/2012,14:30,32,20,12
17/12/2012,14:45,24,15,9
17/12/2012,15:00,20,12,8
17/12/2012,15:15,21,10,11
17/12/2012,15:30,25,17,8
17/12/2012,15:45,16,7,9
17/12/2012,16:00,29,20,9
17/12/2012,16:15,26,19,7
17/12/2012,16:30,30,20,10
17/12/2012,16:45,31,20,11
17/12/2012,17:00,63,43,20
17/12/2012,17:15,51,32,19
17/12/2012,17:30,51,33,18
17/12/2012,17:45,37,25,12
17/12/2012,18:00,38,27,11
17/12/2012,18:15,40,36,4
17/12/2012,18:30,40,31,9
17/12/2012,18:45,46,35,11
17/12/2012,19:00,24,22,2
17/12/2012,19:15,28,16,12
17/12/2012,19:30,30,21,9
17/12/2012,19:45,26,16,10
17/12/2012,20:00,22,18,4
17/12/2012,20:15,22,19,3
17/12/2012,20:30,21,14,7
17/12/2012,20:45,11,10,1
17/12/2012,21:00,16,12,4
17/12/2012,21:15,12,8,4
17/12/2012,21:30,9,7,2
17/12/2012,21:45,13,9,4
17/12/2012,22:00,26,22,4
17/12/2012,22:15,15,14,1
17/12/2012,22:30,18,16,2
17/12/2012,22:45,11,9,2
17/12/2012,23:00,14,8,6
17/12/2012,23:15,13,9,4
17/12/2012,23:30,9,8,1
17/12/2012,23:45,4,3,1
18/12/2012,00:00,12,8,4
18/12/2012,00:15,9,8,1
18/12/2012,00:30,2,2,0
18/12/2012,00:45,3,3,0
18/12/2012,01:00,3,3,0
18/12/2012,01:15,6,4,2
18/12/2012,01:30,1,1,0
18/12/2012,01:45,1,0,1
18/12/2012,02:00,4,3,1
18/12/2012,02:15,1,1,0
18/12/2012,02:30,0,0,0
18/12/2012,02:45,0,0,0
18/12/2012,03:00,1,1,0
18/12/2012,03:15,0,0,0
18/12/2012,03:30,1,1,0
18/12/2012,03:45,0,0,0
18/12/2012,04:00,0,0,0
18/12/2012,04:15,1,1,0
18/12/2012,04:30,3,1,2
18/12/2012,04:45,1,0,1
18/12/2012,05:00,3,3,0
18/12/2012,05:15,6,1,5
18/12/2012,05:30,6,3,3
18/12/2012,05:45,7,1,6
18/12/2012,06:00,23,14,9
18/12/2012,06:15,18,7,11
18/12/2012,06:30,23,10,13
18/12/2012,06:45,33,9,24
18/12/2012,07:00,36,12,24
18/12/2012,07:15,69,27,42
18/12/2012,07:30,72,23,49
18/12/2012,07:45,56,14,42
18/12/2012,08:00,72,16,56
18/12/2012,08:15,80,27,53
18/12/2012,08:30,74,18,56
18/12/2012,08:45,58,19,39
18/12/2012,09:00,57,18,39
18/12/2012,09:15,48,18,30
18/12/2012,09:30,48,22,26
18/12/2012,09:45,46,20,26
18/12/2012,10:00,19,6,13
18/12/2012,10:15,33,13,20
18/12/2012,10:30,38,19,19
18/12/2012,10:45,28,16,12
18/12/2012,11:00,32,15,17
18/12/2012,11:15,34,12,22
18/12/2012,11:30,34,24,10
18/12/2012,11:45,31,21,10
18/12/2012,12:00,36,26,10
18/12/2012,12:15,39,22,17
18/12/2012,12:30,45,20,25
18/12/2012,12:45,35,15,20
18/12/2012,13:00,31,14,17
18/12/2012,13:15,36,24,12
18/12/2012,13:30,33,22,11
18/12/2012,13:45,29,16,13
18/12/2012,14:00,23,13,10
18/12/2012,14:15,34,21,13
18/12/2012,14:30,32,17,15
18/12/2012,14:45,26,10,16
18/12/2012,15:00,40,21,19
18/12/2012,15:15,33,18,15
18/12/2012,15:30,45,28,17
18/12/2012,15:45,44,29,15
18/12/2012,16:00,52,37,15
18/12/2012,16:15,48,31,17
18/12/2012,16:30,61,46,15
18/12/2012,16:45,55,36,19
18/12/2012,17:00,80,48,32
18/12/2012,17:15,73,51,22
18/12/2012,17:30,88,67,21
18/12/2012,17:45,87,69,18
18/12/2012,18:00,74,60,14
18/12/2012,18:15,66,51,15
18/12/2012,18:30,71,62,9
18/12/2012,18:45,57,50,7
18/12/2012,19:00,48,38,10
18/12/2012,19:15,69,54,15
18/12/2012,19:30,37,24,13
18/12/2012,19:45,30,23,7
18/12/2012,20:00,24,17,7
18/12/2012,20:15,33,26,7
18/12/2012,20:30,30,23,7
18/12/2012,20:45,23,17,6
18/12/2012,21:00,19,15,4
18/12/2012,21:15,16,15,1
18/12/2012,21:30,22,16,6
18/12/2012,21:45,14,12,2
18/12/2012,22:00,6,5,1
18/12/2012,22:15,12,7,5
18/12/2012,22:30,21,17,4
18/12/2012,22:45,19,15,4
18/12/2012,23:00,21,19,2
18/12/2012,23:15,10,8,2
18/12/2012,23:30,6,4,2
18/12/2012,23:45,12,10,2
19/12/2012,00:00,6,6,0
19/12/2012,00:15,7,5,2
19/12/2012,00:30,6,6,0
19/12/2012,00:45,7,7,0
19/12/2012,01:00,6,6,0
19/12/2012,01:15,2,2,0
19/12/2012,01:30,2,2,0
19/12/2012,01:45,3,3,0
19/12/2012,02:00,0,0,0
19/12/2012,02:15,0,0,0
19/12/2012,02:30,1,0,1
19/12/2012,02:45,0,0,0
19/12/2012,03:00,0,0,0
19/12/2012,03:15,0,0,0
19/12/2012,03:30,0,0,0
19/12/2012,03:45,0,0,0
19/12/2012,04:00,0,0,0
19/12/2012,04:15,0,0,0
19/12/2012,04:30,3,1,2
19/12/2012,04:45,0,0,0
19/12/2012,05:00,2,1,1
19/12/2012,05:15,1,0,1
19/12/2012,05:30,5,2,3
19/12/2012,05:45,5,3,2
19/12/2012,06:00,14,6,8
19/12/2012,06:15,19,9,10
19/12/2012,06:30,31,18,13
19/12/2012,06:45,25,11,14
19/12/2012,07:00,34,12,22
19/12/2012,07:15,52,18,34
19/12/2012,07:30,48,14,34
19/12/2012,07:45,57,10,47
19/12/2012,08:00,76,14,62
19/12/2012,08:15,71,16,55
19/12/2012,08:30,63,19,44
19/12/2012,08:45,56,19,37
19/12/2012,09:00,58,19,39
19/12/2012,09:15,46,14,32
19/12/2012,09:30,28,9,19
19/12/2012,09:45,30,12,18
19/12/2012,10:00,26,11,15
19/12/2012,10:15,35,20,15
19/12/2012,10:30,36,21,15
19/12/2012,10:45,28,6,22
19/12/2012,11:00,34,14,20
19/12/2012,11:15,36,20,16
19/12/2012,11:30,24,14,10
19/12/2012,11:45,32,18,14
19/12/2012,12:00,35,21,14
19/12/2012,12:15,32,16,16
19/12/2012,12:30,44,22,22
19/12/2012,12:45,31,14,17
19/12/2012,13:00,25,15,10
19/12/2012,13:15,25,15,10
19/12/2012,13:30,23,14,9
19/12/2012,13:45,38,20,18
19/12/2012,14:00,37,20,17
19/12/2012,14:15,29,18,11
19/12/2012,14:30,33,21,12
19/12/2012,14:45,34,14,20
19/12/2012,15:00,37,19,18
19/12/2012,15:15,38,24,14
19/12/2012,15:30,46,25,21
19/12/2012,15:45,39,22,17
19/12/2012,16:00,49,35,14
19/12/2012,16:15,59,32,27
19/12/2012,16:30,62,39,23
19/12/2012,16:45,57,36,21
19/12/2012,17:00,61,44,17
19/12/2012,17:15,80,60,20
19/12/2012,17:30,78,55,23
19/12/2012,17:45,82,59,23
19/12/2012,18:00,78,57,21
19/12/2012,18:15,61,54,7
19/12/2012,18:30,73,62,11
19/12/2012,18:45,61,44,17
19/12/2012,19:00,41,34,7
19/12/2012,19:15,48,37,11
19/12/2012,19:30,27,19,8
19/12/2012,19:45,30,24,6
19/12/2012,20:00,33,24,9
19/12/2012,20:15,13,7,6
19/12/2012,20:30,22,17,5
19/12/2012,20:45,24,17,7
19/12/2012,21:00,27,23,4
19/12/2012,21:15,22,15,7
19/12/2012,21:30,11,9,2
19/12/2012,21:45,25,21,4
19/12/2012,22:00,12,9,3
19/12/2012,22:15,22,17,5
19/12/2012,22:30,24,21,3
19/12/2012,22:45,8,7,1
19/12/2012,23:00,24,18,6
19/12/2012,23:15,8,4,4
19/12/2012,23:30,11,9,2
19/12/2012,23:45,9,9,0
20/12/2012,00:00,10,10,0
20/12/2012,00:15,3,3,0
20/12/2012,00:30,5,5,0
20/12/2012,00:45,5,4,1
20/12/2012,01:00,5,4,1
20/12/2012,01:15,3,3,0
20/12/2012,01:30,4,3,1
20/12/2012,01:45,0,0,0
20/12/2012,02:00,3,2,1
20/12/2012,02:15,1,1,0
20/12/2012,02:30,1,1,0
20/12/2012,02:45,1,1,0
20/12/2012,03:00,5,3,2
20/12/2012,03:15,1,1,0
20/12/2012,03:30,2,1,1
20/12/2012,03:45,1,1,0
20/12/2012,04:00,0,0,0
20/12/2012,04:15,0,0,0
20/12/2012,04:30,1,1,0
20/12/2012,04:45,2,0,2
20/12/2012,05:00,2,1,1
20/12/2012,05:15,2,0,2
20/12/2012,05:30,7,2,5
20/12/2012,05:45,4,1,3
20/12/2012,06:00,17,11,6
20/12/2012,06:15,20,9,11
20/12/2012,06:30,11,4,7
20/12/2012,06:45,22,6,16
20/12/2012,07:00,26,6,20
20/12/2012,07:15,49,18,31
20/12/2012,07:30,45,15,30
20/12/2012,07:45,52,5,47
20/12/2012,08:00,51,14,37
20/12/2012,08:15,50,16,34
20/12/2012,08:30,56,15,41
20/12/2012,08:45,56,15,41
20/12/2012,09:00,44,18,26
20/12/2012,09:15,37,9,28
20/12/2012,09:30,41,22,19
20/12/2012,09:45,31,17,14
20/12/2012,10:00,25,10,15
20/12/2012,10:15,35,15,20
20/12/2012,10:30,28,18,10
20/12/2012,10:45,30,19,11
20/12/2012,11:00,33,19,14
20/12/2012,11:15,25,12,13
20/12/2012,11:30,37,27,10
20/12/2012,11:45,20,8,12
20/12/2012,12:00,34,16,18
20/12/2012,12:15,22,13,9
20/12/2012,12:30,28,15,13
20/12/2012,12:45,23,10,13
20/12/2012,13:00,31,19,12
20/12/2012,13:15,29,18,11
20/12/2012,13:30,29,12,17
20/12/2012,13:45,31,15,16
20/12/2012,14:00,29,20,9
20/12/2012,14:15,27,19,8
20/12/2012,14:30,23,14,9
20/12/2012,14:45,35,20,15
20/12/2012,15:00,36,18,18
20/12/2012,15:15,39,23,16
20/12/2012,15:30,27,17,10
20/12/2012,15:45,26,14,12
20/12/2012,16:00,46,28,18
20/12/2012,16:15,46,29,17
20/12/2012,16:30,51,38,13
20/12/2012,16:45,50,36,14
20/12/2012,17:00,65,47,18
20/12/2012,17:15,63,47,16
20/12/2012,17:30,53,42,11
20/12/2012,17:45,59,51,8
20/12/2012,18:00,52,41,11
20/12/2012,18:15,59,40,19
20/12/2012,18:30,42,32,10
20/12/2012,18:45,45,31,14
20/12/2012,19:00,41,34,7
20/12/2012,19:15,35,26,9
20/12/2012,19:30,29,24,5
20/12/2012,19:45,22,20,2
20/12/2012,20:00,23,17,6
20/12/2012,20:15,34,23,11
20/12/2012,20:30,19,17,2
20/12/2012,20:45,19,15,4
20/12/2012,21:00,25,18,7
20/12/2012,21:15,15,11,4
20/12/2012,21:30,13,10,3
20/12/2012,21:45,19,15,4
20/12/2012,22:00,14,10,4
20/12/2012,22:15,17,15,2
20/12/2012,22:30,8,8,0
20/12/2012,22:45,18,12,6
20/12/2012,23:00,9,5,4
20/12/2012,23:15,6,6,0
20/12/2012,23:30,8,7,1
20/12/2012,23:45,9,8,1
21/12/2012,00:00,8,7,1
21/12/2012,00:15,3,2,1
21/12/2012,00:30,7,7,0
21/12/2012,00:45,4,4,0
21/12/2012,01:00,4,3,1
21/12/2012,01:15,3,3,0
21/12/2012,01:30,5,4,1
21/12/2012,01:45,2,2,0
21/12/2012,02:00,4,4,0
21/12/2012,02:15,1,1,0
21/12/2012,02:30,1,0,1
21/12/2012,02:45,2,2,0
21/12/2012,03:00,2,0,2
21/12/2012,03:15,1,1,0
21/12/2012,03:30,1,0,1
21/12/2012,03:45,3,1,2
21/12/2012,04:00,1,1,0
21/12/2012,04:15,1,0,1
21/12/2012,04:30,1,1,0
21/12/2012,04:45,1,1,0
21/12/2012,05:00,2,1,1
21/12/2012,05:15,1,1,0
21/12/2012,05:30,6,2,4
21/12/2012,05:45,3,0,3
21/12/2012,06:00,3,1,2
21/12/2012,06:15,10,4,6
21/12/2012,06:30,8,1,7
21/12/2012,06:45,14,5,9
21/12/2012,07:00,10,5,5
21/12/2012,07:15,19,5,14
21/12/2012,07:30,19,6,13
21/12/2012,07:45,22,4,18
21/12/2012,08:00,18,5,13
21/12/2012,08:15,29,9,20
21/12/2012,08:30,15,4,11
21/12/2012,08:45,15,7,8
21/12/2012,09:00,15,9,6
21/12/2012,09:15,23,11,12
21/12/2012,09:30,5,2,3
21/12/2012,09:45,6,4,2
21/12/2012,10:00,4,3,1
21/12/2012,10:15,13,5,8
21/12/2012,10:30,8,3,5
21/12/2012,10:45,3,1,2
21/12/2012,11:00,9,4,5
21/12/2012,11:15,6,3,3
21/12/2012,11:30,6,4,2
21/12/2012,11:45,6,1,5
21/12/2012,12:00,8,4,4
21/12/2012,12:15,12,9,3
21/12/2012,12:30,6,3,3
21/12/2012,12:45,8,7,1
21/12/2012,13:00,3,1,2
21/12/2012,13:15,12,6,6
21/12/2012,13:30,12,5,7
21/12/2012,13:45,7,3,4
21/12/2012,14:00,16,7,9
21/12/2012,14:15,13,9,4
21/12/2012,14:30,10,2,8
21/12/2012,14:45,11,7,4
21/12/2012,15:00,8,4,4
21/12/2012,15:15,9,9,0
21/12/2012,15:30,16,11,5
21/12/2012,15:45,12,6,6
21/12/2012,16:00,18,15,3
21/12/2012,16:15,25,17,8
21/12/2012,16:30,15,12,3
21/12/2012,16:45,19,14,5
21/12/2012,17:00,20,15,5
21/12/2012,17:15,23,21,2
21/12/2012,17:30,26,20,6
21/12/2012,17:45,20,11,9
21/12/2012,18:00,22,16,6
21/12/2012,18:15,23,20,3
21/12/2012,18:30,23,17,6
21/12/2012,18:45,13,9,4
21/12/2012,19:00,17,11,6
21/12/2012,19:15,14,10,4
21/12/2012,19:30,11,8,3
21/12/2012,19:45,9,7,2
21/12/2012,20:00,6,4,2
21/12/2012,20:15,12,8,4
21/12/2012,20:30,7,3,4
21/12/2012,20:45,4,1,3
21/12/2012,21:00,9,4,5
21/12/2012,21:15,5,2,3
21/12/2012,21:30,4,2,2
21/12/2012,21:45,2,1,1
21/12/2012,22:00,5,5,0
21/12/2012,22:15,13,9,4
21/12/2012,22:30,7,6,1
21/12/2012,22:45,4,2,2
21/12/2012,23:00,6,4,2
21/12/2012,23:15,5,5,0
21/12/2012,23:30,6,4,2
21/12/2012,23:45,3,2,1
22/12/2012,00:00,6,2,4
22/12/2012,00:15,7,5,2
22/12/2012,00:30,4,4,0
22/12/2012,00:45,1,1,0
22/12/2012,01:00,2,2,0
22/12/2012,01:15,2,2,0
22/12/2012,01:30,1,0,1
22/12/2012,01:45,0,0,0
22/12/2012,02:00,5,4,1
22/12/2012,02:15,4,4,0
22/12/2012,02:30,2,1,1
22/12/2012,02:45,2,2,0
22/12/2012,03:00,1,1,0
22/12/2012,03:15,2,1,1
22/12/2012,03:30,0,0,0
22/12/2012,03:45,0,0,0
22/12/2012,04:00,0,0,0
22/12/2012,04:15,0,0,0
22/12/2012,04:30,0,0,0
22/12/2012,04:45,1,1,0
22/12/2012,05:00,1,0,1
22/12/2012,05:15,0,0,0
22/12/2012,05:30,4,0,4
22/12/2012,05:45,3,2,1
22/12/2012,06:00,0,0,0
22/12/2012,06:15,0,0,0
22/12/2012,06:30,1,0,1
22/12/2012,06:45,3,2,1
22/12/2012,07:00,1,1,0
22/12/2012,07:15,2,1,1
22/12/2012,07:30,9,2,7
22/12/2012,07:45,2,2,0
22/12/2012,08:00,4,2,2
22/12/2012,08:15,5,3,2
22/12/2012,08:30,2,2,0
22/12/2012,08:45,6,3,3
22/12/2012,09:00,8,6,2
22/12/2012,09:15,11,9,2
22/12/2012,09:30,13,6,7
22/12/2012,09:45,6,1,5
22/12/2012,10:00,16,9,7
22/12/2012,10:15,23,13,10
22/12/2012,10:30,14,10,4
22/12/2012,10:45,21,12,9
22/12/2012,11:00,13,11,2
22/12/2012,11:15,19,12,7
22/12/2012,11:30,18,10,8
22/12/2012,11:45,19,13,6
22/12/2012,12:00,17,15,2
22/12/2012,12:15,25,18,7
22/12/2012,12:30,30,19,11
22/12/2012,12:45,19,14,5
22/12/2012,13:00,41,28,13
22/12/2012,13:15,41,13,28
22/12/2012,13:30,30,18,12
22/12/2012,13:45,29,15,14
22/12/2012,14:00,41,28,13
22/12/2012,14:15,44,19,25
22/12/2012,14:30,26,7,19
22/12/2012,14:45,21,9,12
22/12/2012,15:00,17,6,11
22/12/2012,15:15,25,10,15
22/12/2012,15:30,25,10,15
22/12/2012,15:45,15,10,5
22/12/2012,16:00,23,16,7
22/12/2012,16:15,22,15,7
22/12/2012,16:30,15,8,7
22/12/2012,16:45,17,8,9
22/12/2012,17:00,16,10,6
22/12/2012,17:15,19,6,13
22/12/2012,17:30,8,5,3
22/12/2012,17:45,8,5,3
22/12/2012,18:00,10,9,1
22/12/2012,18:15,8,6,2
22/12/2012,18:30,10,7,3
22/12/2012,18:45,4,3,1
22/12/2012,19:00,13,9,4
22/12/2012,19:15,12,9,3
22/12/2012,19:30,9,7,2
22/12/2012,19:45,11,8,3
22/12/2012,20:00,11,6,5
22/12/2012,20:15,11,3,8
22/12/2012,20:30,6,5,1
22/12/2012,20:45,9,5,4
22/12/2012,21:00,4,4,0
22/12/2012,21:15,2,2,0
22/12/2012,21:30,6,1,5
22/12/2012,21:45,6,6,0
22/12/2012,22:00,4,1,3
22/12/2012,22:15,4,3,1
22/12/2012,22:30,3,2,1
22/12/2012,22:45,3,3,0
22/12/2012,23:00,7,6,1
22/12/2012,23:15,4,3,1
22/12/2012,23:30,7,4,3
22/12/2012,23:45,1,1,0
23/12/2012,00:00,4,4,0
23/12/2012,00:15,1,1,0
23/12/2012,00:30,3,2,1
23/12/2012,00:45,3,2,1
23/12/2012,01:00,4,1,3
23/12/2012,01:15,3,2,1
23/12/2012,01:30,1,1,0
23/12/2012,01:45,1,1,0
23/12/2012,02:00,2,2,0
23/12/2012,02:15,0,0,0
23/12/2012,02:30,0,0,0
23/12/2012,02:45,0,0,0
23/12/2012,03:00,3,1,2
23/12/2012,03:15,2,0,2
23/12/2012,03:30,1,1,0
23/12/2012,03:45,0,0,0
23/12/2012,04:00,1,1,0
23/12/2012,04:15,0,0,0
23/12/2012,04:30,0,0,0
23/12/2012,04:45,0,0,0
23/12/2012,05:00,2,1,1
23/12/2012,05:15,1,0,1
23/12/2012,05:30,0,0,0
23/12/2012,05:45,1,0,1
23/12/2012,06:00,0,0,0
23/12/2012,06:15,1,0,1
23/12/2012,06:30,2,1,1
23/12/2012,06:45,0,0,0
23/12/2012,07:00,2,0,2
23/12/2012,07:15,3,2,1
23/12/2012,07:30,2,1,1
23/12/2012,07:45,4,0,4
23/12/2012,08:00,3,0,3
23/12/2012,08:15,2,0,2
23/12/2012,08:30,6,2,4
23/12/2012,08:45,1,0,1
23/12/2012,09:00,5,4,1
23/12/2012,09:15,2,2,0
23/12/2012,09:30,1,1,0
23/12/2012,09:45,2,2,0
23/12/2012,10:00,6,5,1
23/12/2012,10:15,1,0,1
23/12/2012,10:30,2,0,2
23/12/2012,10:45,3,2,1
23/12/2012,11:00,4,2,2
23/12/2012,11:15,5,3,2
23/12/2012,11:30,3,2,1
23/12/2012,11:45,7,2,5
23/12/2012,12:00,0,0,0
23/12/2012,12:15,3,2,1
23/12/2012,12:30,1,0,1
23/12/2012,12:45,5,3,2
23/12/2012,13:00,1,0,1
23/12/2012,13:15,1,0,1
23/12/2012,13:30,3,0,3
23/12/2012,13:45,2,0,2
23/12/2012,14:00,4,2,2
23/12/2012,14:15,3,2,1
23/12/2012,14:30,8,4,4
23/12/2012,14:45,6,4,2
23/12/2012,15:00,2,1,1
23/12/2012,15:15,7,4,3
23/12/2012,15:30,6,1,5
23/12/2012,15:45,2,1,1
23/12/2012,16:00,7,4,3
23/12/2012,16:15,6,2,4
23/12/2012,16:30,3,0,3
23/12/2012,16:45,4,3,1
23/12/2012,17:00,6,3,3
23/12/2012,17:15,5,4,1
23/12/2012,17:30,3,2,1
23/12/2012,17:45,4,1,3
23/12/2012,18:00,5,2,3
23/12/2012,18:15,4,2,2
23/12/2012,18:30,2,2,0
23/12/2012,18:45,3,2,1
23/12/2012,19:00,6,5,1
23/12/2012,19:15,6,6,0
23/12/2012,19:30,3,2,1
23/12/2012,19:45,4,3,1
23/12/2012,20:00,4,1,3
23/12/2012,20:15,4,2,2
23/12/2012,20:30,6,6,0
23/12/2012,20:45,5,3,2
23/12/2012,21:00,4,3,1
23/12/2012,21:15,5,3,2
23/12/2012,21:30,3,2,1
23/12/2012,21:45,2,2,0
23/12/2012,22:00,5,4,1
23/12/2012,22:15,2,2,0
23/12/2012,22:30,4,4,0
23/12/2012,22:45,2,2,0
23/12/2012,23:00,3,2,1
23/12/2012,23:15,3,0,3
23/12/2012,23:30,2,1,1
23/12/2012,23:45,1,0,1
24/12/2012,00:00,0,0,0
24/12/2012,00:15,2,0,2
24/12/2012,00:30,4,2,2
24/12/2012,00:45,0,0,0
24/12/2012,01:00,2,1,1
24/12/2012,01:15,2,2,0
24/12/2012,01:30,0,0,0
24/12/2012,01:45,2,2,0
24/12/2012,02:00,1,1,0
24/12/2012,02:15,1,1,0
24/12/2012,02:30,0,0,0
24/12/2012,02:45,0,0,0
24/12/2012,03:00,1,1,0
24/12/2012,03:15,1,1,0
24/12/2012,03:30,0,0,0
24/12/2012,03:45,0,0,0
24/12/2012,04:00,1,1,0
24/12/2012,04:15,0,0,0
24/12/2012,04:30,0,0,0
24/12/2012,04:45,0,0,0
24/12/2012,05:00,0,0,0
24/12/2012,05:15,0,0,0
24/12/2012,05:30,0,0,0
24/12/2012,05:45,2,1,1
24/12/2012,06:00,5,1,4
24/12/2012,06:15,4,1,3
24/12/2012,06:30,8,6,2
24/12/2012,06:45,6,3,3
24/12/2012,07:00,5,3,2
24/12/2012,07:15,17,10,7
24/12/2012,07:30,15,3,12
24/12/2012,07:45,14,5,9
24/12/2012,08:00,13,5,8
24/12/2012,08:15,17,8,9
24/12/2012,08:30,22,8,14
24/12/2012,08:45,21,8,13
24/12/2012,09:00,23,15,8
24/12/2012,09:15,29,16,13
24/12/2012,09:30,31,18,13
24/12/2012,09:45,21,13,8
24/12/2012,10:00,37,23,14
24/12/2012,10:15,64,50,14
24/12/2012,10:30,51,34,17
24/12/2012,10:45,48,26,22
24/12/2012,11:00,36,23,13
24/12/2012,11:15,28,20,8
24/12/2012,11:30,37,21,16
24/12/2012,11:45,25,14,11
24/12/2012,12:00,38,16,22
24/12/2012,12:15,58,34,24
24/12/2012,12:30,39,21,18
24/12/2012,12:45,37,15,22
24/12/2012,13:00,35,18,17
24/12/2012,13:15,50,33,17
24/12/2012,13:30,38,19,19
24/12/2012,13:45,55,28,27
24/12/2012,14:00,52,37,15
24/12/2012,14:15,30,19,11
24/12/2012,14:30,32,16,16
24/12/2012,14:45,45,14,31
24/12/2012,15:00,48,29,19
24/12/2012,15:15,36,22,14
24/12/2012,15:30,54,29,25
24/12/2012,15:45,31,12,19
24/12/2012,16:00,43,25,18
24/12/2012,16:15,29,16,13
24/12/2012,16:30,28,19,9
24/12/2012,16:45,30,15,15
24/12/2012,17:00,22,8,14
24/12/2012,17:15,15,3,12
24/12/2012,17:30,16,12,4
24/12/2012,17:45,19,14,5
24/12/2012,18:00,15,12,3
24/12/2012,18:15,12,10,2
24/12/2012,18:30,14,12,2
24/12/2012,18:45,12,9,3
24/12/2012,19:00,10,7,3
24/12/2012,19:15,10,9,1
24/12/2012,19:30,9,5,4
24/12/2012,19:45,2,2,0
24/12/2012,20:00,6,6,0
24/12/2012,20:15,7,5,2
24/12/2012,20:30,4,2,2
24/12/2012,20:45,6,3,3
24/12/2012,21:00,0,0,0
24/12/2012,21:15,7,5,2
24/12/2012,21:30,7,7,0
24/12/2012,21:45,3,1,2
24/12/2012,22:00,1,0,1
24/12/2012,22:15,1,1,0
24/12/2012,22:30,9,2,7
24/12/2012,22:45,6,6,0
24/12/2012,23:00,2,1,1
24/12/2012,23:15,4,3,1
24/12/2012,23:30,2,0,2
24/12/2012,23:45,5,4,1
25/12/2012,00:00,6,5,1
25/12/2012,00:15,3,3,0
25/12/2012,00:30,2,2,0
25/12/2012,00:45,5,4,1
25/12/2012,01:00,4,3,1
25/12/2012,01:15,4,4,0
25/12/2012,01:30,3,1,2
25/12/2012,01:45,3,3,0
25/12/2012,02:00,2,1,1
25/12/2012,02:15,0,0,0
25/12/2012,02:30,2,2,0
25/12/2012,02:45,3,2,1
25/12/2012,03:00,1,1,0
25/12/2012,03:15,0,0,0
25/12/2012,03:30,0,0,0
25/12/2012,03:45,0,0,0
25/12/2012,04:00,0,0,0
25/12/2012,04:15,1,1,0
25/12/2012,04:30,0,0,0
25/12/2012,04:45,0,0,0
25/12/2012,05:00,0,0,0
25/12/2012,05:15,1,0,1
25/12/2012,05:30,0,0,0
25/12/2012,05:45,1,1,0
25/12/2012,06:00,1,1,0
25/12/2012,06:15,2,1,1
25/12/2012,06:30,1,1,0
25/12/2012,06:45,0,0,0
25/12/2012,07:00,3,2,1
25/12/2012,07:15,5,4,1
25/12/2012,07:30,5,3,2
25/12/2012,07:45,3,1,2
25/12/2012,08:00,0,0,0
25/12/2012,08:15,7,4,3
25/12/2012,08:30,5,0,5
25/12/2012,08:45,2,0,2
25/12/2012,09:00,2,1,1
25/12/2012,09:15,2,2,0
25/12/2012,09:30,3,3,0
25/12/2012,09:45,6,2,4
25/12/2012,10:00,7,5,2
25/12/2012,10:15,5,4,1
25/12/2012,10:30,4,3,1
25/12/2012,10:45,10,2,8
25/12/2012,11:00,10,7,3
25/12/2012,11:15,6,5,1
25/12/2012,11:30,9,5,4
25/12/2012,11:45,10,3,7
25/12/2012,12:00,12,11,1
25/12/2012,12:15,8,2,6
25/12/2012,12:30,5,4,1
25/12/2012,12:45,1,0,1
25/12/2012,13:00,4,3,1
25/12/2012,13:15,6,2,4
25/12/2012,13:30,2,1,1
25/12/2012,13:45,4,3,1
25/12/2012,14:00,1,0,1
25/12/2012,14:15,5,4,1
25/12/2012,14:30,3,1,2
25/12/2012,14:45,3,2,1
25/12/2012,15:00,4,3,1
25/12/2012,15:15,7,3,4
25/12/2012,15:30,1,1,0
25/12/2012,15:45,2,1,1
25/12/2012,16:00,0,0,0
25/12/2012,16:15,1,0,1
25/12/2012,16:30,3,0,3
25/12/2012,16:45,1,0,1
25/12/2012,17:00,2,1,1
25/12/2012,17:15,3,2,1
25/12/2012,17:30,1,1,0
25/12/2012,17:45,0,0,0
25/12/2012,18:00,1,0,1
25/12/2012,18:15,1,1,0
25/12/2012,18:30,2,1,1
25/12/2012,18:45,0,0,0
25/12/2012,19:00,1,1,0
25/12/2012,19:15,6,1,5
25/12/2012,19:30,2,1,1
25/12/2012,19:45,0,0,0
25/12/2012,20:00,1,0,1
25/12/2012,20:15,1,1,0
25/12/2012,20:30,0,0,0
25/12/2012,20:45,2,0,2
25/12/2012,21:00,3,3,0
25/12/2012,21:15,1,0,1
25/12/2012,21:30,1,1,0
25/12/2012,21:45,3,3,0
25/12/2012,22:00,0,0,0
25/12/2012,22:15,0,0,0
25/12/2012,22:30,2,1,1
25/12/2012,22:45,1,0,1
25/12/2012,23:00,3,2,1
25/12/2012,23:15,2,0,2
25/12/2012,23:30,3,1,2
25/12/2012,23:45,4,2,2
26/12/2012,00:00,0,0,0
26/12/2012,00:15,0,0,0
26/12/2012,00:30,0,0,0
26/12/2012,00:45,0,0,0
26/12/2012,01:00,1,1,0
26/12/2012,01:15,0,0,0
26/12/2012,01:30,5,5,0
26/12/2012,01:45,0,0,0
26/12/2012,02:00,1,1,0
26/12/2012,02:15,3,2,1
26/12/2012,02:30,0,0,0
26/12/2012,02:45,0,0,0
26/12/2012,03:00,0,0,0
26/12/2012,03:15,0,0,0
26/12/2012,03:30,0,0,0
26/12/2012,03:45,0,0,0
26/12/2012,04:00,1,0,1
26/12/2012,04:15,0,0,0
26/12/2012,04:30,0,0,0
26/12/2012,04:45,2,2,0
26/12/2012,05:00,2,0,2
26/12/2012,05:15,0,0,0
26/12/2012,05:30,0,0,0
26/12/2012,05:45,3,0,3
26/12/2012,06:00,3,1,2
26/12/2012,06:15,4,0,4
26/12/2012,06:30,1,0,1
26/12/2012,06:45,4,2,2
26/12/2012,07:00,8,3,5
26/12/2012,07:15,10,1,9
26/12/2012,07:30,15,9,6
26/12/2012,07:45,11,2,9
26/12/2012,08:00,9,1,8
26/12/2012,08:15,4,0,4
26/12/2012,08:30,18,5,13
26/12/2012,08:45,2,1,1
26/12/2012,09:00,7,1,6
26/12/2012,09:15,9,1,8
26/12/2012,09:30,10,7,3
26/12/2012,09:45,4,2,2
26/12/2012,10:00,9,5,4
26/12/2012,10:15,6,5,1
26/12/2012,10:30,11,4,7
26/12/2012,10:45,14,11,3
26/12/2012,11:00,12,7,5
26/12/2012,11:15,8,4,4
26/12/2012,11:30,7,3,4
26/12/2012,11:45,6,4,2
26/12/2012,12:00,12,9,3
26/12/2012,12:15,10,6,4
26/12/2012,12:30,13,4,9
26/12/2012,12:45,15,9,6
26/12/2012,13:00,6,3,3
26/12/2012,13:15,19,13,6
26/12/2012,13:30,17,11,6
26/12/2012,13:45,20,14,6
26/12/2012,14:00,20,13,7
26/12/2012,14:15,22,11,11
26/12/2012,14:30,26,15,11
26/12/2012,14:45,22,14,8
26/12/2012,15:00,16,8,8
26/12/2012,15:15,17,11,6
26/12/2012,15:30,24,17,7
26/12/2012,15:45,24,20,4
26/12/2012,16:00,17,9,8
26/12/2012,16:15,35,18,17
26/12/2012,16:30,22,12,10
26/12/2012,16:45,25,13,12
26/12/2012,17:00,34,20,14
26/12/2012,17:15,35,22,13
26/12/2012,17:30,19,16,3
26/12/2012,17:45,27,15,12
26/12/2012,18:00,17,9,8
26/12/2012,18:15,17,14,3
26/12/2012,18:30,13,7,6
26/12/2012,18:45,12,9,3
26/12/2012,19:00,10,9,1
26/12/2012,19:15,10,4,6
26/12/2012,19:30,10,3,7
26/12/2012,19:45,6,1,5
26/12/2012,20:00,3,3,0
26/12/2012,20:15,6,4,2
26/12/2012,20:30,7,5,2
26/12/2012,20:45,17,5,12
26/12/2012,21:00,4,3,1
26/12/2012,21:15,11,7,4
26/12/2012,21:30,9,7,2
26/12/2012,21:45,5,4,1
26/12/2012,22:00,11,9,2
26/12/2012,22:15,8,7,1
26/12/2012,22:30,7,7,0
26/12/2012,22:45,10,7,3
26/12/2012,23:00,5,4,1
26/12/2012,23:15,8,6,2
26/12/2012,23:30,5,5,0
26/12/2012,23:45,7,6,1
27/12/2012,00:00,1,0,1
27/12/2012,00:15,2,2,0
27/12/2012,00:30,0,0,0
27/12/2012,00:45,1,1,0
27/12/2012,01:00,2,2,0
27/12/2012,01:15,2,2,0
27/12/2012,01:30,0,0,0
27/12/2012,01:45,0,0,0
27/12/2012,02:00,1,1,0
27/12/2012,02:15,2,2,0
27/12/2012,02:30,1,1,0
27/12/2012,02:45,2,2,0
27/12/2012,03:00,0,0,0
27/12/2012,03:15,1,1,0
27/12/2012,03:30,2,0,2
27/12/2012,03:45,0,0,0
27/12/2012,04:00,0,0,0
27/12/2012,04:15,0,0,0
27/12/2012,04:30,3,2,1
27/12/2012,04:45,0,0,0
27/12/2012,05:00,3,1,2
27/12/2012,05:15,2,0,2
27/12/2012,05:30,2,0,2
27/12/2012,05:45,6,0,6
27/12/2012,06:00,11,4,7
27/12/2012,06:15,7,2,5
27/12/2012,06:30,14,7,7
27/12/2012,06:45,15,6,9
27/12/2012,07:00,15,4,11
27/12/2012,07:15,17,7,10
27/12/2012,07:30,37,11,26
27/12/2012,07:45,26,3,23
27/12/2012,08:00,23,7,16
27/12/2012,08:15,30,7,23
27/12/2012,08:30,41,18,23
27/12/2012,08:45,41,15,26
27/12/2012,09:00,27,8,19
27/12/2012,09:15,20,9,11
27/12/2012,09:30,34,21,13
27/12/2012,09:45,33,18,15
27/12/2012,10:00,30,18,12
27/12/2012,10:15,25,10,15
27/12/2012,10:30,26,15,11
27/12/2012,10:45,23,11,12
27/12/2012,11:00,40,29,11
27/12/2012,11:15,37,18,19
27/12/2012,11:30,34,24,10
27/12/2012,11:45,34,19,15
27/12/2012,12:00,32,13,19
27/12/2012,12:15,43,19,24
27/12/2012,12:30,23,11,12
27/12/2012,12:45,36,15,21
27/12/2012,13:00,31,18,13
27/12/2012,13:15,34,21,13
27/12/2012,13:30,40,23,17
27/12/2012,13:45,43,26,17
27/12/2012,14:00,37,24,13
27/12/2012,14:15,68,41,27
27/12/2012,14:30,46,31,15
27/12/2012,14:45,34,15,19
27/12/2012,15:00,48,19,29
27/12/2012,15:15,56,36,20
27/12/2012,15:30,42,28,14
27/12/2012,15:45,51,24,27
27/12/2012,16:00,69,34,35
27/12/2012,16:15,43,30,13
27/12/2012,16:30,56,36,20
27/12/2012,16:45,31,15,16
27/12/2012,17:00,53,28,25
27/12/2012,17:15,76,43,33
27/12/2012,17:30,50,32,18
27/12/2012,17:45,33,24,9
27/12/2012,18:00,31,19,12
27/12/2012,18:15,29,23,6
27/12/2012,18:30,37,29,8
27/12/2012,18:45,35,26,9
27/12/2012,19:00,18,13,5
27/12/2012,19:15,24,14,10
27/12/2012,19:30,22,17,5
27/12/2012,19:45,18,13,5
27/12/2012,20:00,13,9,4
27/12/2012,20:15,23,17,6
27/12/2012,20:30,17,14,3
27/12/2012,20:45,6,4,2
27/12/2012,21:00,9,6,3
27/12/2012,21:15,6,4,2
27/12/2012,21:30,10,7,3
27/12/2012,21:45,15,14,1
27/12/2012,22:00,10,8,2
27/12/2012,22:15,12,9,3
27/12/2012,22:30,15,9,6
27/12/2012,22:45,14,13,1
27/12/2012,23:00,16,15,1
27/12/2012,23:15,6,5,1
27/12/2012,23:30,9,8,1
27/12/2012,23:45,15,13,2
28/12/2012,00:00,2,2,0
28/12/2012,00:15,10,9,1
28/12/2012,00:30,2,2,0
28/12/2012,00:45,4,4,0
28/12/2012,01:00,7,6,1
28/12/2012,01:15,2,0,2
28/12/2012,01:30,4,4,0
28/12/2012,01:45,0,0,0
28/12/2012,02:00,2,2,0
28/12/2012,02:15,5,3,2
28/12/2012,02:30,0,0,0
28/12/2012,02:45,1,1,0
28/12/2012,03:00,0,0,0
28/12/2012,03:15,0,0,0
28/12/2012,03:30,2,1,1
28/12/2012,03:45,0,0,0
28/12/2012,04:00,0,0,0
28/12/2012,04:15,1,1,0
28/12/2012,04:30,3,2,1
28/12/2012,04:45,0,0,0
28/12/2012,05:00,3,2,1
28/12/2012,05:15,2,2,0
28/12/2012,05:30,1,1,0
28/12/2012,05:45,4,0,4
28/12/2012,06:00,7,3,4
28/12/2012,06:15,9,0,9
28/12/2012,06:30,11,3,8
28/12/2012,06:45,10,5,5
28/12/2012,07:00,14,4,10
28/12/2012,07:15,14,3,11
28/12/2012,07:30,13,2,11
28/12/2012,07:45,21,9,12
28/12/2012,08:00,18,2,16
28/12/2012,08:15,21,5,16
28/12/2012,08:30,28,12,16
28/12/2012,08:45,27,9,18
28/12/2012,09:00,26,8,18
28/12/2012,09:15,28,11,17
28/12/2012,09:30,32,16,16
28/12/2012,09:45,23,18,5
28/12/2012,10:00,23,10,13
28/12/2012,10:15,31,15,16
28/12/2012,10:30,23,13,10
28/12/2012,10:45,22,12,10
28/12/2012,11:00,17,8,9
28/12/2012,11:15,19,11,8
28/12/2012,11:30,31,19,12
28/12/2012,11:45,8,6,2
28/12/2012,12:00,23,11,12
28/12/2012,12:15,33,23,10
28/12/2012,12:30,26,16,10
28/12/2012,12:45,26,16,10
28/12/2012,13:00,24,12,12
28/12/2012,13:15,17,7,10
28/12/2012,13:30,21,12,9
28/12/2012,13:45,20,13,7
28/12/2012,14:00,28,16,12
28/12/2012,14:15,22,11,11
28/12/2012,14:30,22,17,5
28/12/2012,14:45,37,11,26
28/12/2012,15:00,35,17,18
28/12/2012,15:15,16,9,7
28/12/2012,15:30,23,14,9
28/12/2012,15:45,26,21,5
28/12/2012,16:00,35,19,16
28/12/2012,16:15,37,30,7
28/12/2012,16:30,38,24,14
28/12/2012,16:45,31,13,18
28/12/2012,17:00,44,25,19
28/12/2012,17:15,31,24,7
28/12/2012,17:30,34,26,8
28/12/2012,17:45,32,27,5
28/12/2012,18:00,30,20,10
28/12/2012,18:15,22,19,3
28/12/2012,18:30,27,21,6
28/12/2012,18:45,20,15,5
28/12/2012,19:00,17,14,3
28/12/2012,19:15,25,22,3
28/12/2012,19:30,14,7,7
28/12/2012,19:45,7,5,2
28/12/2012,20:00,19,15,4
28/12/2012,20:15,10,8,2
28/12/2012,20:30,4,3,1
28/12/2012,20:45,7,4,3
28/12/2012,21:00,9,4,5
28/12/2012,21:15,3,2,1
28/12/2012,21:30,8,7,1
28/12/2012,21:45,7,6,1
28/12/2012,22:00,5,3,2
28/12/2012,22:15,4,3,1
28/12/2012,22:30,7,4,3
28/12/2012,22:45,6,5,1
28/12/2012,23:00,8,2,6
28/12/2012,23:15,7,5,2
28/12/2012,23:30,1,1,0
28/12/2012,23:45,4,4,0
29/12/2012,00:00,8,8,0
29/12/2012,00:15,3,2,1
29/12/2012,00:30,6,6,0
29/12/2012,00:45,4,2,2
29/12/2012,01:00,0,0,0
29/12/2012,01:15,0,0,0
29/12/2012,01:30,1,0,1
29/12/2012,01:45,0,0,0
29/12/2012,02:00,4,1,3
29/12/2012,02:15,1,1,0
29/12/2012,02:30,2,1,1
29/12/2012,02:45,0,0,0
29/12/2012,03:00,0,0,0
29/12/2012,03:15,0,0,0
29/12/2012,03:30,0,0,0
29/12/2012,03:45,1,0,1
29/12/2012,04:00,0,0,0
29/12/2012,04:15,0,0,0
29/12/2012,04:30,2,2,0
29/12/2012,04:45,1,0,1
29/12/2012,05:00,1,1,0
29/12/2012,05:15,1,1,0
29/12/2012,05:30,0,0,0
29/12/2012,05:45,1,1,0
29/12/2012,06:00,2,0,2
29/12/2012,06:15,3,2,1
29/12/2012,06:30,1,1,0
29/12/2012,06:45,2,0,2
29/12/2012,07:00,3,1,2
29/12/2012,07:15,8,2,6
29/12/2012,07:30,11,4,7
29/12/2012,07:45,8,6,2
29/12/2012,08:00,10,8,2
29/12/2012,08:15,13,5,8
29/12/2012,08:30,7,4,3
29/12/2012,08:45,7,4,3
29/12/2012,09:00,11,6,5
29/12/2012,09:15,10,3,7
29/12/2012,09:30,14,7,7
29/12/2012,09:45,16,11,5
29/12/2012,10:00,18,10,8
29/12/2012,10:15,16,11,5
29/12/2012,10:30,24,13,11
29/12/2012,10:45,25,21,4
29/12/2012,11:00,25,18,7
29/12/2012,11:15,28,11,17
29/12/2012,11:30,40,14,26
29/12/2012,11:45,33,19,14
29/12/2012,12:00,29,12,17
29/12/2012,12:15,32,17,15
29/12/2012,12:30,39,28,11
29/12/2012,12:45,32,15,17
29/12/2012,13:00,28,19,9
29/12/2012,13:15,45,25,20
29/12/2012,13:30,42,25,17
29/12/2012,13:45,36,20,16
29/12/2012,14:00,29,19,10
29/12/2012,14:15,32,20,12
29/12/2012,14:30,39,24,15
29/12/2012,14:45,38,19,19
29/12/2012,15:00,43,18,25
29/12/2012,15:15,32,23,9
29/12/2012,15:30,34,18,16
29/12/2012,15:45,47,31,16
29/12/2012,16:00,32,19,13
29/12/2012,16:15,47,18,29
29/12/2012,16:30,53,29,24
29/12/2012,16:45,24,13,11
29/12/2012,17:00,31,15,16
29/12/2012,17:15,36,12,24
29/12/2012,17:30,22,7,15
29/12/2012,17:45,15,8,7
29/12/2012,18:00,33,14,19
29/12/2012,18:15,17,8,9
29/12/2012,18:30,16,7,9
29/12/2012,18:45,10,6,4
29/12/2012,19:00,17,11,6
29/12/2012,19:15,8,6,2
29/12/2012,19:30,12,8,4
29/12/2012,19:45,12,8,4
29/12/2012,20:00,8,5,3
29/12/2012,20:15,19,12,7
29/12/2012,20:30,13,10,3
29/12/2012,20:45,7,6,1
29/12/2012,21:00,6,4,2
29/12/2012,21:15,11,9,2
29/12/2012,21:30,18,13,5
29/12/2012,21:45,8,3,5
29/12/2012,22:00,15,11,4
29/12/2012,22:15,7,5,2
29/12/2012,22:30,5,4,1
29/12/2012,22:45,9,5,4
29/12/2012,23:00,12,9,3
29/12/2012,23:15,16,12,4
29/12/2012,23:30,4,4,0
29/12/2012,23:45,9,7,2
30/12/2012,00:00,9,9,0
30/12/2012,00:15,9,7,2
30/12/2012,00:30,7,6,1
30/12/2012,00:45,5,5,0
30/12/2012,01:00,4,3,1
30/12/2012,01:15,2,1,1
30/12/2012,01:30,6,4,2
30/12/2012,01:45,2,2,0
30/12/2012,02:00,3,2,1
30/12/2012,02:15,1,1,0
30/12/2012,02:30,1,0,1
30/12/2012,02:45,0,0,0
30/12/2012,03:00,2,2,0
30/12/2012,03:15,1,0,1
30/12/2012,03:30,0,0,0
30/12/2012,03:45,1,1,0
30/12/2012,04:00,0,0,0
30/12/2012,04:15,0,0,0
30/12/2012,04:30,1,1,0
30/12/2012,04:45,0,0,0
30/12/2012,05:00,0,0,0
30/12/2012,05:15,1,1,0
30/12/2012,05:30,0,0,0
30/12/2012,05:45,1,0,1
30/12/2012,06:00,6,5,1
30/12/2012,06:15,2,1,1
30/12/2012,06:30,7,3,4
30/12/2012,06:45,3,0,3
30/12/2012,07:00,8,7,1
30/12/2012,07:15,2,1,1
30/12/2012,07:30,10,6,4
30/12/2012,07:45,3,2,1
30/12/2012,08:00,9,5,4
30/12/2012,08:15,14,8,6
30/12/2012,08:30,20,11,9
30/12/2012,08:45,14,10,4
30/12/2012,09:00,14,9,5
30/12/2012,09:15,24,14,10
30/12/2012,09:30,29,23,6
30/12/2012,09:45,29,21,8
30/12/2012,10:00,32,17,15
30/12/2012,10:15,27,16,11
30/12/2012,10:30,49,30,19
30/12/2012,10:45,57,38,19
30/12/2012,11:00,73,50,23
30/12/2012,11:15,66,41,25
30/12/2012,11:30,60,40,20
30/12/2012,11:45,37,22,15
30/12/2012,12:00,71,40,31
30/12/2012,12:15,79,48,31
30/12/2012,12:30,73,32,41
30/12/2012,12:45,72,43,29
30/12/2012,13:00,61,37,24
30/12/2012,13:15,63,28,35
30/12/2012,13:30,57,31,26
30/12/2012,13:45,52,23,29
30/12/2012,14:00,99,47,52
30/12/2012,14:15,81,49,32
30/12/2012,14:30,58,31,27
30/12/2012,14:45,72,25,47
30/12/2012,15:00,65,39,26
30/12/2012,15:15,68,32,36
30/12/2012,15:30,68,31,37
30/12/2012,15:45,59,35,24
30/12/2012,16:00,58,26,32
30/12/2012,16:15,57,27,30
30/12/2012,16:30,60,20,40
30/12/2012,16:45,42,15,27
30/12/2012,17:00,31,17,14
30/12/2012,17:15,50,18,32
30/12/2012,17:30,31,10,21
30/12/2012,17:45,18,13,5
30/12/2012,18:00,23,12,11
30/12/2012,18:15,8,5,3
30/12/2012,18:30,16,10,6
30/12/2012,18:45,16,7,9
30/12/2012,19:00,9,8,1
30/12/2012,19:15,12,7,5
30/12/2012,19:30,13,8,5
30/12/2012,19:45,12,7,5
30/12/2012,20:00,18,11,7
30/12/2012,20:15,15,10,5
30/12/2012,20:30,13,8,5
30/12/2012,20:45,6,4,2
30/12/2012,21:00,11,8,3
30/12/2012,21:15,7,3,4
30/12/2012,21:30,16,12,4
30/12/2012,21:45,8,7,1
30/12/2012,22:00,3,2,1
30/12/2012,22:15,6,5,1
30/12/2012,22:30,13,11,2
30/12/2012,22:45,9,9,0
30/12/2012,23:00,9,6,3
30/12/2012,23:15,10,8,2
30/12/2012,23:30,6,6,0
30/12/2012,23:45,10,8,2
31/12/2012,00:00,4,4,0
31/12/2012,00:15,4,3,1
31/12/2012,00:30,2,2,0
31/12/2012,00:45,5,5,0
31/12/2012,01:00,3,3,0
31/12/2012,01:15,0,0,0
31/12/2012,01:30,4,3,1
31/12/2012,01:45,0,0,0
31/12/2012,02:00,1,1,0
31/12/2012,02:15,1,1,0
31/12/2012,02:30,0,0,0
31/12/2012,02:45,1,0,1
31/12/2012,03:00,0,0,0
31/12/2012,03:15,2,2,0
31/12/2012,03:30,0,0,0
31/12/2012,03:45,0,0,0
31/12/2012,04:00,2,2,0
31/12/2012,04:15,2,2,0
31/12/2012,04:30,2,2,0
31/12/2012,04:45,1,0,1
31/12/2012,05:00,0,0,0
31/12/2012,05:15,1,0,1
31/12/2012,05:30,5,1,4
31/12/2012,05:45,1,0,1
31/12/2012,06:00,10,3,7
31/12/2012,06:15,8,4,4
31/12/2012,06:30,11,4,7
31/12/2012,06:45,12,7,5
31/12/2012,07:00,14,6,8
31/12/2012,07:15,21,7,14
31/12/2012,07:30,18,9,9
31/12/2012,07:45,24,8,16
31/12/2012,08:00,15,1,14
31/12/2012,08:15,26,5,21
31/12/2012,08:30,35,24,11
31/12/2012,08:45,33,17,16
31/12/2012,09:00,26,15,11
31/12/2012,09:15,24,9,15
31/12/2012,09:30,24,16,8
31/12/2012,09:45,27,13,14
31/12/2012,10:00,25,13,12
31/12/2012,10:15,38,22,16
31/12/2012,10:30,30,22,8
31/12/2012,10:45,34,15,19
31/12/2012,11:00,36,16,20
31/12/2012,11:15,39,23,16
31/12/2012,11:30,64,40,24
31/12/2012,11:45,38,25,13
31/12/2012,12:00,47,28,19
31/12/2012,12:15,35,16,19
31/12/2012,12:30,51,27,24
31/12/2012,12:45,41,19,22
31/12/2012,13:00,57,42,15
31/12/2012,13:15,60,38,22
31/12/2012,13:30,62,40,22
31/12/2012,13:45,52,33,19
31/12/2012,14:00,41,25,16
31/12/2012,14:15,41,25,16
31/12/2012,14:30,64,30,34
31/12/2012,14:45,65,42,23
31/12/2012,15:00,55,26,29
31/12/2012,15:15,93,45,48
31/12/2012,15:30,74,46,28
31/12/2012,15:45,43,23,20
31/12/2012,16:00,50,28,22
31/12/2012,16:15,69,31,38
31/12/2012,16:30,49,27,22
31/12/2012,16:45,37,27,10
31/12/2012,17:00,36,22,14
31/12/2012,17:15,34,22,12
31/12/2012,17:30,43,23,20
31/12/2012,17:45,21,15,6
31/12/2012,18:00,21,12,9
31/12/2012,18:15,18,15,3
31/12/2012,18:30,16,8,8
31/12/2012,18:45,12,5,7
31/12/2012,19:00,13,6,7
31/12/2012,19:15,16,10,6
31/12/2012,19:30,14,6,8
31/12/2012,19:45,8,4,4
31/12/2012,20:00,13,5,8
31/12/2012,20:15,10,2,8
31/12/2012,20:30,27,23,4
31/12/2012,20:45,7,3,4
31/12/2012,21:00,20,4,16
31/12/2012,21:15,8,2,6
31/12/2012,21:30,7,3,4
31/12/2012,21:45,12,5,7
31/12/2012,22:00,7,6,1
31/12/2012,22:15,11,6,5
31/12/2012,22:30,3,2,1
31/12/2012,22:45,8,5,3
31/12/2012,23:00,4,2,2
31/12/2012,23:15,5,4,1
31/12/2012,23:30,5,3,2
31/12/2012,23:45,4,4,0
01/01/2013,00:00,3,2,1
01/01/2013,00:15,6,6,0
01/01/2013,00:30,9,4,5
01/01/2013,00:45,20,20,0
01/01/2013,01:00,17,15,2
01/01/2013,01:15,12,9,3
01/01/2013,01:30,9,9,0
01/01/2013,01:45,1,1,0
01/01/2013,02:00,18,11,7
01/01/2013,02:15,10,8,2
01/01/2013,02:30,11,10,1
01/01/2013,02:45,12,10,2
01/01/2013,03:00,4,3,1
01/01/2013,03:15,0,0,0
01/01/2013,03:30,1,1,0
01/01/2013,03:45,4,4,0
01/01/2013,04:00,4,3,1
01/01/2013,04:15,3,3,0
01/01/2013,04:30,3,3,0
01/01/2013,04:45,1,0,1
01/01/2013,05:00,0,0,0
01/01/2013,05:15,4,3,1
01/01/2013,05:30,1,1,0
01/01/2013,05:45,4,2,2
01/01/2013,06:00,3,3,0
01/01/2013,06:15,2,1,1
01/01/2013,06:30,3,2,1
01/01/2013,06:45,2,1,1
01/01/2013,07:00,2,1,1
01/01/2013,07:15,3,2,1
01/01/2013,07:30,8,3,5
01/01/2013,07:45,10,5,5
01/01/2013,08:00,1,1,0
01/01/2013,08:15,10,6,4
01/01/2013,08:30,8,4,4
01/01/2013,08:45,18,8,10
01/01/2013,09:00,14,12,2
01/01/2013,09:15,15,9,6
01/01/2013,09:30,17,15,2
01/01/2013,09:45,22,14,8
01/01/2013,10:00,29,17,12
01/01/2013,10:15,17,9,8
01/01/2013,10:30,31,18,13
01/01/2013,10:45,39,22,17
01/01/2013,11:00,26,19,7
01/01/2013,11:15,33,20,13
01/01/2013,11:30,53,36,17
01/01/2013,11:45,47,24,23
01/01/2013,12:00,31,17,14
01/01/2013,12:15,49,28,21
01/01/2013,12:30,47,24,23
01/01/2013,12:45,51,36,15
01/01/2013,13:00,59,41,18
01/01/2013,13:15,76,52,24
01/01/2013,13:30,56,37,19
01/01/2013,13:45,63,40,23
01/01/2013,14:00,64,38,26
01/01/2013,14:15,51,32,19
01/01/2013,14:30,55,28,27
01/01/2013,14:45,61,27,34
01/01/2013,15:00,62,29,33
01/01/2013,15:15,79,41,38
01/01/2013,15:30,62,36,26
01/01/2013,15:45,85,39,46
01/01/2013,16:00,67,31,36
01/01/2013,16:15,48,19,29
01/01/2013,16:30,60,23,37
01/01/2013,16:45,42,6,36
01/01/2013,17:00,43,17,26
01/01/2013,17:15,43,17,26
01/01/2013,17:30,25,13,12
01/01/2013,17:45,27,11,16
01/01/2013,18:00,24,8,16
01/01/2013,18:15,10,7,3
01/01/2013,18:30,18,12,6
01/01/2013,18:45,19,9,10
01/01/2013,19:00,19,8,11
01/01/2013,19:15,15,5,10
01/01/2013,19:30,9,7,2
01/01/2013,19:45,11,8,3
01/01/2013,20:00,9,8,1
01/01/2013,20:15,5,3,2
01/01/2013,20:30,10,5,5
01/01/2013,20:45,6,3,3
01/01/2013,21:00,6,3,3
01/01/2013,21:15,9,6,3
01/01/2013,21:30,18,14,4
01/01/2013,21:45,8,4,4
01/01/2013,22:00,2,2,0
01/01/2013,22:15,5,4,1
01/01/2013,22:30,1,1,0
01/01/2013,22:45,6,5,1
01/01/2013,23:00,4,4,0
01/01/2013,23:15,0,0,0
01/01/2013,23:30,1,0,1
01/01/2013,23:45,0,0,0
02/01/2013,00:00,2,2,0
02/01/2013,00:15,3,3,0
02/01/2013,00:30,2,2,0
02/01/2013,00:45,1,1,0
02/01/2013,01:00,0,0,0
02/01/2013,01:15,0,0,0
02/01/2013,01:30,0,0,0
02/01/2013,01:45,1,1,0
02/01/2013,02:00,1,0,1
02/01/2013,02:15,1,1,0
02/01/2013,02:30,0,0,0
02/01/2013,02:45,0,0,0
02/01/2013,03:00,1,1,0
02/01/2013,03:15,1,1,0
02/01/2013,03:30,0,0,0
02/01/2013,03:45,0,0,0
02/01/2013,04:00,1,0,1
02/01/2013,04:15,0,0,0
02/01/2013,04:30,3,2,1
02/01/2013,04:45,1,0,1
02/01/2013,05:00,5,3,2
02/01/2013,05:15,5,0,5
02/01/2013,05:30,3,3,0
02/01/2013,05:45,7,2,5
02/01/2013,06:00,14,7,7
02/01/2013,06:15,19,7,12
02/01/2013,06:30,21,11,10
02/01/2013,06:45,17,4,13
02/01/2013,07:00,32,12,20
02/01/2013,07:15,39,12,27
02/01/2013,07:30,43,13,30
02/01/2013,07:45,42,7,35
02/01/2013,08:00,67,15,52
02/01/2013,08:15,72,17,55
02/01/2013,08:30,72,17,55
02/01/2013,08:45,53,9,44
02/01/2013,09:00,41,6,35
02/01/2013,09:15,43,15,28
02/01/2013,09:30,37,18,19
02/01/2013,09:45,28,16,12
02/01/2013,10:00,28,10,18
02/01/2013,10:15,29,16,13
02/01/2013,10:30,45,31,14
02/01/2013,10:45,31,16,15
02/01/2013,11:00,36,17,19
02/01/2013,11:15,26,10,16
02/01/2013,11:30,37,24,13
02/01/2013,11:45,31,14,17
02/01/2013,12:00,20,13,7
02/01/2013,12:15,42,32,10
02/01/2013,12:30,37,19,18
02/01/2013,12:45,26,8,18
02/01/2013,13:00,31,18,13
02/01/2013,13:15,30,16,14
02/01/2013,13:30,38,19,19
02/01/2013,13:45,37,17,20
02/01/2013,14:00,28,14,14
02/01/2013,14:15,33,18,15
02/01/2013,14:30,42,26,16
02/01/2013,14:45,34,17,17
02/01/2013,15:00,44,22,22
02/01/2013,15:15,43,19,24
02/01/2013,15:30,48,30,18
02/01/2013,15:45,33,18,15
02/01/2013,16:00,48,37,11
02/01/2013,16:15,53,27,26
02/01/2013,16:30,63,37,26
02/01/2013,16:45,70,43,27
02/01/2013,17:00,86,61,25
02/01/2013,17:15,73,59,14
02/01/2013,17:30,88,71,17
02/01/2013,17:45,93,72,21
02/01/2013,18:00,82,70,12
02/01/2013,18:15,76,61,15
02/01/2013,18:30,53,50,3
02/01/2013,18:45,60,45,15
02/01/2013,19:00,47,33,14
02/01/2013,19:15,35,31,4
02/01/2013,19:30,35,26,9
02/01/2013,19:45,26,19,7
02/01/2013,20:00,34,25,9
02/01/2013,20:15,21,8,13
02/01/2013,20:30,28,19,9
02/01/2013,20:45,10,5,5
02/01/2013,21:00,31,16,15
02/01/2013,21:15,14,10,4
02/01/2013,21:30,18,15,3
02/01/2013,21:45,17,13,4
02/01/2013,22:00,16,14,2
02/01/2013,22:15,10,10,0
02/01/2013,22:30,8,7,1
02/01/2013,22:45,9,7,2
02/01/2013,23:00,14,13,1
02/01/2013,23:15,13,9,4
02/01/2013,23:30,11,8,3
02/01/2013,23:45,4,3,1
03/01/2013,00:00,1,1,0
03/01/2013,00:15,9,9,0
03/01/2013,00:30,4,3,1
03/01/2013,00:45,3,2,1
03/01/2013,01:00,4,4,0
03/01/2013,01:15,5,2,3
03/01/2013,01:30,1,1,0
03/01/2013,01:45,0,0,0
03/01/2013,02:00,3,3,0
03/01/2013,02:15,3,2,1
03/01/2013,02:30,1,0,1
03/01/2013,02:45,1,1,0
03/01/2013,03:00,0,0,0
03/01/2013,03:15,1,1,0
03/01/2013,03:30,0,0,0
03/01/2013,03:45,0,0,0
03/01/2013,04:00,0,0,0
03/01/2013,04:15,2,0,2
03/01/2013,04:30,1,1,0
03/01/2013,04:45,5,0,5
03/01/2013,05:00,6,3,3
03/01/2013,05:15,2,0,2
03/01/2013,05:30,5,0,5
03/01/2013,05:45,9,5,4
03/01/2013,06:00,21,13,8
03/01/2013,06:15,16,9,7
03/01/2013,06:30,15,6,9
03/01/2013,06:45,21,8,13
03/01/2013,07:00,32,12,20
03/01/2013,07:15,38,10,28
03/01/2013,07:30,53,19,34
03/01/2013,07:45,62,18,44
03/01/2013,08:00,80,21,59
03/01/2013,08:15,67,17,50
03/01/2013,08:30,81,34,47
03/01/2013,08:45,57,15,42
03/01/2013,09:00,47,15,32
03/01/2013,09:15,49,12,37
03/01/2013,09:30,39,13,26
03/01/2013,09:45,38,20,18
03/01/2013,10:00,29,15,14
03/01/2013,10:15,36,16,20
03/01/2013,10:30,30,15,15
03/01/2013,10:45,26,17,9
03/01/2013,11:00,36,16,20
03/01/2013,11:15,25,12,13
03/01/2013,11:30,40,23,17
03/01/2013,11:45,37,23,14
03/01/2013,12:00,24,15,9
03/01/2013,12:15,25,12,13
03/01/2013,12:30,30,17,13
03/01/2013,12:45,25,14,11
03/01/2013,13:00,25,10,15
03/01/2013,13:15,26,16,10
03/01/2013,13:30,32,22,10
03/01/2013,13:45,35,19,16
03/01/2013,14:00,33,18,15
03/01/2013,14:15,49,26,23
03/01/2013,14:30,37,24,13
03/01/2013,14:45,33,13,20
03/01/2013,15:00,47,25,22
03/01/2013,15:15,48,33,15
03/01/2013,15:30,52,28,24
03/01/2013,15:45,32,20,12
03/01/2013,16:00,59,26,33
03/01/2013,16:15,46,32,14
03/01/2013,16:30,61,36,25
03/01/2013,16:45,58,34,24
03/01/2013,17:00,86,63,23
03/01/2013,17:15,99,73,26
03/01/2013,17:30,91,60,31
03/01/2013,17:45,66,57,9
03/01/2013,18:00,85,69,16
03/01/2013,18:15,80,53,27
03/01/2013,18:30,79,66,13
03/01/2013,18:45,58,47,11
03/01/2013,19:00,46,38,8
03/01/2013,19:15,36,31,5
03/01/2013,19:30,28,23,5
03/01/2013,19:45,31,21,10
03/01/2013,20:00,30,22,8
03/01/2013,20:15,42,32,10
03/01/2013,20:30,23,15,8
03/01/2013,20:45,17,10,7
03/01/2013,21:00,18,16,2
03/01/2013,21:15,15,11,4
03/01/2013,21:30,14,14,0
03/01/2013,21:45,18,16,2
03/01/2013,22:00,19,15,4
03/01/2013,22:15,16,13,3
03/01/2013,22:30,16,12,4
03/01/2013,22:45,17,15,2
03/01/2013,23:00,21,15,6
03/01/2013,23:15,8,6,2
03/01/2013,23:30,7,7,0
03/01/2013,23:45,6,3,3
04/01/2013,00:00,8,6,2
04/01/2013,00:15,7,7,0
04/01/2013,00:30,10,8,2
04/01/2013,00:45,4,4,0
04/01/2013,01:00,4,3,1
04/01/2013,01:15,1,1,0
04/01/2013,01:30,2,2,0
04/01/2013,01:45,0,0,0
04/01/2013,02:00,3,0,3
04/01/2013,02:15,1,1,0
04/01/2013,02:30,2,1,1
04/01/2013,02:45,0,0,0
04/01/2013,03:00,0,0,0
04/01/2013,03:15,0,0,0
04/01/2013,03:30,1,0,1
04/01/2013,03:45,0,0,0
04/01/2013,04:00,0,0,0
04/01/2013,04:15,1,1,0
04/01/2013,04:30,2,1,1
04/01/2013,04:45,0,0,0
04/01/2013,05:00,4,2,2
04/01/2013,05:15,1,0,1
04/01/2013,05:30,3,1,2
04/01/2013,05:45,6,2,4
04/01/2013,06:00,17,8,9
04/01/2013,06:15,15,5,10
04/01/2013,06:30,18,10,8
04/01/2013,06:45,14,6,8
04/01/2013,07:00,28,14,14
04/01/2013,07:15,26,8,18
04/01/2013,07:30,42,13,29
04/01/2013,07:45,56,11,45
04/01/2013,08:00,65,22,43
04/01/2013,08:15,59,12,47
04/01/2013,08:30,67,26,41
04/01/2013,08:45,59,10,49
04/01/2013,09:00,60,22,38
04/01/2013,09:15,47,19,28
04/01/2013,09:30,52,14,38
04/01/2013,09:45,31,12,19
04/01/2013,10:00,30,15,15
04/01/2013,10:15,29,16,13
04/01/2013,10:30,35,18,17
04/01/2013,10:45,40,24,16
04/01/2013,11:00,37,19,18
04/01/2013,11:15,47,29,18
04/01/2013,11:30,32,18,14
04/01/2013,11:45,32,18,14
04/01/2013,12:00,39,24,15
04/01/2013,12:15,46,33,13
04/01/2013,12:30,54,22,32
04/01/2013,12:45,28,16,12
04/01/2013,13:00,49,27,22
04/01/2013,13:15,35,17,18
04/01/2013,13:30,49,35,14
04/01/2013,13:45,47,17,30
04/01/2013,14:00,63,31,32
04/01/2013,14:15,52,36,16
04/01/2013,14:30,52,27,25
04/01/2013,14:45,47,29,18
04/01/2013,15:00,50,23,27
04/01/2013,15:15,43,24,19
04/01/2013,15:30,45,22,23
04/01/2013,15:45,37,20,17
04/01/2013,16:00,67,41,26
04/01/2013,16:15,58,34,24
04/01/2013,16:30,63,40,23
04/01/2013,16:45,67,39,28
04/01/2013,17:00,76,53,23
04/01/2013,17:15,78,52,26
04/01/2013,17:30,67,60,7
04/01/2013,17:45,64,49,15
04/01/2013,18:00,60,46,14
04/01/2013,18:15,62,46,16
04/01/2013,18:30,55,40,15
04/01/2013,18:45,53,40,13
04/01/2013,19:00,50,37,13
04/01/2013,19:15,36,18,18
04/01/2013,19:30,35,21,14
04/01/2013,19:45,30,18,12
04/01/2013,20:00,17,8,9
04/01/2013,20:15,28,16,12
04/01/2013,20:30,19,17,2
04/01/2013,20:45,11,5,6
04/01/2013,21:00,21,10,11
04/01/2013,21:15,30,22,8
04/01/2013,21:30,16,10,6
04/01/2013,21:45,24,18,6
04/01/2013,22:00,21,17,4
04/01/2013,22:15,13,12,1
04/01/2013,22:30,17,14,3
04/01/2013,22:45,25,20,5
04/01/2013,23:00,17,13,4
04/01/2013,23:15,34,16,18
04/01/2013,23:30,24,7,17
04/01/2013,23:45,25,14,11
05/01/2013,00:00,19,14,5
05/01/2013,00:15,14,9,5
05/01/2013,00:30,18,15,3
05/01/2013,00:45,11,11,0
05/01/2013,01:00,3,3,0
05/01/2013,01:15,10,7,3
05/01/2013,01:30,6,5,1
05/01/2013,01:45,5,5,0
05/01/2013,02:00,3,3,0
05/01/2013,02:15,0,0,0
05/01/2013,02:30,2,2,0
05/01/2013,02:45,1,1,0
05/01/2013,03:00,2,2,0
05/01/2013,03:15,4,4,0
05/01/2013,03:30,0,0,0
05/01/2013,03:45,0,0,0
05/01/2013,04:00,1,0,1
05/01/2013,04:15,0,0,0
05/01/2013,04:30,1,1,0
05/01/2013,04:45,0,0,0
05/01/2013,05:00,2,1,1
05/01/2013,05:15,2,2,0
05/01/2013,05:30,1,0,1
05/01/2013,05:45,1,0,1
05/01/2013,06:00,10,7,3
05/01/2013,06:15,3,0,3
05/01/2013,06:30,4,3,1
05/01/2013,06:45,10,4,6
05/01/2013,07:00,13,9,4
05/01/2013,07:15,8,3,5
05/01/2013,07:30,12,6,6
05/01/2013,07:45,18,13,5
05/01/2013,08:00,20,11,9
05/01/2013,08:15,26,19,7
05/01/2013,08:30,27,17,10
05/01/2013,08:45,53,43,10
05/01/2013,09:00,55,45,10
05/01/2013,09:15,54,33,21
05/01/2013,09:30,40,25,15
05/01/2013,09:45,37,25,12
05/01/2013,10:00,43,27,16
05/01/2013,10:15,48,25,23
05/01/2013,10:30,57,30,27
05/01/2013,10:45,32,23,9
05/01/2013,11:00,56,33,23
05/01/2013,11:15,54,28,26
05/01/2013,11:30,54,33,21
05/01/2013,11:45,56,30,26
05/01/2013,12:00,54,33,21
05/01/2013,12:15,59,34,25
05/01/2013,12:30,71,36,35
05/01/2013,12:45,61,27,34
05/01/2013,13:00,63,28,35
05/01/2013,13:15,37,23,14
05/01/2013,13:30,55,21,34
05/01/2013,13:45,45,27,18
05/01/2013,14:00,61,32,29
05/01/2013,14:15,60,33,27
05/01/2013,14:30,35,17,18
05/01/2013,14:45,45,12,33
05/01/2013,15:00,45,16,29
05/01/2013,15:15,28,4,24
05/01/2013,15:30,30,9,21
05/01/2013,15:45,8,1,7
05/01/2013,16:00,24,6,18
05/01/2013,16:15,27,13,14
05/01/2013,16:30,22,10,12
05/01/2013,16:45,12,8,4
05/01/2013,17:00,10,6,4
05/01/2013,17:15,11,5,6
05/01/2013,17:30,6,6,0
05/01/2013,17:45,10,5,5
05/01/2013,18:00,12,7,5
05/01/2013,18:15,10,7,3
05/01/2013,18:30,8,6,2
05/01/2013,18:45,5,3,2
05/01/2013,19:00,7,5,2
05/01/2013,19:15,4,1,3
05/01/2013,19:30,6,4,2
05/01/2013,19:45,5,2,3
05/01/2013,20:00,7,6,1
05/01/2013,20:15,4,2,2
05/01/2013,20:30,8,5,3
05/01/2013,20:45,8,5,3
05/01/2013,21:00,8,5,3
05/01/2013,21:15,5,4,1
05/01/2013,21:30,3,2,1
05/01/2013,21:45,4,2,2
05/01/2013,22:00,2,1,1
05/01/2013,22:15,3,2,1
05/01/2013,22:30,6,5,1
05/01/2013,22:45,6,6,0
05/01/2013,23:00,7,6,1
05/01/2013,23:15,3,3,0
05/01/2013,23:30,8,7,1
05/01/2013,23:45,5,4,1
06/01/2013,00:00,1,1,0
06/01/2013,00:15,3,3,0
06/01/2013,00:30,7,7,0
06/01/2013,00:45,0,0,0
06/01/2013,01:00,1,1,0
06/01/2013,01:15,2,2,0
06/01/2013,01:30,0,0,0
06/01/2013,01:45,0,0,0
06/01/2013,02:00,6,5,1
06/01/2013,02:15,2,0,2
06/01/2013,02:30,1,0,1
06/01/2013,02:45,1,1,0
06/01/2013,03:00,0,0,0
06/01/2013,03:15,0,0,0
06/01/2013,03:30,0,0,0
06/01/2013,03:45,0,0,0
06/01/2013,04:00,0,0,0
06/01/2013,04:15,0,0,0
06/01/2013,04:30,1,1,0
06/01/2013,04:45,1,0,1
06/01/2013,05:00,2,2,0
06/01/2013,05:15,0,0,0
06/01/2013,05:30,0,0,0
06/01/2013,05:45,1,1,0
06/01/2013,06:00,0,0,0
06/01/2013,06:15,4,2,2
06/01/2013,06:30,2,1,1
06/01/2013,06:45,2,1,1
06/01/2013,07:00,4,1,3
06/01/2013,07:15,2,1,1
06/01/2013,07:30,5,2,3
06/01/2013,07:45,9,5,4
06/01/2013,08:00,16,12,4
06/01/2013,08:15,10,10,0
06/01/2013,08:30,26,20,6
06/01/2013,08:45,13,12,1
06/01/2013,09:00,16,8,8
06/01/2013,09:15,23,9,14
06/01/2013,09:30,26,13,13
06/01/2013,09:45,11,5,6
06/01/2013,10:00,19,8,11
06/01/2013,10:15,30,20,10
06/01/2013,10:30,21,10,11
06/01/2013,10:45,19,12,7
06/01/2013,11:00,34,18,16
06/01/2013,11:15,40,27,13
06/01/2013,11:30,35,23,12
06/01/2013,11:45,27,13,14
06/01/2013,12:00,38,21,17
06/01/2013,12:15,52,30,22
06/01/2013,12:30,51,35,16
06/01/2013,12:45,57,35,22
06/01/2013,13:00,55,35,20
06/01/2013,13:15,35,25,10
06/01/2013,13:30,56,27,29
06/01/2013,13:45,58,31,27
06/01/2013,14:00,62,44,18
06/01/2013,14:15,63,38,25
06/01/2013,14:30,50,31,19
06/01/2013,14:45,58,36,22
06/01/2013,15:00,70,39,31
06/01/2013,15:15,61,35,26
06/01/2013,15:30,81,48,33
06/01/2013,15:45,42,16,26
06/01/2013,16:00,59,31,28
06/01/2013,16:15,57,24,33
06/01/2013,16:30,80,38,42
06/01/2013,16:45,49,23,26
06/01/2013,17:00,58,23,35
06/01/2013,17:15,37,13,24
06/01/2013,17:30,29,13,16
06/01/2013,17:45,28,13,15
06/01/2013,18:00,16,8,8
06/01/2013,18:15,19,14,5
06/01/2013,18:30,18,10,8
06/01/2013,18:45,16,10,6
06/01/2013,19:00,13,8,5
06/01/2013,19:15,21,13,8
06/01/2013,19:30,11,6,5
06/01/2013,19:45,15,11,4
06/01/2013,20:00,14,6,8
06/01/2013,20:15,13,11,2
06/01/2013,20:30,10,7,3
06/01/2013,20:45,5,3,2
06/01/2013,21:00,16,8,8
06/01/2013,21:15,15,7,8
06/01/2013,21:30,7,3,4
06/01/2013,21:45,10,8,2
06/01/2013,22:00,17,11,6
06/01/2013,22:15,17,15,2
06/01/2013,22:30,5,4,1
06/01/2013,22:45,14,10,4
06/01/2013,23:00,9,7,2
06/01/2013,23:15,14,9,5
06/01/2013,23:30,6,3,3
06/01/2013,23:45,4,3,1
07/01/2013,00:00,7,4,3
07/01/2013,00:15,2,1,1
07/01/2013,00:30,0,0,0
07/01/2013,00:45,6,6,0
07/01/2013,01:00,0,0,0
07/01/2013,01:15,2,2,0
07/01/2013,01:30,0,0,0
07/01/2013,01:45,0,0,0
07/01/2013,02:00,1,1,0
07/01/2013,02:15,2,2,0
07/01/2013,02:30,2,1,1
07/01/2013,02:45,0,0,0
07/01/2013,03:00,1,0,1
07/01/2013,03:15,1,1,0
07/01/2013,03:30,1,1,0
07/01/2013,03:45,0,0,0
07/01/2013,04:00,0,0,0
07/01/2013,04:15,2,1,1
07/01/2013,04:30,1,1,0
07/01/2013,04:45,3,1,2
07/01/2013,05:00,6,1,5
07/01/2013,05:15,5,0,5
07/01/2013,05:30,7,2,5
07/01/2013,05:45,3,2,1
07/01/2013,06:00,19,7,12
07/01/2013,06:15,17,10,7
07/01/2013,06:30,28,8,20
07/01/2013,06:45,26,12,14
07/01/2013,07:00,42,14,28
07/01/2013,07:15,61,25,36
07/01/2013,07:30,60,19,41
07/01/2013,07:45,68,14,54
07/01/2013,08:00,89,18,71
07/01/2013,08:15,91,17,74
07/01/2013,08:30,95,25,70
07/01/2013,08:45,58,18,40
07/01/2013,09:00,45,19,26
07/01/2013,09:15,58,24,34
07/01/2013,09:30,34,6,28
07/01/2013,09:45,28,9,19
07/01/2013,10:00,22,12,10
07/01/2013,10:15,21,11,10
07/01/2013,10:30,36,20,16
07/01/2013,10:45,34,14,20
07/01/2013,11:00,22,12,10
07/01/2013,11:15,26,14,12
07/01/2013,11:30,22,13,9
07/01/2013,11:45,31,14,17
07/01/2013,12:00,22,13,9
07/01/2013,12:15,29,14,15
07/01/2013,12:30,27,16,11
07/01/2013,12:45,33,19,14
07/01/2013,13:00,29,15,14
07/01/2013,13:15,37,21,16
07/01/2013,13:30,24,12,12
07/01/2013,13:45,34,21,13
07/01/2013,14:00,42,32,10
07/01/2013,14:15,29,18,11
07/01/2013,14:30,49,27,22
07/01/2013,14:45,38,26,12
07/01/2013,15:00,51,30,21
07/01/2013,15:15,41,26,15
07/01/2013,15:30,40,21,19
07/01/2013,15:45,62,34,28
07/01/2013,16:00,54,36,18
07/01/2013,16:15,66,45,21
07/01/2013,16:30,69,42,27
07/01/2013,16:45,84,57,27
07/01/2013,17:00,85,53,32
07/01/2013,17:15,104,72,32
07/01/2013,17:30,87,67,20
07/01/2013,17:45,109,87,22
07/01/2013,18:00,85,69,16
07/01/2013,18:15,113,87,26
07/01/2013,18:30,92,71,21
07/01/2013,18:45,61,51,10
07/01/2013,19:00,67,54,13
07/01/2013,19:15,47,37,10
07/01/2013,19:30,47,33,14
07/01/2013,19:45,28,20,8
07/01/2013,20:00,30,21,9
07/01/2013,20:15,32,25,7
07/01/2013,20:30,27,19,8
07/01/2013,20:45,21,18,3
07/01/2013,21:00,14,11,3
07/01/2013,21:15,21,19,2
07/01/2013,21:30,32,27,5
07/01/2013,21:45,11,9,2
07/01/2013,22:00,23,18,5
07/01/2013,22:15,17,14,3
07/01/2013,22:30,17,12,5
07/01/2013,22:45,11,7,4
07/01/2013,23:00,10,9,1
07/01/2013,23:15,13,11,2
07/01/2013,23:30,6,5,1
07/01/2013,23:45,8,8,0
08/01/2013,00:00,11,8,3
08/01/2013,00:15,6,5,1
08/01/2013,00:30,7,7,0
08/01/2013,00:45,1,1,0
08/01/2013,01:00,5,0,5
08/01/2013,01:15,6,6,0
08/01/2013,01:30,5,4,1
08/01/2013,01:45,0,0,0
08/01/2013,02:00,3,3,0
08/01/2013,02:15,2,2,0
08/01/2013,02:30,0,0,0
08/01/2013,02:45,1,1,0
08/01/2013,03:00,0,0,0
08/01/2013,03:15,1,1,0
08/01/2013,03:30,1,1,0
08/01/2013,03:45,0,0,0
08/01/2013,04:00,0,0,0
08/01/2013,04:15,0,0,0
08/01/2013,04:30,1,0,1
08/01/2013,04:45,0,0,0
08/01/2013,05:00,1,0,1
08/01/2013,05:15,5,0,5
08/01/2013,05:30,7,5,2
08/01/2013,05:45,11,5,6
08/01/2013,06:00,23,16,7
08/01/2013,06:15,24,13,11
08/01/2013,06:30,23,8,15
08/01/2013,06:45,33,9,24
08/01/2013,07:00,57,19,38
08/01/2013,07:15,77,25,52
08/01/2013,07:30,75,31,44
08/01/2013,07:45,87,18,69
08/01/2013,08:00,90,27,63
08/01/2013,08:15,109,29,80
08/01/2013,08:30,116,29,87
08/01/2013,08:45,51,11,40
08/01/2013,09:00,58,14,44
08/01/2013,09:15,54,9,45
08/01/2013,09:30,58,21,37
08/01/2013,09:45,35,20,15
08/01/2013,10:00,32,16,16
08/01/2013,10:15,35,13,22
08/01/2013,10:30,42,24,18
08/01/2013,10:45,34,18,16
08/01/2013,11:00,29,17,12
08/01/2013,11:15,36,14,22
08/01/2013,11:30,33,17,16
08/01/2013,11:45,30,16,14
08/01/2013,12:00,39,25,14
08/01/2013,12:15,53,36,17
08/01/2013,12:30,28,14,14
08/01/2013,12:45,37,22,15
08/01/2013,13:00,45,25,20
08/01/2013,13:15,42,17,25
08/01/2013,13:30,36,20,16
08/01/2013,13:45,40,23,17
08/01/2013,14:00,41,21,20
08/01/2013,14:15,46,27,19
08/01/2013,14:30,32,20,12
08/01/2013,14:45,43,28,15
08/01/2013,15:00,42,27,15
08/01/2013,15:15,39,21,18
08/01/2013,15:30,46,20,26
08/01/2013,15:45,43,25,18
08/01/2013,16:00,72,51,21
08/01/2013,16:15,62,32,30
08/01/2013,16:30,85,61,24
08/01/2013,16:45,77,48,29
08/01/2013,17:00,100,71,29
08/01/2013,17:15,110,72,38
08/01/2013,17:30,115,86,29
08/01/2013,17:45,100,76,24
08/01/2013,18:00,113,90,23
08/01/2013,18:15,102,85,17
08/01/2013,18:30,76,61,15
08/01/2013,18:45,81,63,18
08/01/2013,19:00,58,46,12
08/01/2013,19:15,48,35,13
08/01/2013,19:30,53,43,10
08/01/2013,19:45,53,46,7
08/01/2013,20:00,40,36,4
08/01/2013,20:15,30,24,6
08/01/2013,20:30,38,27,11
08/01/2013,20:45,24,21,3
08/01/2013,21:00,23,18,5
08/01/2013,21:15,33,25,8
08/01/2013,21:30,23,18,5
08/01/2013,21:45,20,18,2
08/01/2013,22:00,27,23,4
08/01/2013,22:15,23,20,3
08/01/2013,22:30,24,18,6
08/01/2013,22:45,18,18,0
08/01/2013,23:00,8,6,2
08/01/2013,23:15,12,9,3
08/01/2013,23:30,9,8,1
08/01/2013,23:45,9,8,1
09/01/2013,00:00,6,2,4
09/01/2013,00:15,8,8,0
09/01/2013,00:30,6,5,1
09/01/2013,00:45,4,4,0
09/01/2013,01:00,4,3,1
09/01/2013,01:15,2,2,0
09/01/2013,01:30,1,1,0
09/01/2013,01:45,0,0,0
09/01/2013,02:00,1,1,0
09/01/2013,02:15,2,2,0
09/01/2013,02:30,2,2,0
09/01/2013,02:45,2,1,1
09/01/2013,03:00,0,0,0
09/01/2013,03:15,2,2,0
09/01/2013,03:30,2,1,1
09/01/2013,03:45,0,0,0
09/01/2013,04:00,0,0,0
09/01/2013,04:15,0,0,0
09/01/2013,04:30,2,1,1
09/01/2013,04:45,4,1,3
09/01/2013,05:00,2,1,1
09/01/2013,05:15,2,0,2
09/01/2013,05:30,6,0,6
09/01/2013,05:45,9,3,6
09/01/2013,06:00,16,5,11
09/01/2013,06:15,23,10,13
09/01/2013,06:30,27,11,16
09/01/2013,06:45,29,17,12
09/01/2013,07:00,48,16,32
09/01/2013,07:15,59,20,39
09/01/2013,07:30,74,22,52
09/01/2013,07:45,79,27,52
09/01/2013,08:00,59,22,37
09/01/2013,08:15,89,17,72
09/01/2013,08:30,88,25,63
09/01/2013,08:45,83,20,63
09/01/2013,09:00,52,16,36
09/01/2013,09:15,63,23,40
09/01/2013,09:30,40,13,27
09/01/2013,09:45,37,14,23
09/01/2013,10:00,27,12,15
09/01/2013,10:15,33,20,13
09/01/2013,10:30,34,17,17
09/01/2013,10:45,28,14,14
09/01/2013,11:00,30,17,13
09/01/2013,11:15,24,14,10
09/01/2013,11:30,23,15,8
09/01/2013,11:45,26,17,9
09/01/2013,12:00,23,13,10
09/01/2013,12:15,24,10,14
09/01/2013,12:30,28,15,13
09/01/2013,12:45,28,17,11
09/01/2013,13:00,31,14,17
09/01/2013,13:15,28,16,12
09/01/2013,13:30,35,20,15
09/01/2013,13:45,31,13,18
09/01/2013,14:00,24,9,15
09/01/2013,14:15,20,16,4
09/01/2013,14:30,23,13,10
09/01/2013,14:45,33,24,9
09/01/2013,15:00,31,24,7
09/01/2013,15:15,28,13,15
09/01/2013,15:30,30,15,15
09/01/2013,15:45,45,33,12
09/01/2013,16:00,41,27,14
09/01/2013,16:15,43,32,11
09/01/2013,16:30,47,28,19
09/01/2013,16:45,42,31,11
09/01/2013,17:00,73,52,21
09/01/2013,17:15,87,65,22
09/01/2013,17:30,78,69,9
09/01/2013,17:45,77,61,16
09/01/2013,18:00,65,51,14
09/01/2013,18:15,92,70,22
09/01/2013,18:30,63,49,14
09/01/2013,18:45,56,45,11
09/01/2013,19:00,31,23,8
09/01/2013,19:15,47,37,10
09/01/2013,19:30,52,40,12
09/01/2013,19:45,39,30,9
09/01/2013,20:00,35,31,4
09/01/2013,20:15,17,14,3
09/01/2013,20:30,32,28,4
09/01/2013,20:45,25,17,8
09/01/2013,21:00,25,15,10
09/01/2013,21:15,32,15,17
09/01/2013,21:30,25,22,3
09/01/2013,21:45,22,15,7
09/01/2013,22:00,23,16,7
09/01/2013,22:15,22,17,5
09/01/2013,22:30,7,6,1
09/01/2013,22:45,14,9,5
09/01/2013,23:00,9,8,1
09/01/2013,23:15,17,13,4
09/01/2013,23:30,9,8,1
09/01/2013,23:45,6,6,0
10/01/2013,00:00,12,11,1
10/01/2013,00:15,2,2,0
10/01/2013,00:30,7,5,2
10/01/2013,00:45,4,2,2
10/01/2013,01:00,5,5,0
10/01/2013,01:15,5,4,1
10/01/2013,01:30,1,1,0
10/01/2013,01:45,1,1,0
10/01/2013,02:00,5,4,1
10/01/2013,02:15,1,1,0
10/01/2013,02:30,2,1,1
10/01/2013,02:45,2,2,0
10/01/2013,03:00,0,0,0
10/01/2013,03:15,0,0,0
10/01/2013,03:30,0,0,0
10/01/2013,03:45,0,0,0
10/01/2013,04:00,0,0,0
10/01/2013,04:15,1,1,0
10/01/2013,04:30,2,2,0
10/01/2013,04:45,2,1,1
10/01/2013,05:00,3,2,1
10/01/2013,05:15,3,0,3
10/01/2013,05:30,8,2,6
10/01/2013,05:45,8,2,6
10/01/2013,06:00,18,10,8
10/01/2013,06:15,12,5,7
10/01/2013,06:30,22,10,12
10/01/2013,06:45,21,12,9
10/01/2013,07:00,30,10,20
10/01/2013,07:15,71,26,45
10/01/2013,07:30,81,32,49
10/01/2013,07:45,57,17,40
10/01/2013,08:00,94,32,62
10/01/2013,08:15,93,15,78
10/01/2013,08:30,84,29,55
10/01/2013,08:45,66,17,49
10/01/2013,09:00,68,26,42
10/01/2013,09:15,43,15,28
10/01/2013,09:30,46,15,31
10/01/2013,09:45,37,14,23
10/01/2013,10:00,33,12,21
10/01/2013,10:15,27,10,17
10/01/2013,10:30,33,16,17
10/01/2013,10:45,28,13,15
10/01/2013,11:00,22,9,13
10/01/2013,11:15,32,22,10
10/01/2013,11:30,28,20,8
10/01/2013,11:45,34,16,18
10/01/2013,12:00,19,12,7
10/01/2013,12:15,29,17,12
10/01/2013,12:30,35,20,15
10/01/2013,12:45,45,33,12
10/01/2013,13:00,24,15,9
10/01/2013,13:15,32,22,10
10/01/2013,13:30,38,24,14
10/01/2013,13:45,28,13,15
10/01/2013,14:00,26,15,11
10/01/2013,14:15,35,26,9
10/01/2013,14:30,41,19,22
10/01/2013,14:45,43,22,21
10/01/2013,15:00,49,28,21
10/01/2013,15:15,47,28,19
10/01/2013,15:30,34,20,14
10/01/2013,15:45,59,29,30
10/01/2013,16:00,48,27,21
10/01/2013,16:15,41,17,24
10/01/2013,16:30,54,33,21
10/01/2013,16:45,78,53,25
10/01/2013,17:00,62,43,19
10/01/2013,17:15,94,67,27
10/01/2013,17:30,81,61,20
10/01/2013,17:45,88,70,18
10/01/2013,18:00,94,74,20
10/01/2013,18:15,84,77,7
10/01/2013,18:30,81,62,19
10/01/2013,18:45,62,56,6
10/01/2013,19:00,59,43,16
10/01/2013,19:15,59,48,11
10/01/2013,19:30,42,37,5
10/01/2013,19:45,43,34,9
10/01/2013,20:00,40,29,11
10/01/2013,20:15,36,30,6
10/01/2013,20:30,32,19,13
10/01/2013,20:45,25,17,8
10/01/2013,21:00,28,21,7
10/01/2013,21:15,26,17,9
10/01/2013,21:30,24,18,6
10/01/2013,21:45,22,6,16
10/01/2013,22:00,23,11,12
10/01/2013,22:15,25,19,6
10/01/2013,22:30,32,23,9
10/01/2013,22:45,12,8,4
10/01/2013,23:00,17,14,3
10/01/2013,23:15,18,15,3
10/01/2013,23:30,13,10,3
10/01/2013,23:45,7,7,0
11/01/2013,00:00,7,6,1
11/01/2013,00:15,6,5,1
11/01/2013,00:30,4,3,1
11/01/2013,00:45,5,3,2
11/01/2013,01:00,2,2,0
11/01/2013,01:15,5,3,2
11/01/2013,01:30,3,2,1
11/01/2013,01:45,3,3,0
11/01/2013,02:00,1,1,0
11/01/2013,02:15,4,4,0
11/01/2013,02:30,1,1,0
11/01/2013,02:45,0,0,0
11/01/2013,03:00,1,1,0
11/01/2013,03:15,1,1,0
11/01/2013,03:30,0,0,0
11/01/2013,03:45,0,0,0
11/01/2013,04:00,0,0,0
11/01/2013,04:15,0,0,0
11/01/2013,04:30,3,2,1
11/01/2013,04:45,3,0,3
11/01/2013,05:00,1,1,0
11/01/2013,05:15,2,2,0
11/01/2013,05:30,5,1,4
11/01/2013,05:45,7,3,4
11/01/2013,06:00,18,13,5
11/01/2013,06:15,21,8,13
11/01/2013,06:30,22,11,11
11/01/2013,06:45,20,8,12
11/01/2013,07:00,37,15,22
11/01/2013,07:15,56,30,26
11/01/2013,07:30,61,24,37
11/01/2013,07:45,66,17,49
11/01/2013,08:00,51,17,34
11/01/2013,08:15,79,15,64
11/01/2013,08:30,67,17,50
11/01/2013,08:45,76,20,56
11/01/2013,09:00,65,21,44
11/01/2013,09:15,60,17,43
11/01/2013,09:30,30,14,16
11/01/2013,09:45,32,8,24
11/01/2013,10:00,47,30,17
11/01/2013,10:15,22,16,6
11/01/2013,10:30,27,12,15
11/01/2013,10:45,33,17,16
11/01/2013,11:00,30,21,9
11/01/2013,11:15,34,14,20
11/01/2013,11:30,31,18,13
11/01/2013,11:45,19,5,14
11/01/2013,12:00,30,20,10
11/01/2013,12:15,23,15,8
11/01/2013,12:30,30,21,9
11/01/2013,12:45,32,18,14
11/01/2013,13:00,26,14,12
11/01/2013,13:15,31,13,18
11/01/2013,13:30,31,18,13
11/01/2013,13:45,25,12,13
11/01/2013,14:00,41,19,22
11/01/2013,14:15,38,18,20
11/01/2013,14:30,31,12,19
11/01/2013,14:45,61,32,29
11/01/2013,15:00,46,32,14
11/01/2013,15:15,41,24,17
11/01/2013,15:30,39,26,13
11/01/2013,15:45,46,30,16
11/01/2013,16:00,41,29,12
11/01/2013,16:15,55,42,13
11/01/2013,16:30,62,36,26
11/01/2013,16:45,69,47,22
11/01/2013,17:00,81,52,29
11/01/2013,17:15,101,69,32
11/01/2013,17:30,93,63,30
11/01/2013,17:45,75,54,21
11/01/2013,18:00,80,67,13
11/01/2013,18:15,71,53,18
11/01/2013,18:30,57,37,20
11/01/2013,18:45,42,32,10
11/01/2013,19:00,47,39,8
11/01/2013,19:15,36,27,9
11/01/2013,19:30,23,19,4
11/01/2013,19:45,30,22,8
11/01/2013,20:00,22,18,4
11/01/2013,20:15,19,13,6
11/01/2013,20:30,19,13,6
11/01/2013,20:45,23,18,5
11/01/2013,21:00,22,11,11
11/01/2013,21:15,23,18,5
11/01/2013,21:30,17,12,5
11/01/2013,21:45,21,14,7
11/01/2013,22:00,9,6,3
11/01/2013,22:15,19,11,8
11/01/2013,22:30,14,11,3
11/01/2013,22:45,13,10,3
11/01/2013,23:00,17,14,3
11/01/2013,23:15,15,13,2
11/01/2013,23:30,7,4,3
11/01/2013,23:45,17,14,3
12/01/2013,00:00,17,16,1
12/01/2013,00:15,10,7,3
12/01/2013,00:30,9,8,1
12/01/2013,00:45,9,9,0
12/01/2013,01:00,5,5,0
12/01/2013,01:15,10,9,1
12/01/2013,01:30,11,9,2
12/01/2013,01:45,7,6,1
12/01/2013,02:00,5,3,2
12/01/2013,02:15,5,3,2
12/01/2013,02:30,6,5,1
12/01/2013,02:45,5,5,0
12/01/2013,03:00,0,0,0
12/01/2013,03:15,3,3,0
12/01/2013,03:30,0,0,0
12/01/2013,03:45,1,0,1
12/01/2013,04:00,3,3,0
12/01/2013,04:15,0,0,0
12/01/2013,04:30,2,2,0
12/01/2013,04:45,3,2,1
12/01/2013,05:00,2,2,0
12/01/2013,05:15,1,1,0
12/01/2013,05:30,1,1,0
12/01/2013,05:45,1,0,1
12/01/2013,06:00,3,3,0
12/01/2013,06:15,4,0,4
12/01/2013,06:30,3,1,2
12/01/2013,06:45,8,4,4
12/01/2013,07:00,12,4,8
12/01/2013,07:15,8,6,2
12/01/2013,07:30,19,12,7
12/01/2013,07:45,20,14,6
12/01/2013,08:00,25,20,5
12/01/2013,08:15,31,17,14
12/01/2013,08:30,36,19,17
12/01/2013,08:45,38,22,16
12/01/2013,09:00,40,25,15
12/01/2013,09:15,49,41,8
12/01/2013,09:30,61,45,16
12/01/2013,09:45,42,31,11
12/01/2013,10:00,46,32,14
12/01/2013,10:15,55,39,16
12/01/2013,10:30,41,22,19
12/01/2013,10:45,71,52,19
12/01/2013,11:00,58,33,25
12/01/2013,11:15,73,42,31
12/01/2013,11:30,68,38,30
12/01/2013,11:45,70,47,23
12/01/2013,12:00,73,37,36
12/01/2013,12:15,72,45,27
12/01/2013,12:30,54,36,18
12/01/2013,12:45,67,31,36
12/01/2013,13:00,87,33,54
12/01/2013,13:15,69,34,35
12/01/2013,13:30,84,48,36
12/01/2013,13:45,81,37,44
12/01/2013,14:00,72,34,38
12/01/2013,14:15,74,36,38
12/01/2013,14:30,65,31,34
12/01/2013,14:45,77,43,34
12/01/2013,15:00,83,46,37
12/01/2013,15:15,87,47,40
12/01/2013,15:30,54,31,23
12/01/2013,15:45,63,23,40
12/01/2013,16:00,69,30,39
12/01/2013,16:15,85,24,61
12/01/2013,16:30,68,26,42
12/01/2013,16:45,50,21,29
12/01/2013,17:00,54,19,35
12/01/2013,17:15,59,25,34
12/01/2013,17:30,32,20,12
12/01/2013,17:45,35,21,14
12/01/2013,18:00,33,20,13
12/01/2013,18:15,23,10,13
12/01/2013,18:30,23,13,10
12/01/2013,18:45,19,8,11
12/01/2013,19:00,28,16,12
12/01/2013,19:15,23,13,10
12/01/2013,19:30,23,16,7
12/01/2013,19:45,17,5,12
12/01/2013,20:00,14,10,4
12/01/2013,20:15,18,11,7
12/01/2013,20:30,17,10,7
12/01/2013,20:45,13,8,5
12/01/2013,21:00,16,9,7
12/01/2013,21:15,24,7,17
12/01/2013,21:30,13,9,4
12/01/2013,21:45,17,14,3
12/01/2013,22:00,9,5,4
12/01/2013,22:15,18,10,8
12/01/2013,22:30,12,8,4
12/01/2013,22:45,14,10,4
12/01/2013,23:00,9,9,0
12/01/2013,23:15,12,10,2
12/01/2013,23:30,8,7,1
12/01/2013,23:45,9,8,1
13/01/2013,00:00,16,13,3
13/01/2013,00:15,14,10,4
13/01/2013,00:30,11,11,0
13/01/2013,00:45,8,8,0
13/01/2013,01:00,5,5,0
13/01/2013,01:15,4,2,2
13/01/2013,01:30,5,4,1
13/01/2013,01:45,4,4,0
13/01/2013,02:00,3,3,0
13/01/2013,02:15,6,6,0
13/01/2013,02:30,4,4,0
13/01/2013,02:45,3,1,2
13/01/2013,03:00,0,0,0
13/01/2013,03:15,2,2,0
13/01/2013,03:30,0,0,0
13/01/2013,03:45,1,1,0
13/01/2013,04:00,3,2,1
13/01/2013,04:15,1,1,0
13/01/2013,04:30,1,1,0
13/01/2013,04:45,0,0,0
13/01/2013,05:00,1,0,1
13/01/2013,05:15,2,0,2
13/01/2013,05:30,1,1,0
13/01/2013,05:45,1,0,1
13/01/2013,06:00,1,1,0
13/01/2013,06:15,4,2,2
13/01/2013,06:30,7,4,3
13/01/2013,06:45,5,4,1
13/01/2013,07:00,7,5,2
13/01/2013,07:15,3,2,1
13/01/2013,07:30,14,7,7
13/01/2013,07:45,20,17,3
13/01/2013,08:00,18,12,6
13/01/2013,08:15,20,13,7
13/01/2013,08:30,23,18,5
13/01/2013,08:45,24,16,8
13/01/2013,09:00,19,14,5
13/01/2013,09:15,35,22,13
13/01/2013,09:30,44,24,20
13/01/2013,09:45,32,22,10
13/01/2013,10:00,46,29,17
13/01/2013,10:15,42,28,14
13/01/2013,10:30,53,32,21
13/01/2013,10:45,43,26,17
13/01/2013,11:00,55,41,14
13/01/2013,11:15,61,35,26
13/01/2013,11:30,60,42,18
13/01/2013,11:45,68,42,26
13/01/2013,12:00,60,32,28
13/01/2013,12:15,52,37,15
13/01/2013,12:30,58,29,29
13/01/2013,12:45,77,45,32
13/01/2013,13:00,53,25,28
13/01/2013,13:15,82,63,19
13/01/2013,13:30,88,49,39
13/01/2013,13:45,77,49,28
13/01/2013,14:00,81,45,36
13/01/2013,14:15,85,37,48
13/01/2013,14:30,83,45,38
13/01/2013,14:45,76,38,38
13/01/2013,15:00,80,41,39
13/01/2013,15:15,77,39,38
13/01/2013,15:30,65,37,28
13/01/2013,15:45,70,28,42
13/01/2013,16:00,75,34,41
13/01/2013,16:15,63,23,40
13/01/2013,16:30,85,29,56
13/01/2013,16:45,77,36,41
13/01/2013,17:00,64,21,43
13/01/2013,17:15,53,18,35
13/01/2013,17:30,47,21,26
13/01/2013,17:45,43,18,25
13/01/2013,18:00,24,9,15
13/01/2013,18:15,32,17,15
13/01/2013,18:30,23,14,9
13/01/2013,18:45,18,11,7
13/01/2013,19:00,17,13,4
13/01/2013,19:15,25,17,8
13/01/2013,19:30,20,11,9
13/01/2013,19:45,17,14,3
13/01/2013,20:00,13,7,6
13/01/2013,20:15,22,13,9
13/01/2013,20:30,18,13,5
13/01/2013,20:45,10,8,2
13/01/2013,21:00,13,11,2
13/01/2013,21:15,9,6,3
13/01/2013,21:30,13,6,7
13/01/2013,21:45,11,4,7
13/01/2013,22:00,15,15,0
13/01/2013,22:15,12,9,3
13/01/2013,22:30,12,9,3
13/01/2013,22:45,4,3,1
13/01/2013,23:00,9,5,4
13/01/2013,23:15,4,4,0
13/01/2013,23:30,2,2,0
13/01/2013,23:45,0,0,0
14/01/2013,00:00,3,3,0
14/01/2013,00:15,8,6,2
14/01/2013,00:30,2,2,0
14/01/2013,00:45,6,5,1
14/01/2013,01:00,0,0,0
14/01/2013,01:15,1,1,0
14/01/2013,01:30,0,0,0
14/01/2013,01:45,0,0,0
14/01/2013,02:00,1,1,0
14/01/2013,02:15,2,1,1
14/01/2013,02:30,1,1,0
14/01/2013,02:45,1,1,0
14/01/2013,03:00,0,0,0
14/01/2013,03:15,0,0,0
14/01/2013,03:30,0,0,0
14/01/2013,03:45,0,0,0
14/01/2013,04:00,0,0,0
14/01/2013,04:15,0,0,0
14/01/2013,04:30,2,1,1
14/01/2013,04:45,2,0,2
14/01/2013,05:00,7,4,3
14/01/2013,05:15,4,0,4
14/01/2013,05:30,4,1,3
14/01/2013,05:45,6,1,5
14/01/2013,06:00,8,2,6
14/01/2013,06:15,18,4,14
14/01/2013,06:30,23,11,12
14/01/2013,06:45,32,12,20
14/01/2013,07:00,40,12,28
14/01/2013,07:15,46,11,35
14/01/2013,07:30,50,21,29
14/01/2013,07:45,55,13,42
14/01/2013,08:00,80,14,66
14/01/2013,08:15,91,24,67
14/01/2013,08:30,75,25,50
14/01/2013,08:45,61,11,50
14/01/2013,09:00,73,23,50
14/01/2013,09:15,58,17,41
14/01/2013,09:30,34,16,18
14/01/2013,09:45,25,9,16
14/01/2013,10:00,47,34,13
14/01/2013,10:15,21,10,11
14/01/2013,10:30,30,20,10
14/01/2013,10:45,26,15,11
14/01/2013,11:00,16,9,7
14/01/2013,11:15,27,17,10
14/01/2013,11:30,17,7,10
14/01/2013,11:45,26,19,7
14/01/2013,12:00,20,13,7
14/01/2013,12:15,28,17,11
14/01/2013,12:30,28,10,18
14/01/2013,12:45,21,14,7
14/01/2013,13:00,29,19,10
14/01/2013,13:15,23,12,11
14/01/2013,13:30,29,15,14
14/01/2013,13:45,36,23,13
14/01/2013,14:00,37,22,15
14/01/2013,14:15,27,9,18
14/01/2013,14:30,50,20,30
14/01/2013,14:45,43,26,17
14/01/2013,15:00,37,20,17
14/01/2013,15:15,40,25,15
14/01/2013,15:30,39,22,17
14/01/2013,15:45,29,19,10
14/01/2013,16:00,49,25,24
14/01/2013,16:15,45,31,14
14/01/2013,16:30,57,31,26
14/01/2013,16:45,60,45,15
14/01/2013,17:00,96,70,26
14/01/2013,17:15,89,67,22
14/01/2013,17:30,109,78,31
14/01/2013,17:45,88,67,21
14/01/2013,18:00,94,76,18
14/01/2013,18:15,87,72,15
14/01/2013,18:30,79,67,12
14/01/2013,18:45,71,62,9
14/01/2013,19:00,51,45,6
14/01/2013,19:15,51,44,7
14/01/2013,19:30,38,36,2
14/01/2013,19:45,29,26,3
14/01/2013,20:00,24,18,6
14/01/2013,20:15,38,27,11
14/01/2013,20:30,22,16,6
14/01/2013,20:45,22,17,5
14/01/2013,21:00,15,9,6
14/01/2013,21:15,19,14,5
14/01/2013,21:30,14,13,1
14/01/2013,21:45,18,16,2
14/01/2013,22:00,20,15,5
14/01/2013,22:15,22,14,8
14/01/2013,22:30,16,13,3
14/01/2013,22:45,12,7,5
14/01/2013,23:00,12,9,3
14/01/2013,23:15,10,7,3
14/01/2013,23:30,5,5,0
14/01/2013,23:45,5,5,0
15/01/2013,00:00,2,2,0
15/01/2013,00:15,1,1,0
15/01/2013,00:30,5,4,1
15/01/2013,00:45,1,1,0
15/01/2013,01:00,2,2,0
15/01/2013,01:15,1,1,0
15/01/2013,01:30,1,1,0
15/01/2013,01:45,0,0,0
15/01/2013,02:00,3,3,0
15/01/2013,02:15,1,1,0
15/01/2013,02:30,1,1,0
15/01/2013,02:45,0,0,0
15/01/2013,03:00,0,0,0
15/01/2013,03:15,0,0,0
15/01/2013,03:30,1,0,1
15/01/2013,03:45,0,0,0
15/01/2013,04:00,1,0,1
15/01/2013,04:15,1,0,1
15/01/2013,04:30,1,0,1
15/01/2013,04:45,1,0,1
15/01/2013,05:00,5,4,1
15/01/2013,05:15,1,0,1
15/01/2013,05:30,7,4,3
15/01/2013,05:45,14,4,10
15/01/2013,06:00,20,14,6
15/01/2013,06:15,24,17,7
15/01/2013,06:30,22,7,15
15/01/2013,06:45,24,6,18
15/01/2013,07:00,47,20,27
15/01/2013,07:15,63,19,44
15/01/2013,07:30,67,21,46
15/01/2013,07:45,76,22,54
15/01/2013,08:00,76,22,54
15/01/2013,08:15,78,20,58
15/01/2013,08:30,105,37,68
15/01/2013,08:45,65,15,50
15/01/2013,09:00,60,19,41
15/01/2013,09:15,54,18,36
15/01/2013,09:30,46,15,31
15/01/2013,09:45,37,14,23
15/01/2013,10:00,22,8,14
15/01/2013,10:15,35,20,15
15/01/2013,10:30,29,11,18
15/01/2013,10:45,29,16,13
15/01/2013,11:00,26,11,15
15/01/2013,11:15,29,17,12
15/01/2013,11:30,32,17,15
15/01/2013,11:45,33,12,21
15/01/2013,12:00,26,17,9
15/01/2013,12:15,20,12,8
15/01/2013,12:30,22,13,9
15/01/2013,12:45,29,15,14
15/01/2013,13:00,40,17,23
15/01/2013,13:15,33,18,15
15/01/2013,13:30,23,8,15
15/01/2013,13:45,27,14,13
15/01/2013,14:00,50,30,20
15/01/2013,14:15,39,22,17
15/01/2013,14:30,34,27,7
15/01/2013,14:45,34,21,13
15/01/2013,15:00,51,29,22
15/01/2013,15:15,49,27,22
15/01/2013,15:30,46,22,24
15/01/2013,15:45,48,34,14
15/01/2013,16:00,53,35,18
15/01/2013,16:15,50,35,15
15/01/2013,16:30,68,38,30
15/01/2013,16:45,88,59,29
15/01/2013,17:00,102,62,40
15/01/2013,17:15,102,73,29
15/01/2013,17:30,100,64,36
15/01/2013,17:45,104,83,21
15/01/2013,18:00,86,69,17
15/01/2013,18:15,92,67,25
15/01/2013,18:30,73,63,10
15/01/2013,18:45,71,62,9
15/01/2013,19:00,60,44,16
15/01/2013,19:15,64,45,19
15/01/2013,19:30,58,40,18
15/01/2013,19:45,39,31,8
15/01/2013,20:00,36,28,8
15/01/2013,20:15,32,24,8
15/01/2013,20:30,26,18,8
15/01/2013,20:45,27,21,6
15/01/2013,21:00,27,18,9
15/01/2013,21:15,21,14,7
15/01/2013,21:30,20,16,4
15/01/2013,21:45,19,15,4
15/01/2013,22:00,21,16,5
15/01/2013,22:15,16,15,1
15/01/2013,22:30,18,15,3
15/01/2013,22:45,16,12,4
15/01/2013,23:00,7,7,0
15/01/2013,23:15,7,7,0
15/01/2013,23:30,12,8,4
15/01/2013,23:45,5,4,1
16/01/2013,00:00,5,3,2
16/01/2013,00:15,5,4,1
16/01/2013,00:30,6,5,1
16/01/2013,00:45,7,7,0
16/01/2013,01:00,3,3,0
16/01/2013,01:15,6,3,3
16/01/2013,01:30,3,3,0
16/01/2013,01:45,0,0,0
16/01/2013,02:00,7,6,1
16/01/2013,02:15,0,0,0
16/01/2013,02:30,2,1,1
16/01/2013,02:45,0,0,0
16/01/2013,03:00,0,0,0
16/01/2013,03:15,0,0,0
16/01/2013,03:30,0,0,0
16/01/2013,03:45,0,0,0
16/01/2013,04:00,1,0,1
16/01/2013,04:15,0,0,0
16/01/2013,04:30,1,1,0
16/01/2013,04:45,0,0,0
16/01/2013,05:00,6,3,3
16/01/2013,05:15,3,0,3
16/01/2013,05:30,4,2,2
16/01/2013,05:45,12,4,8
16/01/2013,06:00,16,10,6
16/01/2013,06:15,20,8,12
16/01/2013,06:30,22,12,10
16/01/2013,06:45,22,6,16
16/01/2013,07:00,43,16,27
16/01/2013,07:15,56,19,37
16/01/2013,07:30,80,29,51
16/01/2013,07:45,62,22,40
16/01/2013,08:00,69,14,55
16/01/2013,08:15,77,20,57
16/01/2013,08:30,90,20,70
16/01/2013,08:45,70,20,50
16/01/2013,09:00,81,30,51
16/01/2013,09:15,54,18,36
16/01/2013,09:30,38,18,20
16/01/2013,09:45,28,11,17
16/01/2013,10:00,31,12,19
16/01/2013,10:15,30,8,22
16/01/2013,10:30,53,26,27
16/01/2013,10:45,22,13,9
16/01/2013,11:00,28,20,8
16/01/2013,11:15,38,23,15
16/01/2013,11:30,37,22,15
16/01/2013,11:45,33,13,20
16/01/2013,12:00,32,19,13
16/01/2013,12:15,33,15,18
16/01/2013,12:30,35,19,16
16/01/2013,12:45,32,21,11
16/01/2013,13:00,39,22,17
16/01/2013,13:15,37,21,16
16/01/2013,13:30,34,18,16
16/01/2013,13:45,47,14,33
16/01/2013,14:00,32,21,11
16/01/2013,14:15,27,14,13
16/01/2013,14:30,37,23,14
16/01/2013,14:45,39,20,19
16/01/2013,15:00,52,34,18
16/01/2013,15:15,45,33,12
16/01/2013,15:30,42,23,19
16/01/2013,15:45,44,26,18
16/01/2013,16:00,58,37,21
16/01/2013,16:15,54,38,16
16/01/2013,16:30,51,35,16
16/01/2013,16:45,75,47,28
16/01/2013,17:00,93,59,34
16/01/2013,17:15,77,58,19
16/01/2013,17:30,105,59,46
16/01/2013,17:45,73,58,15
16/01/2013,18:00,83,60,23
16/01/2013,18:15,89,62,27
16/01/2013,18:30,74,57,17
16/01/2013,18:45,61,46,15
16/01/2013,19:00,51,44,7
16/01/2013,19:15,49,42,7
16/01/2013,19:30,41,30,11
16/01/2013,19:45,39,26,13
16/01/2013,20:00,39,29,10
16/01/2013,20:15,37,34,3
16/01/2013,20:30,37,28,9
16/01/2013,20:45,17,13,4
16/01/2013,21:00,39,20,19
16/01/2013,21:15,24,20,4
16/01/2013,21:30,24,18,6
16/01/2013,21:45,29,21,8
16/01/2013,22:00,21,14,7
16/01/2013,22:15,15,13,2
16/01/2013,22:30,15,14,1
16/01/2013,22:45,13,8,5
16/01/2013,23:00,19,17,2
16/01/2013,23:15,23,21,2
16/01/2013,23:30,12,8,4
16/01/2013,23:45,18,16,2
17/01/2013,00:00,14,12,2
17/01/2013,00:15,3,3,0
17/01/2013,00:30,10,8,2
17/01/2013,00:45,6,5,1
17/01/2013,01:00,4,4,0
17/01/2013,01:15,1,1,0
17/01/2013,01:30,2,2,0
17/01/2013,01:45,0,0,0
17/01/2013,02:00,1,1,0
17/01/2013,02:15,2,2,0
17/01/2013,02:30,2,2,0
17/01/2013,02:45,1,1,0
17/01/2013,03:00,0,0,0
17/01/2013,03:15,0,0,0
17/01/2013,03:30,0,0,0
17/01/2013,03:45,0,0,0
17/01/2013,04:00,1,1,0
17/01/2013,04:15,0,0,0
17/01/2013,04:30,1,1,0
17/01/2013,04:45,0,0,0
17/01/2013,05:00,4,2,2
17/01/2013,05:15,4,1,3
17/01/2013,05:30,6,1,5
17/01/2013,05:45,15,4,11
17/01/2013,06:00,25,17,8
17/01/2013,06:15,25,11,14
17/01/2013,06:30,20,5,15
17/01/2013,06:45,33,13,20
17/01/2013,07:00,41,15,26
17/01/2013,07:15,68,20,48
17/01/2013,07:30,61,18,43
17/01/2013,07:45,81,28,53
17/01/2013,08:00,81,22,59
17/01/2013,08:15,90,20,70
17/01/2013,08:30,90,23,67
17/01/2013,08:45,59,13,46
17/01/2013,09:00,70,28,42
17/01/2013,09:15,39,9,30
17/01/2013,09:30,48,20,28
17/01/2013,09:45,36,21,15
17/01/2013,10:00,36,8,28
17/01/2013,10:15,34,15,19
17/01/2013,10:30,35,18,17
17/01/2013,10:45,28,14,14
17/01/2013,11:00,32,20,12
17/01/2013,11:15,34,18,16
17/01/2013,11:30,25,13,12
17/01/2013,11:45,28,16,12
17/01/2013,12:00,36,19,17
17/01/2013,12:15,36,20,16
17/01/2013,12:30,46,17,29
17/01/2013,12:45,37,21,16
17/01/2013,13:00,31,13,18
17/01/2013,13:15,30,13,17
17/01/2013,13:30,39,23,16
17/01/2013,13:45,27,13,14
17/01/2013,14:00,42,24,18
17/01/2013,14:15,41,24,17
17/01/2013,14:30,35,25,10
17/01/2013,14:45,43,22,21
17/01/2013,15:00,60,37,23
17/01/2013,15:15,63,35,28
17/01/2013,15:30,59,35,24
17/01/2013,15:45,50,30,20
17/01/2013,16:00,57,33,24
17/01/2013,16:15,82,47,35
17/01/2013,16:30,62,37,25
17/01/2013,16:45,78,48,30
17/01/2013,17:00,104,81,23
17/01/2013,17:15,101,64,37
17/01/2013,17:30,82,49,33
17/01/2013,17:45,82,65,17
17/01/2013,18:00,94,74,20
17/01/2013,18:15,73,59,14
17/01/2013,18:30,88,72,16
17/01/2013,18:45,57,43,14
17/01/2013,19:00,52,35,17
17/01/2013,19:15,49,36,13
17/01/2013,19:30,44,36,8
17/01/2013,19:45,34,26,8
17/01/2013,20:00,40,31,9
17/01/2013,20:15,35,27,8
17/01/2013,20:30,32,23,9
17/01/2013,20:45,34,26,8
17/01/2013,21:00,35,27,8
17/01/2013,21:15,23,11,12
17/01/2013,21:30,25,15,10
17/01/2013,21:45,33,22,11
17/01/2013,22:00,18,16,2
17/01/2013,22:15,31,23,8
17/01/2013,22:30,18,15,3
17/01/2013,22:45,20,16,4
17/01/2013,23:00,29,23,6
17/01/2013,23:15,22,18,4
17/01/2013,23:30,19,18,1
17/01/2013,23:45,12,11,1
18/01/2013,00:00,14,13,1
18/01/2013,00:15,5,5,0
18/01/2013,00:30,9,7,2
18/01/2013,00:45,4,3,1
18/01/2013,01:00,7,6,1
18/01/2013,01:15,1,0,1
18/01/2013,01:30,4,3,1
18/01/2013,01:45,0,0,0
18/01/2013,02:00,5,5,0
18/01/2013,02:15,4,4,0
18/01/2013,02:30,0,0,0
18/01/2013,02:45,2,2,0
18/01/2013,03:00,0,0,0
18/01/2013,03:15,2,2,0
18/01/2013,03:30,0,0,0
18/01/2013,03:45,0,0,0
18/01/2013,04:00,0,0,0
18/01/2013,04:15,0,0,0
18/01/2013,04:30,2,2,0
18/01/2013,04:45,1,1,0
18/01/2013,05:00,3,2,1
18/01/2013,05:15,3,1,2
18/01/2013,05:30,7,0,7
18/01/2013,05:45,7,5,2
18/01/2013,06:00,14,8,6
18/01/2013,06:15,18,9,9
18/01/2013,06:30,25,10,15
18/01/2013,06:45,19,3,16
18/01/2013,07:00,44,19,25
18/01/2013,07:15,53,19,34
18/01/2013,07:30,63,20,43
18/01/2013,07:45,54,18,36
18/01/2013,08:00,74,27,47
18/01/2013,08:15,80,21,59
18/01/2013,08:30,74,18,56
18/01/2013,08:45,70,19,51
18/01/2013,09:00,63,16,47
18/01/2013,09:15,45,11,34
18/01/2013,09:30,37,14,23
18/01/2013,09:45,31,15,16
18/01/2013,10:00,26,12,14
18/01/2013,10:15,35,17,18
18/01/2013,10:30,28,14,14
18/01/2013,10:45,36,19,17
18/01/2013,11:00,28,13,15
18/01/2013,11:15,37,15,22
18/01/2013,11:30,43,29,14
18/01/2013,11:45,18,12,6
18/01/2013,12:00,38,26,12
18/01/2013,12:15,30,20,10
18/01/2013,12:30,42,23,19
18/01/2013,12:45,37,22,15
18/01/2013,13:00,37,23,14
18/01/2013,13:15,32,14,18
18/01/2013,13:30,36,23,13
18/01/2013,13:45,39,17,22
18/01/2013,14:00,42,20,22
18/01/2013,14:15,50,25,25
18/01/2013,14:30,45,30,15
18/01/2013,14:45,55,30,25
18/01/2013,15:00,55,37,18
18/01/2013,15:15,52,31,21
18/01/2013,15:30,66,37,29
18/01/2013,15:45,61,39,22
18/01/2013,16:00,65,42,23
18/01/2013,16:15,48,36,12
18/01/2013,16:30,99,59,40
18/01/2013,16:45,70,43,27
18/01/2013,17:00,65,44,21
18/01/2013,17:15,124,82,42
18/01/2013,17:30,88,68,20
18/01/2013,17:45,84,67,17
18/01/2013,18:00,73,51,22
18/01/2013,18:15,72,55,17
18/01/2013,18:30,48,38,10
18/01/2013,18:45,66,47,19
18/01/2013,19:00,38,28,10
18/01/2013,19:15,38,28,10
18/01/2013,19:30,44,27,17
18/01/2013,19:45,36,25,11
18/01/2013,20:00,29,23,6
18/01/2013,20:15,40,24,16
18/01/2013,20:30,28,15,13
18/01/2013,20:45,21,9,12
18/01/2013,21:00,21,10,11
18/01/2013,21:15,26,21,5
18/01/2013,21:30,17,12,5
18/01/2013,21:45,10,9,1
18/01/2013,22:00,16,14,2
18/01/2013,22:15,19,15,4
18/01/2013,22:30,20,12,8
18/01/2013,22:45,15,9,6
18/01/2013,23:00,14,11,3
18/01/2013,23:15,19,17,2
18/01/2013,23:30,12,10,2
18/01/2013,23:45,16,13,3
19/01/2013,00:00,25,17,8
19/01/2013,00:15,9,8,1
19/01/2013,00:30,14,11,3
19/01/2013,00:45,16,14,2
19/01/2013,01:00,3,3,0
19/01/2013,01:15,4,4,0
19/01/2013,01:30,9,9,0
19/01/2013,01:45,4,2,2
19/01/2013,02:00,8,6,2
19/01/2013,02:15,8,8,0
19/01/2013,02:30,3,3,0
19/01/2013,02:45,0,0,0
19/01/2013,03:00,1,1,0
19/01/2013,03:15,2,2,0
19/01/2013,03:30,2,2,0
19/01/2013,03:45,1,1,0
19/01/2013,04:00,1,1,0
19/01/2013,04:15,1,1,0
19/01/2013,04:30,1,1,0
19/01/2013,04:45,1,0,1
19/01/2013,05:00,3,2,1
19/01/2013,05:15,4,1,3
19/01/2013,05:30,2,0,2
19/01/2013,05:45,3,1,2
19/01/2013,06:00,4,4,0
19/01/2013,06:15,8,7,1
19/01/2013,06:30,8,5,3
19/01/2013,06:45,6,2,4
19/01/2013,07:00,17,10,7
19/01/2013,07:15,13,8,5
19/01/2013,07:30,13,6,7
19/01/2013,07:45,21,13,8
19/01/2013,08:00,18,13,5
19/01/2013,08:15,35,19,16
19/01/2013,08:30,23,18,5
19/01/2013,08:45,36,19,17
19/01/2013,09:00,70,45,25
19/01/2013,09:15,32,16,16
19/01/2013,09:30,46,31,15
19/01/2013,09:45,52,37,15
19/01/2013,10:00,59,44,15
19/01/2013,10:15,60,43,17
19/01/2013,10:30,91,52,39
19/01/2013,10:45,55,44,11
19/01/2013,11:00,53,31,22
19/01/2013,11:15,66,44,22
19/01/2013,11:30,72,45,27
19/01/2013,11:45,77,40,37
19/01/2013,12:00,97,62,35
19/01/2013,12:15,94,61,33
19/01/2013,12:30,79,50,29
19/01/2013,12:45,104,63,41
19/01/2013,13:00,82,55,27
19/01/2013,13:15,70,42,28
19/01/2013,13:30,100,61,39
19/01/2013,13:45,104,55,49
19/01/2013,14:00,99,67,32
19/01/2013,14:15,122,74,48
19/01/2013,14:30,147,99,48
19/01/2013,14:45,97,64,33
19/01/2013,15:00,120,55,65
19/01/2013,15:15,107,51,56
19/01/2013,15:30,101,47,54
19/01/2013,15:45,105,41,64
19/01/2013,16:00,105,38,67
19/01/2013,16:15,118,48,70
19/01/2013,16:30,93,45,48
19/01/2013,16:45,104,50,54
19/01/2013,17:00,87,40,47
19/01/2013,17:15,88,29,59
19/01/2013,17:30,55,17,38
19/01/2013,17:45,58,21,37
19/01/2013,18:00,44,22,22
19/01/2013,18:15,38,15,23
19/01/2013,18:30,34,20,14
19/01/2013,18:45,35,17,18
19/01/2013,19:00,19,9,10
19/01/2013,19:15,24,16,8
19/01/2013,19:30,20,13,7
19/01/2013,19:45,17,9,8
19/01/2013,20:00,12,5,7
19/01/2013,20:15,15,11,4
19/01/2013,20:30,36,23,13
19/01/2013,20:45,13,10,3
19/01/2013,21:00,5,5,0
19/01/2013,21:15,19,12,7
19/01/2013,21:30,17,13,4
19/01/2013,21:45,21,14,7
19/01/2013,22:00,11,10,1
19/01/2013,22:15,6,5,1
19/01/2013,22:30,16,9,7
19/01/2013,22:45,11,8,3
19/01/2013,23:00,10,8,2
19/01/2013,23:15,23,14,9
19/01/2013,23:30,13,8,5
19/01/2013,23:45,10,8,2
20/01/2013,00:00,19,16,3
20/01/2013,00:15,6,5,1
20/01/2013,00:30,10,7,3
20/01/2013,00:45,8,5,3
20/01/2013,01:00,7,5,2
20/01/2013,01:15,19,17,2
20/01/2013,01:30,23,7,16
20/01/2013,01:45,10,3,7
20/01/2013,02:00,4,4,0
20/01/2013,02:15,5,4,1
20/01/2013,02:30,2,2,0
20/01/2013,02:45,2,2,0
20/01/2013,03:00,5,4,1
20/01/2013,03:15,3,2,1
20/01/2013,03:30,1,1,0
20/01/2013,03:45,2,2,0
20/01/2013,04:00,1,1,0
20/01/2013,04:15,3,1,2
20/01/2013,04:30,2,1,1
20/01/2013,04:45,0,0,0
20/01/2013,05:00,3,2,1
20/01/2013,05:15,1,0,1
20/01/2013,05:30,4,1,3
20/01/2013,05:45,0,0,0
20/01/2013,06:00,2,2,0
20/01/2013,06:15,6,4,2
20/01/2013,06:30,5,3,2
20/01/2013,06:45,6,4,2
20/01/2013,07:00,9,4,5
20/01/2013,07:15,7,4,3
20/01/2013,07:30,15,7,8
20/01/2013,07:45,17,13,4
20/01/2013,08:00,21,15,6
20/01/2013,08:15,22,15,7
20/01/2013,08:30,40,26,14
20/01/2013,08:45,21,15,6
20/01/2013,09:00,52,40,12
20/01/2013,09:15,47,27,20
20/01/2013,09:30,54,34,20
20/01/2013,09:45,44,29,15
20/01/2013,10:00,78,35,43
20/01/2013,10:15,69,48,21
20/01/2013,10:30,83,56,27
20/01/2013,10:45,59,35,24
20/01/2013,11:00,82,50,32
20/01/2013,11:15,85,48,37
20/01/2013,11:30,109,55,54
20/01/2013,11:45,75,56,19
20/01/2013,12:00,100,62,38
20/01/2013,12:15,87,47,40
20/01/2013,12:30,89,48,41
20/01/2013,12:45,82,42,40
20/01/2013,13:00,98,69,29
20/01/2013,13:15,65,40,25
20/01/2013,13:30,80,46,34
20/01/2013,13:45,99,61,38
20/01/2013,14:00,85,36,49
20/01/2013,14:15,74,33,41
20/01/2013,14:30,79,36,43
20/01/2013,14:45,74,41,33
20/01/2013,15:00,75,41,34
20/01/2013,15:15,95,54,41
20/01/2013,15:30,81,38,43
20/01/2013,15:45,106,63,43
20/01/2013,16:00,87,45,42
20/01/2013,16:15,84,39,45
20/01/2013,16:30,73,25,48
20/01/2013,16:45,73,24,49
20/01/2013,17:00,76,27,49
20/01/2013,17:15,59,25,34
20/01/2013,17:30,66,23,43
20/01/2013,17:45,41,17,24
20/01/2013,18:00,39,22,17
20/01/2013,18:15,39,17,22
20/01/2013,18:30,16,5,11
20/01/2013,18:45,45,30,15
20/01/2013,19:00,30,16,14
20/01/2013,19:15,33,13,20
20/01/2013,19:30,31,18,13
20/01/2013,19:45,20,9,11
20/01/2013,20:00,21,13,8
20/01/2013,20:15,14,11,3
20/01/2013,20:30,18,6,12
20/01/2013,20:45,9,6,3
20/01/2013,21:00,17,15,2
20/01/2013,21:15,19,11,8
20/01/2013,21:30,29,10,19
20/01/2013,21:45,11,9,2
20/01/2013,22:00,10,10,0
20/01/2013,22:15,10,6,4
20/01/2013,22:30,10,9,1
20/01/2013,22:45,12,5,7
20/01/2013,23:00,16,12,4
20/01/2013,23:15,16,15,1
20/01/2013,23:30,10,6,4
20/01/2013,23:45,10,7,3
21/01/2013,00:00,5,5,0
21/01/2013,00:15,5,3,2
21/01/2013,00:30,1,0,1
21/01/2013,00:45,4,3,1
21/01/2013,01:00,1,1,0
21/01/2013,01:15,5,5,0
21/01/2013,01:30,5,5,0
21/01/2013,01:45,1,0,1
21/01/2013,02:00,0,0,0
21/01/2013,02:15,2,1,1
21/01/2013,02:30,2,1,1
21/01/2013,02:45,2,2,0
21/01/2013,03:00,0,0,0
21/01/2013,03:15,1,1,0
21/01/2013,03:30,2,1,1
21/01/2013,03:45,1,1,0
21/01/2013,04:00,0,0,0
21/01/2013,04:15,3,1,2
21/01/2013,04:30,1,0,1
21/01/2013,04:45,1,0,1
21/01/2013,05:00,1,0,1
21/01/2013,05:15,6,1,5
21/01/2013,05:30,3,1,2
21/01/2013,05:45,1,0,1
21/01/2013,06:00,10,4,6
21/01/2013,06:15,13,3,10
21/01/2013,06:30,12,4,8
21/01/2013,06:45,8,1,7
21/01/2013,07:00,20,10,10
21/01/2013,07:15,23,10,13
21/01/2013,07:30,19,8,11
21/01/2013,07:45,31,6,25
21/01/2013,08:00,33,9,24
21/01/2013,08:15,46,14,32
21/01/2013,08:30,44,20,24
21/01/2013,08:45,57,25,32
21/01/2013,09:00,53,20,33
21/01/2013,09:15,57,27,30
21/01/2013,09:30,48,27,21
21/01/2013,09:45,58,44,14
21/01/2013,10:00,49,33,16
21/01/2013,10:15,41,28,13
21/01/2013,10:30,67,37,30
21/01/2013,10:45,68,48,20
21/01/2013,11:00,52,32,20
21/01/2013,11:15,81,53,28
21/01/2013,11:30,87,52,35
21/01/2013,11:45,69,38,31
21/01/2013,12:00,74,50,24
21/01/2013,12:15,82,48,34
21/01/2013,12:30,81,60,21
21/01/2013,12:45,89,58,31
21/01/2013,13:00,73,43,30
21/01/2013,13:15,82,50,32
21/01/2013,13:30,55,33,22
21/01/2013,13:45,100,53,47
21/01/2013,14:00,79,47,32
21/01/2013,14:15,128,74,54
21/01/2013,14:30,93,54,39
21/01/2013,14:45,83,43,40
21/01/2013,15:00,110,48,62
21/01/2013,15:15,77,41,36
21/01/2013,15:30,83,48,35
21/01/2013,15:45,112,49,63
21/01/2013,16:00,114,62,52
21/01/2013,16:15,91,42,49
21/01/2013,16:30,84,47,37
21/01/2013,16:45,84,37,47
21/01/2013,17:00,80,35,45
21/01/2013,17:15,96,49,47
21/01/2013,17:30,76,28,48
21/01/2013,17:45,75,47,28
21/01/2013,18:00,71,42,29
21/01/2013,18:15,55,38,17
21/01/2013,18:30,46,31,15
21/01/2013,18:45,49,38,11
21/01/2013,19:00,44,34,10
21/01/2013,19:15,33,22,11
21/01/2013,19:30,37,25,12
21/01/2013,19:45,35,28,7
21/01/2013,20:00,26,22,4
21/01/2013,20:15,21,14,7
21/01/2013,20:30,10,5,5
21/01/2013,20:45,18,10,8
21/01/2013,21:00,21,14,7
21/01/2013,21:15,23,19,4
21/01/2013,21:30,15,12,3
21/01/2013,21:45,22,20,2
21/01/2013,22:00,23,17,6
21/01/2013,22:15,15,10,5
21/01/2013,22:30,13,11,2
21/01/2013,22:45,9,8,1
21/01/2013,23:00,8,6,2
21/01/2013,23:15,7,5,2
21/01/2013,23:30,16,15,1
21/01/2013,23:45,6,3,3
22/01/2013,00:00,9,6,3
22/01/2013,00:15,5,5,0
22/01/2013,00:30,3,3,0
22/01/2013,00:45,4,4,0
22/01/2013,01:00,6,5,1
22/01/2013,01:15,0,0,0
22/01/2013,01:30,2,2,0
22/01/2013,01:45,0,0,0
22/01/2013,02:00,3,3,0
22/01/2013,02:15,1,1,0
22/01/2013,02:30,2,1,1
22/01/2013,02:45,1,0,1
22/01/2013,03:00,2,2,0
22/01/2013,03:15,3,2,1
22/01/2013,03:30,0,0,0
22/01/2013,03:45,1,0,1
22/01/2013,04:00,0,0,0
22/01/2013,04:15,0,0,0
22/01/2013,04:30,1,0,1
22/01/2013,04:45,1,0,1
22/01/2013,05:00,6,2,4
22/01/2013,05:15,8,4,4
22/01/2013,05:30,8,2,6
22/01/2013,05:45,10,3,7
22/01/2013,06:00,24,20,4
22/01/2013,06:15,18,8,10
22/01/2013,06:30,30,13,17
22/01/2013,06:45,31,11,20
22/01/2013,07:00,44,17,27
22/01/2013,07:15,60,17,43
22/01/2013,07:30,71,23,48
22/01/2013,07:45,86,24,62
22/01/2013,08:00,87,21,66
22/01/2013,08:15,98,22,76
22/01/2013,08:30,105,47,58
22/01/2013,08:45,67,15,52
22/01/2013,09:00,59,15,44
22/01/2013,09:15,57,15,42
22/01/2013,09:30,53,24,29
22/01/2013,09:45,35,14,21
22/01/2013,10:00,25,11,14
22/01/2013,10:15,48,20,28
22/01/2013,10:30,34,15,19
22/01/2013,10:45,26,13,13
22/01/2013,11:00,27,9,18
22/01/2013,11:15,31,14,17
22/01/2013,11:30,24,15,9
22/01/2013,11:45,33,18,15
22/01/2013,12:00,23,11,12
22/01/2013,12:15,31,18,13
22/01/2013,12:30,37,20,17
22/01/2013,12:45,32,17,15
22/01/2013,13:00,45,21,24
22/01/2013,13:15,43,22,21
22/01/2013,13:30,28,16,12
22/01/2013,13:45,43,30,13
22/01/2013,14:00,44,23,21
22/01/2013,14:15,40,28,12
22/01/2013,14:30,43,30,13
22/01/2013,14:45,43,25,18
22/01/2013,15:00,48,25,23
22/01/2013,15:15,32,26,6
22/01/2013,15:30,56,32,24
22/01/2013,15:45,43,28,15
22/01/2013,16:00,51,35,16
22/01/2013,16:15,50,31,19
22/01/2013,16:30,63,47,16
22/01/2013,16:45,65,41,24
22/01/2013,17:00,83,57,26
22/01/2013,17:15,108,74,34
22/01/2013,17:30,99,73,26
22/01/2013,17:45,107,76,31
22/01/2013,18:00,104,81,23
22/01/2013,18:15,91,77,14
22/01/2013,18:30,92,75,17
22/01/2013,18:45,75,63,12
22/01/2013,19:00,76,60,16
22/01/2013,19:15,56,46,10
22/01/2013,19:30,61,46,15
22/01/2013,19:45,46,41,5
22/01/2013,20:00,41,34,7
22/01/2013,20:15,39,28,11
22/01/2013,20:30,28,21,7
22/01/2013,20:45,25,21,4
22/01/2013,21:00,38,22,16
22/01/2013,21:15,26,17,9
22/01/2013,21:30,21,19,2
22/01/2013,21:45,27,21,6
22/01/2013,22:00,26,13,13
22/01/2013,22:15,22,14,8
22/01/2013,22:30,19,17,2
22/01/2013,22:45,9,5,4
22/01/2013,23:00,10,7,3
22/01/2013,23:15,21,19,2
22/01/2013,23:30,7,6,1
22/01/2013,23:45,6,5,1
23/01/2013,00:00,5,4,1
23/01/2013,00:15,5,5,0
23/01/2013,00:30,3,2,1
23/01/2013,00:45,3,2,1
23/01/2013,01:00,4,3,1
23/01/2013,01:15,7,5,2
23/01/2013,01:30,1,0,1
23/01/2013,01:45,1,1,0
23/01/2013,02:00,0,0,0
23/01/2013,02:15,2,0,2
23/01/2013,02:30,3,1,2
23/01/2013,02:45,1,1,0
23/01/2013,03:00,3,3,0
23/01/2013,03:15,0,0,0
23/01/2013,03:30,0,0,0
23/01/2013,03:45,1,0,1
23/01/2013,04:00,0,0,0
23/01/2013,04:15,0,0,0
23/01/2013,04:30,2,1,1
23/01/2013,04:45,4,2,2
23/01/2013,05:00,2,0,2
23/01/2013,05:15,6,2,4
23/01/2013,05:30,9,1,8
23/01/2013,05:45,6,2,4
23/01/2013,06:00,14,9,5
23/01/2013,06:15,19,9,10
23/01/2013,06:30,35,17,18
23/01/2013,06:45,20,10,10
23/01/2013,07:00,38,13,25
23/01/2013,07:15,51,20,31
23/01/2013,07:30,59,20,39
23/01/2013,07:45,67,17,50
23/01/2013,08:00,54,13,41
23/01/2013,08:15,68,21,47
23/01/2013,08:30,86,31,55
23/01/2013,08:45,65,14,51
23/01/2013,09:00,47,13,34
23/01/2013,09:15,56,18,38
23/01/2013,09:30,32,8,24
23/01/2013,09:45,36,16,20
23/01/2013,10:00,22,8,14
23/01/2013,10:15,26,15,11
23/01/2013,10:30,34,13,21
23/01/2013,10:45,15,10,5
23/01/2013,11:00,13,7,6
23/01/2013,11:15,25,14,11
23/01/2013,11:30,28,17,11
23/01/2013,11:45,13,7,6
23/01/2013,12:00,18,9,9
23/01/2013,12:15,20,9,11
23/01/2013,12:30,17,8,9
23/01/2013,12:45,19,10,9
23/01/2013,13:00,13,10,3
23/01/2013,13:15,16,8,8
23/01/2013,13:30,9,7,2
23/01/2013,13:45,15,7,8
23/01/2013,14:00,19,13,6
23/01/2013,14:15,18,11,7
23/01/2013,14:30,13,11,2
23/01/2013,14:45,18,6,12
23/01/2013,15:00,18,13,5
23/01/2013,15:15,11,6,5
23/01/2013,15:30,21,13,8
23/01/2013,15:45,15,8,7
23/01/2013,16:00,21,12,9
23/01/2013,16:15,26,21,5
23/01/2013,16:30,33,22,11
23/01/2013,16:45,32,22,10
23/01/2013,17:00,45,31,14
23/01/2013,17:15,51,40,11
23/01/2013,17:30,64,52,12
23/01/2013,17:45,56,47,9
23/01/2013,18:00,57,42,15
23/01/2013,18:15,60,48,12
23/01/2013,18:30,64,48,16
23/01/2013,18:45,58,48,10
23/01/2013,19:00,36,25,11
23/01/2013,19:15,36,29,7
23/01/2013,19:30,34,29,5
23/01/2013,19:45,23,16,7
23/01/2013,20:00,24,18,6
23/01/2013,20:15,24,17,7
23/01/2013,20:30,16,8,8
23/01/2013,20:45,23,15,8
23/01/2013,21:00,18,11,7
23/01/2013,21:15,13,8,5
23/01/2013,21:30,23,15,8
23/01/2013,21:45,13,9,4
23/01/2013,22:00,9,6,3
23/01/2013,22:15,22,18,4
23/01/2013,22:30,22,19,3
23/01/2013,22:45,13,13,0
23/01/2013,23:00,11,7,4
23/01/2013,23:15,4,4,0
23/01/2013,23:30,7,7,0
23/01/2013,23:45,3,2,1
24/01/2013,00:00,2,2,0
24/01/2013,00:15,5,4,1
24/01/2013,00:30,7,6,1
24/01/2013,00:45,4,3,1
24/01/2013,01:00,3,3,0
24/01/2013,01:15,2,2,0
24/01/2013,01:30,1,1,0
24/01/2013,01:45,0,0,0
24/01/2013,02:00,3,3,0
24/01/2013,02:15,1,0,1
24/01/2013,02:30,0,0,0
24/01/2013,02:45,1,1,0
24/01/2013,03:00,0,0,0
24/01/2013,03:15,0,0,0
24/01/2013,03:30,0,0,0
24/01/2013,03:45,0,0,0
24/01/2013,04:00,0,0,0
24/01/2013,04:15,0,0,0
24/01/2013,04:30,2,1,1
24/01/2013,04:45,2,2,0
24/01/2013,05:00,2,1,1
24/01/2013,05:15,4,0,4
24/01/2013,05:30,6,2,4
24/01/2013,05:45,11,4,7
24/01/2013,06:00,17,9,8
24/01/2013,06:15,20,10,10
24/01/2013,06:30,29,15,14
24/01/2013,06:45,17,5,12
24/01/2013,07:00,43,13,30
24/01/2013,07:15,39,13,26
24/01/2013,07:30,56,17,39
24/01/2013,07:45,62,21,41
24/01/2013,08:00,65,23,42
24/01/2013,08:15,73,16,57
24/01/2013,08:30,74,25,49
24/01/2013,08:45,49,9,40
24/01/2013,09:00,52,20,32
24/01/2013,09:15,45,13,32
24/01/2013,09:30,42,16,26
24/01/2013,09:45,38,11,27
24/01/2013,10:00,23,12,11
24/01/2013,10:15,29,10,19
24/01/2013,10:30,32,16,16
24/01/2013,10:45,17,9,8
24/01/2013,11:00,16,10,6
24/01/2013,11:15,17,6,11
24/01/2013,11:30,29,15,14
24/01/2013,11:45,24,15,9
24/01/2013,12:00,31,19,12
24/01/2013,12:15,30,15,15
24/01/2013,12:30,34,15,19
24/01/2013,12:45,25,13,12
24/01/2013,13:00,25,16,9
24/01/2013,13:15,19,13,6
24/01/2013,13:30,27,14,13
24/01/2013,13:45,36,19,17
24/01/2013,14:00,40,21,19
24/01/2013,14:15,30,6,24
24/01/2013,14:30,36,21,15
24/01/2013,14:45,28,14,14
24/01/2013,15:00,30,14,16
24/01/2013,15:15,41,22,19
24/01/2013,15:30,38,30,8
24/01/2013,15:45,42,28,14
24/01/2013,16:00,42,26,16
24/01/2013,16:15,47,28,19
24/01/2013,16:30,48,32,16
24/01/2013,16:45,55,27,28
24/01/2013,17:00,71,50,21
24/01/2013,17:15,83,61,22
24/01/2013,17:30,81,62,19
24/01/2013,17:45,75,49,26
24/01/2013,18:00,93,70,23
24/01/2013,18:15,91,63,28
24/01/2013,18:30,84,66,18
24/01/2013,18:45,50,42,8
24/01/2013,19:00,57,48,9
24/01/2013,19:15,39,32,7
24/01/2013,19:30,46,38,8
24/01/2013,19:45,30,24,6
24/01/2013,20:00,35,26,9
24/01/2013,20:15,37,26,11
24/01/2013,20:30,31,21,10
24/01/2013,20:45,26,21,5
24/01/2013,21:00,22,17,5
24/01/2013,21:15,24,19,5
24/01/2013,21:30,30,22,8
24/01/2013,21:45,29,23,6
24/01/2013,22:00,20,13,7
24/01/2013,22:15,25,21,4
24/01/2013,22:30,24,16,8
24/01/2013,22:45,25,22,3
24/01/2013,23:00,22,16,6
24/01/2013,23:15,15,13,2
24/01/2013,23:30,15,13,2
24/01/2013,23:45,16,14,2
25/01/2013,00:00,11,10,1
25/01/2013,00:15,7,7,0
25/01/2013,00:30,4,4,0
25/01/2013,00:45,4,3,1
25/01/2013,01:00,4,3,1
25/01/2013,01:15,4,2,2
25/01/2013,01:30,4,4,0
25/01/2013,01:45,2,2,0
25/01/2013,02:00,0,0,0
25/01/2013,02:15,2,1,1
25/01/2013,02:30,2,2,0
25/01/2013,02:45,0,0,0
25/01/2013,03:00,1,1,0
25/01/2013,03:15,1,1,0
25/01/2013,03:30,1,1,0
25/01/2013,03:45,0,0,0
25/01/2013,04:00,0,0,0
25/01/2013,04:15,0,0,0
25/01/2013,04:30,3,1,2
25/01/2013,04:45,3,1,2
25/01/2013,05:00,2,1,1
25/01/2013,05:15,3,0,3
25/01/2013,05:30,6,1,5
25/01/2013,05:45,7,1,6
25/01/2013,06:00,14,9,5
25/01/2013,06:15,16,8,8
25/01/2013,06:30,19,8,11
25/01/2013,06:45,26,12,14
25/01/2013,07:00,33,6,27
25/01/2013,07:15,61,23,38
25/01/2013,07:30,57,13,44
25/01/2013,07:45,55,19,36
25/01/2013,08:00,74,18,56
25/01/2013,08:15,74,10,64
25/01/2013,08:30,97,32,65
25/01/2013,08:45,69,21,48
25/01/2013,09:00,58,20,38
25/01/2013,09:15,63,16,47
25/01/2013,09:30,43,19,24
25/01/2013,09:45,44,17,27
25/01/2013,10:00,23,15,8
25/01/2013,10:15,33,19,14
25/01/2013,10:30,36,20,16
25/01/2013,10:45,32,21,11
25/01/2013,11:00,36,22,14
25/01/2013,11:15,36,17,19
25/01/2013,11:30,35,19,16
25/01/2013,11:45,42,23,19
25/01/2013,12:00,37,20,17
25/01/2013,12:15,39,23,16
25/01/2013,12:30,49,32,17
25/01/2013,12:45,38,21,17
25/01/2013,13:00,34,21,13
25/01/2013,13:15,49,26,23
25/01/2013,13:30,49,35,14
25/01/2013,13:45,50,29,21
25/01/2013,14:00,39,17,22
25/01/2013,14:15,47,32,15
25/01/2013,14:30,62,42,20
25/01/2013,14:45,44,22,22
25/01/2013,15:00,55,26,29
25/01/2013,15:15,54,34,20
25/01/2013,15:30,50,32,18
25/01/2013,15:45,78,47,31
25/01/2013,16:00,78,44,34
25/01/2013,16:15,70,49,21
25/01/2013,16:30,75,51,24
25/01/2013,16:45,83,55,28
25/01/2013,17:00,97,58,39
25/01/2013,17:15,115,66,49
25/01/2013,17:30,103,68,35
25/01/2013,17:45,81,55,26
25/01/2013,18:00,103,73,30
25/01/2013,18:15,66,48,18
25/01/2013,18:30,64,49,15
25/01/2013,18:45,45,35,10
25/01/2013,19:00,52,40,12
25/01/2013,19:15,49,31,18
25/01/2013,19:30,33,25,8
25/01/2013,19:45,39,32,7
25/01/2013,20:00,31,26,5
25/01/2013,20:15,34,26,8
25/01/2013,20:30,22,13,9
25/01/2013,20:45,42,35,7
25/01/2013,21:00,38,31,7
25/01/2013,21:15,31,21,10
25/01/2013,21:30,24,19,5
25/01/2013,21:45,16,10,6
25/01/2013,22:00,29,22,7
25/01/2013,22:15,17,15,2
25/01/2013,22:30,20,14,6
25/01/2013,22:45,15,12,3
25/01/2013,23:00,28,20,8
25/01/2013,23:15,14,11,3
25/01/2013,23:30,18,14,4
25/01/2013,23:45,25,21,4
26/01/2013,00:00,22,19,3
26/01/2013,00:15,20,18,2
26/01/2013,00:30,12,9,3
26/01/2013,00:45,13,8,5
26/01/2013,01:00,14,11,3
26/01/2013,01:15,13,9,4
26/01/2013,01:30,4,3,1
26/01/2013,01:45,3,2,1
26/01/2013,02:00,4,4,0
26/01/2013,02:15,11,10,1
26/01/2013,02:30,1,1,0
26/01/2013,02:45,2,2,0
26/01/2013,03:00,10,10,0
26/01/2013,03:15,1,1,0
26/01/2013,03:30,0,0,0
26/01/2013,03:45,2,2,0
26/01/2013,04:00,0,0,0
26/01/2013,04:15,0,0,0
26/01/2013,04:30,2,1,1
26/01/2013,04:45,2,2,0
26/01/2013,05:00,2,1,1
26/01/2013,05:15,4,2,2
26/01/2013,05:30,3,0,3
26/01/2013,05:45,2,2,0
26/01/2013,06:00,11,10,1
26/01/2013,06:15,8,4,4
26/01/2013,06:30,3,3,0
26/01/2013,06:45,9,5,4
26/01/2013,07:00,21,15,6
26/01/2013,07:15,13,6,7
26/01/2013,07:30,11,7,4
26/01/2013,07:45,14,7,7
26/01/2013,08:00,20,11,9
26/01/2013,08:15,30,20,10
26/01/2013,08:30,46,32,14
26/01/2013,08:45,37,25,12
26/01/2013,09:00,69,47,22
26/01/2013,09:15,55,35,20
26/01/2013,09:30,55,26,29
26/01/2013,09:45,40,27,13
26/01/2013,10:00,23,14,9
26/01/2013,10:15,80,48,32
26/01/2013,10:30,79,61,18
26/01/2013,10:45,56,36,20
26/01/2013,11:00,81,45,36
26/01/2013,11:15,78,48,30
26/01/2013,11:30,69,41,28
26/01/2013,11:45,78,35,43
26/01/2013,12:00,78,40,38
26/01/2013,12:15,88,61,27
26/01/2013,12:30,90,49,41
26/01/2013,12:45,97,50,47
26/01/2013,13:00,81,49,32
26/01/2013,13:15,73,34,39
26/01/2013,13:30,100,68,32
26/01/2013,13:45,91,48,43
26/01/2013,14:00,75,45,30
26/01/2013,14:15,82,49,33
26/01/2013,14:30,89,50,39
26/01/2013,14:45,86,40,46
26/01/2013,15:00,83,41,42
26/01/2013,15:15,92,42,50
26/01/2013,15:30,89,46,43
26/01/2013,15:45,108,48,60
26/01/2013,16:00,76,43,33
26/01/2013,16:15,75,28,47
26/01/2013,16:30,72,35,37
26/01/2013,16:45,87,36,51
26/01/2013,17:00,74,19,55
26/01/2013,17:15,51,21,30
26/01/2013,17:30,61,26,35
26/01/2013,17:45,39,18,21
26/01/2013,18:00,36,17,19
26/01/2013,18:15,30,20,10
26/01/2013,18:30,32,23,9
26/01/2013,18:45,32,12,20
26/01/2013,19:00,23,11,12
26/01/2013,19:15,19,13,6
26/01/2013,19:30,21,11,10
26/01/2013,19:45,19,11,8
26/01/2013,20:00,10,8,2
26/01/2013,20:15,18,12,6
26/01/2013,20:30,15,9,6
26/01/2013,20:45,19,14,5
26/01/2013,21:00,8,7,1
26/01/2013,21:15,18,9,9
26/01/2013,21:30,18,9,9
26/01/2013,21:45,9,7,2
26/01/2013,22:00,17,9,8
26/01/2013,22:15,10,8,2
26/01/2013,22:30,9,6,3
26/01/2013,22:45,16,10,6
26/01/2013,23:00,14,12,2
26/01/2013,23:15,22,14,8
26/01/2013,23:30,12,10,2
26/01/2013,23:45,13,11,2
27/01/2013,00:00,16,15,1
27/01/2013,00:15,17,11,6
27/01/2013,00:30,4,4,0
27/01/2013,00:45,8,8,0
27/01/2013,01:00,7,6,1
27/01/2013,01:15,5,5,0
27/01/2013,01:30,3,3,0
27/01/2013,01:45,2,1,1
27/01/2013,02:00,6,5,1
27/01/2013,02:15,3,3,0
27/01/2013,02:30,6,2,4
27/01/2013,02:45,4,2,2
27/01/2013,03:00,1,1,0
27/01/2013,03:15,1,1,0
27/01/2013,03:30,3,3,0
27/01/2013,03:45,2,2,0
27/01/2013,04:00,1,1,0
27/01/2013,04:15,1,1,0
27/01/2013,04:30,2,1,1
27/01/2013,04:45,0,0,0
27/01/2013,05:00,3,1,2
27/01/2013,05:15,2,1,1
27/01/2013,05:30,2,0,2
27/01/2013,05:45,1,1,0
27/01/2013,06:00,2,0,2
27/01/2013,06:15,6,4,2
27/01/2013,06:30,11,7,4
27/01/2013,06:45,8,3,5
27/01/2013,07:00,11,9,2
27/01/2013,07:15,8,4,4
27/01/2013,07:30,11,6,5
27/01/2013,07:45,9,3,6
27/01/2013,08:00,23,16,7
27/01/2013,08:15,36,29,7
27/01/2013,08:30,33,18,15
27/01/2013,08:45,18,10,8
27/01/2013,09:00,49,37,12
27/01/2013,09:15,31,22,9
27/01/2013,09:30,51,30,21
27/01/2013,09:45,42,29,13
27/01/2013,10:00,52,33,19
27/01/2013,10:15,74,48,26
27/01/2013,10:30,73,47,26
27/01/2013,10:45,60,41,19
27/01/2013,11:00,71,39,32
27/01/2013,11:15,92,59,33
27/01/2013,11:30,76,43,33
27/01/2013,11:45,92,54,38
27/01/2013,12:00,110,68,42
27/01/2013,12:15,74,37,37
27/01/2013,12:30,103,67,36
27/01/2013,12:45,89,49,40
27/01/2013,13:00,102,59,43
27/01/2013,13:15,103,59,44
27/01/2013,13:30,112,66,46
27/01/2013,13:45,113,51,62
27/01/2013,14:00,134,74,60
27/01/2013,14:15,114,50,64
27/01/2013,14:30,92,43,49
27/01/2013,14:45,86,39,47
27/01/2013,15:00,104,54,50
27/01/2013,15:15,107,48,59
27/01/2013,15:30,136,68,68
27/01/2013,15:45,120,52,68
27/01/2013,16:00,76,28,48
27/01/2013,16:15,116,56,60
27/01/2013,16:30,99,42,57
27/01/2013,16:45,72,29,43
27/01/2013,17:00,67,35,32
27/01/2013,17:15,65,28,37
27/01/2013,17:30,59,17,42
27/01/2013,17:45,39,15,24
27/01/2013,18:00,34,19,15
27/01/2013,18:15,38,17,21
27/01/2013,18:30,29,18,11
27/01/2013,18:45,25,14,11
27/01/2013,19:00,21,15,6
27/01/2013,19:15,22,14,8
27/01/2013,19:30,24,10,14
27/01/2013,19:45,28,18,10
27/01/2013,20:00,10,8,2
27/01/2013,20:15,14,9,5
27/01/2013,20:30,14,8,6
27/01/2013,20:45,12,9,3
27/01/2013,21:00,14,10,4
27/01/2013,21:15,13,9,4
27/01/2013,21:30,10,7,3
27/01/2013,21:45,24,16,8
27/01/2013,22:00,18,12,6
27/01/2013,22:15,7,6,1
27/01/2013,22:30,12,8,4
27/01/2013,22:45,8,7,1
27/01/2013,23:00,6,2,4
27/01/2013,23:15,12,10,2
27/01/2013,23:30,9,7,2
27/01/2013,23:45,9,6,3
28/01/2013,00:00,4,2,2
28/01/2013,00:15,2,2,0
28/01/2013,00:30,4,4,0
28/01/2013,00:45,4,2,2
28/01/2013,01:00,3,2,1
28/01/2013,01:15,0,0,0
28/01/2013,01:30,3,3,0
28/01/2013,01:45,1,1,0
28/01/2013,02:00,2,2,0
28/01/2013,02:15,4,4,0
28/01/2013,02:30,1,1,0
28/01/2013,02:45,2,1,1
28/01/2013,03:00,0,0,0
28/01/2013,03:15,0,0,0
28/01/2013,03:30,1,0,1
28/01/2013,03:45,1,1,0
28/01/2013,04:00,0,0,0
28/01/2013,04:15,1,0,1
28/01/2013,04:30,1,1,0
28/01/2013,04:45,3,0,3
28/01/2013,05:00,3,1,2
28/01/2013,05:15,8,3,5
28/01/2013,05:30,11,1,10
28/01/2013,05:45,9,3,6
28/01/2013,06:00,15,6,9
28/01/2013,06:15,21,11,10
28/01/2013,06:30,28,11,17
28/01/2013,06:45,34,17,17
28/01/2013,07:00,40,8,32
28/01/2013,07:15,56,18,38
28/01/2013,07:30,58,16,42
28/01/2013,07:45,74,20,54
28/01/2013,08:00,73,7,66
28/01/2013,08:15,67,17,50
28/01/2013,08:30,80,21,59
28/01/2013,08:45,78,15,63
28/01/2013,09:00,69,21,48
28/01/2013,09:15,48,17,31
28/01/2013,09:30,43,20,23
28/01/2013,09:45,37,10,27
28/01/2013,10:00,33,17,16
28/01/2013,10:15,24,15,9
28/01/2013,10:30,28,16,12
28/01/2013,10:45,20,10,10
28/01/2013,11:00,19,9,10
28/01/2013,11:15,27,12,15
28/01/2013,11:30,29,22,7
28/01/2013,11:45,20,9,11
28/01/2013,12:00,40,22,18
28/01/2013,12:15,31,18,13
28/01/2013,12:30,42,19,23
28/01/2013,12:45,23,11,12
28/01/2013,13:00,42,20,22
28/01/2013,13:15,34,22,12
28/01/2013,13:30,32,18,14
28/01/2013,13:45,28,11,17
28/01/2013,14:00,25,13,12
28/01/2013,14:15,38,28,10
28/01/2013,14:30,40,27,13
28/01/2013,14:45,57,31,26
28/01/2013,15:00,39,20,19
28/01/2013,15:15,45,30,15
28/01/2013,15:30,47,24,23
28/01/2013,15:45,39,25,14
28/01/2013,16:00,44,29,15
28/01/2013,16:15,56,37,19
28/01/2013,16:30,48,35,13
28/01/2013,16:45,66,35,31
28/01/2013,17:00,96,58,38
28/01/2013,17:15,111,82,29
28/01/2013,17:30,92,71,21
28/01/2013,17:45,114,86,28
28/01/2013,18:00,118,100,18
28/01/2013,18:15,89,68,21
28/01/2013,18:30,87,77,10
28/01/2013,18:45,68,56,12
28/01/2013,19:00,50,40,10
28/01/2013,19:15,54,43,11
28/01/2013,19:30,57,42,15
28/01/2013,19:45,30,23,7
28/01/2013,20:00,42,33,9
28/01/2013,20:15,30,26,4
28/01/2013,20:30,31,24,7
28/01/2013,20:45,23,14,9
28/01/2013,21:00,27,14,13
28/01/2013,21:15,19,17,2
28/01/2013,21:30,21,15,6
28/01/2013,21:45,30,22,8
28/01/2013,22:00,22,13,9
28/01/2013,22:15,35,31,4
28/01/2013,22:30,15,10,5
28/01/2013,22:45,13,12,1
28/01/2013,23:00,10,9,1
28/01/2013,23:15,12,12,0
28/01/2013,23:30,10,8,2
28/01/2013,23:45,9,7,2
29/01/2013,00:00,7,7,0
29/01/2013,00:15,3,3,0
29/01/2013,00:30,3,2,1
29/01/2013,00:45,2,2,0
29/01/2013,01:00,2,2,0
29/01/2013,01:15,2,2,0
29/01/2013,01:30,3,3,0
29/01/2013,01:45,1,1,0
29/01/2013,02:00,3,1,2
29/01/2013,02:15,1,1,0
29/01/2013,02:30,0,0,0
29/01/2013,02:45,1,1,0
29/01/2013,03:00,0,0,0
29/01/2013,03:15,0,0,0
29/01/2013,03:30,1,0,1
29/01/2013,03:45,0,0,0
29/01/2013,04:00,1,1,0
29/01/2013,04:15,0,0,0
29/01/2013,04:30,4,1,3
29/01/2013,04:45,1,0,1
29/01/2013,05:00,5,1,4
29/01/2013,05:15,5,0,5
29/01/2013,05:30,10,3,7
29/01/2013,05:45,17,8,9
29/01/2013,06:00,28,17,11
29/01/2013,06:15,29,15,14
29/01/2013,06:30,34,14,20
29/01/2013,06:45,26,11,15
29/01/2013,07:00,52,18,34
29/01/2013,07:15,58,17,41
29/01/2013,07:30,86,30,56
29/01/2013,07:45,89,28,61
29/01/2013,08:00,73,21,52
29/01/2013,08:15,98,24,74
29/01/2013,08:30,97,28,69
29/01/2013,08:45,84,15,69
29/01/2013,09:00,51,12,39
29/01/2013,09:15,82,29,53
29/01/2013,09:30,58,21,37
29/01/2013,09:45,41,16,25
29/01/2013,10:00,33,18,15
29/01/2013,10:15,42,24,18
29/01/2013,10:30,29,11,18
29/01/2013,10:45,28,15,13
29/01/2013,11:00,26,16,10
29/01/2013,11:15,26,12,14
29/01/2013,11:30,35,18,17
29/01/2013,11:45,26,15,11
29/01/2013,12:00,29,19,10
29/01/2013,12:15,23,6,17
29/01/2013,12:30,28,14,14
29/01/2013,12:45,29,16,13
29/01/2013,13:00,48,23,25
29/01/2013,13:15,19,11,8
29/01/2013,13:30,31,19,12
29/01/2013,13:45,23,14,9
29/01/2013,14:00,36,18,18
29/01/2013,14:15,48,27,21
29/01/2013,14:30,23,17,6
29/01/2013,14:45,34,20,14
29/01/2013,15:00,39,27,12
29/01/2013,15:15,45,28,17
29/01/2013,15:30,52,31,21
29/01/2013,15:45,57,37,20
29/01/2013,16:00,51,37,14
29/01/2013,16:15,69,44,25
29/01/2013,16:30,78,59,19
29/01/2013,16:45,97,61,36
29/01/2013,17:00,103,68,35
29/01/2013,17:15,105,75,30
29/01/2013,17:30,118,87,31
29/01/2013,17:45,103,79,24
29/01/2013,18:00,105,77,28
29/01/2013,18:15,89,67,22
29/01/2013,18:30,111,91,20
29/01/2013,18:45,86,74,12
29/01/2013,19:00,67,56,11
29/01/2013,19:15,51,39,12
29/01/2013,19:30,55,46,9
29/01/2013,19:45,49,36,13
29/01/2013,20:00,47,34,13
29/01/2013,20:15,51,38,13
29/01/2013,20:30,34,28,6
29/01/2013,20:45,33,25,8
29/01/2013,21:00,32,30,2
29/01/2013,21:15,28,20,8
29/01/2013,21:30,17,10,7
29/01/2013,21:45,30,20,10
29/01/2013,22:00,24,19,5
29/01/2013,22:15,22,14,8
29/01/2013,22:30,20,11,9
29/01/2013,22:45,24,19,5
29/01/2013,23:00,20,17,3
29/01/2013,23:15,13,8,5
29/01/2013,23:30,16,15,1
29/01/2013,23:45,5,5,0
30/01/2013,00:00,16,15,1
30/01/2013,00:15,11,8,3
30/01/2013,00:30,11,9,2
30/01/2013,00:45,5,4,1
30/01/2013,01:00,4,3,1
30/01/2013,01:15,1,1,0
30/01/2013,01:30,3,2,1
30/01/2013,01:45,0,0,0
30/01/2013,02:00,1,1,0
30/01/2013,02:15,0,0,0
30/01/2013,02:30,4,2,2
30/01/2013,02:45,0,0,0
30/01/2013,03:00,0,0,0
30/01/2013,03:15,0,0,0
30/01/2013,03:30,1,1,0
30/01/2013,03:45,1,0,1
30/01/2013,04:00,0,0,0
30/01/2013,04:15,0,0,0
30/01/2013,04:30,1,0,1
30/01/2013,04:45,5,3,2
30/01/2013,05:00,4,2,2
30/01/2013,05:15,6,0,6
30/01/2013,05:30,8,2,6
30/01/2013,05:45,9,4,5
30/01/2013,06:00,21,8,13
30/01/2013,06:15,20,9,11
30/01/2013,06:30,38,23,15
30/01/2013,06:45,25,11,14
30/01/2013,07:00,36,11,25
30/01/2013,07:15,61,16,45
30/01/2013,07:30,76,27,49
30/01/2013,07:45,81,23,58
30/01/2013,08:00,75,16,59
30/01/2013,08:15,101,28,73
30/01/2013,08:30,108,36,72
30/01/2013,08:45,70,13,57
30/01/2013,09:00,72,26,46
30/01/2013,09:15,69,25,44
30/01/2013,09:30,47,18,29
30/01/2013,09:45,44,19,25
30/01/2013,10:00,36,16,20
30/01/2013,10:15,30,14,16
30/01/2013,10:30,39,15,24
30/01/2013,10:45,33,20,13
30/01/2013,11:00,40,23,17
30/01/2013,11:15,34,23,11
30/01/2013,11:30,45,24,21
30/01/2013,11:45,33,19,14
30/01/2013,12:00,30,15,15
30/01/2013,12:15,30,19,11
30/01/2013,12:30,37,19,18
30/01/2013,12:45,32,19,13
30/01/2013,13:00,42,25,17
30/01/2013,13:15,46,23,23
30/01/2013,13:30,50,27,23
30/01/2013,13:45,39,18,21
30/01/2013,14:00,50,27,23
30/01/2013,14:15,52,30,22
30/01/2013,14:30,45,25,20
30/01/2013,14:45,44,31,13
30/01/2013,15:00,55,30,25
30/01/2013,15:15,48,29,19
30/01/2013,15:30,44,23,21
30/01/2013,15:45,53,31,22
30/01/2013,16:00,56,42,14
30/01/2013,16:15,72,40,32
30/01/2013,16:30,71,45,26
30/01/2013,16:45,86,54,32
30/01/2013,17:00,97,67,30
30/01/2013,17:15,94,58,36
30/01/2013,17:30,104,75,29
30/01/2013,17:45,99,75,24
30/01/2013,18:00,113,97,16
30/01/2013,18:15,102,83,19
30/01/2013,18:30,81,61,20
30/01/2013,18:45,71,54,17
30/01/2013,19:00,58,44,14
30/01/2013,19:15,51,46,5
30/01/2013,19:30,49,40,9
30/01/2013,19:45,39,27,12
30/01/2013,20:00,72,58,14
30/01/2013,20:15,47,36,11
30/01/2013,20:30,29,24,5
30/01/2013,20:45,64,28,36
30/01/2013,21:00,31,22,9
30/01/2013,21:15,34,29,5
30/01/2013,21:30,26,19,7
30/01/2013,21:45,27,18,9
30/01/2013,22:00,23,19,4
30/01/2013,22:15,28,25,3
30/01/2013,22:30,19,17,2
30/01/2013,22:45,10,8,2
30/01/2013,23:00,16,12,4
30/01/2013,23:15,20,17,3
30/01/2013,23:30,8,8,0
30/01/2013,23:45,14,13,1
31/01/2013,00:00,12,10,2
31/01/2013,00:15,6,5,1
31/01/2013,00:30,6,6,0
31/01/2013,00:45,3,3,0
31/01/2013,01:00,6,6,0
31/01/2013,01:15,5,5,0
31/01/2013,01:30,0,0,0
31/01/2013,01:45,2,1,1
31/01/2013,02:00,3,3,0
31/01/2013,02:15,2,2,0
31/01/2013,02:30,1,0,1
31/01/2013,02:45,0,0,0
31/01/2013,03:00,0,0,0
31/01/2013,03:15,0,0,0
31/01/2013,03:30,3,3,0
31/01/2013,03:45,0,0,0
31/01/2013,04:00,0,0,0
31/01/2013,04:15,0,0,0
31/01/2013,04:30,1,0,1
31/01/2013,04:45,3,1,2
31/01/2013,05:00,3,1,2
31/01/2013,05:15,3,1,2
31/01/2013,05:30,11,5,6
31/01/2013,05:45,8,4,4
31/01/2013,06:00,23,14,9
31/01/2013,06:15,23,10,13
31/01/2013,06:30,24,13,11
31/01/2013,06:45,24,9,15
31/01/2013,07:00,42,14,28
31/01/2013,07:15,54,16,38
31/01/2013,07:30,63,18,45
31/01/2013,07:45,73,24,49
31/01/2013,08:00,92,31,61
31/01/2013,08:15,103,25,78
31/01/2013,08:30,109,36,73
31/01/2013,08:45,75,21,54
31/01/2013,09:00,76,21,55
31/01/2013,09:15,53,19,34
31/01/2013,09:30,55,25,30
31/01/2013,09:45,53,21,32
31/01/2013,10:00,38,14,24
31/01/2013,10:15,39,21,18
31/01/2013,10:30,33,17,16
31/01/2013,10:45,36,21,15
31/01/2013,11:00,24,12,12
31/01/2013,11:15,35,18,17
31/01/2013,11:30,36,19,17
31/01/2013,11:45,33,21,12
31/01/2013,12:00,48,21,27
31/01/2013,12:15,39,20,19
31/01/2013,12:30,31,17,14
31/01/2013,12:45,36,22,14
31/01/2013,13:00,43,22,21
31/01/2013,13:15,37,21,16
31/01/2013,13:30,46,30,16
31/01/2013,13:45,48,27,21
31/01/2013,14:00,45,18,27
31/01/2013,14:15,57,37,20
31/01/2013,14:30,28,13,15
31/01/2013,14:45,34,22,12
31/01/2013,15:00,47,21,26
31/01/2013,15:15,46,28,18
31/01/2013,15:30,40,20,20
31/01/2013,15:45,67,43,24
31/01/2013,16:00,69,37,32
31/01/2013,16:15,57,41,16
31/01/2013,16:30,82,55,27
31/01/2013,16:45,79,54,25
31/01/2013,17:00,85,59,26
31/01/2013,17:15,107,73,34
31/01/2013,17:30,101,65,36
31/01/2013,17:45,87,58,29
31/01/2013,18:00,109,80,29
31/01/2013,18:15,85,67,18
31/01/2013,18:30,91,74,17
31/01/2013,18:45,74,62,12
31/01/2013,19:00,80,69,11
31/01/2013,19:15,53,43,10
31/01/2013,19:30,40,33,7
31/01/2013,19:45,49,38,11
31/01/2013,20:00,45,36,9
31/01/2013,20:15,55,34,21
31/01/2013,20:30,31,21,10
31/01/2013,20:45,37,26,11
31/01/2013,21:00,35,26,9
31/01/2013,21:15,24,16,8
31/01/2013,21:30,26,20,6
31/01/2013,21:45,41,21,20
31/01/2013,22:00,41,18,23
31/01/2013,22:15,26,16,10
31/01/2013,22:30,28,17,11
31/01/2013,22:45,22,18,4
31/01/2013,23:00,22,18,4
31/01/2013,23:15,15,14,1
31/01/2013,23:30,17,12,5
31/01/2013,23:45,12,8,4
01/02/2013,00:00,11,9,2
01/02/2013,00:15,9,7,2
01/02/2013,00:30,10,8,2
01/02/2013,00:45,9,6,3
01/02/2013,01:00,7,7,0
01/02/2013,01:15,8,7,1
01/02/2013,01:30,2,2,0
01/02/2013,01:45,0,0,0
01/02/2013,02:00,3,3,0
01/02/2013,02:15,1,0,1
01/02/2013,02:30,4,4,0
01/02/2013,02:45,1,0,1
01/02/2013,03:00,1,1,0
01/02/2013,03:15,0,0,0
01/02/2013,03:30,0,0,0
01/02/2013,03:45,0,0,0
01/02/2013,04:00,1,1,0
01/02/2013,04:15,1,0,1
01/02/2013,04:30,2,2,0
01/02/2013,04:45,4,1,3
01/02/2013,05:00,4,2,2
01/02/2013,05:15,7,4,3
01/02/2013,05:30,9,5,4
01/02/2013,05:45,8,3,5
01/02/2013,06:00,21,14,7
01/02/2013,06:15,25,11,14
01/02/2013,06:30,26,17,9
01/02/2013,06:45,18,8,10
01/02/2013,07:00,43,14,29
01/02/2013,07:15,48,27,21
01/02/2013,07:30,62,24,38
01/02/2013,07:45,73,21,52
01/02/2013,08:00,71,22,49
01/02/2013,08:15,85,26,59
01/02/2013,08:30,79,14,65
01/02/2013,08:45,52,14,38
01/02/2013,09:00,62,22,40
01/02/2013,09:15,60,21,39
01/02/2013,09:30,38,16,22
01/02/2013,09:45,37,17,20
01/02/2013,10:00,37,18,19
01/02/2013,10:15,38,26,12
01/02/2013,10:30,49,25,24
01/02/2013,10:45,34,10,24
01/02/2013,11:00,28,12,16
01/02/2013,11:15,31,21,10
01/02/2013,11:30,35,22,13
01/02/2013,11:45,37,23,14
01/02/2013,12:00,31,16,15
01/02/2013,12:15,37,16,21
01/02/2013,12:30,46,31,15
01/02/2013,12:45,44,27,17
01/02/2013,13:00,43,26,17
01/02/2013,13:15,48,20,28
01/02/2013,13:30,41,26,15
01/02/2013,13:45,35,24,11
01/02/2013,14:00,37,17,20
01/02/2013,14:15,43,28,15
01/02/2013,14:30,47,24,23
01/02/2013,14:45,35,23,12
01/02/2013,15:00,36,25,11
01/02/2013,15:15,61,37,24
01/02/2013,15:30,65,42,23
01/02/2013,15:45,65,36,29
01/02/2013,16:00,74,41,33
01/02/2013,16:15,59,38,21
01/02/2013,16:30,76,46,30
01/02/2013,16:45,99,53,46
01/02/2013,17:00,94,55,39
01/02/2013,17:15,102,59,43
01/02/2013,17:30,89,57,32
01/02/2013,17:45,96,66,30
01/02/2013,18:00,78,54,24
01/02/2013,18:15,86,65,21
01/02/2013,18:30,57,43,14
01/02/2013,18:45,56,46,10
01/02/2013,19:00,51,32,19
01/02/2013,19:15,50,37,13
01/02/2013,19:30,38,26,12
01/02/2013,19:45,32,26,6
01/02/2013,20:00,28,24,4
01/02/2013,20:15,29,17,12
01/02/2013,20:30,26,17,9
01/02/2013,20:45,27,18,9
01/02/2013,21:00,25,16,9
01/02/2013,21:15,10,6,4
01/02/2013,21:30,28,20,8
01/02/2013,21:45,17,13,4
01/02/2013,22:00,15,12,3
01/02/2013,22:15,14,12,2
01/02/2013,22:30,25,16,9
01/02/2013,22:45,26,19,7
01/02/2013,23:00,23,20,3
01/02/2013,23:15,20,17,3
01/02/2013,23:30,22,14,8
01/02/2013,23:45,8,7,1
02/02/2013,00:00,21,16,5
02/02/2013,00:15,21,15,6
02/02/2013,00:30,9,7,2
02/02/2013,00:45,11,9,2
02/02/2013,01:00,11,7,4
02/02/2013,01:15,7,6,1
02/02/2013,01:30,3,2,1
02/02/2013,01:45,3,3,0
02/02/2013,02:00,8,7,1
02/02/2013,02:15,4,4,0
02/02/2013,02:30,3,2,1
02/02/2013,02:45,8,8,0
02/02/2013,03:00,4,4,0
02/02/2013,03:15,6,5,1
02/02/2013,03:30,2,1,1
02/02/2013,03:45,3,3,0
02/02/2013,04:00,2,1,1
02/02/2013,04:15,1,1,0
02/02/2013,04:30,2,2,0
02/02/2013,04:45,4,2,2
02/02/2013,05:00,3,2,1
02/02/2013,05:15,4,2,2
02/02/2013,05:30,1,0,1
02/02/2013,05:45,2,0,2
02/02/2013,06:00,4,4,0
02/02/2013,06:15,4,3,1
02/02/2013,06:30,10,6,4
02/02/2013,06:45,11,5,6
02/02/2013,07:00,14,10,4
02/02/2013,07:15,15,8,7
02/02/2013,07:30,16,8,8
02/02/2013,07:45,22,14,8
02/02/2013,08:00,17,8,9
02/02/2013,08:15,41,24,17
02/02/2013,08:30,46,32,14
02/02/2013,08:45,40,33,7
02/02/2013,09:00,52,38,14
02/02/2013,09:15,41,23,18
02/02/2013,09:30,75,40,35
02/02/2013,09:45,47,28,19
02/02/2013,10:00,62,37,25
02/02/2013,10:15,66,45,21
02/02/2013,10:30,70,48,22
02/02/2013,10:45,51,24,27
02/02/2013,11:00,60,33,27
02/02/2013,11:15,85,61,24
02/02/2013,11:30,46,24,22
02/02/2013,11:45,62,39,23
02/02/2013,12:00,77,44,33
02/02/2013,12:15,72,36,36
02/02/2013,12:30,83,43,40
02/02/2013,12:45,77,52,25
02/02/2013,13:00,74,40,34
02/02/2013,13:15,85,53,32
02/02/2013,13:30,78,57,21
02/02/2013,13:45,75,42,33
02/02/2013,14:00,80,44,36
02/02/2013,14:15,115,79,36
02/02/2013,14:30,86,47,39
02/02/2013,14:45,99,63,36
02/02/2013,15:00,95,47,48
02/02/2013,15:15,121,64,57
02/02/2013,15:30,92,31,61
02/02/2013,15:45,116,39,77
02/02/2013,16:00,98,30,68
02/02/2013,16:15,101,37,64
02/02/2013,16:30,79,36,43
02/02/2013,16:45,64,29,35
02/02/2013,17:00,75,30,45
02/02/2013,17:15,66,22,44
02/02/2013,17:30,55,22,33
02/02/2013,17:45,58,36,22
02/02/2013,18:00,35,16,19
02/02/2013,18:15,46,20,26
02/02/2013,18:30,19,9,10
02/02/2013,18:45,28,19,9
02/02/2013,19:00,29,19,10
02/02/2013,19:15,26,14,12
02/02/2013,19:30,19,13,6
02/02/2013,19:45,20,14,6
02/02/2013,20:00,17,12,5
02/02/2013,20:15,15,11,4
02/02/2013,20:30,21,15,6
02/02/2013,20:45,17,10,7
02/02/2013,21:00,18,9,9
02/02/2013,21:15,9,7,2
02/02/2013,21:30,18,5,13
02/02/2013,21:45,15,14,1
02/02/2013,22:00,15,7,8
02/02/2013,22:15,12,10,2
02/02/2013,22:30,14,11,3
02/02/2013,22:45,6,3,3
02/02/2013,23:00,19,13,6
02/02/2013,23:15,15,9,6
02/02/2013,23:30,8,5,3
02/02/2013,23:45,10,9,1
03/02/2013,00:00,12,11,1
03/02/2013,00:15,17,12,5
03/02/2013,00:30,7,6,1
03/02/2013,00:45,5,5,0
03/02/2013,01:00,7,5,2
03/02/2013,01:15,4,4,0
03/02/2013,01:30,7,6,1
03/02/2013,01:45,2,2,0
03/02/2013,02:00,5,3,2
03/02/2013,02:15,8,6,2
03/02/2013,02:30,4,3,1
03/02/2013,02:45,3,3,0
03/02/2013,03:00,4,3,1
03/02/2013,03:15,0,0,0
03/02/2013,03:30,2,2,0
03/02/2013,03:45,0,0,0
03/02/2013,04:00,2,2,0
03/02/2013,04:15,1,1,0
03/02/2013,04:30,2,1,1
03/02/2013,04:45,0,0,0
03/02/2013,05:00,2,0,2
03/02/2013,05:15,3,2,1
03/02/2013,05:30,3,1,2
03/02/2013,05:45,1,0,1
03/02/2013,06:00,4,4,0
03/02/2013,06:15,7,3,4
03/02/2013,06:30,16,8,8
03/02/2013,06:45,13,10,3
03/02/2013,07:00,17,14,3
03/02/2013,07:15,22,16,6
03/02/2013,07:30,14,7,7
03/02/2013,07:45,4,1,3
03/02/2013,08:00,4,1,3
03/02/2013,08:15,18,10,8
03/02/2013,08:30,31,20,11
03/02/2013,08:45,56,42,14
03/02/2013,09:00,37,27,10
03/02/2013,09:15,38,28,10
03/02/2013,09:30,55,34,21
03/02/2013,09:45,54,38,16
03/02/2013,10:00,66,38,28
03/02/2013,10:15,58,36,22
03/02/2013,10:30,89,53,36
03/02/2013,10:45,76,42,34
03/02/2013,11:00,109,64,45
03/02/2013,11:15,119,55,64
03/02/2013,11:30,98,56,42
03/02/2013,11:45,93,46,47
03/02/2013,12:00,107,65,42
03/02/2013,12:15,118,61,57
03/02/2013,12:30,105,56,49
03/02/2013,12:45,101,49,52
03/02/2013,13:00,116,57,59
03/02/2013,13:15,86,45,41
03/02/2013,13:30,104,46,58
03/02/2013,13:45,98,46,52
03/02/2013,14:00,98,35,63
03/02/2013,14:15,90,45,45
03/02/2013,14:30,103,48,55
03/02/2013,14:45,91,53,38
03/02/2013,15:00,90,44,46
03/02/2013,15:15,90,53,37
03/02/2013,15:30,55,27,28
03/02/2013,15:45,65,34,31
03/02/2013,16:00,49,31,18
03/02/2013,16:15,54,20,34
03/02/2013,16:30,44,19,25
03/02/2013,16:45,42,22,20
03/02/2013,17:00,39,15,24
03/02/2013,17:15,33,14,19
03/02/2013,17:30,31,20,11
03/02/2013,17:45,22,15,7
03/02/2013,18:00,32,13,19
03/02/2013,18:15,10,5,5
03/02/2013,18:30,24,13,11
03/02/2013,18:45,15,7,8
03/02/2013,19:00,8,7,1
03/02/2013,19:15,13,13,0
03/02/2013,19:30,21,13,8
03/02/2013,19:45,60,29,31
03/02/2013,20:00,60,30,30
03/02/2013,20:15,59,18,41
03/02/2013,20:30,50,37,13
03/02/2013,20:45,19,14,5
03/02/2013,21:00,29,25,4
03/02/2013,21:15,26,14,12
03/02/2013,21:30,17,13,4
03/02/2013,21:45,13,9,4
03/02/2013,22:00,14,5,9
03/02/2013,22:15,18,11,7
03/02/2013,22:30,20,17,3
03/02/2013,22:45,14,11,3
03/02/2013,23:00,20,15,5
03/02/2013,23:15,9,9,0
03/02/2013,23:30,3,3,0
03/02/2013,23:45,7,6,1
04/02/2013,00:00,4,2,2
04/02/2013,00:15,6,2,4
04/02/2013,00:30,2,2,0
04/02/2013,00:45,3,2,1
04/02/2013,01:00,3,2,1
04/02/2013,01:15,2,0,2
04/02/2013,01:30,3,1,2
04/02/2013,01:45,0,0,0
04/02/2013,02:00,0,0,0
04/02/2013,02:15,1,1,0
04/02/2013,02:30,1,0,1
04/02/2013,02:45,1,0,1
04/02/2013,03:00,2,2,0
04/02/2013,03:15,1,0,1
04/02/2013,03:30,1,0,1
04/02/2013,03:45,2,2,0
04/02/2013,04:00,1,1,0
04/02/2013,04:15,1,0,1
04/02/2013,04:30,2,1,1
04/02/2013,04:45,3,0,3
04/02/2013,05:00,4,1,3
04/02/2013,05:15,7,0,7
04/02/2013,05:30,5,1,4
04/02/2013,05:45,6,4,2
04/02/2013,06:00,9,6,3
04/02/2013,06:15,31,11,20
04/02/2013,06:30,27,12,15
04/02/2013,06:45,25,8,17
04/02/2013,07:00,33,12,21
04/02/2013,07:15,55,17,38
04/02/2013,07:30,69,28,41
04/02/2013,07:45,55,14,41
04/02/2013,08:00,82,20,62
04/02/2013,08:15,85,17,68
04/02/2013,08:30,90,22,68
04/02/2013,08:45,61,14,47
04/02/2013,09:00,65,18,47
04/02/2013,09:15,59,15,44
04/02/2013,09:30,53,21,32
04/02/2013,09:45,30,14,16
04/02/2013,10:00,24,7,17
04/02/2013,10:15,29,12,17
04/02/2013,10:30,23,8,15
04/02/2013,10:45,37,22,15
04/02/2013,11:00,24,11,13
04/02/2013,11:15,29,14,15
04/02/2013,11:30,26,12,14
04/02/2013,11:45,22,9,13
04/02/2013,12:00,18,8,10
04/02/2013,12:15,36,23,13
04/02/2013,12:30,35,17,18
04/02/2013,12:45,32,17,15
04/02/2013,13:00,33,20,13
04/02/2013,13:15,34,19,15
04/02/2013,13:30,35,15,20
04/02/2013,13:45,29,18,11
04/02/2013,14:00,39,25,14
04/02/2013,14:15,29,16,13
04/02/2013,14:30,33,24,9
04/02/2013,14:45,44,30,14
04/02/2013,15:00,43,25,18
04/02/2013,15:15,25,19,6
04/02/2013,15:30,30,18,12
04/02/2013,15:45,31,22,9
04/02/2013,16:00,44,29,15
04/02/2013,16:15,60,32,28
04/02/2013,16:30,56,39,17
04/02/2013,16:45,70,49,21
04/02/2013,17:00,79,58,21
04/02/2013,17:15,102,78,24
04/02/2013,17:30,91,69,22
04/02/2013,17:45,100,73,27
04/02/2013,18:00,101,72,29
04/02/2013,18:15,96,81,15
04/02/2013,18:30,90,75,15
04/02/2013,18:45,75,64,11
04/02/2013,19:00,58,43,15
04/02/2013,19:15,54,43,11
04/02/2013,19:30,62,51,11
04/02/2013,19:45,26,20,6
04/02/2013,20:00,33,26,7
04/02/2013,20:15,42,34,8
04/02/2013,20:30,22,19,3
04/02/2013,20:45,21,18,3
04/02/2013,21:00,21,16,5
04/02/2013,21:15,26,21,5
04/02/2013,21:30,36,25,11
04/02/2013,21:45,27,23,4
04/02/2013,22:00,27,21,6
04/02/2013,22:15,18,11,7
04/02/2013,22:30,13,10,3
04/02/2013,22:45,15,13,2
04/02/2013,23:00,8,4,4
04/02/2013,23:15,7,5,2
04/02/2013,23:30,10,8,2
04/02/2013,23:45,10,8,2
05/02/2013,00:00,1,1,0
05/02/2013,00:15,2,1,1
05/02/2013,00:30,6,6,0
05/02/2013,00:45,2,2,0
05/02/2013,01:00,3,3,0
05/02/2013,01:15,2,2,0
05/02/2013,01:30,5,5,0
05/02/2013,01:45,2,2,0
05/02/2013,02:00,1,1,0
05/02/2013,02:15,0,0,0
05/02/2013,02:30,2,2,0
05/02/2013,02:45,0,0,0
05/02/2013,03:00,0,0,0
05/02/2013,03:15,0,0,0
05/02/2013,03:30,0,0,0
05/02/2013,03:45,0,0,0
05/02/2013,04:00,2,0,2
05/02/2013,04:15,1,1,0
05/02/2013,04:30,3,1,2
05/02/2013,04:45,2,0,2
05/02/2013,05:00,3,1,2
05/02/2013,05:15,4,2,2
05/02/2013,05:30,6,3,3
05/02/2013,05:45,14,9,5
05/02/2013,06:00,26,14,12
05/02/2013,06:15,20,12,8
05/02/2013,06:30,34,11,23
05/02/2013,06:45,32,18,14
05/02/2013,07:00,43,24,19
05/02/2013,07:15,75,20,55
05/02/2013,07:30,85,38,47
05/02/2013,07:45,90,23,67
05/02/2013,08:00,95,24,71
05/02/2013,08:15,108,29,79
05/02/2013,08:30,107,35,72
05/02/2013,08:45,86,32,54
05/02/2013,09:00,58,19,39
05/02/2013,09:15,68,22,46
05/02/2013,09:30,55,21,34
05/02/2013,09:45,28,13,15
05/02/2013,10:00,25,10,15
05/02/2013,10:15,33,17,16
05/02/2013,10:30,38,13,25
05/02/2013,10:45,33,11,22
05/02/2013,11:00,26,15,11
05/02/2013,11:15,38,28,10
05/02/2013,11:30,31,19,12
05/02/2013,11:45,21,9,12
05/02/2013,12:00,22,13,9
05/02/2013,12:15,24,10,14
05/02/2013,12:30,33,18,15
05/02/2013,12:45,24,12,12
05/02/2013,13:00,29,17,12
05/02/2013,13:15,34,16,18
05/02/2013,13:30,28,14,14
05/02/2013,13:45,35,19,16
05/02/2013,14:00,30,18,12
05/02/2013,14:15,40,28,12
05/02/2013,14:30,34,18,16
05/02/2013,14:45,41,28,13
05/02/2013,15:00,51,32,19
05/02/2013,15:15,36,20,16
05/02/2013,15:30,32,15,17
05/02/2013,15:45,51,32,19
05/02/2013,16:00,56,41,15
05/02/2013,16:15,67,41,26
05/02/2013,16:30,68,46,22
05/02/2013,16:45,89,59,30
05/02/2013,17:00,84,52,32
05/02/2013,17:15,115,86,29
05/02/2013,17:30,105,74,31
05/02/2013,17:45,87,63,24
05/02/2013,18:00,87,72,15
05/02/2013,18:15,110,90,20
05/02/2013,18:30,91,71,20
05/02/2013,18:45,56,44,12
05/02/2013,19:00,74,51,23
05/02/2013,19:15,56,44,12
05/02/2013,19:30,59,41,18
05/02/2013,19:45,52,39,13
05/02/2013,20:00,44,33,11
05/02/2013,20:15,44,32,12
05/02/2013,20:30,39,30,9
05/02/2013,20:45,32,27,5
05/02/2013,21:00,24,21,3
05/02/2013,21:15,36,30,6
05/02/2013,21:30,27,17,10
05/02/2013,21:45,22,15,7
05/02/2013,22:00,19,14,5
05/02/2013,22:15,28,18,10
05/02/2013,22:30,21,19,2
05/02/2013,22:45,22,17,5
05/02/2013,23:00,12,6,6
05/02/2013,23:15,16,14,2
05/02/2013,23:30,14,11,3
05/02/2013,23:45,15,13,2
06/02/2013,00:00,11,10,1
06/02/2013,00:15,6,3,3
06/02/2013,00:30,4,2,2
06/02/2013,00:45,2,1,1
06/02/2013,01:00,4,3,1
06/02/2013,01:15,6,5,1
06/02/2013,01:30,3,3,0
06/02/2013,01:45,0,0,0
06/02/2013,02:00,5,5,0
06/02/2013,02:15,2,2,0
06/02/2013,02:30,0,0,0
06/02/2013,02:45,0,0,0
06/02/2013,03:00,2,2,0
06/02/2013,03:15,0,0,0
06/02/2013,03:30,0,0,0
06/02/2013,03:45,0,0,0
06/02/2013,04:00,0,0,0
06/02/2013,04:15,0,0,0
06/02/2013,04:30,1,0,1
06/02/2013,04:45,3,1,2
06/02/2013,05:00,4,2,2
06/02/2013,05:15,4,1,3
06/02/2013,05:30,6,3,3
06/02/2013,05:45,8,2,6
06/02/2013,06:00,17,8,9
06/02/2013,06:15,20,11,9
06/02/2013,06:30,40,23,17
06/02/2013,06:45,35,13,22
06/02/2013,07:00,53,21,32
06/02/2013,07:15,57,23,34
06/02/2013,07:30,86,21,65
06/02/2013,07:45,66,12,54
06/02/2013,08:00,90,18,72
06/02/2013,08:15,83,20,63
06/02/2013,08:30,123,40,83
06/02/2013,08:45,67,11,56
06/02/2013,09:00,79,24,55
06/02/2013,09:15,85,36,49
06/02/2013,09:30,54,22,32
06/02/2013,09:45,42,13,29
06/02/2013,10:00,40,18,22
06/02/2013,10:15,34,15,19
06/02/2013,10:30,47,22,25
06/02/2013,10:45,44,21,23
06/02/2013,11:00,29,18,11
06/02/2013,11:15,37,19,18
06/02/2013,11:30,32,27,5
06/02/2013,11:45,30,17,13
06/02/2013,12:00,23,13,10
06/02/2013,12:15,48,23,25
06/02/2013,12:30,32,20,12
06/02/2013,12:45,41,22,19
06/02/2013,13:00,34,20,14
06/02/2013,13:15,28,9,19
06/02/2013,13:30,39,25,14
06/02/2013,13:45,28,15,13
06/02/2013,14:00,36,13,23
06/02/2013,14:15,33,12,21
06/02/2013,14:30,28,20,8
06/02/2013,14:45,43,27,16
06/02/2013,15:00,32,21,11
06/02/2013,15:15,40,22,18
06/02/2013,15:30,45,25,20
06/02/2013,15:45,48,31,17
06/02/2013,16:00,51,31,20
06/02/2013,16:15,52,35,17
06/02/2013,16:30,69,42,27
06/02/2013,16:45,71,55,16
06/02/2013,17:00,82,56,26
06/02/2013,17:15,110,76,34
06/02/2013,17:30,87,64,23
06/02/2013,17:45,110,84,26
06/02/2013,18:00,106,83,23
06/02/2013,18:15,96,74,22
06/02/2013,18:30,94,76,18
06/02/2013,18:45,84,61,23
06/02/2013,19:00,65,52,13
06/02/2013,19:15,59,48,11
06/02/2013,19:30,50,41,9
06/02/2013,19:45,53,42,11
06/02/2013,20:00,37,28,9
06/02/2013,20:15,36,24,12
06/02/2013,20:30,39,33,6
06/02/2013,20:45,43,23,20
06/02/2013,21:00,34,23,11
06/02/2013,21:15,32,31,1
06/02/2013,21:30,30,24,6
06/02/2013,21:45,28,21,7
06/02/2013,22:00,21,17,4
06/02/2013,22:15,28,25,3
06/02/2013,22:30,26,23,3
06/02/2013,22:45,18,14,4
06/02/2013,23:00,12,10,2
06/02/2013,23:15,18,16,2
06/02/2013,23:30,17,13,4
06/02/2013,23:45,10,10,0
07/02/2013,00:00,14,11,3
07/02/2013,00:15,6,5,1
07/02/2013,00:30,6,5,1
07/02/2013,00:45,4,4,0
07/02/2013,01:00,2,2,0
07/02/2013,01:15,1,0,1
07/02/2013,01:30,0,0,0
07/02/2013,01:45,1,1,0
07/02/2013,02:00,2,2,0
07/02/2013,02:15,1,1,0
07/02/2013,02:30,2,2,0
07/02/2013,02:45,2,2,0
07/02/2013,03:00,3,3,0
07/02/2013,03:15,0,0,0
07/02/2013,03:30,1,0,1
07/02/2013,03:45,0,0,0
07/02/2013,04:00,0,0,0
07/02/2013,04:15,0,0,0
07/02/2013,04:30,0,0,0
07/02/2013,04:45,2,1,1
07/02/2013,05:00,6,3,3
07/02/2013,05:15,1,0,1
07/02/2013,05:30,6,3,3
07/02/2013,05:45,13,8,5
07/02/2013,06:00,23,15,8
07/02/2013,06:15,14,4,10
07/02/2013,06:30,14,9,5
07/02/2013,06:45,30,7,23
07/02/2013,07:00,25,6,19
07/02/2013,07:15,51,12,39
07/02/2013,07:30,40,17,23
07/02/2013,07:45,38,11,27
07/02/2013,08:00,32,7,25
07/02/2013,08:15,33,11,22
07/02/2013,08:30,35,12,23
07/02/2013,08:45,16,5,11
07/02/2013,09:00,23,7,16
07/02/2013,09:15,27,11,16
07/02/2013,09:30,28,9,19
07/02/2013,09:45,28,11,17
07/02/2013,10:00,19,6,13
07/02/2013,10:15,24,15,9
07/02/2013,10:30,20,11,9
07/02/2013,10:45,15,8,7
07/02/2013,11:00,21,13,8
07/02/2013,11:15,19,7,12
07/02/2013,11:30,31,18,13
07/02/2013,11:45,28,16,12
07/02/2013,12:00,19,9,10
07/02/2013,12:15,36,24,12
07/02/2013,12:30,24,12,12
07/02/2013,12:45,33,18,15
07/02/2013,13:00,22,12,10
07/02/2013,13:15,26,13,13
07/02/2013,13:30,27,19,8
07/02/2013,13:45,30,15,15
07/02/2013,14:00,33,15,18
07/02/2013,14:15,30,21,9
07/02/2013,14:30,29,14,15
07/02/2013,14:45,18,12,6
07/02/2013,15:00,30,14,16
07/02/2013,15:15,37,27,10
07/02/2013,15:30,38,20,18
07/02/2013,15:45,40,28,12
07/02/2013,16:00,33,18,15
07/02/2013,16:15,44,26,18
07/02/2013,16:30,35,25,10
07/02/2013,16:45,46,29,17
07/02/2013,17:00,63,37,26
07/02/2013,17:15,62,43,19
07/02/2013,17:30,58,39,19
07/02/2013,17:45,45,33,12
07/02/2013,18:00,62,40,22
07/02/2013,18:15,62,38,24
07/02/2013,18:30,55,43,12
07/02/2013,18:45,40,27,13
07/02/2013,19:00,38,24,14
07/02/2013,19:15,26,22,4
07/02/2013,19:30,21,17,4
07/02/2013,19:45,5,4,1
07/02/2013,20:00,22,15,7
07/02/2013,20:15,17,9,8
07/02/2013,20:30,21,14,7
07/02/2013,20:45,20,15,5
07/02/2013,21:00,24,20,4
07/02/2013,21:15,22,12,10
07/02/2013,21:30,12,9,3
07/02/2013,21:45,14,12,2
07/02/2013,22:00,14,8,6
07/02/2013,22:15,11,9,2
07/02/2013,22:30,18,17,1
07/02/2013,22:45,8,7,1
07/02/2013,23:00,8,7,1
07/02/2013,23:15,6,6,0
07/02/2013,23:30,8,8,0
07/02/2013,23:45,8,7,1
08/02/2013,00:00,8,8,0
08/02/2013,00:15,4,3,1
08/02/2013,00:30,6,6,0
08/02/2013,00:45,1,0,1
08/02/2013,01:00,3,3,0
08/02/2013,01:15,2,2,0
08/02/2013,01:30,0,0,0
08/02/2013,01:45,3,3,0
08/02/2013,02:00,1,1,0
08/02/2013,02:15,1,0,1
08/02/2013,02:30,4,3,1
08/02/2013,02:45,2,2,0
08/02/2013,03:00,1,1,0
08/02/2013,03:15,0,0,0
08/02/2013,03:30,0,0,0
08/02/2013,03:45,1,1,0
08/02/2013,04:00,0,0,0
08/02/2013,04:15,1,0,1
08/02/2013,04:30,1,0,1
08/02/2013,04:45,2,1,1
08/02/2013,05:00,0,0,0
08/02/2013,05:15,6,3,3
08/02/2013,05:30,4,1,3
08/02/2013,05:45,3,3,0
08/02/2013,06:00,7,2,5
08/02/2013,06:15,14,8,6
08/02/2013,06:30,13,5,8
08/02/2013,06:45,23,8,15
08/02/2013,07:00,30,15,15
08/02/2013,07:15,35,13,22
08/02/2013,07:30,51,17,34
08/02/2013,07:45,46,12,34
08/02/2013,08:00,53,7,46
08/02/2013,08:15,75,24,51
08/02/2013,08:30,53,14,39
08/02/2013,08:45,58,16,42
08/02/2013,09:00,63,22,41
08/02/2013,09:15,48,20,28
08/02/2013,09:30,43,15,28
08/02/2013,09:45,32,20,12
08/02/2013,10:00,36,11,25
08/02/2013,10:15,17,4,13
08/02/2013,10:30,30,18,12
08/02/2013,10:45,39,22,17
08/02/2013,11:00,21,14,7
08/02/2013,11:15,25,14,11
08/02/2013,11:30,36,17,19
08/02/2013,11:45,32,15,17
08/02/2013,12:00,23,14,9
08/02/2013,12:15,32,16,16
08/02/2013,12:30,30,24,6
08/02/2013,12:45,40,28,12
08/02/2013,13:00,30,18,12
08/02/2013,13:15,31,16,15
08/02/2013,13:30,31,14,17
08/02/2013,13:45,18,8,10
08/02/2013,14:00,45,25,20
08/02/2013,14:15,25,16,9
08/02/2013,14:30,35,20,15
08/02/2013,14:45,36,19,17
08/02/2013,15:00,36,16,20
08/02/2013,15:15,39,23,16
08/02/2013,15:30,41,23,18
08/02/2013,15:45,54,39,15
08/02/2013,16:00,48,32,16
08/02/2013,16:15,45,28,17
08/02/2013,16:30,66,47,19
08/02/2013,16:45,63,36,27
08/02/2013,17:00,84,61,23
08/02/2013,17:15,71,41,30
08/02/2013,17:30,72,44,28
08/02/2013,17:45,80,57,23
08/02/2013,18:00,71,57,14
08/02/2013,18:15,87,66,21
08/02/2013,18:30,65,47,18
08/02/2013,18:45,52,39,13
08/02/2013,19:00,35,27,8
08/02/2013,19:15,37,26,11
08/02/2013,19:30,39,26,13
08/02/2013,19:45,19,16,3
08/02/2013,20:00,28,19,9
08/02/2013,20:15,30,23,7
08/02/2013,20:30,25,19,6
08/02/2013,20:45,26,20,6
08/02/2013,21:00,16,15,1
08/02/2013,21:15,28,19,9
08/02/2013,21:30,22,18,4
08/02/2013,21:45,22,17,5
08/02/2013,22:00,17,14,3
08/02/2013,22:15,12,9,3
08/02/2013,22:30,14,12,2
08/02/2013,22:45,14,11,3
08/02/2013,23:00,15,10,5
08/02/2013,23:15,21,17,4
08/02/2013,23:30,19,18,1
08/02/2013,23:45,12,8,4
09/02/2013,00:00,10,6,4
09/02/2013,00:15,24,21,3
09/02/2013,00:30,17,12,5
09/02/2013,00:45,11,10,1
09/02/2013,01:00,8,7,1
09/02/2013,01:15,12,12,0
09/02/2013,01:30,6,5,1
09/02/2013,01:45,3,3,0
09/02/2013,02:00,9,9,0
09/02/2013,02:15,1,1,0
09/02/2013,02:30,0,0,0
09/02/2013,02:45,3,3,0
09/02/2013,03:00,0,0,0
09/02/2013,03:15,4,4,0
09/02/2013,03:30,1,1,0
09/02/2013,03:45,4,4,0
09/02/2013,04:00,1,1,0
09/02/2013,04:15,0,0,0
09/02/2013,04:30,1,1,0
09/02/2013,04:45,1,0,1
09/02/2013,05:00,2,1,1
09/02/2013,05:15,3,2,1
09/02/2013,05:30,2,1,1
09/02/2013,05:45,2,1,1
09/02/2013,06:00,1,0,1
09/02/2013,06:15,6,3,3
09/02/2013,06:30,4,1,3
09/02/2013,06:45,10,6,4
09/02/2013,07:00,15,9,6
09/02/2013,07:15,12,6,6
09/02/2013,07:30,15,8,7
09/02/2013,07:45,24,14,10
09/02/2013,08:00,32,19,13
09/02/2013,08:15,43,19,24
09/02/2013,08:30,46,31,15
09/02/2013,08:45,49,39,10
09/02/2013,09:00,42,23,19
09/02/2013,09:15,52,30,22
09/02/2013,09:30,101,72,29
09/02/2013,09:45,35,21,14
09/02/2013,10:00,59,42,17
09/02/2013,10:15,71,46,25
09/02/2013,10:30,70,48,22
09/02/2013,10:45,76,40,36
09/02/2013,11:00,77,52,25
09/02/2013,11:15,76,39,37
09/02/2013,11:30,87,54,33
09/02/2013,11:45,77,50,27
09/02/2013,12:00,78,40,38
09/02/2013,12:15,89,52,37
09/02/2013,12:30,105,62,43
09/02/2013,12:45,93,61,32
09/02/2013,13:00,86,48,38
09/02/2013,13:15,83,46,37
09/02/2013,13:30,75,44,31
09/02/2013,13:45,90,64,26
09/02/2013,14:00,79,34,45
09/02/2013,14:15,101,50,51
09/02/2013,14:30,89,40,49
09/02/2013,14:45,115,69,46
09/02/2013,15:00,85,46,39
09/02/2013,15:15,91,38,53
09/02/2013,15:30,98,60,38
09/02/2013,15:45,78,41,37
09/02/2013,16:00,78,44,34
09/02/2013,16:15,103,50,53
09/02/2013,16:30,64,23,41
09/02/2013,16:45,96,42,54
09/02/2013,17:00,60,26,34
09/02/2013,17:15,59,22,37
09/02/2013,17:30,73,25,48
09/02/2013,17:45,56,29,27
09/02/2013,18:00,53,21,32
09/02/2013,18:15,44,26,18
09/02/2013,18:30,37,26,11
09/02/2013,18:45,25,14,11
09/02/2013,19:00,39,29,10
09/02/2013,19:15,27,13,14
09/02/2013,19:30,20,9,11
09/02/2013,19:45,19,13,6
09/02/2013,20:00,18,14,4
09/02/2013,20:15,18,12,6
09/02/2013,20:30,13,7,6
09/02/2013,20:45,32,24,8
09/02/2013,21:00,11,6,5
09/02/2013,21:15,14,8,6
09/02/2013,21:30,17,10,7
09/02/2013,21:45,15,11,4
09/02/2013,22:00,16,14,2
09/02/2013,22:15,12,9,3
09/02/2013,22:30,14,10,4
09/02/2013,22:45,14,10,4
09/02/2013,23:00,13,8,5
09/02/2013,23:15,9,5,4
09/02/2013,23:30,14,10,4
09/02/2013,23:45,10,8,2
10/02/2013,00:00,16,11,5
10/02/2013,00:15,14,10,4
10/02/2013,00:30,15,14,1
10/02/2013,00:45,11,10,1
10/02/2013,01:00,8,8,0
10/02/2013,01:15,7,7,0
10/02/2013,01:30,1,1,0
10/02/2013,01:45,1,1,0
10/02/2013,02:00,8,7,1
10/02/2013,02:15,5,5,0
10/02/2013,02:30,4,4,0
10/02/2013,02:45,2,1,1
10/02/2013,03:00,2,2,0
10/02/2013,03:15,6,3,3
10/02/2013,03:30,1,0,1
10/02/2013,03:45,3,1,2
10/02/2013,04:00,4,3,1
10/02/2013,04:15,0,0,0
10/02/2013,04:30,1,0,1
10/02/2013,04:45,3,3,0
10/02/2013,05:00,1,0,1
10/02/2013,05:15,2,2,0
10/02/2013,05:30,0,0,0
10/02/2013,05:45,4,2,2
10/02/2013,06:00,2,1,1
10/02/2013,06:15,8,2,6
10/02/2013,06:30,6,2,4
10/02/2013,06:45,8,5,3
10/02/2013,07:00,6,5,1
10/02/2013,07:15,14,8,6
10/02/2013,07:30,18,9,9
10/02/2013,07:45,9,6,3
10/02/2013,08:00,14,9,5
10/02/2013,08:15,35,27,8
10/02/2013,08:30,38,25,13
10/02/2013,08:45,36,19,17
10/02/2013,09:00,40,32,8
10/02/2013,09:15,52,39,13
10/02/2013,09:30,36,23,13
10/02/2013,09:45,55,36,19
10/02/2013,10:00,66,42,24
10/02/2013,10:15,67,44,23
10/02/2013,10:30,74,52,22
10/02/2013,10:45,64,43,21
10/02/2013,11:00,81,55,26
10/02/2013,11:15,87,68,19
10/02/2013,11:30,109,69,40
10/02/2013,11:45,112,69,43
10/02/2013,12:00,111,65,46
10/02/2013,12:15,98,61,37
10/02/2013,12:30,101,70,31
10/02/2013,12:45,112,78,34
10/02/2013,13:00,104,65,39
10/02/2013,13:15,117,65,52
10/02/2013,13:30,96,52,44
10/02/2013,13:45,102,57,45
10/02/2013,14:00,97,42,55
10/02/2013,14:15,115,59,56
10/02/2013,14:30,137,63,74
10/02/2013,14:45,109,51,58
10/02/2013,15:00,103,53,50
10/02/2013,15:15,110,46,64
10/02/2013,15:30,108,46,62
10/02/2013,15:45,93,43,50
10/02/2013,16:00,106,57,49
10/02/2013,16:15,111,51,60
10/02/2013,16:30,88,28,60
10/02/2013,16:45,84,32,52
10/02/2013,17:00,70,28,42
10/02/2013,17:15,70,32,38
10/02/2013,17:30,40,15,25
10/02/2013,17:45,60,19,41
10/02/2013,18:00,40,12,28
10/02/2013,18:15,45,26,19
10/02/2013,18:30,25,13,12
10/02/2013,18:45,34,17,17
10/02/2013,19:00,22,17,5
10/02/2013,19:15,29,19,10
10/02/2013,19:30,28,18,10
10/02/2013,19:45,20,13,7
10/02/2013,20:00,19,10,9
10/02/2013,20:15,20,13,7
10/02/2013,20:30,19,12,7
10/02/2013,20:45,15,10,5
10/02/2013,21:00,11,8,3
10/02/2013,21:15,19,15,4
10/02/2013,21:30,10,9,1
10/02/2013,21:45,16,10,6
10/02/2013,22:00,18,14,4
10/02/2013,22:15,17,17,0
10/02/2013,22:30,14,10,4
10/02/2013,22:45,9,8,1
10/02/2013,23:00,11,11,0
10/02/2013,23:15,12,11,1
10/02/2013,23:30,10,8,2
10/02/2013,23:45,8,6,2
11/02/2013,00:00,4,3,1
11/02/2013,00:15,1,1,0
11/02/2013,00:30,5,5,0
11/02/2013,00:45,7,5,2
11/02/2013,01:00,6,6,0
11/02/2013,01:15,2,1,1
11/02/2013,01:30,5,2,3
11/02/2013,01:45,0,0,0
11/02/2013,02:00,3,2,1
11/02/2013,02:15,2,1,1
11/02/2013,02:30,0,0,0
11/02/2013,02:45,2,2,0
11/02/2013,03:00,1,1,0
11/02/2013,03:15,0,0,0
11/02/2013,03:30,0,0,0
11/02/2013,03:45,2,2,0
11/02/2013,04:00,0,0,0
11/02/2013,04:15,0,0,0
11/02/2013,04:30,4,1,3
11/02/2013,04:45,2,0,2
11/02/2013,05:00,3,2,1
11/02/2013,05:15,3,1,2
11/02/2013,05:30,16,7,9
11/02/2013,05:45,7,3,4
11/02/2013,06:00,14,7,7
11/02/2013,06:15,24,9,15
11/02/2013,06:30,22,8,14
11/02/2013,06:45,23,7,16
11/02/2013,07:00,37,12,25
11/02/2013,07:15,49,9,40
11/02/2013,07:30,66,21,45
11/02/2013,07:45,73,18,55
11/02/2013,08:00,80,12,68
11/02/2013,08:15,92,14,78
11/02/2013,08:30,81,25,56
11/02/2013,08:45,63,14,49
11/02/2013,09:00,92,29,63
11/02/2013,09:15,65,24,41
11/02/2013,09:30,45,19,26
11/02/2013,09:45,44,21,23
11/02/2013,10:00,38,17,21
11/02/2013,10:15,34,15,19
11/02/2013,10:30,30,14,16
11/02/2013,10:45,37,18,19
11/02/2013,11:00,33,19,14
11/02/2013,11:15,35,17,18
11/02/2013,11:30,33,17,16
11/02/2013,11:45,27,14,13
11/02/2013,12:00,29,13,16
11/02/2013,12:15,37,21,16
11/02/2013,12:30,35,18,17
11/02/2013,12:45,36,21,15
11/02/2013,13:00,39,20,19
11/02/2013,13:15,46,20,26
11/02/2013,13:30,45,30,15
11/02/2013,13:45,35,15,20
11/02/2013,14:00,40,23,17
11/02/2013,14:15,47,10,37
11/02/2013,14:30,33,19,14
11/02/2013,14:45,45,32,13
11/02/2013,15:00,34,20,14
11/02/2013,15:15,39,22,17
11/02/2013,15:30,55,31,24
11/02/2013,15:45,50,35,15
11/02/2013,16:00,46,21,25
11/02/2013,16:15,61,40,21
11/02/2013,16:30,71,49,22
11/02/2013,16:45,69,44,25
11/02/2013,17:00,98,75,23
11/02/2013,17:15,101,69,32
11/02/2013,17:30,95,78,17
11/02/2013,17:45,103,79,24
11/02/2013,18:00,102,82,20
11/02/2013,18:15,75,59,16
11/02/2013,18:30,82,71,11
11/02/2013,18:45,58,46,12
11/02/2013,19:00,55,43,12
11/02/2013,19:15,46,35,11
11/02/2013,19:30,60,55,5
11/02/2013,19:45,40,24,16
11/02/2013,20:00,36,30,6
11/02/2013,20:15,37,28,9
11/02/2013,20:30,43,30,13
11/02/2013,20:45,24,18,6
11/02/2013,21:00,23,23,0
11/02/2013,21:15,26,21,5
11/02/2013,21:30,24,17,7
11/02/2013,21:45,20,17,3
11/02/2013,22:00,15,10,5
11/02/2013,22:15,20,16,4
11/02/2013,22:30,22,17,5
11/02/2013,22:45,13,11,2
11/02/2013,23:00,13,9,4
11/02/2013,23:15,18,14,4
11/02/2013,23:30,13,11,2
11/02/2013,23:45,12,10,2
12/02/2013,00:00,4,2,2
12/02/2013,00:15,1,1,0
12/02/2013,00:30,4,3,1
12/02/2013,00:45,6,5,1
12/02/2013,01:00,1,1,0
12/02/2013,01:15,3,3,0
12/02/2013,01:30,1,1,0
12/02/2013,01:45,0,0,0
12/02/2013,02:00,2,1,1
12/02/2013,02:15,3,3,0
12/02/2013,02:30,2,2,0
12/02/2013,02:45,1,1,0
12/02/2013,03:00,1,0,1
12/02/2013,03:15,0,0,0
12/02/2013,03:30,0,0,0
12/02/2013,03:45,0,0,0
12/02/2013,04:00,1,0,1
12/02/2013,04:15,1,1,0
12/02/2013,04:30,3,2,1
12/02/2013,04:45,0,0,0
12/02/2013,05:00,5,1,4
12/02/2013,05:15,3,2,1
12/02/2013,05:30,9,4,5
12/02/2013,05:45,12,5,7
12/02/2013,06:00,29,24,5
12/02/2013,06:15,31,16,15
12/02/2013,06:30,37,18,19
12/02/2013,06:45,44,20,24
12/02/2013,07:00,51,10,41
12/02/2013,07:15,61,16,45
12/02/2013,07:30,95,35,60
12/02/2013,07:45,78,14,64
12/02/2013,08:00,78,24,54
12/02/2013,08:15,87,25,62
12/02/2013,08:30,101,30,71
12/02/2013,08:45,73,29,44
12/02/2013,09:00,59,19,40
12/02/2013,09:15,70,20,50
12/02/2013,09:30,43,14,29
12/02/2013,09:45,53,21,32
12/02/2013,10:00,43,15,28
12/02/2013,10:15,42,24,18
12/02/2013,10:30,37,18,19
12/02/2013,10:45,26,10,16
12/02/2013,11:00,28,13,15
12/02/2013,11:15,50,28,22
12/02/2013,11:30,29,17,12
12/02/2013,11:45,37,25,12
12/02/2013,12:00,31,18,13
12/02/2013,12:15,35,19,16
12/02/2013,12:30,30,15,15
12/02/2013,12:45,29,13,16
12/02/2013,13:00,36,19,17
12/02/2013,13:15,31,14,17
12/02/2013,13:30,40,21,19
12/02/2013,13:45,30,19,11
12/02/2013,14:00,40,26,14
12/02/2013,14:15,42,27,15
12/02/2013,14:30,51,34,17
12/02/2013,14:45,48,32,16
12/02/2013,15:00,38,25,13
12/02/2013,15:15,29,19,10
12/02/2013,15:30,33,17,16
12/02/2013,15:45,55,31,24
12/02/2013,16:00,68,34,34
12/02/2013,16:15,72,49,23
12/02/2013,16:30,56,36,20
12/02/2013,16:45,65,43,22
12/02/2013,17:00,101,68,33
12/02/2013,17:15,126,83,43
12/02/2013,17:30,112,75,37
12/02/2013,17:45,105,77,28
12/02/2013,18:00,104,83,21
12/02/2013,18:15,91,76,15
12/02/2013,18:30,106,86,20
12/02/2013,18:45,80,61,19
12/02/2013,19:00,75,58,17
12/02/2013,19:15,64,46,18
12/02/2013,19:30,42,30,12
12/02/2013,19:45,39,31,8
12/02/2013,20:00,39,31,8
12/02/2013,20:15,39,28,11
12/02/2013,20:30,30,25,5
12/02/2013,20:45,42,29,13
12/02/2013,21:00,33,28,5
12/02/2013,21:15,29,23,6
12/02/2013,21:30,29,25,4
12/02/2013,21:45,36,24,12
12/02/2013,22:00,26,21,5
12/02/2013,22:15,24,19,5
12/02/2013,22:30,20,15,5
12/02/2013,22:45,18,15,3
12/02/2013,23:00,17,13,4
12/02/2013,23:15,15,14,1
12/02/2013,23:30,23,22,1
12/02/2013,23:45,14,14,0
13/02/2013,00:00,9,9,0
13/02/2013,00:15,9,6,3
13/02/2013,00:30,7,7,0
13/02/2013,00:45,3,3,0
13/02/2013,01:00,4,2,2
13/02/2013,01:15,2,1,1
13/02/2013,01:30,1,1,0
13/02/2013,01:45,4,3,1
13/02/2013,02:00,4,4,0
13/02/2013,02:15,2,2,0
13/02/2013,02:30,3,2,1
13/02/2013,02:45,3,3,0
13/02/2013,03:00,3,0,3
13/02/2013,03:15,0,0,0
13/02/2013,03:30,0,0,0
13/02/2013,03:45,0,0,0
13/02/2013,04:00,0,0,0
13/02/2013,04:15,0,0,0
13/02/2013,04:30,0,0,0
13/02/2013,04:45,4,3,1
13/02/2013,05:00,3,2,1
13/02/2013,05:15,3,0,3
13/02/2013,05:30,7,3,4
13/02/2013,05:45,11,4,7
13/02/2013,06:00,22,16,6
13/02/2013,06:15,24,9,15
13/02/2013,06:30,38,24,14
13/02/2013,06:45,27,9,18
13/02/2013,07:00,50,17,33
13/02/2013,07:15,64,16,48
13/02/2013,07:30,76,23,53
13/02/2013,07:45,58,17,41
13/02/2013,08:00,89,25,64
13/02/2013,08:15,84,24,60
13/02/2013,08:30,94,23,71
13/02/2013,08:45,75,21,54
13/02/2013,09:00,77,27,50
13/02/2013,09:15,73,27,46
13/02/2013,09:30,58,19,39
13/02/2013,09:45,40,18,22
13/02/2013,10:00,45,24,21
13/02/2013,10:15,40,23,17
13/02/2013,10:30,59,24,35
13/02/2013,10:45,36,16,20
13/02/2013,11:00,37,14,23
13/02/2013,11:15,28,15,13
13/02/2013,11:30,37,23,14
13/02/2013,11:45,31,16,15
13/02/2013,12:00,27,16,11
13/02/2013,12:15,39,18,21
13/02/2013,12:30,36,23,13
13/02/2013,12:45,38,12,26
13/02/2013,13:00,35,21,14
13/02/2013,13:15,44,23,21
13/02/2013,13:30,33,17,16
13/02/2013,13:45,44,24,20
13/02/2013,14:00,41,24,17
13/02/2013,14:15,41,24,17
13/02/2013,14:30,36,22,14
13/02/2013,14:45,40,24,16
13/02/2013,15:00,32,19,13
13/02/2013,15:15,44,28,16
13/02/2013,15:30,43,26,17
13/02/2013,15:45,40,25,15
13/02/2013,16:00,51,33,18
13/02/2013,16:15,60,37,23
13/02/2013,16:30,56,32,24
13/02/2013,16:45,54,42,12
13/02/2013,17:00,85,63,22
13/02/2013,17:15,87,63,24
13/02/2013,17:30,111,83,28
13/02/2013,17:45,98,76,22
13/02/2013,18:00,100,77,23
13/02/2013,18:15,107,80,27
13/02/2013,18:30,81,62,19
13/02/2013,18:45,75,56,19
13/02/2013,19:00,65,51,14
13/02/2013,19:15,58,52,6
13/02/2013,19:30,47,33,14
13/02/2013,19:45,37,29,8
13/02/2013,20:00,30,23,7
13/02/2013,20:15,36,27,9
13/02/2013,20:30,35,29,6
13/02/2013,20:45,46,27,19
13/02/2013,21:00,37,28,9
13/02/2013,21:15,39,29,10
13/02/2013,21:30,23,17,6
13/02/2013,21:45,23,19,4
13/02/2013,22:00,27,21,6
13/02/2013,22:15,31,25,6
13/02/2013,22:30,12,10,2
13/02/2013,22:45,23,17,6
13/02/2013,23:00,13,9,4
13/02/2013,23:15,19,17,2
13/02/2013,23:30,18,16,2
13/02/2013,23:45,16,13,3
14/02/2013,00:00,12,9,3
14/02/2013,00:15,6,5,1
14/02/2013,00:30,5,5,0
14/02/2013,00:45,4,3,1
14/02/2013,01:00,3,3,0
14/02/2013,01:15,3,2,1
14/02/2013,01:30,1,1,0
14/02/2013,01:45,1,1,0
14/02/2013,02:00,3,3,0
14/02/2013,02:15,3,3,0
14/02/2013,02:30,2,2,0
14/02/2013,02:45,3,2,1
14/02/2013,03:00,1,1,0
14/02/2013,03:15,0,0,0
14/02/2013,03:30,1,1,0
14/02/2013,03:45,1,1,0
14/02/2013,04:00,1,1,0
14/02/2013,04:15,1,0,1
14/02/2013,04:30,1,1,0
14/02/2013,04:45,0,0,0
14/02/2013,05:00,4,1,3
14/02/2013,05:15,3,1,2
14/02/2013,05:30,10,5,5
14/02/2013,05:45,10,6,4
14/02/2013,06:00,22,15,7
14/02/2013,06:15,20,8,12
14/02/2013,06:30,26,7,19
14/02/2013,06:45,37,16,21
14/02/2013,07:00,42,17,25
14/02/2013,07:15,65,21,44
14/02/2013,07:30,64,15,49
14/02/2013,07:45,54,23,31
14/02/2013,08:00,90,21,69
14/02/2013,08:15,102,26,76
14/02/2013,08:30,107,28,79
14/02/2013,08:45,73,22,51
14/02/2013,09:00,69,22,47
14/02/2013,09:15,67,16,51
14/02/2013,09:30,54,25,29
14/02/2013,09:45,39,23,16
14/02/2013,10:00,33,18,15
14/02/2013,10:15,34,17,17
14/02/2013,10:30,29,12,17
14/02/2013,10:45,33,13,20
14/02/2013,11:00,27,18,9
14/02/2013,11:15,38,16,22
14/02/2013,11:30,39,23,16
14/02/2013,11:45,34,26,8
14/02/2013,12:00,45,29,16
14/02/2013,12:15,42,19,23
14/02/2013,12:30,37,18,19
14/02/2013,12:45,33,16,17
14/02/2013,13:00,37,20,17
14/02/2013,13:15,36,18,18
14/02/2013,13:30,45,35,10
14/02/2013,13:45,46,21,25
14/02/2013,14:00,46,25,21
14/02/2013,14:15,47,24,23
14/02/2013,14:30,40,23,17
14/02/2013,14:45,48,20,28
14/02/2013,15:00,58,32,26
14/02/2013,15:15,51,34,17
14/02/2013,15:30,52,33,19
14/02/2013,15:45,44,23,21
14/02/2013,16:00,69,38,31
14/02/2013,16:15,65,43,22
14/02/2013,16:30,64,38,26
14/02/2013,16:45,96,69,27
14/02/2013,17:00,104,78,26
14/02/2013,17:15,114,87,27
14/02/2013,17:30,117,86,31
14/02/2013,17:45,102,84,18
14/02/2013,18:00,100,76,24
14/02/2013,18:15,109,82,27
14/02/2013,18:30,96,74,22
14/02/2013,18:45,60,45,15
14/02/2013,19:00,76,57,19
14/02/2013,19:15,54,41,13
14/02/2013,19:30,43,37,6
14/02/2013,19:45,39,30,9
14/02/2013,20:00,32,21,11
14/02/2013,20:15,32,16,16
14/02/2013,20:30,36,26,10
14/02/2013,20:45,32,21,11
14/02/2013,21:00,22,15,7
14/02/2013,21:15,16,9,7
14/02/2013,21:30,33,17,16
14/02/2013,21:45,34,22,12
14/02/2013,22:00,27,14,13
14/02/2013,22:15,28,18,10
14/02/2013,22:30,19,14,5
14/02/2013,22:45,18,14,4
14/02/2013,23:00,15,10,5
14/02/2013,23:15,18,17,1
14/02/2013,23:30,12,6,6
14/02/2013,23:45,13,12,1
15/02/2013,00:00,8,7,1
15/02/2013,00:15,9,8,1
15/02/2013,00:30,14,14,0
15/02/2013,00:45,13,11,2
15/02/2013,01:00,5,3,2
15/02/2013,01:15,6,6,0
15/02/2013,01:30,1,1,0
15/02/2013,01:45,0,0,0
15/02/2013,02:00,2,2,0
15/02/2013,02:15,4,3,1
15/02/2013,02:30,4,4,0
15/02/2013,02:45,0,0,0
15/02/2013,03:00,0,0,0
15/02/2013,03:15,4,2,2
15/02/2013,03:30,1,1,0
15/02/2013,03:45,1,1,0
15/02/2013,04:00,0,0,0
15/02/2013,04:15,3,0,3
15/02/2013,04:30,1,1,0
15/02/2013,04:45,2,1,1
15/02/2013,05:00,2,0,2
15/02/2013,05:15,3,1,2
15/02/2013,05:30,2,0,2
15/02/2013,05:45,7,2,5
15/02/2013,06:00,21,11,10
15/02/2013,06:15,16,10,6
15/02/2013,06:30,27,11,16
15/02/2013,06:45,35,14,21
15/02/2013,07:00,53,22,31
15/02/2013,07:15,58,21,37
15/02/2013,07:30,86,33,53
15/02/2013,07:45,65,23,42
15/02/2013,08:00,74,22,52
15/02/2013,08:15,82,19,63
15/02/2013,08:30,92,19,73
15/02/2013,08:45,82,27,55
15/02/2013,09:00,68,23,45
15/02/2013,09:15,62,18,44
15/02/2013,09:30,54,25,29
15/02/2013,09:45,44,27,17
15/02/2013,10:00,46,29,17
15/02/2013,10:15,41,17,24
15/02/2013,10:30,43,27,16
15/02/2013,10:45,42,24,18
15/02/2013,11:00,54,32,22
15/02/2013,11:15,46,21,25
15/02/2013,11:30,52,36,16
15/02/2013,11:45,39,23,16
15/02/2013,12:00,46,28,18
15/02/2013,12:15,51,24,27
15/02/2013,12:30,55,32,23
15/02/2013,12:45,53,32,21
15/02/2013,13:00,44,26,18
15/02/2013,13:15,52,22,30
15/02/2013,13:30,59,43,16
15/02/2013,13:45,58,36,22
15/02/2013,14:00,63,37,26
15/02/2013,14:15,71,55,16
15/02/2013,14:30,48,38,10
15/02/2013,14:45,62,42,20
15/02/2013,15:00,79,47,32
15/02/2013,15:15,77,39,38
15/02/2013,15:30,64,45,19
15/02/2013,15:45,72,40,32
15/02/2013,16:00,64,40,24
15/02/2013,16:15,84,41,43
15/02/2013,16:30,87,62,25
15/02/2013,16:45,91,49,42
15/02/2013,17:00,115,77,38
15/02/2013,17:15,133,86,47
15/02/2013,17:30,102,59,43
15/02/2013,17:45,81,62,19
15/02/2013,18:00,85,60,25
15/02/2013,18:15,91,69,22
15/02/2013,18:30,80,53,27
15/02/2013,18:45,56,42,14
15/02/2013,19:00,62,41,21
15/02/2013,19:15,65,43,22
15/02/2013,19:30,51,34,17
15/02/2013,19:45,49,39,10
15/02/2013,20:00,34,25,9
15/02/2013,20:15,28,13,15
15/02/2013,20:30,22,15,7
15/02/2013,20:45,26,15,11
15/02/2013,21:00,18,13,5
15/02/2013,21:15,32,20,12
15/02/2013,21:30,25,14,11
15/02/2013,21:45,17,13,4
15/02/2013,22:00,19,13,6
15/02/2013,22:15,27,23,4
15/02/2013,22:30,13,10,3
15/02/2013,22:45,21,17,4
15/02/2013,23:00,14,12,2
15/02/2013,23:15,22,14,8
15/02/2013,23:30,38,28,10
15/02/2013,23:45,12,11,1
16/02/2013,00:00,19,13,6
16/02/2013,00:15,13,11,2
16/02/2013,00:30,15,13,2
16/02/2013,00:45,11,9,2
16/02/2013,01:00,11,7,4
16/02/2013,01:15,11,8,3
16/02/2013,01:30,11,10,1
16/02/2013,01:45,3,1,2
16/02/2013,02:00,9,8,1
16/02/2013,02:15,11,10,1
16/02/2013,02:30,7,6,1
16/02/2013,02:45,2,2,0
16/02/2013,03:00,3,3,0
16/02/2013,03:15,4,3,1
16/02/2013,03:30,1,0,1
16/02/2013,03:45,0,0,0
16/02/2013,04:00,0,0,0
16/02/2013,04:15,0,0,0
16/02/2013,04:30,2,1,1
16/02/2013,04:45,4,1,3
16/02/2013,05:00,0,0,0
16/02/2013,05:15,2,1,1
16/02/2013,05:30,2,0,2
16/02/2013,05:45,0,0,0
16/02/2013,06:00,2,2,0
16/02/2013,06:15,11,4,7
16/02/2013,06:30,7,4,3
16/02/2013,06:45,11,9,2
16/02/2013,07:00,13,5,8
16/02/2013,07:15,13,3,10
16/02/2013,07:30,11,4,7
16/02/2013,07:45,24,12,12
16/02/2013,08:00,41,28,13
16/02/2013,08:15,53,30,23
16/02/2013,08:30,34,20,14
16/02/2013,08:45,49,33,16
16/02/2013,09:00,40,27,13
16/02/2013,09:15,46,27,19
16/02/2013,09:30,82,49,33
16/02/2013,09:45,60,46,14
16/02/2013,10:00,61,38,23
16/02/2013,10:15,74,48,26
16/02/2013,10:30,76,44,32
16/02/2013,10:45,80,57,23
16/02/2013,11:00,68,40,28
16/02/2013,11:15,83,52,31
16/02/2013,11:30,100,59,41
16/02/2013,11:45,87,48,39
16/02/2013,12:00,76,52,24
16/02/2013,12:15,98,56,42
16/02/2013,12:30,104,61,43
16/02/2013,12:45,100,48,52
16/02/2013,13:00,117,70,47
16/02/2013,13:15,106,62,44
16/02/2013,13:30,102,56,46
16/02/2013,13:45,105,64,41
16/02/2013,14:00,123,76,47
16/02/2013,14:15,149,91,58
16/02/2013,14:30,103,47,56
16/02/2013,14:45,88,42,46
16/02/2013,15:00,114,57,57
16/02/2013,15:15,106,41,65
16/02/2013,15:30,131,77,54
16/02/2013,15:45,98,46,52
16/02/2013,16:00,101,46,55
16/02/2013,16:15,103,42,61
16/02/2013,16:30,101,41,60
16/02/2013,16:45,105,38,67
16/02/2013,17:00,107,36,71
16/02/2013,17:15,77,29,48
16/02/2013,17:30,66,35,31
16/02/2013,17:45,61,27,34
16/02/2013,18:00,56,22,34
16/02/2013,18:15,23,13,10
16/02/2013,18:30,29,21,8
16/02/2013,18:45,35,21,14
16/02/2013,19:00,22,10,12
16/02/2013,19:15,33,21,12
16/02/2013,19:30,23,19,4
16/02/2013,19:45,25,15,10
16/02/2013,20:00,16,11,5
16/02/2013,20:15,25,16,9
16/02/2013,20:30,25,17,8
16/02/2013,20:45,9,5,4
16/02/2013,21:00,18,11,7
16/02/2013,21:15,13,8,5
16/02/2013,21:30,19,13,6
16/02/2013,21:45,10,9,1
16/02/2013,22:00,26,22,4
16/02/2013,22:15,19,10,9
16/02/2013,22:30,10,5,5
16/02/2013,22:45,16,13,3
16/02/2013,23:00,12,5,7
16/02/2013,23:15,19,15,4
16/02/2013,23:30,12,11,1
16/02/2013,23:45,12,11,1
17/02/2013,00:00,8,7,1
17/02/2013,00:15,9,9,0
17/02/2013,00:30,10,7,3
17/02/2013,00:45,12,9,3
17/02/2013,01:00,7,6,1
17/02/2013,01:15,7,7,0
17/02/2013,01:30,5,5,0
17/02/2013,01:45,2,2,0
17/02/2013,02:00,6,6,0
17/02/2013,02:15,3,3,0
17/02/2013,02:30,4,4,0
17/02/2013,02:45,2,1,1
17/02/2013,03:00,2,2,0
17/02/2013,03:15,3,2,1
17/02/2013,03:30,1,0,1
17/02/2013,03:45,3,3,0
17/02/2013,04:00,0,0,0
17/02/2013,04:15,4,3,1
17/02/2013,04:30,3,1,2
17/02/2013,04:45,1,1,0
17/02/2013,05:00,0,0,0
17/02/2013,05:15,0,0,0
17/02/2013,05:30,2,0,2
17/02/2013,05:45,0,0,0
17/02/2013,06:00,2,1,1
17/02/2013,06:15,6,1,5
17/02/2013,06:30,7,3,4
17/02/2013,06:45,7,3,4
17/02/2013,07:00,9,8,1
17/02/2013,07:15,14,4,10
17/02/2013,07:30,15,8,7
17/02/2013,07:45,23,17,6
17/02/2013,08:00,37,24,13
17/02/2013,08:15,27,17,10
17/02/2013,08:30,46,36,10
17/02/2013,08:45,31,19,12
17/02/2013,09:00,58,42,16
17/02/2013,09:15,60,44,16
17/02/2013,09:30,79,49,30
17/02/2013,09:45,63,48,15
17/02/2013,10:00,80,51,29
17/02/2013,10:15,86,60,26
17/02/2013,10:30,76,49,27
17/02/2013,10:45,70,43,27
17/02/2013,11:00,100,56,44
17/02/2013,11:15,95,57,38
17/02/2013,11:30,86,53,33
17/02/2013,11:45,118,73,45
17/02/2013,12:00,110,68,42
17/02/2013,12:15,129,73,56
17/02/2013,12:30,132,78,54
17/02/2013,12:45,99,69,30
17/02/2013,13:00,123,88,35
17/02/2013,13:15,118,75,43
17/02/2013,13:30,101,66,35
17/02/2013,13:45,101,63,38
17/02/2013,14:00,132,59,73
17/02/2013,14:15,128,61,67
17/02/2013,14:30,124,68,56
17/02/2013,14:45,107,53,54
17/02/2013,15:00,110,55,55
17/02/2013,15:15,109,52,57
17/02/2013,15:30,112,57,55
17/02/2013,15:45,103,53,50
17/02/2013,16:00,113,36,77
17/02/2013,16:15,114,35,79
17/02/2013,16:30,97,42,55
17/02/2013,16:45,103,43,60
17/02/2013,17:00,87,36,51
17/02/2013,17:15,61,36,25
17/02/2013,17:30,68,37,31
17/02/2013,17:45,61,22,39
17/02/2013,18:00,32,12,20
17/02/2013,18:15,47,18,29
17/02/2013,18:30,29,17,12
17/02/2013,18:45,36,16,20
17/02/2013,19:00,28,17,11
17/02/2013,19:15,23,11,12
17/02/2013,19:30,21,17,4
17/02/2013,19:45,19,14,5
17/02/2013,20:00,18,13,5
17/02/2013,20:15,24,13,11
17/02/2013,20:30,18,15,3
17/02/2013,20:45,15,9,6
17/02/2013,21:00,5,4,1
17/02/2013,21:15,8,6,2
17/02/2013,21:30,8,5,3
17/02/2013,21:45,14,10,4
17/02/2013,22:00,11,8,3
17/02/2013,22:15,13,10,3
17/02/2013,22:30,17,13,4
17/02/2013,22:45,14,12,2
17/02/2013,23:00,10,8,2
17/02/2013,23:15,11,4,7
17/02/2013,23:30,10,5,5
17/02/2013,23:45,5,5,0
18/02/2013,00:00,7,5,2
18/02/2013,00:15,6,4,2
18/02/2013,00:30,6,3,3
18/02/2013,00:45,8,8,0
18/02/2013,01:00,6,6,0
18/02/2013,01:15,6,5,1
18/02/2013,01:30,2,2,0
18/02/2013,01:45,2,1,1
18/02/2013,02:00,2,2,0
18/02/2013,02:15,4,2,2
18/02/2013,02:30,2,1,1
18/02/2013,02:45,1,1,0
18/02/2013,03:00,2,1,1
18/02/2013,03:15,1,1,0
18/02/2013,03:30,1,1,0
18/02/2013,03:45,3,1,2
18/02/2013,04:00,1,1,0
18/02/2013,04:15,1,0,1
18/02/2013,04:30,0,0,0
18/02/2013,04:45,2,0,2
18/02/2013,05:00,2,0,2
18/02/2013,05:15,1,0,1
18/02/2013,05:30,3,0,3
18/02/2013,05:45,2,0,2
18/02/2013,06:00,5,3,2
18/02/2013,06:15,12,3,9
18/02/2013,06:30,25,11,14
18/02/2013,06:45,13,5,8
18/02/2013,07:00,23,10,13
18/02/2013,07:15,17,9,8
18/02/2013,07:30,25,11,14
18/02/2013,07:45,29,11,18
18/02/2013,08:00,27,6,21
18/02/2013,08:15,34,14,20
18/02/2013,08:30,52,19,33
18/02/2013,08:45,40,15,25
18/02/2013,09:00,36,15,21
18/02/2013,09:15,53,29,24
18/02/2013,09:30,65,36,29
18/02/2013,09:45,43,24,19
18/02/2013,10:00,37,23,14
18/02/2013,10:15,40,26,14
18/02/2013,10:30,43,23,20
18/02/2013,10:45,36,21,15
18/02/2013,11:00,61,41,20
18/02/2013,11:15,51,25,26
18/02/2013,11:30,54,29,25
18/02/2013,11:45,31,14,17
18/02/2013,12:00,43,31,12
18/02/2013,12:15,45,17,28
18/02/2013,12:30,43,26,17
18/02/2013,12:45,47,24,23
18/02/2013,13:00,56,24,32
18/02/2013,13:15,44,28,16
18/02/2013,13:30,57,28,29
18/02/2013,13:45,44,19,25
18/02/2013,14:00,56,32,24
18/02/2013,14:15,56,24,32
18/02/2013,14:30,55,35,20
18/02/2013,14:45,48,25,23
18/02/2013,15:00,84,50,34
18/02/2013,15:15,52,25,27
18/02/2013,15:30,52,26,26
18/02/2013,15:45,48,26,22
18/02/2013,16:00,73,31,42
18/02/2013,16:15,55,32,23
18/02/2013,16:30,58,30,28
18/02/2013,16:45,60,34,26
18/02/2013,17:00,40,23,17
18/02/2013,17:15,70,38,32
18/02/2013,17:30,42,29,13
18/02/2013,17:45,42,30,12
18/02/2013,18:00,53,37,16
18/02/2013,18:15,42,31,11
18/02/2013,18:30,49,32,17
18/02/2013,18:45,33,23,10
18/02/2013,19:00,26,19,7
18/02/2013,19:15,25,18,7
18/02/2013,19:30,22,19,3
18/02/2013,19:45,25,14,11
18/02/2013,20:00,18,15,3
18/02/2013,20:15,18,14,4
18/02/2013,20:30,17,11,6
18/02/2013,20:45,6,6,0
18/02/2013,21:00,18,15,3
18/02/2013,21:15,19,18,1
18/02/2013,21:30,14,10,4
18/02/2013,21:45,18,15,3
18/02/2013,22:00,9,7,2
18/02/2013,22:15,9,5,4
18/02/2013,22:30,13,8,5
18/02/2013,22:45,13,10,3
18/02/2013,23:00,11,10,1
18/02/2013,23:15,6,4,2
18/02/2013,23:30,9,9,0
18/02/2013,23:45,1,1,0
19/02/2013,00:00,3,2,1
19/02/2013,00:15,3,3,0
19/02/2013,00:30,5,5,0
19/02/2013,00:45,4,2,2
19/02/2013,01:00,0,0,0
19/02/2013,01:15,4,3,1
19/02/2013,01:30,2,2,0
19/02/2013,01:45,2,1,1
19/02/2013,02:00,2,2,0
19/02/2013,02:15,0,0,0
19/02/2013,02:30,0,0,0
19/02/2013,02:45,2,2,0
19/02/2013,03:00,0,0,0
19/02/2013,03:15,0,0,0
19/02/2013,03:30,1,1,0
19/02/2013,03:45,0,0,0
19/02/2013,04:00,0,0,0
19/02/2013,04:15,1,0,1
19/02/2013,04:30,1,0,1
19/02/2013,04:45,1,1,0
19/02/2013,05:00,2,0,2
19/02/2013,05:15,1,0,1
19/02/2013,05:30,6,2,4
19/02/2013,05:45,5,1,4
19/02/2013,06:00,3,2,1
19/02/2013,06:15,12,4,8
19/02/2013,06:30,14,3,11
19/02/2013,06:45,19,5,14
19/02/2013,07:00,25,11,14
19/02/2013,07:15,33,12,21
19/02/2013,07:30,40,10,30
19/02/2013,07:45,37,13,24
19/02/2013,08:00,60,14,46
19/02/2013,08:15,39,8,31
19/02/2013,08:30,49,17,32
19/02/2013,08:45,19,5,14
19/02/2013,09:00,19,6,13
19/02/2013,09:15,15,5,10
19/02/2013,09:30,17,11,6
19/02/2013,09:45,8,3,5
19/02/2013,10:00,8,3,5
19/02/2013,10:15,6,2,4
19/02/2013,10:30,6,4,2
19/02/2013,10:45,7,1,6
19/02/2013,11:00,3,0,3
19/02/2013,11:15,4,2,2
19/02/2013,11:30,6,3,3
19/02/2013,11:45,4,3,1
19/02/2013,12:00,11,6,5
19/02/2013,12:15,8,2,6
19/02/2013,12:30,5,2,3
19/02/2013,12:45,6,4,2
19/02/2013,13:00,7,2,5
19/02/2013,13:15,10,7,3
19/02/2013,13:30,13,9,4
19/02/2013,13:45,3,2,1
19/02/2013,14:00,3,3,0
19/02/2013,14:15,18,9,9
19/02/2013,14:30,13,10,3
19/02/2013,14:45,17,8,9
19/02/2013,15:00,24,16,8
19/02/2013,15:15,9,7,2
19/02/2013,15:30,21,14,7
19/02/2013,15:45,20,15,5
19/02/2013,16:00,26,14,12
19/02/2013,16:15,24,18,6
19/02/2013,16:30,31,26,5
19/02/2013,16:45,35,22,13
19/02/2013,17:00,51,40,11
19/02/2013,17:15,56,40,16
19/02/2013,17:30,63,43,20
19/02/2013,17:45,54,43,11
19/02/2013,18:00,45,32,13
19/02/2013,18:15,50,39,11
19/02/2013,18:30,42,30,12
19/02/2013,18:45,32,23,9
19/02/2013,19:00,40,30,10
19/02/2013,19:15,29,21,8
19/02/2013,19:30,24,21,3
19/02/2013,19:45,14,12,2
19/02/2013,20:00,25,21,4
19/02/2013,20:15,22,18,4
19/02/2013,20:30,26,19,7
19/02/2013,20:45,15,14,1
19/02/2013,21:00,19,14,5
19/02/2013,21:15,16,13,3
19/02/2013,21:30,16,9,7
19/02/2013,21:45,10,6,4
19/02/2013,22:00,11,6,5
19/02/2013,22:15,18,16,2
19/02/2013,22:30,9,7,2
19/02/2013,22:45,12,10,2
19/02/2013,23:00,10,10,0
19/02/2013,23:15,4,1,3
19/02/2013,23:30,9,7,2
19/02/2013,23:45,0,0,0
20/02/2013,00:00,6,5,1
20/02/2013,00:15,6,6,0
20/02/2013,00:30,3,3,0
20/02/2013,00:45,7,7,0
20/02/2013,01:00,1,1,0
20/02/2013,01:15,0,0,0
20/02/2013,01:30,4,3,1
20/02/2013,01:45,0,0,0
20/02/2013,02:00,0,0,0
20/02/2013,02:15,2,1,1
20/02/2013,02:30,1,1,0
20/02/2013,02:45,0,0,0
20/02/2013,03:00,1,1,0
20/02/2013,03:15,0,0,0
20/02/2013,03:30,1,1,0
20/02/2013,03:45,0,0,0
20/02/2013,04:00,0,0,0
20/02/2013,04:15,1,0,1
20/02/2013,04:30,0,0,0
20/02/2013,04:45,0,0,0
20/02/2013,05:00,1,0,1
20/02/2013,05:15,4,0,4
20/02/2013,05:30,6,2,4
20/02/2013,05:45,7,2,5
20/02/2013,06:00,20,10,10
20/02/2013,06:15,36,17,19
20/02/2013,06:30,22,14,8
20/02/2013,06:45,24,7,17
20/02/2013,07:00,51,21,30
20/02/2013,07:15,56,19,37
20/02/2013,07:30,53,18,35
20/02/2013,07:45,96,22,74
20/02/2013,08:00,77,22,55
20/02/2013,08:15,87,20,67
20/02/2013,08:30,111,27,84
20/02/2013,08:45,68,13,55
20/02/2013,09:00,83,20,63
20/02/2013,09:15,49,18,31
20/02/2013,09:30,65,27,38
20/02/2013,09:45,39,18,21
20/02/2013,10:00,31,17,14
20/02/2013,10:15,33,12,21
20/02/2013,10:30,39,24,15
20/02/2013,10:45,36,16,20
20/02/2013,11:00,31,18,13
20/02/2013,11:15,38,17,21
20/02/2013,11:30,38,26,12
20/02/2013,11:45,32,23,9
20/02/2013,12:00,32,17,15
20/02/2013,12:15,32,18,14
20/02/2013,12:30,39,24,15
20/02/2013,12:45,41,21,20
20/02/2013,13:00,36,18,18
20/02/2013,13:15,30,20,10
20/02/2013,13:30,31,19,12
20/02/2013,13:45,26,11,15
20/02/2013,14:00,36,18,18
20/02/2013,14:15,40,26,14
20/02/2013,14:30,38,24,14
20/02/2013,14:45,44,22,22
20/02/2013,15:00,32,22,10
20/02/2013,15:15,56,32,24
20/02/2013,15:30,51,36,15
20/02/2013,15:45,45,28,17
20/02/2013,16:00,50,35,15
20/02/2013,16:15,62,37,25
20/02/2013,16:30,72,42,30
20/02/2013,16:45,73,49,24
20/02/2013,17:00,97,60,37
20/02/2013,17:15,88,65,23
20/02/2013,17:30,90,65,25
20/02/2013,17:45,96,74,22
20/02/2013,18:00,108,77,31
20/02/2013,18:15,98,70,28
20/02/2013,18:30,85,64,21
20/02/2013,18:45,73,60,13
20/02/2013,19:00,62,53,9
20/02/2013,19:15,49,43,6
20/02/2013,19:30,52,39,13
20/02/2013,19:45,47,40,7
20/02/2013,20:00,35,24,11
20/02/2013,20:15,37,25,12
20/02/2013,20:30,30,24,6
20/02/2013,20:45,37,26,11
20/02/2013,21:00,31,24,7
20/02/2013,21:15,19,16,3
20/02/2013,21:30,27,23,4
20/02/2013,21:45,23,15,8
20/02/2013,22:00,36,22,14
20/02/2013,22:15,28,22,6
20/02/2013,22:30,27,23,4
20/02/2013,22:45,19,15,4
20/02/2013,23:00,27,24,3
20/02/2013,23:15,12,11,1
20/02/2013,23:30,12,10,2
20/02/2013,23:45,7,6,1
21/02/2013,00:00,6,6,0
21/02/2013,00:15,5,4,1
21/02/2013,00:30,7,7,0
21/02/2013,00:45,0,0,0
21/02/2013,01:00,6,5,1
21/02/2013,01:15,4,4,0
21/02/2013,01:30,3,2,1
21/02/2013,01:45,0,0,0
21/02/2013,02:00,2,2,0
21/02/2013,02:15,3,3,0
21/02/2013,02:30,0,0,0
21/02/2013,02:45,1,1,0
21/02/2013,03:00,1,0,1
21/02/2013,03:15,1,1,0
21/02/2013,03:30,1,1,0
21/02/2013,03:45,1,0,1
21/02/2013,04:00,0,0,0
21/02/2013,04:15,1,0,1
21/02/2013,04:30,2,1,1
21/02/2013,04:45,2,0,2
21/02/2013,05:00,5,2,3
21/02/2013,05:15,5,2,3
21/02/2013,05:30,6,2,4
21/02/2013,05:45,15,9,6
21/02/2013,06:00,24,14,10
21/02/2013,06:15,30,9,21
21/02/2013,06:30,27,8,19
21/02/2013,06:45,30,10,20
21/02/2013,07:00,51,23,28
21/02/2013,07:15,56,17,39
21/02/2013,07:30,78,25,53
21/02/2013,07:45,81,22,59
21/02/2013,08:00,80,22,58
21/02/2013,08:15,93,17,76
21/02/2013,08:30,86,29,57
21/02/2013,08:45,71,22,49
21/02/2013,09:00,87,23,64
21/02/2013,09:15,66,18,48
21/02/2013,09:30,70,30,40
21/02/2013,09:45,38,18,20
21/02/2013,10:00,31,16,15
21/02/2013,10:15,29,12,17
21/02/2013,10:30,35,15,20
21/02/2013,10:45,24,14,10
21/02/2013,11:00,31,20,11
21/02/2013,11:15,27,15,12
21/02/2013,11:30,24,12,12
21/02/2013,11:45,41,23,18
21/02/2013,12:00,33,18,15
21/02/2013,12:15,23,13,10
21/02/2013,12:30,34,17,17
21/02/2013,12:45,35,24,11
21/02/2013,13:00,40,21,19
21/02/2013,13:15,34,19,15
21/02/2013,13:30,37,20,17
21/02/2013,13:45,40,24,16
21/02/2013,14:00,42,24,18
21/02/2013,14:15,45,26,19
21/02/2013,14:30,50,28,22
21/02/2013,14:45,41,23,18
21/02/2013,15:00,49,29,20
21/02/2013,15:15,40,24,16
21/02/2013,15:30,57,31,26
21/02/2013,15:45,60,41,19
21/02/2013,16:00,53,24,29
21/02/2013,16:15,71,50,21
21/02/2013,16:30,67,43,24
21/02/2013,16:45,77,49,28
21/02/2013,17:00,81,61,20
21/02/2013,17:15,89,66,23
21/02/2013,17:30,108,76,32
21/02/2013,17:45,104,80,24
21/02/2013,18:00,89,66,23
21/02/2013,18:15,101,79,22
21/02/2013,18:30,99,76,23
21/02/2013,18:45,87,71,16
21/02/2013,19:00,50,40,10
21/02/2013,19:15,71,59,12
21/02/2013,19:30,54,48,6
21/02/2013,19:45,61,51,10
21/02/2013,20:00,49,39,10
21/02/2013,20:15,32,21,11
21/02/2013,20:30,33,19,14
21/02/2013,20:45,35,25,10
21/02/2013,21:00,18,17,1
21/02/2013,21:15,34,19,15
21/02/2013,21:30,27,14,13
21/02/2013,21:45,24,16,8
21/02/2013,22:00,43,32,11
21/02/2013,22:15,22,16,6
21/02/2013,22:30,16,12,4
21/02/2013,22:45,23,18,5
21/02/2013,23:00,17,15,2
21/02/2013,23:15,14,14,0
21/02/2013,23:30,21,19,2
21/02/2013,23:45,9,7,2
22/02/2013,00:00,17,15,2
22/02/2013,00:15,9,9,0
22/02/2013,00:30,8,8,0
22/02/2013,00:45,5,5,0
22/02/2013,01:00,2,2,0
22/02/2013,01:15,4,2,2
22/02/2013,01:30,3,3,0
22/02/2013,01:45,2,2,0
22/02/2013,02:00,0,0,0
22/02/2013,02:15,4,4,0
22/02/2013,02:30,1,1,0
22/02/2013,02:45,0,0,0
22/02/2013,03:00,1,0,1
22/02/2013,03:15,1,0,1
22/02/2013,03:30,0,0,0
22/02/2013,03:45,0,0,0
22/02/2013,04:00,1,1,0
22/02/2013,04:15,0,0,0
22/02/2013,04:30,2,1,1
22/02/2013,04:45,4,1,3
22/02/2013,05:00,6,2,4
22/02/2013,05:15,2,1,1
22/02/2013,05:30,8,2,6
22/02/2013,05:45,10,3,7
22/02/2013,06:00,21,12,9
22/02/2013,06:15,20,10,10
22/02/2013,06:30,29,9,20
22/02/2013,06:45,24,11,13
22/02/2013,07:00,44,24,20
22/02/2013,07:15,60,22,38
22/02/2013,07:30,68,16,52
22/02/2013,07:45,49,9,40
22/02/2013,08:00,85,27,58
22/02/2013,08:15,79,24,55
22/02/2013,08:30,83,27,56
22/02/2013,08:45,51,17,34
22/02/2013,09:00,58,15,43
22/02/2013,09:15,63,30,33
22/02/2013,09:30,60,25,35
22/02/2013,09:45,34,8,26
22/02/2013,10:00,36,12,24
22/02/2013,10:15,26,12,14
22/02/2013,10:30,49,23,26
22/02/2013,10:45,29,17,12
22/02/2013,11:00,41,19,22
22/02/2013,11:15,32,17,15
22/02/2013,11:30,35,15,20
22/02/2013,11:45,28,15,13
22/02/2013,12:00,27,17,10
22/02/2013,12:15,44,26,18
22/02/2013,12:30,38,23,15
22/02/2013,12:45,36,18,18
22/02/2013,13:00,30,16,14
22/02/2013,13:15,39,26,13
22/02/2013,13:30,35,21,14
22/02/2013,13:45,34,24,10
22/02/2013,14:00,47,26,21
22/02/2013,14:15,35,21,14
22/02/2013,14:30,34,17,17
22/02/2013,14:45,58,31,27
22/02/2013,15:00,42,32,10
22/02/2013,15:15,55,32,23
22/02/2013,15:30,48,28,20
22/02/2013,15:45,49,27,22
22/02/2013,16:00,53,35,18
22/02/2013,16:15,60,40,20
22/02/2013,16:30,70,42,28
22/02/2013,16:45,56,40,16
22/02/2013,17:00,94,64,30
22/02/2013,17:15,81,56,25
22/02/2013,17:30,84,62,22
22/02/2013,17:45,80,67,13
22/02/2013,18:00,74,56,18
22/02/2013,18:15,83,63,20
22/02/2013,18:30,71,52,19
22/02/2013,18:45,67,51,16
22/02/2013,19:00,50,43,7
22/02/2013,19:15,58,49,9
22/02/2013,19:30,45,34,11
22/02/2013,19:45,37,30,7
22/02/2013,20:00,29,18,11
22/02/2013,20:15,34,21,13
22/02/2013,20:30,35,25,10
22/02/2013,20:45,23,13,10
22/02/2013,21:00,24,14,10
22/02/2013,21:15,26,22,4
22/02/2013,21:30,16,13,3
22/02/2013,21:45,30,17,13
22/02/2013,22:00,32,25,7
22/02/2013,22:15,11,8,3
22/02/2013,22:30,14,10,4
22/02/2013,22:45,13,8,5
22/02/2013,23:00,17,13,4
22/02/2013,23:15,17,11,6
22/02/2013,23:30,17,10,7
22/02/2013,23:45,13,12,1
23/02/2013,00:00,17,11,6
23/02/2013,00:15,14,12,2
23/02/2013,00:30,15,12,3
23/02/2013,00:45,13,6,7
23/02/2013,01:00,7,7,0
23/02/2013,01:15,7,7,0
23/02/2013,01:30,12,8,4
23/02/2013,01:45,1,1,0
23/02/2013,02:00,9,9,0
23/02/2013,02:15,4,3,1
23/02/2013,02:30,2,2,0
23/02/2013,02:45,1,1,0
23/02/2013,03:00,1,1,0
23/02/2013,03:15,0,0,0
23/02/2013,03:30,3,3,0
23/02/2013,03:45,0,0,0
23/02/2013,04:00,0,0,0
23/02/2013,04:15,0,0,0
23/02/2013,04:30,3,2,1
23/02/2013,04:45,1,1,0
23/02/2013,05:00,3,2,1
23/02/2013,05:15,0,0,0
23/02/2013,05:30,4,1,3
23/02/2013,05:45,0,0,0
23/02/2013,06:00,2,1,1
23/02/2013,06:15,6,4,2
23/02/2013,06:30,3,2,1
23/02/2013,06:45,8,3,5
23/02/2013,07:00,18,7,11
23/02/2013,07:15,8,5,3
23/02/2013,07:30,21,11,10
23/02/2013,07:45,21,13,8
23/02/2013,08:00,28,19,9
23/02/2013,08:15,35,22,13
23/02/2013,08:30,42,30,12
23/02/2013,08:45,46,32,14
23/02/2013,09:00,37,24,13
23/02/2013,09:15,54,31,23
23/02/2013,09:30,69,45,24
23/02/2013,09:45,44,35,9
23/02/2013,10:00,63,32,31
23/02/2013,10:15,65,35,30
23/02/2013,10:30,93,59,34
23/02/2013,10:45,54,31,23
23/02/2013,11:00,78,49,29
23/02/2013,11:15,56,33,23
23/02/2013,11:30,85,53,32
23/02/2013,11:45,67,38,29
23/02/2013,12:00,96,55,41
23/02/2013,12:15,72,40,32
23/02/2013,12:30,100,57,43
23/02/2013,12:45,75,40,35
23/02/2013,13:00,127,65,62
23/02/2013,13:15,64,29,35
23/02/2013,13:30,100,62,38
23/02/2013,13:45,92,51,41
23/02/2013,14:00,106,60,46
23/02/2013,14:15,89,46,43
23/02/2013,14:30,87,52,35
23/02/2013,14:45,81,40,41
23/02/2013,15:00,82,39,43
23/02/2013,15:15,83,42,41
23/02/2013,15:30,84,42,42
23/02/2013,15:45,55,25,30
23/02/2013,16:00,68,30,38
23/02/2013,16:15,91,35,56
23/02/2013,16:30,54,29,25
23/02/2013,16:45,83,35,48
23/02/2013,17:00,57,28,29
23/02/2013,17:15,59,20,39
23/02/2013,17:30,45,15,30
23/02/2013,17:45,48,23,25
23/02/2013,18:00,36,18,18
23/02/2013,18:15,33,12,21
23/02/2013,18:30,23,15,8
23/02/2013,18:45,35,22,13
23/02/2013,19:00,37,18,19
23/02/2013,19:15,21,14,7
23/02/2013,19:30,20,11,9
23/02/2013,19:45,17,10,7
23/02/2013,20:00,11,8,3
23/02/2013,20:15,24,12,12
23/02/2013,20:30,19,11,8
23/02/2013,20:45,17,7,10
23/02/2013,21:00,15,7,8
23/02/2013,21:15,19,11,8
23/02/2013,21:30,24,17,7
23/02/2013,21:45,9,7,2
23/02/2013,22:00,12,8,4
23/02/2013,22:15,17,14,3
23/02/2013,22:30,8,6,2
23/02/2013,22:45,22,17,5
23/02/2013,23:00,13,9,4
23/02/2013,23:15,17,16,1
23/02/2013,23:30,16,10,6
23/02/2013,23:45,9,6,3
24/02/2013,00:00,14,12,2
24/02/2013,00:15,4,3,1
24/02/2013,00:30,12,12,0
24/02/2013,00:45,11,9,2
24/02/2013,01:00,12,5,7
24/02/2013,01:15,5,5,0
24/02/2013,01:30,13,10,3
24/02/2013,01:45,1,1,0
24/02/2013,02:00,8,8,0
24/02/2013,02:15,3,2,1
24/02/2013,02:30,0,0,0
24/02/2013,02:45,2,2,0
24/02/2013,03:00,1,1,0
24/02/2013,03:15,4,3,1
24/02/2013,03:30,2,2,0
24/02/2013,03:45,2,2,0
24/02/2013,04:00,1,1,0
24/02/2013,04:15,1,1,0
24/02/2013,04:30,2,0,2
24/02/2013,04:45,4,4,0
24/02/2013,05:00,0,0,0
24/02/2013,05:15,0,0,0
24/02/2013,05:30,1,0,1
24/02/2013,05:45,5,3,2
24/02/2013,06:00,2,2,0
24/02/2013,06:15,7,2,5
24/02/2013,06:30,6,3,3
24/02/2013,06:45,6,3,3
24/02/2013,07:00,9,7,2
24/02/2013,07:15,11,6,5
24/02/2013,07:30,21,10,11
24/02/2013,07:45,27,19,8
24/02/2013,08:00,40,26,14
24/02/2013,08:15,38,29,9
24/02/2013,08:30,45,31,14
24/02/2013,08:45,35,25,10
24/02/2013,09:00,56,42,14
24/02/2013,09:15,39,25,14
24/02/2013,09:30,60,32,28
24/02/2013,09:45,72,49,23
24/02/2013,10:00,89,57,32
24/02/2013,10:15,84,40,44
24/02/2013,10:30,87,59,28
24/02/2013,10:45,83,56,27
24/02/2013,11:00,80,50,30
24/02/2013,11:15,90,51,39
24/02/2013,11:30,92,49,43
24/02/2013,11:45,108,64,44
24/02/2013,12:00,112,65,47
24/02/2013,12:15,91,47,44
24/02/2013,12:30,114,78,36
24/02/2013,12:45,131,73,58
24/02/2013,13:00,112,69,43
24/02/2013,13:15,125,74,51
24/02/2013,13:30,116,65,51
24/02/2013,13:45,108,57,51
24/02/2013,14:00,117,51,66
24/02/2013,14:15,114,59,55
24/02/2013,14:30,144,79,65
24/02/2013,14:45,133,78,55
24/02/2013,15:00,117,52,65
24/02/2013,15:15,109,58,51
24/02/2013,15:30,124,52,72
24/02/2013,15:45,103,62,41
24/02/2013,16:00,101,26,75
24/02/2013,16:15,102,40,62
24/02/2013,16:30,108,37,71
24/02/2013,16:45,76,36,40
24/02/2013,17:00,89,37,52
24/02/2013,17:15,90,39,51
24/02/2013,17:30,51,21,30
24/02/2013,17:45,51,27,24
24/02/2013,18:00,45,22,23
24/02/2013,18:15,53,15,38
24/02/2013,18:30,44,23,21
24/02/2013,18:45,34,19,15
24/02/2013,19:00,22,13,9
24/02/2013,19:15,20,13,7
24/02/2013,19:30,19,12,7
24/02/2013,19:45,25,9,16
24/02/2013,20:00,13,10,3
24/02/2013,20:15,18,9,9
24/02/2013,20:30,11,6,5
24/02/2013,20:45,15,9,6
24/02/2013,21:00,18,10,8
24/02/2013,21:15,12,8,4
24/02/2013,21:30,15,11,4
24/02/2013,21:45,13,8,5
24/02/2013,22:00,13,11,2
24/02/2013,22:15,8,7,1
24/02/2013,22:30,6,3,3
24/02/2013,22:45,17,14,3
24/02/2013,23:00,3,1,2
24/02/2013,23:15,7,6,1
24/02/2013,23:30,8,7,1
24/02/2013,23:45,9,6,3
25/02/2013,00:00,3,2,1
25/02/2013,00:15,3,2,1
25/02/2013,00:30,10,8,2
25/02/2013,00:45,3,3,0
25/02/2013,01:00,1,0,1
25/02/2013,01:15,1,0,1
25/02/2013,01:30,0,0,0
25/02/2013,01:45,0,0,0
25/02/2013,02:00,3,3,0
25/02/2013,02:15,4,4,0
25/02/2013,02:30,4,1,3
25/02/2013,02:45,0,0,0
25/02/2013,03:00,1,1,0
25/02/2013,03:15,4,4,0
25/02/2013,03:30,0,0,0
25/02/2013,03:45,1,1,0
25/02/2013,04:00,0,0,0
25/02/2013,04:15,1,0,1
25/02/2013,04:30,2,0,2
25/02/2013,04:45,3,0,3
25/02/2013,05:00,1,0,1
25/02/2013,05:15,4,1,3
25/02/2013,05:30,8,1,7
25/02/2013,05:45,7,3,4
25/02/2013,06:00,11,4,7
25/02/2013,06:15,21,8,13
25/02/2013,06:30,33,13,20
25/02/2013,06:45,29,10,19
25/02/2013,07:00,35,16,19
25/02/2013,07:15,69,22,47
25/02/2013,07:30,85,25,60
25/02/2013,07:45,78,20,58
25/02/2013,08:00,95,20,75
25/02/2013,08:15,78,14,64
25/02/2013,08:30,95,30,65
25/02/2013,08:45,85,24,61
25/02/2013,09:00,64,14,50
25/02/2013,09:15,64,25,39
25/02/2013,09:30,53,16,37
25/02/2013,09:45,33,11,22
25/02/2013,10:00,41,21,20
25/02/2013,10:15,30,18,12
25/02/2013,10:30,26,16,10
25/02/2013,10:45,36,17,19
25/02/2013,11:00,34,14,20
25/02/2013,11:15,22,9,13
25/02/2013,11:30,31,23,8
25/02/2013,11:45,32,21,11
25/02/2013,12:00,34,14,20
25/02/2013,12:15,32,16,16
25/02/2013,12:30,43,13,30
25/02/2013,12:45,38,21,17
25/02/2013,13:00,36,21,15
25/02/2013,13:15,37,18,19
25/02/2013,13:30,40,27,13
25/02/2013,13:45,32,16,16
25/02/2013,14:00,40,28,12
25/02/2013,14:15,45,23,22
25/02/2013,14:30,43,23,20
25/02/2013,14:45,48,24,24
25/02/2013,15:00,40,20,20
25/02/2013,15:15,50,35,15
25/02/2013,15:30,43,28,15
25/02/2013,15:45,44,33,11
25/02/2013,16:00,42,26,16
25/02/2013,16:15,61,39,22
25/02/2013,16:30,58,45,13
25/02/2013,16:45,63,41,22
25/02/2013,17:00,90,64,26
25/02/2013,17:15,122,93,29
25/02/2013,17:30,94,63,31
25/02/2013,17:45,118,96,22
25/02/2013,18:00,115,91,24
25/02/2013,18:15,102,76,26
25/02/2013,18:30,92,67,25
25/02/2013,18:45,82,63,19
25/02/2013,19:00,67,56,11
25/02/2013,19:15,50,36,14
25/02/2013,19:30,71,60,11
25/02/2013,19:45,37,28,9
25/02/2013,20:00,43,34,9
25/02/2013,20:15,39,30,9
25/02/2013,20:30,29,26,3
25/02/2013,20:45,35,27,8
25/02/2013,21:00,23,21,2
25/02/2013,21:15,23,19,4
25/02/2013,21:30,22,16,6
25/02/2013,21:45,22,19,3
25/02/2013,22:00,24,18,6
25/02/2013,22:15,28,23,5
25/02/2013,22:30,24,19,5
25/02/2013,22:45,19,13,6
25/02/2013,23:00,13,11,2
25/02/2013,23:15,13,12,1
25/02/2013,23:30,7,5,2
25/02/2013,23:45,11,9,2
26/02/2013,00:00,6,6,0
26/02/2013,00:15,4,3,1
26/02/2013,00:30,2,1,1
26/02/2013,00:45,6,6,0
26/02/2013,01:00,5,4,1
26/02/2013,01:15,1,1,0
26/02/2013,01:30,1,1,0
26/02/2013,01:45,0,0,0
26/02/2013,02:00,6,6,0
26/02/2013,02:15,2,2,0
26/02/2013,02:30,0,0,0
26/02/2013,02:45,1,1,0
26/02/2013,03:00,1,0,1
26/02/2013,03:15,0,0,0
26/02/2013,03:30,2,1,1
26/02/2013,03:45,1,0,1
26/02/2013,04:00,0,0,0
26/02/2013,04:15,2,0,2
26/02/2013,04:30,1,0,1
26/02/2013,04:45,3,0,3
26/02/2013,05:00,2,1,1
26/02/2013,05:15,4,2,2
26/02/2013,05:30,11,4,7
26/02/2013,05:45,9,3,6
26/02/2013,06:00,29,18,11
26/02/2013,06:15,26,12,14
26/02/2013,06:30,47,19,28
26/02/2013,06:45,36,14,22
26/02/2013,07:00,45,12,33
26/02/2013,07:15,71,22,49
26/02/2013,07:30,98,27,71
26/02/2013,07:45,88,22,66
26/02/2013,08:00,92,24,68
26/02/2013,08:15,89,25,64
26/02/2013,08:30,123,37,86
26/02/2013,08:45,75,15,60
26/02/2013,09:00,70,24,46
26/02/2013,09:15,82,29,53
26/02/2013,09:30,54,22,32
26/02/2013,09:45,52,25,27
26/02/2013,10:00,45,19,26
26/02/2013,10:15,39,17,22
26/02/2013,10:30,40,16,24
26/02/2013,10:45,38,22,16
26/02/2013,11:00,29,11,18
26/02/2013,11:15,36,16,20
26/02/2013,11:30,29,13,16
26/02/2013,11:45,34,14,20
26/02/2013,12:00,42,26,16
26/02/2013,12:15,31,17,14
26/02/2013,12:30,39,20,19
26/02/2013,12:45,40,20,20
26/02/2013,13:00,48,28,20
26/02/2013,13:15,28,10,18
26/02/2013,13:30,28,17,11
26/02/2013,13:45,34,23,11
26/02/2013,14:00,37,27,10
26/02/2013,14:15,38,22,16
26/02/2013,14:30,42,29,13
26/02/2013,14:45,49,30,19
26/02/2013,15:00,34,22,12
26/02/2013,15:15,50,26,24
26/02/2013,15:30,65,46,19
26/02/2013,15:45,49,32,17
26/02/2013,16:00,47,35,12
26/02/2013,16:15,55,30,25
26/02/2013,16:30,82,62,20
26/02/2013,16:45,79,55,24
26/02/2013,17:00,104,70,34
26/02/2013,17:15,105,83,22
26/02/2013,17:30,105,77,28
26/02/2013,17:45,99,80,19
26/02/2013,18:00,127,91,36
26/02/2013,18:15,121,94,27
26/02/2013,18:30,87,69,18
26/02/2013,18:45,79,61,18
26/02/2013,19:00,65,52,13
26/02/2013,19:15,79,63,16
26/02/2013,19:30,55,43,12
26/02/2013,19:45,43,30,13
26/02/2013,20:00,40,29,11
26/02/2013,20:15,43,34,9
26/02/2013,20:30,42,34,8
26/02/2013,20:45,41,27,14
26/02/2013,21:00,31,23,8
26/02/2013,21:15,28,23,5
26/02/2013,21:30,30,23,7
26/02/2013,21:45,29,26,3
26/02/2013,22:00,35,28,7
26/02/2013,22:15,21,20,1
26/02/2013,22:30,26,22,4
26/02/2013,22:45,21,17,4
26/02/2013,23:00,23,21,2
26/02/2013,23:15,13,13,0
26/02/2013,23:30,5,5,0
26/02/2013,23:45,5,5,0
27/02/2013,00:00,10,9,1
27/02/2013,00:15,9,8,1
27/02/2013,00:30,6,5,1
27/02/2013,00:45,4,4,0
27/02/2013,01:00,4,4,0
27/02/2013,01:15,3,2,1
27/02/2013,01:30,0,0,0
27/02/2013,01:45,1,1,0
27/02/2013,02:00,2,1,1
27/02/2013,02:15,4,3,1
27/02/2013,02:30,0,0,0
27/02/2013,02:45,0,0,0
27/02/2013,03:00,1,0,1
27/02/2013,03:15,1,1,0
27/02/2013,03:30,2,2,0
27/02/2013,03:45,0,0,0
27/02/2013,04:00,1,0,1
27/02/2013,04:15,1,0,1
27/02/2013,04:30,0,0,0
27/02/2013,04:45,2,0,2
27/02/2013,05:00,2,0,2
27/02/2013,05:15,4,1,3
27/02/2013,05:30,7,3,4
27/02/2013,05:45,5,1,4
27/02/2013,06:00,16,8,8
27/02/2013,06:15,21,12,9
27/02/2013,06:30,38,25,13
27/02/2013,06:45,36,16,20
27/02/2013,07:00,51,16,35
27/02/2013,07:15,82,23,59
27/02/2013,07:30,80,31,49
27/02/2013,07:45,84,21,63
27/02/2013,08:00,87,21,66
27/02/2013,08:15,79,26,53
27/02/2013,08:30,104,24,80
27/02/2013,08:45,90,25,65
27/02/2013,09:00,76,23,53
27/02/2013,09:15,67,24,43
27/02/2013,09:30,57,19,38
27/02/2013,09:45,48,23,25
27/02/2013,10:00,43,19,24
27/02/2013,10:15,27,12,15
27/02/2013,10:30,49,16,33
27/02/2013,10:45,30,14,16
27/02/2013,11:00,30,18,12
27/02/2013,11:15,38,19,19
27/02/2013,11:30,32,18,14
27/02/2013,11:45,39,20,19
27/02/2013,12:00,28,17,11
27/02/2013,12:15,44,24,20
27/02/2013,12:30,43,25,18
27/02/2013,12:45,36,16,20
27/02/2013,13:00,47,36,11
27/02/2013,13:15,31,14,17
27/02/2013,13:30,35,23,12
27/02/2013,13:45,43,31,12
27/02/2013,14:00,35,26,9
27/02/2013,14:15,30,16,14
27/02/2013,14:30,34,19,15
27/02/2013,14:45,51,31,20
27/02/2013,15:00,47,29,18
27/02/2013,15:15,44,22,22
27/02/2013,15:30,73,48,25
27/02/2013,15:45,57,35,22
27/02/2013,16:00,53,33,20
27/02/2013,16:15,59,38,21
27/02/2013,16:30,69,41,28
27/02/2013,16:45,84,58,26
27/02/2013,17:00,82,51,31
27/02/2013,17:15,112,83,29
27/02/2013,17:30,112,79,33
27/02/2013,17:45,117,81,36
27/02/2013,18:00,107,74,33
27/02/2013,18:15,107,78,29
27/02/2013,18:30,101,77,24
27/02/2013,18:45,67,52,15
27/02/2013,19:00,64,49,15
27/02/2013,19:15,57,44,13
27/02/2013,19:30,46,36,10
27/02/2013,19:45,49,37,12
27/02/2013,20:00,60,44,16
27/02/2013,20:15,44,30,14
27/02/2013,20:30,30,25,5
27/02/2013,20:45,46,34,12
27/02/2013,21:00,45,33,12
27/02/2013,21:15,57,36,21
27/02/2013,21:30,24,17,7
27/02/2013,21:45,33,21,12
27/02/2013,22:00,23,19,4
27/02/2013,22:15,23,17,6
27/02/2013,22:30,27,25,2
27/02/2013,22:45,25,20,5
27/02/2013,23:00,17,15,2
27/02/2013,23:15,19,14,5
27/02/2013,23:30,14,13,1
27/02/2013,23:45,11,11,0
28/02/2013,00:00,10,8,2
28/02/2013,00:15,6,5,1
28/02/2013,00:30,9,8,1
28/02/2013,00:45,6,6,0
28/02/2013,01:00,2,2,0
28/02/2013,01:15,4,4,0
28/02/2013,01:30,0,0,0
28/02/2013,01:45,0,0,0
28/02/2013,02:00,0,0,0
28/02/2013,02:15,6,6,0
28/02/2013,02:30,4,3,1
28/02/2013,02:45,1,1,0
28/02/2013,03:00,0,0,0
28/02/2013,03:15,1,1,0
28/02/2013,03:30,1,1,0
28/02/2013,03:45,0,0,0
28/02/2013,04:00,0,0,0
28/02/2013,04:15,1,1,0
28/02/2013,04:30,0,0,0
28/02/2013,04:45,2,2,0
28/02/2013,05:00,8,2,6
28/02/2013,05:15,4,1,3
28/02/2013,05:30,9,5,4
28/02/2013,05:45,8,2,6
28/02/2013,06:00,32,25,7
28/02/2013,06:15,24,7,17
28/02/2013,06:30,36,11,25
28/02/2013,06:45,35,12,23
28/02/2013,07:00,42,17,25
28/02/2013,07:15,54,24,30
28/02/2013,07:30,96,25,71
28/02/2013,07:45,69,19,50
28/02/2013,08:00,79,24,55
28/02/2013,08:15,102,32,70
28/02/2013,08:30,118,43,75
28/02/2013,08:45,69,21,48
28/02/2013,09:00,73,24,49
28/02/2013,09:15,69,31,38
28/02/2013,09:30,54,30,24
28/02/2013,09:45,46,16,30
28/02/2013,10:00,32,14,18
28/02/2013,10:15,36,17,19
28/02/2013,10:30,34,19,15
28/02/2013,10:45,35,11,24
28/02/2013,11:00,39,25,14
28/02/2013,11:15,34,13,21
28/02/2013,11:30,45,29,16
28/02/2013,11:45,32,20,12
28/02/2013,12:00,31,22,9
28/02/2013,12:15,45,24,21
28/02/2013,12:30,31,16,15
28/02/2013,12:45,41,25,16
28/02/2013,13:00,43,18,25
28/02/2013,13:15,30,15,15
28/02/2013,13:30,38,23,15
28/02/2013,13:45,25,14,11
28/02/2013,14:00,36,18,18
28/02/2013,14:15,32,26,6
28/02/2013,14:30,47,24,23
28/02/2013,14:45,33,17,16
28/02/2013,15:00,58,29,29
28/02/2013,15:15,44,31,13
28/02/2013,15:30,40,32,8
28/02/2013,15:45,59,33,26
28/02/2013,16:00,63,43,20
28/02/2013,16:15,59,39,20
28/02/2013,16:30,84,67,17
28/02/2013,16:45,70,40,30
28/02/2013,17:00,101,68,33
28/02/2013,17:15,88,72,16
28/02/2013,17:30,97,66,31
28/02/2013,17:45,90,66,24
28/02/2013,18:00,101,72,29
28/02/2013,18:15,100,79,21
28/02/2013,18:30,92,66,26
28/02/2013,18:45,83,71,12
28/02/2013,19:00,56,48,8
28/02/2013,19:15,64,51,13
28/02/2013,19:30,58,40,18
28/02/2013,19:45,42,35,7
28/02/2013,20:00,29,24,5
28/02/2013,20:15,44,30,14
28/02/2013,20:30,36,23,13
28/02/2013,20:45,23,19,4
28/02/2013,21:00,28,24,4
28/02/2013,21:15,32,26,6
28/02/2013,21:30,26,18,8
28/02/2013,21:45,36,24,12
28/02/2013,22:00,25,17,8
28/02/2013,22:15,26,21,5
28/02/2013,22:30,20,12,8
28/02/2013,22:45,16,11,5
28/02/2013,23:00,24,23,1
28/02/2013,23:15,20,17,3
28/02/2013,23:30,14,12,2
28/02/2013,23:45,13,12,1
01/03/2013,00:00,11,11,0
01/03/2013,00:15,13,9,4
01/03/2013,00:30,3,3,0
01/03/2013,00:45,11,11,0
01/03/2013,01:00,11,8,3
01/03/2013,01:15,1,0,1
01/03/2013,01:30,3,3,0
01/03/2013,01:45,2,1,1
01/03/2013,02:00,4,4,0
01/03/2013,02:15,5,3,2
01/03/2013,02:30,2,1,1
01/03/2013,02:45,3,3,0
01/03/2013,03:00,0,0,0
01/03/2013,03:15,0,0,0
01/03/2013,03:30,0,0,0
01/03/2013,03:45,0,0,0
01/03/2013,04:00,1,1,0
01/03/2013,04:15,0,0,0
01/03/2013,04:30,1,0,1
01/03/2013,04:45,2,2,0
01/03/2013,05:00,2,1,1
01/03/2013,05:15,4,1,3
01/03/2013,05:30,5,2,3
01/03/2013,05:45,10,5,5
01/03/2013,06:00,14,10,4
01/03/2013,06:15,20,10,10
01/03/2013,06:30,40,22,18
01/03/2013,06:45,29,13,16
01/03/2013,07:00,45,20,25
01/03/2013,07:15,68,25,43
01/03/2013,07:30,77,22,55
01/03/2013,07:45,65,14,51
01/03/2013,08:00,89,26,63
01/03/2013,08:15,97,26,71
01/03/2013,08:30,100,27,73
01/03/2013,08:45,70,22,48
01/03/2013,09:00,61,19,42
01/03/2013,09:15,51,26,25
01/03/2013,09:30,60,29,31
01/03/2013,09:45,41,21,20
01/03/2013,10:00,36,15,21
01/03/2013,10:15,56,28,28
01/03/2013,10:30,67,49,18
01/03/2013,10:45,38,19,19
01/03/2013,11:00,49,28,21
01/03/2013,11:15,31,17,14
01/03/2013,11:30,43,22,21
01/03/2013,11:45,47,25,22
01/03/2013,12:00,30,19,11
01/03/2013,12:15,35,20,15
01/03/2013,12:30,51,30,21
01/03/2013,12:45,56,31,25
01/03/2013,13:00,46,30,16
01/03/2013,13:15,61,39,22
01/03/2013,13:30,49,30,19
01/03/2013,13:45,60,36,24
01/03/2013,14:00,58,35,23
01/03/2013,14:15,53,30,23
01/03/2013,14:30,63,33,30
01/03/2013,14:45,64,43,21
01/03/2013,15:00,74,45,29
01/03/2013,15:15,64,39,25
01/03/2013,15:30,69,44,25
01/03/2013,15:45,66,37,29
01/03/2013,16:00,57,36,21
01/03/2013,16:15,89,49,40
01/03/2013,16:30,82,46,36
01/03/2013,16:45,79,46,33
01/03/2013,17:00,93,65,28
01/03/2013,17:15,113,76,37
01/03/2013,17:30,106,59,47
01/03/2013,17:45,117,93,24
01/03/2013,18:00,91,61,30
01/03/2013,18:15,89,70,19
01/03/2013,18:30,69,56,13
01/03/2013,18:45,59,38,21
01/03/2013,19:00,46,30,16
01/03/2013,19:15,49,35,14
01/03/2013,19:30,54,39,15
01/03/2013,19:45,31,17,14
01/03/2013,20:00,38,26,12
01/03/2013,20:15,21,15,6
01/03/2013,20:30,32,24,8
01/03/2013,20:45,30,13,17
01/03/2013,21:00,32,17,15
01/03/2013,21:15,22,17,5
01/03/2013,21:30,20,9,11
01/03/2013,21:45,22,19,3
01/03/2013,22:00,20,11,9
01/03/2013,22:15,23,19,4
01/03/2013,22:30,12,11,1
01/03/2013,22:45,17,14,3
01/03/2013,23:00,26,17,9
01/03/2013,23:15,27,24,3
01/03/2013,23:30,25,20,5
01/03/2013,23:45,12,9,3
02/03/2013,00:00,12,12,0
02/03/2013,00:15,23,22,1
02/03/2013,00:30,11,8,3
02/03/2013,00:45,11,11,0
02/03/2013,01:00,9,8,1
02/03/2013,01:15,10,9,1
02/03/2013,01:30,5,4,1
02/03/2013,01:45,1,1,0
02/03/2013,02:00,13,13,0
02/03/2013,02:15,5,5,0
02/03/2013,02:30,6,5,1
02/03/2013,02:45,7,7,0
02/03/2013,03:00,2,1,1
02/03/2013,03:15,0,0,0
02/03/2013,03:30,3,1,2
02/03/2013,03:45,1,1,0
02/03/2013,04:00,0,0,0
02/03/2013,04:15,1,1,0
02/03/2013,04:30,0,0,0
02/03/2013,04:45,1,1,0
02/03/2013,05:00,1,0,1
02/03/2013,05:15,5,2,3
02/03/2013,05:30,1,1,0
02/03/2013,05:45,3,1,2
02/03/2013,06:00,4,2,2
02/03/2013,06:15,9,5,4
02/03/2013,06:30,8,7,1
02/03/2013,06:45,16,8,8
02/03/2013,07:00,18,13,5
02/03/2013,07:15,20,10,10
02/03/2013,07:30,33,22,11
02/03/2013,07:45,26,17,9
02/03/2013,08:00,46,29,17
02/03/2013,08:15,40,22,18
02/03/2013,08:30,50,31,19
02/03/2013,08:45,56,41,15
02/03/2013,09:00,78,54,24
02/03/2013,09:15,50,24,26
02/03/2013,09:30,62,35,27
02/03/2013,09:45,54,35,19
02/03/2013,10:00,72,42,30
02/03/2013,10:15,88,60,28
02/03/2013,10:30,68,44,24
02/03/2013,10:45,66,42,24
02/03/2013,11:00,55,34,21
02/03/2013,11:15,92,56,36
02/03/2013,11:30,91,55,36
02/03/2013,11:45,88,50,38
02/03/2013,12:00,105,61,44
02/03/2013,12:15,102,57,45
02/03/2013,12:30,91,53,38
02/03/2013,12:45,92,45,47
02/03/2013,13:00,76,36,40
02/03/2013,13:15,82,56,26
02/03/2013,13:30,105,52,53
02/03/2013,13:45,95,47,48
02/03/2013,14:00,104,44,60
02/03/2013,14:15,93,45,48
02/03/2013,14:30,89,50,39
02/03/2013,14:45,83,39,44
02/03/2013,15:00,111,51,60
02/03/2013,15:15,79,35,44
02/03/2013,15:30,59,32,27
02/03/2013,15:45,95,49,46
02/03/2013,16:00,85,34,51
02/03/2013,16:15,71,29,42
02/03/2013,16:30,64,26,38
02/03/2013,16:45,60,27,33
02/03/2013,17:00,60,23,37
02/03/2013,17:15,44,22,22
02/03/2013,17:30,39,16,23
02/03/2013,17:45,43,13,30
02/03/2013,18:00,51,22,29
02/03/2013,18:15,48,23,25
02/03/2013,18:30,33,16,17
02/03/2013,18:45,26,10,16
02/03/2013,19:00,23,15,8
02/03/2013,19:15,34,21,13
02/03/2013,19:30,33,12,21
02/03/2013,19:45,17,7,10
02/03/2013,20:00,16,10,6
02/03/2013,20:15,14,10,4
02/03/2013,20:30,25,14,11
02/03/2013,20:45,14,6,8
02/03/2013,21:00,19,9,10
02/03/2013,21:15,13,9,4
02/03/2013,21:30,9,8,1
02/03/2013,21:45,19,17,2
02/03/2013,22:00,21,16,5
02/03/2013,22:15,14,11,3
02/03/2013,22:30,19,13,6
02/03/2013,22:45,16,15,1
02/03/2013,23:00,5,3,2
02/03/2013,23:15,20,17,3
02/03/2013,23:30,17,15,2
02/03/2013,23:45,16,13,3
03/03/2013,00:00,11,9,2
03/03/2013,00:15,9,9,0
03/03/2013,00:30,6,5,1
03/03/2013,00:45,16,15,1
03/03/2013,01:00,8,7,1
03/03/2013,01:15,5,4,1
03/03/2013,01:30,2,1,1
03/03/2013,01:45,1,1,0
03/03/2013,02:00,11,10,1
03/03/2013,02:15,6,6,0
03/03/2013,02:30,4,3,1
03/03/2013,02:45,6,6,0
03/03/2013,03:00,3,2,1
03/03/2013,03:15,2,2,0
03/03/2013,03:30,3,2,1
03/03/2013,03:45,1,1,0
03/03/2013,04:00,1,1,0
03/03/2013,04:15,0,0,0
03/03/2013,04:30,3,3,0
03/03/2013,04:45,1,1,0
03/03/2013,05:00,2,1,1
03/03/2013,05:15,0,0,0
03/03/2013,05:30,4,2,2
03/03/2013,05:45,2,0,2
03/03/2013,06:00,7,4,3
03/03/2013,06:15,5,2,3
03/03/2013,06:30,9,5,4
03/03/2013,06:45,16,7,9
03/03/2013,07:00,12,6,6
03/03/2013,07:15,26,17,9
03/03/2013,07:30,27,17,10
03/03/2013,07:45,22,13,9
03/03/2013,08:00,26,21,5
03/03/2013,08:15,21,13,8
03/03/2013,08:30,36,20,16
03/03/2013,08:45,46,31,15
03/03/2013,09:00,32,18,14
03/03/2013,09:15,34,23,11
03/03/2013,09:30,54,28,26
03/03/2013,09:45,56,40,16
03/03/2013,10:00,70,45,25
03/03/2013,10:15,60,34,26
03/03/2013,10:30,77,47,30
03/03/2013,10:45,78,49,29
03/03/2013,11:00,99,57,42
03/03/2013,11:15,87,60,27
03/03/2013,11:30,90,56,34
03/03/2013,11:45,105,67,38
03/03/2013,12:00,109,75,34
03/03/2013,12:15,94,45,49
03/03/2013,12:30,102,59,43
03/03/2013,12:45,100,62,38
03/03/2013,13:00,106,62,44
03/03/2013,13:15,121,65,56
03/03/2013,13:30,122,66,56
03/03/2013,13:45,113,76,37
03/03/2013,14:00,99,39,60
03/03/2013,14:15,111,43,68
03/03/2013,14:30,88,50,38
03/03/2013,14:45,103,42,61
03/03/2013,15:00,95,52,43
03/03/2013,15:15,81,36,45
03/03/2013,15:30,85,54,31
03/03/2013,15:45,89,48,41
03/03/2013,16:00,95,35,60
03/03/2013,16:15,68,23,45
03/03/2013,16:30,85,38,47
03/03/2013,16:45,72,36,36
03/03/2013,17:00,43,13,30
03/03/2013,17:15,58,28,30
03/03/2013,17:30,60,29,31
03/03/2013,17:45,42,24,18
03/03/2013,18:00,45,22,23
03/03/2013,18:15,22,12,10
03/03/2013,18:30,28,18,10
03/03/2013,18:45,24,13,11
03/03/2013,19:00,22,10,12
03/03/2013,19:15,21,17,4
03/03/2013,19:30,30,19,11
03/03/2013,19:45,14,10,4
03/03/2013,20:00,10,6,4
03/03/2013,20:15,13,8,5
03/03/2013,20:30,17,13,4
03/03/2013,20:45,12,8,4
03/03/2013,21:00,12,9,3
03/03/2013,21:15,10,7,3
03/03/2013,21:30,12,9,3
03/03/2013,21:45,16,11,5
03/03/2013,22:00,12,8,4
03/03/2013,22:15,11,5,6
03/03/2013,22:30,12,7,5
03/03/2013,22:45,11,7,4
03/03/2013,23:00,5,3,2
03/03/2013,23:15,5,3,2
03/03/2013,23:30,5,4,1
03/03/2013,23:45,4,3,1
04/03/2013,00:00,5,4,1
04/03/2013,00:15,2,2,0
04/03/2013,00:30,3,2,1
04/03/2013,00:45,3,2,1
04/03/2013,01:00,3,3,0
04/03/2013,01:15,1,0,1
04/03/2013,01:30,1,1,0
04/03/2013,01:45,0,0,0
04/03/2013,02:00,4,4,0
04/03/2013,02:15,2,2,0
04/03/2013,02:30,1,1,0
04/03/2013,02:45,1,0,1
04/03/2013,03:00,0,0,0
04/03/2013,03:15,1,0,1
04/03/2013,03:30,2,2,0
04/03/2013,03:45,0,0,0
04/03/2013,04:00,1,1,0
04/03/2013,04:15,2,2,0
04/03/2013,04:30,2,1,1
04/03/2013,04:45,1,1,0
04/03/2013,05:00,6,1,5
04/03/2013,05:15,2,1,1
04/03/2013,05:30,9,3,6
04/03/2013,05:45,6,2,4
04/03/2013,06:00,16,4,12
04/03/2013,06:15,26,7,19
04/03/2013,06:30,34,13,21
04/03/2013,06:45,27,10,17
04/03/2013,07:00,42,11,31
04/03/2013,07:15,74,26,48
04/03/2013,07:30,68,19,49
04/03/2013,07:45,70,16,54
04/03/2013,08:00,93,22,71
04/03/2013,08:15,77,18,59
04/03/2013,08:30,97,25,72
04/03/2013,08:45,53,13,40
04/03/2013,09:00,69,20,49
04/03/2013,09:15,56,14,42
04/03/2013,09:30,41,19,22
04/03/2013,09:45,42,21,21
04/03/2013,10:00,31,14,17
04/03/2013,10:15,30,14,16
04/03/2013,10:30,31,17,14
04/03/2013,10:45,22,10,12
04/03/2013,11:00,28,17,11
04/03/2013,11:15,27,11,16
04/03/2013,11:30,23,11,12
04/03/2013,11:45,22,11,11
04/03/2013,12:00,39,22,17
04/03/2013,12:15,23,15,8
04/03/2013,12:30,25,14,11
04/03/2013,12:45,31,16,15
04/03/2013,13:00,32,21,11
04/03/2013,13:15,33,19,14
04/03/2013,13:30,27,13,14
04/03/2013,13:45,39,23,16
04/03/2013,14:00,32,12,20
04/03/2013,14:15,32,20,12
04/03/2013,14:30,40,24,16
04/03/2013,14:45,38,22,16
04/03/2013,15:00,35,22,13
04/03/2013,15:15,39,27,12
04/03/2013,15:30,49,34,15
04/03/2013,15:45,38,29,9
04/03/2013,16:00,53,40,13
04/03/2013,16:15,53,30,23
04/03/2013,16:30,66,45,21
04/03/2013,16:45,57,39,18
04/03/2013,17:00,76,57,19
04/03/2013,17:15,90,71,19
04/03/2013,17:30,118,92,26
04/03/2013,17:45,103,78,25
04/03/2013,18:00,113,87,26
04/03/2013,18:15,87,70,17
04/03/2013,18:30,92,81,11
04/03/2013,18:45,63,52,11
04/03/2013,19:00,63,48,15
04/03/2013,19:15,60,49,11
04/03/2013,19:30,51,41,10
04/03/2013,19:45,23,17,6
04/03/2013,20:00,50,39,11
04/03/2013,20:15,34,29,5
04/03/2013,20:30,21,17,4
04/03/2013,20:45,29,27,2
04/03/2013,21:00,23,14,9
04/03/2013,21:15,29,23,6
04/03/2013,21:30,26,21,5
04/03/2013,21:45,22,16,6
04/03/2013,22:00,14,11,3
04/03/2013,22:15,23,21,2
04/03/2013,22:30,23,20,3
04/03/2013,22:45,19,15,4
04/03/2013,23:00,17,14,3
04/03/2013,23:15,8,6,2
04/03/2013,23:30,11,10,1
04/03/2013,23:45,7,6,1
05/03/2013,00:00,12,9,3
05/03/2013,00:15,3,3,0
05/03/2013,00:30,3,3,0
05/03/2013,00:45,7,3,4
05/03/2013,01:00,1,1,0
05/03/2013,01:15,2,2,0
05/03/2013,01:30,1,1,0
05/03/2013,01:45,1,1,0
05/03/2013,02:00,3,2,1
05/03/2013,02:15,1,1,0
05/03/2013,02:30,0,0,0
05/03/2013,02:45,1,1,0
05/03/2013,03:00,1,0,1
05/03/2013,03:15,2,1,1
05/03/2013,03:30,0,0,0
05/03/2013,03:45,0,0,0
05/03/2013,04:00,1,0,1
05/03/2013,04:15,1,1,0
05/03/2013,04:30,3,1,2
05/03/2013,04:45,1,1,0
05/03/2013,05:00,1,0,1
05/03/2013,05:15,5,0,5
05/03/2013,05:30,16,9,7
05/03/2013,05:45,13,7,6
05/03/2013,06:00,31,20,11
05/03/2013,06:15,22,10,12
05/03/2013,06:30,44,23,21
05/03/2013,06:45,30,11,19
05/03/2013,07:00,51,12,39
05/03/2013,07:15,74,27,47
05/03/2013,07:30,69,20,49
05/03/2013,07:45,89,17,72
05/03/2013,08:00,106,31,75
05/03/2013,08:15,97,28,69
05/03/2013,08:30,96,37,59
05/03/2013,08:45,86,37,49
05/03/2013,09:00,64,20,44
05/03/2013,09:15,56,15,41
05/03/2013,09:30,47,18,29
05/03/2013,09:45,43,16,27
05/03/2013,10:00,40,24,16
05/03/2013,10:15,37,17,20
05/03/2013,10:30,35,12,23
05/03/2013,10:45,34,18,16
05/03/2013,11:00,36,15,21
05/03/2013,11:15,24,12,12
05/03/2013,11:30,29,15,14
05/03/2013,11:45,26,18,8
05/03/2013,12:00,35,17,18
05/03/2013,12:15,41,29,12
05/03/2013,12:30,38,15,23
05/03/2013,12:45,23,11,12
05/03/2013,13:00,29,17,12
05/03/2013,13:15,41,24,17
05/03/2013,13:30,39,22,17
05/03/2013,13:45,21,8,13
05/03/2013,14:00,38,23,15
05/03/2013,14:15,40,23,17
05/03/2013,14:30,37,24,13
05/03/2013,14:45,37,19,18
05/03/2013,15:00,37,19,18
05/03/2013,15:15,40,30,10
05/03/2013,15:30,29,18,11
05/03/2013,15:45,41,18,23
05/03/2013,16:00,46,36,10
05/03/2013,16:15,61,47,14
05/03/2013,16:30,61,46,15
05/03/2013,16:45,67,46,21
05/03/2013,17:00,91,59,32
05/03/2013,17:15,106,76,30
05/03/2013,17:30,98,72,26
05/03/2013,17:45,105,78,27
05/03/2013,18:00,98,75,23
05/03/2013,18:15,86,77,9
05/03/2013,18:30,78,62,16
05/03/2013,18:45,78,68,10
05/03/2013,19:00,54,47,7
05/03/2013,19:15,54,43,11
05/03/2013,19:30,50,40,10
05/03/2013,19:45,37,26,11
05/03/2013,20:00,36,29,7
05/03/2013,20:15,25,20,5
05/03/2013,20:30,27,20,7
05/03/2013,20:45,14,10,4
05/03/2013,21:00,15,12,3
05/03/2013,21:15,24,16,8
05/03/2013,21:30,14,11,3
05/03/2013,21:45,20,17,3
05/03/2013,22:00,12,11,1
05/03/2013,22:15,16,12,4
05/03/2013,22:30,11,9,2
05/03/2013,22:45,6,3,3
05/03/2013,23:00,7,6,1
05/03/2013,23:15,12,11,1
05/03/2013,23:30,10,9,1
05/03/2013,23:45,2,2,0
06/03/2013,00:00,5,5,0
06/03/2013,00:15,6,5,1
06/03/2013,00:30,4,4,0
06/03/2013,00:45,2,1,1
06/03/2013,01:00,1,0,1
06/03/2013,01:15,1,0,1
06/03/2013,01:30,0,0,0
06/03/2013,01:45,0,0,0
06/03/2013,02:00,0,0,0
06/03/2013,02:15,3,2,1
06/03/2013,02:30,1,1,0
06/03/2013,02:45,0,0,0
06/03/2013,03:00,0,0,0
06/03/2013,03:15,0,0,0
06/03/2013,03:30,0,0,0
06/03/2013,03:45,0,0,0
06/03/2013,04:00,0,0,0
06/03/2013,04:15,0,0,0
06/03/2013,04:30,1,1,0
06/03/2013,04:45,2,1,1
06/03/2013,05:00,1,0,1
06/03/2013,05:15,4,2,2
06/03/2013,05:30,4,2,2
06/03/2013,05:45,5,1,4
06/03/2013,06:00,13,6,7
06/03/2013,06:15,14,8,6
06/03/2013,06:30,17,12,5
06/03/2013,06:45,13,5,8
06/03/2013,07:00,31,16,15
06/03/2013,07:15,51,10,41
06/03/2013,07:30,83,21,62
06/03/2013,07:45,47,13,34
06/03/2013,08:00,63,19,44
06/03/2013,08:15,67,14,53
06/03/2013,08:30,75,21,54
06/03/2013,08:45,53,10,43
06/03/2013,09:00,54,15,39
06/03/2013,09:15,51,14,37
06/03/2013,09:30,51,24,27
06/03/2013,09:45,31,15,16
06/03/2013,10:00,29,6,23
06/03/2013,10:15,25,9,16
06/03/2013,10:30,30,16,14
06/03/2013,10:45,20,12,8
06/03/2013,11:00,23,7,16
06/03/2013,11:15,31,12,19
06/03/2013,11:30,20,10,10
06/03/2013,11:45,21,12,9
06/03/2013,12:00,22,9,13
06/03/2013,12:15,27,16,11
06/03/2013,12:30,29,16,13
06/03/2013,12:45,26,16,10
06/03/2013,13:00,25,11,14
06/03/2013,13:15,43,15,28
06/03/2013,13:30,26,18,8
06/03/2013,13:45,35,21,14
06/03/2013,14:00,27,16,11
06/03/2013,14:15,26,17,9
06/03/2013,14:30,31,17,14
06/03/2013,14:45,23,15,8
06/03/2013,15:00,33,15,18
06/03/2013,15:15,39,25,14
06/03/2013,15:30,21,15,6
06/03/2013,15:45,33,22,11
06/03/2013,16:00,46,34,12
06/03/2013,16:15,53,35,18
06/03/2013,16:30,50,31,19
06/03/2013,16:45,47,34,13
06/03/2013,17:00,72,51,21
06/03/2013,17:15,100,61,39
06/03/2013,17:30,78,46,32
06/03/2013,17:45,88,70,18
06/03/2013,18:00,81,65,16
06/03/2013,18:15,97,68,29
06/03/2013,18:30,52,42,10
06/03/2013,18:45,61,47,14
06/03/2013,19:00,42,35,7
06/03/2013,19:15,47,35,12
06/03/2013,19:30,58,50,8
06/03/2013,19:45,40,34,6
06/03/2013,20:00,31,22,9
06/03/2013,20:15,25,19,6
06/03/2013,20:30,30,24,6
06/03/2013,20:45,35,22,13
06/03/2013,21:00,14,7,7
06/03/2013,21:15,17,13,4
06/03/2013,21:30,29,25,4
06/03/2013,21:45,20,16,4
06/03/2013,22:00,20,16,4
06/03/2013,22:15,19,14,5
06/03/2013,22:30,22,19,3
06/03/2013,22:45,21,17,4
06/03/2013,23:00,14,10,4
06/03/2013,23:15,9,9,0
06/03/2013,23:30,13,12,1
06/03/2013,23:45,10,9,1
07/03/2013,00:00,8,8,0
07/03/2013,00:15,6,6,0
07/03/2013,00:30,5,5,0
07/03/2013,00:45,2,2,0
07/03/2013,01:00,1,1,0
07/03/2013,01:15,0,0,0
07/03/2013,01:30,0,0,0
07/03/2013,01:45,0,0,0
07/03/2013,02:00,1,1,0
07/03/2013,02:15,2,2,0
07/03/2013,02:30,2,2,0
07/03/2013,02:45,1,0,1
07/03/2013,03:00,1,1,0
07/03/2013,03:15,0,0,0
07/03/2013,03:30,1,0,1
07/03/2013,03:45,0,0,0
07/03/2013,04:00,1,1,0
07/03/2013,04:15,1,0,1
07/03/2013,04:30,3,2,1
07/03/2013,04:45,1,0,1
07/03/2013,05:00,2,0,2
07/03/2013,05:15,1,1,0
07/03/2013,05:30,8,4,4
07/03/2013,05:45,9,5,4
07/03/2013,06:00,26,23,3
07/03/2013,06:15,21,10,11
07/03/2013,06:30,22,12,10
07/03/2013,06:45,28,10,18
07/03/2013,07:00,28,9,19
07/03/2013,07:15,56,17,39
07/03/2013,07:30,64,16,48
07/03/2013,07:45,63,14,49
07/03/2013,08:00,52,12,40
07/03/2013,08:15,78,20,58
07/03/2013,08:30,83,29,54
07/03/2013,08:45,45,16,29
07/03/2013,09:00,50,16,34
07/03/2013,09:15,45,13,32
07/03/2013,09:30,48,13,35
07/03/2013,09:45,33,11,22
07/03/2013,10:00,25,11,14
07/03/2013,10:15,24,18,6
07/03/2013,10:30,30,13,17
07/03/2013,10:45,20,9,11
07/03/2013,11:00,35,15,20
07/03/2013,11:15,22,15,7
07/03/2013,11:30,30,17,13
07/03/2013,11:45,26,13,13
07/03/2013,12:00,26,7,19
07/03/2013,12:15,32,15,17
07/03/2013,12:30,30,17,13
07/03/2013,12:45,25,14,11
07/03/2013,13:00,21,8,13
07/03/2013,13:15,25,12,13
07/03/2013,13:30,23,12,11
07/03/2013,13:45,32,16,16
07/03/2013,14:00,29,14,15
07/03/2013,14:15,30,18,12
07/03/2013,14:30,22,14,8
07/03/2013,14:45,23,16,7
07/03/2013,15:00,25,15,10
07/03/2013,15:15,32,17,15
07/03/2013,15:30,41,26,15
07/03/2013,15:45,29,22,7
07/03/2013,16:00,21,13,8
07/03/2013,16:15,40,29,11
07/03/2013,16:30,51,32,19
07/03/2013,16:45,35,23,12
07/03/2013,17:00,57,39,18
07/03/2013,17:15,58,53,5
07/03/2013,17:30,48,34,14
07/03/2013,17:45,57,46,11
07/03/2013,18:00,44,29,15
07/03/2013,18:15,52,45,7
07/03/2013,18:30,35,29,6
07/03/2013,18:45,29,24,5
07/03/2013,19:00,40,32,8
07/03/2013,19:15,34,30,4
07/03/2013,19:30,34,28,6
07/03/2013,19:45,25,21,4
07/03/2013,20:00,23,22,1
07/03/2013,20:15,21,19,2
07/03/2013,20:30,29,19,10
07/03/2013,20:45,26,22,4
07/03/2013,21:00,17,13,4
07/03/2013,21:15,22,16,6
07/03/2013,21:30,15,14,1
07/03/2013,21:45,12,10,2
07/03/2013,22:00,21,12,9
07/03/2013,22:15,10,7,3
07/03/2013,22:30,11,8,3
07/03/2013,22:45,9,7,2
07/03/2013,23:00,5,3,2
07/03/2013,23:15,11,11,0
07/03/2013,23:30,9,8,1
07/03/2013,23:45,6,5,1
08/03/2013,00:00,6,5,1
08/03/2013,00:15,3,2,1
08/03/2013,00:30,4,3,1
08/03/2013,00:45,2,2,0
08/03/2013,01:00,2,2,0
08/03/2013,01:15,0,0,0
08/03/2013,01:30,2,1,1
08/03/2013,01:45,2,2,0
08/03/2013,02:00,4,2,2
08/03/2013,02:15,3,3,0
08/03/2013,02:30,1,1,0
08/03/2013,02:45,1,1,0
08/03/2013,03:00,1,1,0
08/03/2013,03:15,3,3,0
08/03/2013,03:30,1,1,0
08/03/2013,03:45,0,0,0
08/03/2013,04:00,0,0,0
08/03/2013,04:15,0,0,0
08/03/2013,04:30,1,1,0
08/03/2013,04:45,1,1,0
08/03/2013,05:00,2,0,2
08/03/2013,05:15,1,0,1
08/03/2013,05:30,1,0,1
08/03/2013,05:45,13,8,5
08/03/2013,06:00,17,14,3
08/03/2013,06:15,20,11,9
08/03/2013,06:30,26,12,14
08/03/2013,06:45,24,13,11
08/03/2013,07:00,38,19,19
08/03/2013,07:15,50,16,34
08/03/2013,07:30,65,21,44
08/03/2013,07:45,57,12,45
08/03/2013,08:00,61,18,43
08/03/2013,08:15,76,20,56
08/03/2013,08:30,76,11,65
08/03/2013,08:45,73,22,51
08/03/2013,09:00,49,19,30
08/03/2013,09:15,58,16,42
08/03/2013,09:30,51,25,26
08/03/2013,09:45,43,18,25
08/03/2013,10:00,36,17,19
08/03/2013,10:15,31,16,15
08/03/2013,10:30,31,16,15
08/03/2013,10:45,32,21,11
08/03/2013,11:00,42,23,19
08/03/2013,11:15,49,21,28
08/03/2013,11:30,39,20,19
08/03/2013,11:45,30,6,24
08/03/2013,12:00,31,20,11
08/03/2013,12:15,37,27,10
08/03/2013,12:30,37,20,17
08/03/2013,12:45,30,15,15
08/03/2013,13:00,38,19,19
08/03/2013,13:15,28,15,13
08/03/2013,13:30,27,13,14
08/03/2013,13:45,45,23,22
08/03/2013,14:00,42,25,17
08/03/2013,14:15,33,20,13
08/03/2013,14:30,36,17,19
08/03/2013,14:45,43,27,16
08/03/2013,15:00,39,23,16
08/03/2013,15:15,52,31,21
08/03/2013,15:30,49,24,25
08/03/2013,15:45,63,41,22
08/03/2013,16:00,42,26,16
08/03/2013,16:15,57,38,19
08/03/2013,16:30,53,34,19
08/03/2013,16:45,65,37,28
08/03/2013,17:00,69,41,28
08/03/2013,17:15,90,65,25
08/03/2013,17:30,90,65,25
08/03/2013,17:45,73,60,13
08/03/2013,18:00,71,51,20
08/03/2013,18:15,70,53,17
08/03/2013,18:30,60,43,17
08/03/2013,18:45,53,47,6
08/03/2013,19:00,37,28,9
08/03/2013,19:15,42,34,8
08/03/2013,19:30,43,36,7
08/03/2013,19:45,30,22,8
08/03/2013,20:00,41,29,12
08/03/2013,20:15,27,21,6
08/03/2013,20:30,22,19,3
08/03/2013,20:45,21,17,4
08/03/2013,21:00,26,17,9
08/03/2013,21:15,27,20,7
08/03/2013,21:30,17,11,6
08/03/2013,21:45,22,20,2
08/03/2013,22:00,10,9,1
08/03/2013,22:15,13,6,7
08/03/2013,22:30,20,17,3
08/03/2013,22:45,7,6,1
08/03/2013,23:00,13,12,1
08/03/2013,23:15,10,7,3
08/03/2013,23:30,11,7,4
08/03/2013,23:45,9,8,1
09/03/2013,00:00,10,8,2
09/03/2013,00:15,12,11,1
09/03/2013,00:30,7,7,0
09/03/2013,00:45,8,8,0
09/03/2013,01:00,6,6,0
09/03/2013,01:15,10,9,1
09/03/2013,01:30,2,2,0
09/03/2013,01:45,2,2,0
09/03/2013,02:00,2,2,0
09/03/2013,02:15,2,2,0
09/03/2013,02:30,4,3,1
09/03/2013,02:45,3,3,0
09/03/2013,03:00,2,1,1
09/03/2013,03:15,0,0,0
09/03/2013,03:30,1,1,0
09/03/2013,03:45,5,4,1
09/03/2013,04:00,2,1,1
09/03/2013,04:15,1,0,1
09/03/2013,04:30,2,1,1
09/03/2013,04:45,2,1,1
09/03/2013,05:00,3,1,2
09/03/2013,05:15,7,7,0
09/03/2013,05:30,1,0,1
09/03/2013,05:45,4,3,1
09/03/2013,06:00,4,2,2
09/03/2013,06:15,3,2,1
09/03/2013,06:30,7,5,2
09/03/2013,06:45,12,7,5
09/03/2013,07:00,17,9,8
09/03/2013,07:15,20,11,9
09/03/2013,07:30,17,11,6
09/03/2013,07:45,26,18,8
09/03/2013,08:00,41,25,16
09/03/2013,08:15,47,28,19
09/03/2013,08:30,70,47,23
09/03/2013,08:45,47,33,14
09/03/2013,09:00,79,56,23
09/03/2013,09:15,53,32,21
09/03/2013,09:30,57,36,21
09/03/2013,09:45,63,36,27
09/03/2013,10:00,56,35,21
09/03/2013,10:15,69,48,21
09/03/2013,10:30,78,40,38
09/03/2013,10:45,69,40,29
09/03/2013,11:00,64,39,25
09/03/2013,11:15,84,44,40
09/03/2013,11:30,87,58,29
09/03/2013,11:45,68,40,28
09/03/2013,12:00,123,71,52
09/03/2013,12:15,78,48,30
09/03/2013,12:30,83,49,34
09/03/2013,12:45,76,50,26
09/03/2013,13:00,99,42,57
09/03/2013,13:15,98,55,43
09/03/2013,13:30,116,62,54
09/03/2013,13:45,112,64,48
09/03/2013,14:00,85,49,36
09/03/2013,14:15,107,61,46
09/03/2013,14:30,107,44,63
09/03/2013,14:45,101,40,61
09/03/2013,15:00,89,54,35
09/03/2013,15:15,129,63,66
09/03/2013,15:30,105,47,58
09/03/2013,15:45,96,44,52
09/03/2013,16:00,89,45,44
09/03/2013,16:15,89,40,49
09/03/2013,16:30,77,41,36
09/03/2013,16:45,71,32,39
09/03/2013,17:00,76,25,51
09/03/2013,17:15,63,32,31
09/03/2013,17:30,72,21,51
09/03/2013,17:45,74,26,48
09/03/2013,18:00,78,32,46
09/03/2013,18:15,44,17,27
09/03/2013,18:30,47,20,27
09/03/2013,18:45,35,21,14
09/03/2013,19:00,33,24,9
09/03/2013,19:15,26,19,7
09/03/2013,19:30,26,13,13
09/03/2013,19:45,16,11,5
09/03/2013,20:00,16,9,7
09/03/2013,20:15,20,14,6
09/03/2013,20:30,15,8,7
09/03/2013,20:45,21,12,9
09/03/2013,21:00,12,9,3
09/03/2013,21:15,17,12,5
09/03/2013,21:30,24,14,10
09/03/2013,21:45,19,13,6
09/03/2013,22:00,13,8,5
09/03/2013,22:15,11,10,1
09/03/2013,22:30,8,4,4
09/03/2013,22:45,10,9,1
09/03/2013,23:00,20,11,9
09/03/2013,23:15,14,9,5
09/03/2013,23:30,11,9,2
09/03/2013,23:45,10,7,3
10/03/2013,00:00,12,7,5
10/03/2013,00:15,9,7,2
10/03/2013,00:30,15,11,4
10/03/2013,00:45,11,9,2
10/03/2013,01:00,6,5,1
10/03/2013,01:15,2,2,0
10/03/2013,01:30,4,3,1
10/03/2013,01:45,1,1,0
10/03/2013,02:00,,,
10/03/2013,02:15,,,
10/03/2013,02:30,,,
10/03/2013,02:45,,,
10/03/2013,03:00,5,2,3
10/03/2013,03:15,6,6,0
10/03/2013,03:30,4,3,1
10/03/2013,03:45,3,3,0
10/03/2013,04:00,4,4,0
10/03/2013,04:15,1,1,0
10/03/2013,04:30,1,1,0
10/03/2013,04:45,2,1,1
10/03/2013,05:00,2,0,2
10/03/2013,05:15,1,0,1
10/03/2013,05:30,1,0,1
10/03/2013,05:45,0,0,0
10/03/2013,06:00,5,3,2
10/03/2013,06:15,3,1,2
10/03/2013,06:30,8,5,3
10/03/2013,06:45,5,3,2
10/03/2013,07:00,8,4,4
10/03/2013,07:15,4,2,2
10/03/2013,07:30,16,7,9
10/03/2013,07:45,23,10,13
10/03/2013,08:00,13,7,6
10/03/2013,08:15,29,25,4
10/03/2013,08:30,23,14,9
10/03/2013,08:45,37,26,11
10/03/2013,09:00,29,18,11
10/03/2013,09:15,48,30,18
10/03/2013,09:30,37,23,14
10/03/2013,09:45,47,29,18
10/03/2013,10:00,41,26,15
10/03/2013,10:15,57,41,16
10/03/2013,10:30,79,50,29
10/03/2013,10:45,67,40,27
10/03/2013,11:00,85,47,38
10/03/2013,11:15,89,55,34
10/03/2013,11:30,95,51,44
10/03/2013,11:45,95,48,47
10/03/2013,12:00,95,62,33
10/03/2013,12:15,96,59,37
10/03/2013,12:30,122,76,46
10/03/2013,12:45,97,57,40
10/03/2013,13:00,99,60,39
10/03/2013,13:15,126,77,49
10/03/2013,13:30,116,79,37
10/03/2013,13:45,115,66,49
10/03/2013,14:00,127,86,41
10/03/2013,14:15,138,83,55
10/03/2013,14:30,103,57,46
10/03/2013,14:45,109,50,59
10/03/2013,15:00,117,49,68
10/03/2013,15:15,112,63,49
10/03/2013,15:30,118,50,68
10/03/2013,15:45,117,51,66
10/03/2013,16:00,100,61,39
10/03/2013,16:15,121,62,59
10/03/2013,16:30,120,52,68
10/03/2013,16:45,114,63,51
10/03/2013,17:00,100,57,43
10/03/2013,17:15,97,39,58
10/03/2013,17:30,94,40,54
10/03/2013,17:45,95,42,53
10/03/2013,18:00,98,40,58
10/03/2013,18:15,75,26,49
10/03/2013,18:30,62,29,33
10/03/2013,18:45,49,24,25
10/03/2013,19:00,34,18,16
10/03/2013,19:15,51,19,32
10/03/2013,19:30,21,13,8
10/03/2013,19:45,24,16,8
10/03/2013,20:00,20,10,10
10/03/2013,20:15,18,8,10
10/03/2013,20:30,18,12,6
10/03/2013,20:45,21,16,5
10/03/2013,21:00,10,8,2
10/03/2013,21:15,14,7,7
10/03/2013,21:30,13,5,8
10/03/2013,21:45,20,11,9
10/03/2013,22:00,13,8,5
10/03/2013,22:15,21,14,7
10/03/2013,22:30,11,8,3
10/03/2013,22:45,13,8,5
10/03/2013,23:00,5,5,0
10/03/2013,23:15,7,4,3
10/03/2013,23:30,7,3,4
10/03/2013,23:45,4,2,2
11/03/2013,00:00,6,5,1
11/03/2013,00:15,7,6,1
11/03/2013,00:30,4,2,2
11/03/2013,00:45,0,0,0
11/03/2013,01:00,4,4,0
11/03/2013,01:15,1,0,1
11/03/2013,01:30,4,3,1
11/03/2013,01:45,1,1,0
11/03/2013,02:00,0,0,0
11/03/2013,02:15,1,1,0
11/03/2013,02:30,1,1,0
11/03/2013,02:45,0,0,0
11/03/2013,03:00,0,0,0
11/03/2013,03:15,3,2,1
11/03/2013,03:30,1,1,0
11/03/2013,03:45,0,0,0
11/03/2013,04:00,0,0,0
11/03/2013,04:15,0,0,0
11/03/2013,04:30,3,2,1
11/03/2013,04:45,2,0,2
11/03/2013,05:00,4,3,1
11/03/2013,05:15,3,0,3
11/03/2013,05:30,9,5,4
11/03/2013,05:45,6,0,6
11/03/2013,06:00,12,3,9
11/03/2013,06:15,23,9,14
11/03/2013,06:30,27,10,17
11/03/2013,06:45,35,13,22
11/03/2013,07:00,31,13,18
11/03/2013,07:15,60,24,36
11/03/2013,07:30,64,19,45
11/03/2013,07:45,61,17,44
11/03/2013,08:00,79,17,62
11/03/2013,08:15,93,17,76
11/03/2013,08:30,91,18,73
11/03/2013,08:45,81,24,57
11/03/2013,09:00,59,19,40
11/03/2013,09:15,72,21,51
11/03/2013,09:30,51,20,31
11/03/2013,09:45,44,18,26
11/03/2013,10:00,39,22,17
11/03/2013,10:15,41,18,23
11/03/2013,10:30,43,15,28
11/03/2013,10:45,29,14,15
11/03/2013,11:00,28,14,14
11/03/2013,11:15,36,16,20
11/03/2013,11:30,27,18,9
11/03/2013,11:45,25,14,11
11/03/2013,12:00,31,19,12
11/03/2013,12:15,31,12,19
11/03/2013,12:30,50,35,15
11/03/2013,12:45,37,19,18
11/03/2013,13:00,28,18,10
11/03/2013,13:15,41,25,16
11/03/2013,13:30,45,23,22
11/03/2013,13:45,56,33,23
11/03/2013,14:00,34,16,18
11/03/2013,14:15,65,32,33
11/03/2013,14:30,52,32,20
11/03/2013,14:45,50,28,22
11/03/2013,15:00,35,18,17
11/03/2013,15:15,48,35,13
11/03/2013,15:30,48,24,24
11/03/2013,15:45,53,30,23
11/03/2013,16:00,55,31,24
11/03/2013,16:15,61,43,18
11/03/2013,16:30,70,47,23
11/03/2013,16:45,66,42,24
11/03/2013,17:00,90,65,25
11/03/2013,17:15,97,77,20
11/03/2013,17:30,110,82,28
11/03/2013,17:45,131,107,24
11/03/2013,18:00,133,104,29
11/03/2013,18:15,120,86,34
11/03/2013,18:30,112,84,28
11/03/2013,18:45,84,65,19
11/03/2013,19:00,77,52,25
11/03/2013,19:15,71,54,17
11/03/2013,19:30,62,48,14
11/03/2013,19:45,52,39,13
11/03/2013,20:00,35,28,7
11/03/2013,20:15,32,23,9
11/03/2013,20:30,30,22,8
11/03/2013,20:45,26,22,4
11/03/2013,21:00,36,27,9
11/03/2013,21:15,32,20,12
11/03/2013,21:30,22,16,6
11/03/2013,21:45,21,20,1
11/03/2013,22:00,27,24,3
11/03/2013,22:15,23,20,3
11/03/2013,22:30,16,16,0
11/03/2013,22:45,25,22,3
11/03/2013,23:00,16,12,4
11/03/2013,23:15,10,6,4
11/03/2013,23:30,10,7,3
11/03/2013,23:45,16,16,0
12/03/2013,00:00,5,4,1
12/03/2013,00:15,1,1,0
12/03/2013,00:30,2,2,0
12/03/2013,00:45,4,3,1
12/03/2013,01:00,5,5,0
12/03/2013,01:15,3,3,0
12/03/2013,01:30,0,0,0
12/03/2013,01:45,2,2,0
12/03/2013,02:00,3,2,1
12/03/2013,02:15,1,1,0
12/03/2013,02:30,3,3,0
12/03/2013,02:45,0,0,0
12/03/2013,03:00,0,0,0
12/03/2013,03:15,0,0,0
12/03/2013,03:30,0,0,0
12/03/2013,03:45,0,0,0
12/03/2013,04:00,1,1,0
12/03/2013,04:15,0,0,0
12/03/2013,04:30,5,1,4
12/03/2013,04:45,1,0,1
12/03/2013,05:00,2,0,2
12/03/2013,05:15,1,0,1
12/03/2013,05:30,7,2,5
12/03/2013,05:45,11,4,7
12/03/2013,06:00,26,18,8
12/03/2013,06:15,24,9,15
12/03/2013,06:30,30,12,18
12/03/2013,06:45,36,17,19
12/03/2013,07:00,41,8,33
12/03/2013,07:15,76,28,48
12/03/2013,07:30,78,23,55
12/03/2013,07:45,91,23,68
12/03/2013,08:00,74,22,52
12/03/2013,08:15,101,17,84
12/03/2013,08:30,108,32,76
12/03/2013,08:45,70,22,48
12/03/2013,09:00,85,31,54
12/03/2013,09:15,64,17,47
12/03/2013,09:30,59,23,36
12/03/2013,09:45,41,13,28
12/03/2013,10:00,32,14,18
12/03/2013,10:15,37,19,18
12/03/2013,10:30,33,13,20
12/03/2013,10:45,21,12,9
12/03/2013,11:00,34,17,17
12/03/2013,11:15,30,16,14
12/03/2013,11:30,30,15,15
12/03/2013,11:45,36,20,16
12/03/2013,12:00,37,23,14
12/03/2013,12:15,36,23,13
12/03/2013,12:30,37,21,16
12/03/2013,12:45,38,20,18
12/03/2013,13:00,38,14,24
12/03/2013,13:15,57,29,28
12/03/2013,13:30,49,30,19
12/03/2013,13:45,36,17,19
12/03/2013,14:00,48,30,18
12/03/2013,14:15,40,23,17
12/03/2013,14:30,45,33,12
12/03/2013,14:45,57,34,23
12/03/2013,15:00,38,17,21
12/03/2013,15:15,52,30,22
12/03/2013,15:30,59,35,24
12/03/2013,15:45,61,34,27
12/03/2013,16:00,77,50,27
12/03/2013,16:15,76,48,28
12/03/2013,16:30,65,40,25
12/03/2013,16:45,88,56,32
12/03/2013,17:00,112,81,31
12/03/2013,17:15,115,85,30
12/03/2013,17:30,110,88,22
12/03/2013,17:45,139,95,44
12/03/2013,18:00,112,82,30
12/03/2013,18:15,117,94,23
12/03/2013,18:30,106,71,35
12/03/2013,18:45,103,75,28
12/03/2013,19:00,92,59,33
12/03/2013,19:15,80,60,20
12/03/2013,19:30,80,57,23
12/03/2013,19:45,47,35,12
12/03/2013,20:00,36,24,12
12/03/2013,20:15,43,35,8
12/03/2013,20:30,42,32,10
12/03/2013,20:45,37,32,5
12/03/2013,21:00,26,22,4
12/03/2013,21:15,41,34,7
12/03/2013,21:30,28,26,2
12/03/2013,21:45,37,32,5
12/03/2013,22:00,20,12,8
12/03/2013,22:15,32,21,11
12/03/2013,22:30,16,14,2
12/03/2013,22:45,19,14,5
12/03/2013,23:00,16,14,2
12/03/2013,23:15,12,11,1
12/03/2013,23:30,14,14,0
12/03/2013,23:45,10,8,2
13/03/2013,00:00,8,6,2
13/03/2013,00:15,11,7,4
13/03/2013,00:30,3,3,0
13/03/2013,00:45,2,1,1
13/03/2013,01:00,4,3,1
13/03/2013,01:15,0,0,0
13/03/2013,01:30,4,4,0
13/03/2013,01:45,2,2,0
13/03/2013,02:00,6,6,0
13/03/2013,02:15,0,0,0
13/03/2013,02:30,2,2,0
13/03/2013,02:45,0,0,0
13/03/2013,03:00,0,0,0
13/03/2013,03:15,1,1,0
13/03/2013,03:30,1,0,1
13/03/2013,03:45,1,1,0
13/03/2013,04:00,1,1,0
13/03/2013,04:15,1,0,1
13/03/2013,04:30,2,2,0
13/03/2013,04:45,2,1,1
13/03/2013,05:00,2,1,1
13/03/2013,05:15,1,0,1
13/03/2013,05:30,8,5,3
13/03/2013,05:45,9,3,6
13/03/2013,06:00,16,6,10
13/03/2013,06:15,27,16,11
13/03/2013,06:30,39,20,19
13/03/2013,06:45,30,12,18
13/03/2013,07:00,38,11,27
13/03/2013,07:15,54,14,40
13/03/2013,07:30,85,19,66
13/03/2013,07:45,82,23,59
13/03/2013,08:00,77,21,56
13/03/2013,08:15,97,22,75
13/03/2013,08:30,103,28,75
13/03/2013,08:45,83,25,58
13/03/2013,09:00,74,19,55
13/03/2013,09:15,73,29,44
13/03/2013,09:30,64,23,41
13/03/2013,09:45,53,20,33
13/03/2013,10:00,30,16,14
13/03/2013,10:15,38,14,24
13/03/2013,10:30,50,28,22
13/03/2013,10:45,28,15,13
13/03/2013,11:00,47,25,22
13/03/2013,11:15,36,16,20
13/03/2013,11:30,49,31,18
13/03/2013,11:45,35,20,15
13/03/2013,12:00,28,13,15
13/03/2013,12:15,46,25,21
13/03/2013,12:30,39,25,14
13/03/2013,12:45,39,26,13
13/03/2013,13:00,47,18,29
13/03/2013,13:15,47,25,22
13/03/2013,13:30,54,33,21
13/03/2013,13:45,49,28,21
13/03/2013,14:00,54,26,28
13/03/2013,14:15,42,20,22
13/03/2013,14:30,42,21,21
13/03/2013,14:45,45,31,14
13/03/2013,15:00,54,32,22
13/03/2013,15:15,71,49,22
13/03/2013,15:30,60,36,24
13/03/2013,15:45,59,29,30
13/03/2013,16:00,55,27,28
13/03/2013,16:15,75,45,30
13/03/2013,16:30,93,50,43
13/03/2013,16:45,83,62,21
13/03/2013,17:00,121,81,40
13/03/2013,17:15,131,84,47
13/03/2013,17:30,135,90,45
13/03/2013,17:45,123,87,36
13/03/2013,18:00,118,86,32
13/03/2013,18:15,132,94,38
13/03/2013,18:30,115,94,21
13/03/2013,18:45,81,56,25
13/03/2013,19:00,93,68,25
13/03/2013,19:15,74,56,18
13/03/2013,19:30,55,34,21
13/03/2013,19:45,57,40,17
13/03/2013,20:00,49,37,12
13/03/2013,20:15,49,38,11
13/03/2013,20:30,54,38,16
13/03/2013,20:45,61,30,31
13/03/2013,21:00,40,33,7
13/03/2013,21:15,35,27,8
13/03/2013,21:30,38,32,6
13/03/2013,21:45,38,27,11
13/03/2013,22:00,46,28,18
13/03/2013,22:15,21,14,7
13/03/2013,22:30,22,18,4
13/03/2013,22:45,25,22,3
13/03/2013,23:00,21,16,5
13/03/2013,23:15,30,26,4
13/03/2013,23:30,16,12,4
13/03/2013,23:45,10,9,1
14/03/2013,00:00,9,7,2
14/03/2013,00:15,4,4,0
14/03/2013,00:30,12,7,5
14/03/2013,00:45,11,10,1
14/03/2013,01:00,4,4,0
14/03/2013,01:15,3,3,0
14/03/2013,01:30,3,2,1
14/03/2013,01:45,6,5,1
14/03/2013,02:00,3,3,0
14/03/2013,02:15,2,2,0
14/03/2013,02:30,2,2,0
14/03/2013,02:45,0,0,0
14/03/2013,03:00,2,2,0
14/03/2013,03:15,1,1,0
14/03/2013,03:30,2,2,0
14/03/2013,03:45,1,0,1
14/03/2013,04:00,0,0,0
14/03/2013,04:15,0,0,0
14/03/2013,04:30,4,2,2
14/03/2013,04:45,0,0,0
14/03/2013,05:00,2,0,2
14/03/2013,05:15,3,0,3
14/03/2013,05:30,4,2,2
14/03/2013,05:45,11,7,4
14/03/2013,06:00,20,9,11
14/03/2013,06:15,27,13,14
14/03/2013,06:30,27,14,13
14/03/2013,06:45,34,16,18
14/03/2013,07:00,37,16,21
14/03/2013,07:15,62,18,44
14/03/2013,07:30,83,22,61
14/03/2013,07:45,70,20,50
14/03/2013,08:00,77,21,56
14/03/2013,08:15,99,22,77
14/03/2013,08:30,95,25,70
14/03/2013,08:45,73,18,55
14/03/2013,09:00,70,18,52
14/03/2013,09:15,55,14,41
14/03/2013,09:30,67,24,43
14/03/2013,09:45,34,13,21
14/03/2013,10:00,36,15,21
14/03/2013,10:15,27,10,17
14/03/2013,10:30,38,22,16
14/03/2013,10:45,16,9,7
14/03/2013,11:00,21,12,9
14/03/2013,11:15,25,12,13
14/03/2013,11:30,43,14,29
14/03/2013,11:45,40,28,12
14/03/2013,12:00,28,13,15
14/03/2013,12:15,43,22,21
14/03/2013,12:30,30,20,10
14/03/2013,12:45,37,21,16
14/03/2013,13:00,40,20,20
14/03/2013,13:15,44,23,21
14/03/2013,13:30,33,13,20
14/03/2013,13:45,34,25,9
14/03/2013,14:00,35,17,18
14/03/2013,14:15,44,27,17
14/03/2013,14:30,31,13,18
14/03/2013,14:45,30,15,15
14/03/2013,15:00,29,16,13
14/03/2013,15:15,30,17,13
14/03/2013,15:30,41,31,10
14/03/2013,15:45,38,24,14
14/03/2013,16:00,39,25,14
14/03/2013,16:15,60,42,18
14/03/2013,16:30,58,40,18
14/03/2013,16:45,50,39,11
14/03/2013,17:00,89,55,34
14/03/2013,17:15,97,76,21
14/03/2013,17:30,106,72,34
14/03/2013,17:45,97,76,21
14/03/2013,18:00,93,76,17
14/03/2013,18:15,104,83,21
14/03/2013,18:30,83,70,13
14/03/2013,18:45,81,58,23
14/03/2013,19:00,66,48,18
14/03/2013,19:15,59,45,14
14/03/2013,19:30,48,39,9
14/03/2013,19:45,50,41,9
14/03/2013,20:00,37,28,9
14/03/2013,20:15,41,30,11
14/03/2013,20:30,46,27,19
14/03/2013,20:45,25,20,5
14/03/2013,21:00,40,31,9
14/03/2013,21:15,31,21,10
14/03/2013,21:30,30,18,12
14/03/2013,21:45,43,26,17
14/03/2013,22:00,24,21,3
14/03/2013,22:15,27,19,8
14/03/2013,22:30,20,18,2
14/03/2013,22:45,19,13,6
14/03/2013,23:00,17,13,4
14/03/2013,23:15,16,13,3
14/03/2013,23:30,12,8,4
14/03/2013,23:45,14,13,1
15/03/2013,00:00,10,7,3
15/03/2013,00:15,4,3,1
15/03/2013,00:30,3,3,0
15/03/2013,00:45,3,3,0
15/03/2013,01:00,6,6,0
15/03/2013,01:15,5,5,0
15/03/2013,01:30,2,1,1
15/03/2013,01:45,2,2,0
15/03/2013,02:00,3,3,0
15/03/2013,02:15,3,2,1
15/03/2013,02:30,4,3,1
15/03/2013,02:45,1,1,0
15/03/2013,03:00,0,0,0
15/03/2013,03:15,1,0,1
15/03/2013,03:30,1,1,0
15/03/2013,03:45,3,2,1
15/03/2013,04:00,0,0,0
15/03/2013,04:15,0,0,0
15/03/2013,04:30,3,2,1
15/03/2013,04:45,3,1,2
15/03/2013,05:00,3,1,2
15/03/2013,05:15,2,0,2
15/03/2013,05:30,4,1,3
15/03/2013,05:45,13,7,6
15/03/2013,06:00,12,7,5
15/03/2013,06:15,20,7,13
15/03/2013,06:30,21,6,15
15/03/2013,06:45,33,15,18
15/03/2013,07:00,37,17,20
15/03/2013,07:15,53,16,37
15/03/2013,07:30,71,18,53
15/03/2013,07:45,65,19,46
15/03/2013,08:00,64,18,46
15/03/2013,08:15,84,20,64
15/03/2013,08:30,87,30,57
15/03/2013,08:45,67,19,48
15/03/2013,09:00,73,20,53
15/03/2013,09:15,38,17,21
15/03/2013,09:30,45,14,31
15/03/2013,09:45,25,7,18
15/03/2013,10:00,40,17,23
15/03/2013,10:15,41,26,15
15/03/2013,10:30,27,16,11
15/03/2013,10:45,38,18,20
15/03/2013,11:00,31,20,11
15/03/2013,11:15,24,6,18
15/03/2013,11:30,26,9,17
15/03/2013,11:45,28,11,17
15/03/2013,12:00,27,14,13
15/03/2013,12:15,48,27,21
15/03/2013,12:30,28,17,11
15/03/2013,12:45,39,25,14
15/03/2013,13:00,45,27,18
15/03/2013,13:15,48,27,21
15/03/2013,13:30,37,20,17
15/03/2013,13:45,40,21,19
15/03/2013,14:00,44,27,17
15/03/2013,14:15,49,31,18
15/03/2013,14:30,39,21,18
15/03/2013,14:45,49,30,19
15/03/2013,15:00,46,30,16
15/03/2013,15:15,49,33,16
15/03/2013,15:30,43,22,21
15/03/2013,15:45,63,37,26
15/03/2013,16:00,65,43,22
15/03/2013,16:15,65,37,28
15/03/2013,16:30,77,50,27
15/03/2013,16:45,62,35,27
15/03/2013,17:00,92,65,27
15/03/2013,17:15,97,77,20
15/03/2013,17:30,91,60,31
15/03/2013,17:45,82,58,24
15/03/2013,18:00,86,65,21
15/03/2013,18:15,76,59,17
15/03/2013,18:30,60,39,21
15/03/2013,18:45,63,40,23
15/03/2013,19:00,71,55,16
15/03/2013,19:15,44,35,9
15/03/2013,19:30,47,38,9
15/03/2013,19:45,30,25,5
15/03/2013,20:00,31,23,8
15/03/2013,20:15,33,21,12
15/03/2013,20:30,26,21,5
15/03/2013,20:45,29,21,8
15/03/2013,21:00,22,16,6
15/03/2013,21:15,16,10,6
15/03/2013,21:30,27,21,6
15/03/2013,21:45,27,20,7
15/03/2013,22:00,23,19,4
15/03/2013,22:15,21,7,14
15/03/2013,22:30,20,13,7
15/03/2013,22:45,21,17,4
15/03/2013,23:00,19,16,3
15/03/2013,23:15,19,15,4
15/03/2013,23:30,10,8,2
15/03/2013,23:45,23,17,6
16/03/2013,00:00,19,15,4
16/03/2013,00:15,16,12,4
16/03/2013,00:30,11,8,3
16/03/2013,00:45,13,7,6
16/03/2013,01:00,8,8,0
16/03/2013,01:15,13,12,1
16/03/2013,01:30,5,3,2
16/03/2013,01:45,10,9,1
16/03/2013,02:00,12,11,1
16/03/2013,02:15,9,8,1
16/03/2013,02:30,2,2,0
16/03/2013,02:45,0,0,0
16/03/2013,03:00,3,3,0
16/03/2013,03:15,2,2,0
16/03/2013,03:30,1,1,0
16/03/2013,03:45,2,2,0
16/03/2013,04:00,0,0,0
16/03/2013,04:15,1,0,1
16/03/2013,04:30,0,0,0
16/03/2013,04:45,1,0,1
16/03/2013,05:00,4,2,2
16/03/2013,05:15,1,1,0
16/03/2013,05:30,3,1,2
16/03/2013,05:45,2,1,1
16/03/2013,06:00,4,1,3
16/03/2013,06:15,3,1,2
16/03/2013,06:30,8,6,2
16/03/2013,06:45,8,5,3
16/03/2013,07:00,14,6,8
16/03/2013,07:15,13,9,4
16/03/2013,07:30,21,13,8
16/03/2013,07:45,19,12,7
16/03/2013,08:00,35,26,9
16/03/2013,08:15,41,28,13
16/03/2013,08:30,47,34,13
16/03/2013,08:45,39,30,9
16/03/2013,09:00,62,39,23
16/03/2013,09:15,36,18,18
16/03/2013,09:30,55,27,28
16/03/2013,09:45,40,23,17
16/03/2013,10:00,57,35,22
16/03/2013,10:15,56,38,18
16/03/2013,10:30,81,49,32
16/03/2013,10:45,60,36,24
16/03/2013,11:00,61,36,25
16/03/2013,11:15,66,41,25
16/03/2013,11:30,85,63,22
16/03/2013,11:45,63,36,27
16/03/2013,12:00,78,46,32
16/03/2013,12:15,91,60,31
16/03/2013,12:30,77,42,35
16/03/2013,12:45,83,49,34
16/03/2013,13:00,109,63,46
16/03/2013,13:15,95,57,38
16/03/2013,13:30,110,51,59
16/03/2013,13:45,114,63,51
16/03/2013,14:00,68,28,40
16/03/2013,14:15,92,47,45
16/03/2013,14:30,111,64,47
16/03/2013,14:45,92,58,34
16/03/2013,15:00,130,68,62
16/03/2013,15:15,100,56,44
16/03/2013,15:30,89,45,44
16/03/2013,15:45,99,51,48
16/03/2013,16:00,88,38,50
16/03/2013,16:15,92,56,36
16/03/2013,16:30,96,44,52
16/03/2013,16:45,110,52,58
16/03/2013,17:00,90,44,46
16/03/2013,17:15,80,39,41
16/03/2013,17:30,109,44,65
16/03/2013,17:45,68,29,39
16/03/2013,18:00,65,36,29
16/03/2013,18:15,53,26,27
16/03/2013,18:30,55,34,21
16/03/2013,18:45,45,30,15
16/03/2013,19:00,56,17,39
16/03/2013,19:15,48,27,21
16/03/2013,19:30,24,12,12
16/03/2013,19:45,40,20,20
16/03/2013,20:00,16,13,3
16/03/2013,20:15,18,9,9
16/03/2013,20:30,24,14,10
16/03/2013,20:45,17,10,7
16/03/2013,21:00,26,12,14
16/03/2013,21:15,15,12,3
16/03/2013,21:30,13,10,3
16/03/2013,21:45,16,13,3
16/03/2013,22:00,19,16,3
16/03/2013,22:15,14,11,3
16/03/2013,22:30,18,7,11
16/03/2013,22:45,17,16,1
16/03/2013,23:00,21,13,8
16/03/2013,23:15,8,6,2
16/03/2013,23:30,22,18,4
16/03/2013,23:45,5,4,1
17/03/2013,00:00,22,18,4
17/03/2013,00:15,11,10,1
17/03/2013,00:30,11,10,1
17/03/2013,00:45,13,12,1
17/03/2013,01:00,7,7,0
17/03/2013,01:15,12,9,3
17/03/2013,01:30,3,3,0
17/03/2013,01:45,6,4,2
17/03/2013,02:00,14,14,0
17/03/2013,02:15,13,13,0
17/03/2013,02:30,7,6,1
17/03/2013,02:45,2,2,0
17/03/2013,03:00,5,5,0
17/03/2013,03:15,2,2,0
17/03/2013,03:30,3,3,0
17/03/2013,03:45,2,1,1
17/03/2013,04:00,1,1,0
17/03/2013,04:15,1,1,0
17/03/2013,04:30,2,2,0
17/03/2013,04:45,0,0,0
17/03/2013,05:00,2,1,1
17/03/2013,05:15,0,0,0
17/03/2013,05:30,3,1,2
17/03/2013,05:45,0,0,0
17/03/2013,06:00,3,1,2
17/03/2013,06:15,3,2,1
17/03/2013,06:30,13,7,6
17/03/2013,06:45,20,10,10
17/03/2013,07:00,6,4,2
17/03/2013,07:15,15,10,5
17/03/2013,07:30,15,8,7
17/03/2013,07:45,16,6,10
17/03/2013,08:00,26,21,5
17/03/2013,08:15,33,19,14
17/03/2013,08:30,48,36,12
17/03/2013,08:45,38,24,14
17/03/2013,09:00,47,31,16
17/03/2013,09:15,56,38,18
17/03/2013,09:30,55,41,14
17/03/2013,09:45,69,45,24
17/03/2013,10:00,76,53,23
17/03/2013,10:15,58,33,25
17/03/2013,10:30,77,61,16
17/03/2013,10:45,80,43,37
17/03/2013,11:00,77,45,32
17/03/2013,11:15,100,67,33
17/03/2013,11:30,98,59,39
17/03/2013,11:45,94,56,38
17/03/2013,12:00,89,52,37
17/03/2013,12:15,104,52,52
17/03/2013,12:30,105,72,33
17/03/2013,12:45,83,51,32
17/03/2013,13:00,128,79,49
17/03/2013,13:15,104,52,52
17/03/2013,13:30,121,68,53
17/03/2013,13:45,98,64,34
17/03/2013,14:00,150,79,71
17/03/2013,14:15,140,70,70
17/03/2013,14:30,120,68,52
17/03/2013,14:45,127,60,67
17/03/2013,15:00,107,54,53
17/03/2013,15:15,93,41,52
17/03/2013,15:30,83,51,32
17/03/2013,15:45,109,49,60
17/03/2013,16:00,96,45,51
17/03/2013,16:15,115,49,66
17/03/2013,16:30,101,39,62
17/03/2013,16:45,85,33,52
17/03/2013,17:00,84,36,48
17/03/2013,17:15,89,37,52
17/03/2013,17:30,81,30,51
17/03/2013,17:45,78,31,47
17/03/2013,18:00,68,38,30
17/03/2013,18:15,54,21,33
17/03/2013,18:30,49,25,24
17/03/2013,18:45,46,18,28
17/03/2013,19:00,43,27,16
17/03/2013,19:15,41,18,23
17/03/2013,19:30,28,22,6
17/03/2013,19:45,25,14,11
17/03/2013,20:00,23,15,8
17/03/2013,20:15,18,13,5
17/03/2013,20:30,8,6,2
17/03/2013,20:45,15,12,3
17/03/2013,21:00,11,7,4
17/03/2013,21:15,14,9,5
17/03/2013,21:30,18,13,5
17/03/2013,21:45,17,14,3
17/03/2013,22:00,16,12,4
17/03/2013,22:15,11,10,1
17/03/2013,22:30,10,9,1
17/03/2013,22:45,14,10,4
17/03/2013,23:00,7,4,3
17/03/2013,23:15,7,6,1
17/03/2013,23:30,6,3,3
17/03/2013,23:45,9,8,1
18/03/2013,00:00,4,4,0
18/03/2013,00:15,7,4,3
18/03/2013,00:30,10,9,1
18/03/2013,00:45,6,6,0
18/03/2013,01:00,3,3,0
18/03/2013,01:15,0,0,0
18/03/2013,01:30,2,2,0
18/03/2013,01:45,4,4,0
18/03/2013,02:00,2,1,1
18/03/2013,02:15,0,0,0
18/03/2013,02:30,0,0,0
18/03/2013,02:45,0,0,0
18/03/2013,03:00,1,1,0
18/03/2013,03:15,0,0,0
18/03/2013,03:30,0,0,0
18/03/2013,03:45,2,2,0
18/03/2013,04:00,1,1,0
18/03/2013,04:15,0,0,0
18/03/2013,04:30,0,0,0
18/03/2013,04:45,6,2,4
18/03/2013,05:00,2,0,2
18/03/2013,05:15,2,0,2
18/03/2013,05:30,4,1,3
18/03/2013,05:45,5,3,2
18/03/2013,06:00,13,7,6
18/03/2013,06:15,25,5,20
18/03/2013,06:30,24,9,15
18/03/2013,06:45,25,7,18
18/03/2013,07:00,40,12,28
18/03/2013,07:15,64,22,42
18/03/2013,07:30,68,20,48
18/03/2013,07:45,64,14,50
18/03/2013,08:00,86,20,66
18/03/2013,08:15,80,20,60
18/03/2013,08:30,101,22,79
18/03/2013,08:45,71,13,58
18/03/2013,09:00,70,21,49
18/03/2013,09:15,57,15,42
18/03/2013,09:30,54,21,33
18/03/2013,09:45,32,11,21
18/03/2013,10:00,34,15,19
18/03/2013,10:15,31,10,21
18/03/2013,10:30,36,23,13
18/03/2013,10:45,15,12,3
18/03/2013,11:00,33,19,14
18/03/2013,11:15,34,17,17
18/03/2013,11:30,28,13,15
18/03/2013,11:45,19,9,10
18/03/2013,12:00,23,14,9
18/03/2013,12:15,31,20,11
18/03/2013,12:30,30,21,9
18/03/2013,12:45,28,13,15
18/03/2013,13:00,30,16,14
18/03/2013,13:15,38,16,22
18/03/2013,13:30,43,27,16
18/03/2013,13:45,29,17,12
18/03/2013,14:00,38,18,20
18/03/2013,14:15,32,19,13
18/03/2013,14:30,39,21,18
18/03/2013,14:45,42,27,15
18/03/2013,15:00,43,24,19
18/03/2013,15:15,49,27,22
18/03/2013,15:30,46,29,17
18/03/2013,15:45,41,26,15
18/03/2013,16:00,51,39,12
18/03/2013,16:15,42,25,17
18/03/2013,16:30,61,48,13
18/03/2013,16:45,69,43,26
18/03/2013,17:00,93,66,27
18/03/2013,17:15,87,66,21
18/03/2013,17:30,117,94,23
18/03/2013,17:45,105,84,21
18/03/2013,18:00,113,84,29
18/03/2013,18:15,94,73,21
18/03/2013,18:30,85,68,17
18/03/2013,18:45,85,62,23
18/03/2013,19:00,66,41,25
18/03/2013,19:15,70,52,18
18/03/2013,19:30,61,46,15
18/03/2013,19:45,34,25,9
18/03/2013,20:00,36,25,11
18/03/2013,20:15,37,33,4
18/03/2013,20:30,37,29,8
18/03/2013,20:45,27,22,5
18/03/2013,21:00,30,24,6
18/03/2013,21:15,30,23,7
18/03/2013,21:30,26,19,7
18/03/2013,21:45,23,17,6
18/03/2013,22:00,19,18,1
18/03/2013,22:15,28,23,5
18/03/2013,22:30,15,12,3
18/03/2013,22:45,13,9,4
18/03/2013,23:00,14,11,3
18/03/2013,23:15,12,10,2
18/03/2013,23:30,14,12,2
18/03/2013,23:45,9,6,3
19/03/2013,00:00,4,2,2
19/03/2013,00:15,3,3,0
19/03/2013,00:30,7,6,1
19/03/2013,00:45,1,1,0
19/03/2013,01:00,2,2,0
19/03/2013,01:15,2,2,0
19/03/2013,01:30,2,1,1
19/03/2013,01:45,5,5,0
19/03/2013,02:00,1,1,0
19/03/2013,02:15,1,0,1
19/03/2013,02:30,1,1,0
19/03/2013,02:45,1,0,1
19/03/2013,03:00,0,0,0
19/03/2013,03:15,0,0,0
19/03/2013,03:30,1,1,0
19/03/2013,03:45,1,1,0
19/03/2013,04:00,0,0,0
19/03/2013,04:15,3,1,2
19/03/2013,04:30,1,1,0
19/03/2013,04:45,0,0,0
19/03/2013,05:00,2,0,2
19/03/2013,05:15,5,2,3
19/03/2013,05:30,11,9,2
19/03/2013,05:45,8,5,3
19/03/2013,06:00,31,23,8
19/03/2013,06:15,22,7,15
19/03/2013,06:30,33,18,15
19/03/2013,06:45,26,10,16
19/03/2013,07:00,38,13,25
19/03/2013,07:15,77,19,58
19/03/2013,07:30,75,20,55
19/03/2013,07:45,94,22,72
19/03/2013,08:00,96,25,71
19/03/2013,08:15,103,32,71
19/03/2013,08:30,110,30,80
19/03/2013,08:45,80,18,62
19/03/2013,09:00,80,22,58
19/03/2013,09:15,51,20,31
19/03/2013,09:30,61,28,33
19/03/2013,09:45,44,17,27
19/03/2013,10:00,32,13,19
19/03/2013,10:15,39,18,21
19/03/2013,10:30,45,26,19
19/03/2013,10:45,34,19,15
19/03/2013,11:00,30,15,15
19/03/2013,11:15,27,15,12
19/03/2013,11:30,25,14,11
19/03/2013,11:45,36,21,15
19/03/2013,12:00,28,13,15
19/03/2013,12:15,35,18,17
19/03/2013,12:30,42,21,21
19/03/2013,12:45,27,14,13
19/03/2013,13:00,43,18,25
19/03/2013,13:15,25,11,14
19/03/2013,13:30,30,17,13
19/03/2013,13:45,31,20,11
19/03/2013,14:00,25,13,12
19/03/2013,14:15,44,30,14
19/03/2013,14:30,35,21,14
19/03/2013,14:45,44,25,19
19/03/2013,15:00,24,14,10
19/03/2013,15:15,40,29,11
19/03/2013,15:30,50,30,20
19/03/2013,15:45,44,28,16
19/03/2013,16:00,47,30,17
19/03/2013,16:15,63,42,21
19/03/2013,16:30,62,44,18
19/03/2013,16:45,64,43,21
19/03/2013,17:00,94,69,25
19/03/2013,17:15,110,77,33
19/03/2013,17:30,102,77,25
19/03/2013,17:45,110,81,29
19/03/2013,18:00,107,77,30
19/03/2013,18:15,85,71,14
19/03/2013,18:30,64,54,10
19/03/2013,18:45,36,30,6
19/03/2013,19:00,34,23,11
19/03/2013,19:15,34,31,3
19/03/2013,19:30,22,18,4
19/03/2013,19:45,37,26,11
19/03/2013,20:00,31,21,10
19/03/2013,20:15,19,17,2
19/03/2013,20:30,16,13,3
19/03/2013,20:45,24,20,4
19/03/2013,21:00,21,16,5
19/03/2013,21:15,23,18,5
19/03/2013,21:30,14,11,3
19/03/2013,21:45,15,9,6
19/03/2013,22:00,17,14,3
19/03/2013,22:15,12,9,3
19/03/2013,22:30,10,9,1
19/03/2013,22:45,10,9,1
19/03/2013,23:00,7,5,2
19/03/2013,23:15,6,6,0
19/03/2013,23:30,9,6,3
19/03/2013,23:45,8,7,1
20/03/2013,00:00,4,3,1
20/03/2013,00:15,3,3,0
20/03/2013,00:30,3,3,0
20/03/2013,00:45,3,1,2
20/03/2013,01:00,1,1,0
20/03/2013,01:15,3,3,0
20/03/2013,01:30,0,0,0
20/03/2013,01:45,2,2,0
20/03/2013,02:00,3,3,0
20/03/2013,02:15,1,1,0
20/03/2013,02:30,1,1,0
20/03/2013,02:45,0,0,0
20/03/2013,03:00,1,1,0
20/03/2013,03:15,1,1,0
20/03/2013,03:30,1,1,0
20/03/2013,03:45,0,0,0
20/03/2013,04:00,1,1,0
20/03/2013,04:15,0,0,0
20/03/2013,04:30,1,1,0
20/03/2013,04:45,0,0,0
20/03/2013,05:00,4,1,3
20/03/2013,05:15,2,2,0
20/03/2013,05:30,5,1,4
20/03/2013,05:45,5,2,3
20/03/2013,06:00,12,5,7
20/03/2013,06:15,15,6,9
20/03/2013,06:30,11,4,7
20/03/2013,06:45,17,8,9
20/03/2013,07:00,32,8,24
20/03/2013,07:15,29,5,24
20/03/2013,07:30,45,10,35
20/03/2013,07:45,43,9,34
20/03/2013,08:00,55,12,43
20/03/2013,08:15,34,10,24
20/03/2013,08:30,71,19,52
20/03/2013,08:45,30,10,20
20/03/2013,09:00,49,15,34
20/03/2013,09:15,44,14,30
20/03/2013,09:30,54,23,31
20/03/2013,09:45,24,12,12
20/03/2013,10:00,22,6,16
20/03/2013,10:15,29,12,17
20/03/2013,10:30,33,12,21
20/03/2013,10:45,25,13,12
20/03/2013,11:00,19,11,8
20/03/2013,11:15,26,11,15
20/03/2013,11:30,20,15,5
20/03/2013,11:45,19,14,5
20/03/2013,12:00,11,7,4
20/03/2013,12:15,15,10,5
20/03/2013,12:30,14,6,8
20/03/2013,12:45,11,6,5
20/03/2013,13:00,13,4,9
20/03/2013,13:15,16,7,9
20/03/2013,13:30,13,9,4
20/03/2013,13:45,6,3,3
20/03/2013,14:00,16,9,7
20/03/2013,14:15,9,4,5
20/03/2013,14:30,10,7,3
20/03/2013,14:45,13,9,4
20/03/2013,15:00,16,11,5
20/03/2013,15:15,17,13,4
20/03/2013,15:30,19,12,7
20/03/2013,15:45,23,19,4
20/03/2013,16:00,23,13,10
20/03/2013,16:15,17,12,5
20/03/2013,16:30,31,24,7
20/03/2013,16:45,34,26,8
20/03/2013,17:00,39,28,11
20/03/2013,17:15,65,57,8
20/03/2013,17:30,70,56,14
20/03/2013,17:45,54,48,6
20/03/2013,18:00,58,44,14
20/03/2013,18:15,65,52,13
20/03/2013,18:30,52,41,11
20/03/2013,18:45,44,31,13
20/03/2013,19:00,33,20,13
20/03/2013,19:15,24,16,8
20/03/2013,19:30,36,28,8
20/03/2013,19:45,37,27,10
20/03/2013,20:00,23,18,5
20/03/2013,20:15,19,17,2
20/03/2013,20:30,29,23,6
20/03/2013,20:45,23,12,11
20/03/2013,21:00,18,14,4
20/03/2013,21:15,18,14,4
20/03/2013,21:30,17,16,1
20/03/2013,21:45,12,11,1
20/03/2013,22:00,19,14,5
20/03/2013,22:15,14,11,3
20/03/2013,22:30,12,9,3
20/03/2013,22:45,7,6,1
20/03/2013,23:00,8,7,1
20/03/2013,23:15,8,8,0
20/03/2013,23:30,7,6,1
20/03/2013,23:45,6,6,0
21/03/2013,00:00,3,2,1
21/03/2013,00:15,8,7,1
21/03/2013,00:30,3,1,2
21/03/2013,00:45,2,2,0
21/03/2013,01:00,2,1,1
21/03/2013,01:15,0,0,0
21/03/2013,01:30,4,4,0
21/03/2013,01:45,2,2,0
21/03/2013,02:00,3,2,1
21/03/2013,02:15,2,1,1
21/03/2013,02:30,1,1,0
21/03/2013,02:45,0,0,0
21/03/2013,03:00,0,0,0
21/03/2013,03:15,0,0,0
21/03/2013,03:30,0,0,0
21/03/2013,03:45,0,0,0
21/03/2013,04:00,1,0,1
21/03/2013,04:15,1,0,1
21/03/2013,04:30,4,2,2
21/03/2013,04:45,3,1,2
21/03/2013,05:00,2,1,1
21/03/2013,05:15,0,0,0
21/03/2013,05:30,2,1,1
21/03/2013,05:45,11,4,7
21/03/2013,06:00,25,17,8
21/03/2013,06:15,23,9,14
21/03/2013,06:30,31,16,15
21/03/2013,06:45,24,10,14
21/03/2013,07:00,41,18,23
21/03/2013,07:15,62,18,44
21/03/2013,07:30,70,21,49
21/03/2013,07:45,63,21,42
21/03/2013,08:00,72,18,54
21/03/2013,08:15,97,28,69
21/03/2013,08:30,89,22,67
21/03/2013,08:45,69,12,57
21/03/2013,09:00,56,14,42
21/03/2013,09:15,54,21,33
21/03/2013,09:30,63,21,42
21/03/2013,09:45,45,18,27
21/03/2013,10:00,41,16,25
21/03/2013,10:15,41,23,18
21/03/2013,10:30,36,18,18
21/03/2013,10:45,47,24,23
21/03/2013,11:00,27,15,12
21/03/2013,11:15,44,23,21
21/03/2013,11:30,46,24,22
21/03/2013,11:45,45,26,19
21/03/2013,12:00,34,20,14
21/03/2013,12:15,40,26,14
21/03/2013,12:30,44,28,16
21/03/2013,12:45,32,18,14
21/03/2013,13:00,37,25,12
21/03/2013,13:15,51,30,21
21/03/2013,13:30,35,19,16
21/03/2013,13:45,44,22,22
21/03/2013,14:00,42,21,21
21/03/2013,14:15,35,21,14
21/03/2013,14:30,55,30,25
21/03/2013,14:45,47,22,25
21/03/2013,15:00,45,26,19
21/03/2013,15:15,54,20,34
21/03/2013,15:30,47,28,19
21/03/2013,15:45,61,32,29
21/03/2013,16:00,52,27,25
21/03/2013,16:15,67,38,29
21/03/2013,16:30,100,62,38
21/03/2013,16:45,68,49,19
21/03/2013,17:00,88,57,31
21/03/2013,17:15,134,99,35
21/03/2013,17:30,121,85,36
21/03/2013,17:45,123,90,33
21/03/2013,18:00,102,74,28
21/03/2013,18:15,122,91,31
21/03/2013,18:30,109,84,25
21/03/2013,18:45,95,77,18
21/03/2013,19:00,72,48,24
21/03/2013,19:15,72,55,17
21/03/2013,19:30,75,52,23
21/03/2013,19:45,40,30,10
21/03/2013,20:00,49,36,13
21/03/2013,20:15,39,30,9
21/03/2013,20:30,25,18,7
21/03/2013,20:45,43,28,15
21/03/2013,21:00,31,27,4
21/03/2013,21:15,34,27,7
21/03/2013,21:30,23,16,7
21/03/2013,21:45,41,27,14
21/03/2013,22:00,30,22,8
21/03/2013,22:15,30,27,3
21/03/2013,22:30,32,24,8
21/03/2013,22:45,25,20,5
21/03/2013,23:00,20,14,6
21/03/2013,23:15,13,9,4
21/03/2013,23:30,14,13,1
21/03/2013,23:45,11,8,3
22/03/2013,00:00,18,15,3
22/03/2013,00:15,9,8,1
22/03/2013,00:30,6,6,0
22/03/2013,00:45,5,5,0
22/03/2013,01:00,9,8,1
22/03/2013,01:15,5,5,0
22/03/2013,01:30,0,0,0
22/03/2013,01:45,4,4,0
22/03/2013,02:00,3,2,1
22/03/2013,02:15,3,3,0
22/03/2013,02:30,1,1,0
22/03/2013,02:45,1,1,0
22/03/2013,03:00,0,0,0
22/03/2013,03:15,2,0,2
22/03/2013,03:30,3,3,0
22/03/2013,03:45,1,0,1
22/03/2013,04:00,0,0,0
22/03/2013,04:15,3,1,2
22/03/2013,04:30,3,2,1
22/03/2013,04:45,3,1,2
22/03/2013,05:00,2,1,1
22/03/2013,05:15,4,0,4
22/03/2013,05:30,7,3,4
22/03/2013,05:45,8,6,2
22/03/2013,06:00,12,9,3
22/03/2013,06:15,15,4,11
22/03/2013,06:30,35,17,18
22/03/2013,06:45,30,13,17
22/03/2013,07:00,37,12,25
22/03/2013,07:15,47,19,28
22/03/2013,07:30,87,33,54
22/03/2013,07:45,65,10,55
22/03/2013,08:00,82,22,60
22/03/2013,08:15,82,24,58
22/03/2013,08:30,106,20,86
22/03/2013,08:45,76,15,61
22/03/2013,09:00,61,19,42
22/03/2013,09:15,54,19,35
22/03/2013,09:30,65,31,34
22/03/2013,09:45,38,21,17
22/03/2013,10:00,41,16,25
22/03/2013,10:15,36,15,21
22/03/2013,10:30,37,26,11
22/03/2013,10:45,46,23,23
22/03/2013,11:00,33,19,14
22/03/2013,11:15,41,20,21
22/03/2013,11:30,35,18,17
22/03/2013,11:45,33,18,15
22/03/2013,12:00,29,13,16
22/03/2013,12:15,36,22,14
22/03/2013,12:30,32,14,18
22/03/2013,12:45,38,22,16
22/03/2013,13:00,48,24,24
22/03/2013,13:15,41,19,22
22/03/2013,13:30,48,30,18
22/03/2013,13:45,48,29,19
22/03/2013,14:00,61,36,25
22/03/2013,14:15,33,19,14
22/03/2013,14:30,63,30,33
22/03/2013,14:45,54,36,18
22/03/2013,15:00,49,32,17
22/03/2013,15:15,55,36,19
22/03/2013,15:30,64,37,27
22/03/2013,15:45,74,33,41
22/03/2013,16:00,65,36,29
22/03/2013,16:15,65,42,23
22/03/2013,16:30,90,63,27
22/03/2013,16:45,94,61,33
22/03/2013,17:00,77,53,24
22/03/2013,17:15,106,74,32
22/03/2013,17:30,100,65,35
22/03/2013,17:45,102,82,20
22/03/2013,18:00,101,74,27
22/03/2013,18:15,101,73,28
22/03/2013,18:30,100,67,33
22/03/2013,18:45,61,41,20
22/03/2013,19:00,54,41,13
22/03/2013,19:15,52,32,20
22/03/2013,19:30,52,35,17
22/03/2013,19:45,36,22,14
22/03/2013,20:00,32,23,9
22/03/2013,20:15,36,25,11
22/03/2013,20:30,31,17,14
22/03/2013,20:45,25,18,7
22/03/2013,21:00,21,13,8
22/03/2013,21:15,26,20,6
22/03/2013,21:30,31,24,7
22/03/2013,21:45,23,19,4
22/03/2013,22:00,21,18,3
22/03/2013,22:15,18,12,6
22/03/2013,22:30,15,12,3
22/03/2013,22:45,24,21,3
22/03/2013,23:00,15,11,4
22/03/2013,23:15,14,12,2
22/03/2013,23:30,30,22,8
22/03/2013,23:45,24,21,3
23/03/2013,00:00,27,20,7
23/03/2013,00:15,16,14,2
23/03/2013,00:30,26,19,7
23/03/2013,00:45,12,11,1
23/03/2013,01:00,10,8,2
23/03/2013,01:15,13,9,4
23/03/2013,01:30,7,4,3
23/03/2013,01:45,8,8,0
23/03/2013,02:00,5,5,0
23/03/2013,02:15,3,2,1
23/03/2013,02:30,4,4,0
23/03/2013,02:45,2,2,0
23/03/2013,03:00,1,1,0
23/03/2013,03:15,0,0,0
23/03/2013,03:30,4,4,0
23/03/2013,03:45,1,1,0
23/03/2013,04:00,0,0,0
23/03/2013,04:15,2,1,1
23/03/2013,04:30,0,0,0
23/03/2013,04:45,0,0,0
23/03/2013,05:00,3,2,1
23/03/2013,05:15,2,1,1
23/03/2013,05:30,5,3,2
23/03/2013,05:45,0,0,0
23/03/2013,06:00,3,1,2
23/03/2013,06:15,5,3,2
23/03/2013,06:30,11,5,6
23/03/2013,06:45,6,4,2
23/03/2013,07:00,11,6,5
23/03/2013,07:15,16,8,8
23/03/2013,07:30,14,10,4
23/03/2013,07:45,25,11,14
23/03/2013,08:00,31,24,7
23/03/2013,08:15,40,17,23
23/03/2013,08:30,54,33,21
23/03/2013,08:45,46,37,9
23/03/2013,09:00,72,50,22
23/03/2013,09:15,44,29,15
23/03/2013,09:30,53,35,18
23/03/2013,09:45,52,31,21
23/03/2013,10:00,61,36,25
23/03/2013,10:15,75,47,28
23/03/2013,10:30,73,47,26
23/03/2013,10:45,73,47,26
23/03/2013,11:00,90,64,26
23/03/2013,11:15,84,49,35
23/03/2013,11:30,91,61,30
23/03/2013,11:45,90,52,38
23/03/2013,12:00,99,68,31
23/03/2013,12:15,111,60,51
23/03/2013,12:30,118,67,51
23/03/2013,12:45,94,58,36
23/03/2013,13:00,118,68,50
23/03/2013,13:15,105,58,47
23/03/2013,13:30,125,60,65
23/03/2013,13:45,113,61,52
23/03/2013,14:00,96,52,44
23/03/2013,14:15,110,53,57
23/03/2013,14:30,134,72,62
23/03/2013,14:45,125,76,49
23/03/2013,15:00,111,55,56
23/03/2013,15:15,96,42,54
23/03/2013,15:30,81,32,49
23/03/2013,15:45,88,49,39
23/03/2013,16:00,114,53,61
23/03/2013,16:15,103,46,57
23/03/2013,16:30,90,39,51
23/03/2013,16:45,77,34,43
23/03/2013,17:00,73,31,42
23/03/2013,17:15,74,31,43
23/03/2013,17:30,63,25,38
23/03/2013,17:45,72,28,44
23/03/2013,18:00,87,37,50
23/03/2013,18:15,71,38,33
23/03/2013,18:30,51,21,30
23/03/2013,18:45,62,24,38
23/03/2013,19:00,39,17,22
23/03/2013,19:15,24,13,11
23/03/2013,19:30,33,17,16
23/03/2013,19:45,35,17,18
23/03/2013,20:00,23,11,12
23/03/2013,20:15,17,7,10
23/03/2013,20:30,9,4,5
23/03/2013,20:45,14,4,10
23/03/2013,21:00,14,8,6
23/03/2013,21:15,13,7,6
23/03/2013,21:30,16,14,2
23/03/2013,21:45,19,13,6
23/03/2013,22:00,18,10,8
23/03/2013,22:15,20,17,3
23/03/2013,22:30,14,13,1
23/03/2013,22:45,20,15,5
23/03/2013,23:00,11,10,1
23/03/2013,23:15,19,16,3
23/03/2013,23:30,20,10,10
23/03/2013,23:45,10,8,2
24/03/2013,00:00,9,6,3
24/03/2013,00:15,11,9,2
24/03/2013,00:30,7,7,0
24/03/2013,00:45,16,16,0
24/03/2013,01:00,10,7,3
24/03/2013,01:15,12,12,0
24/03/2013,01:30,9,7,2
24/03/2013,01:45,6,6,0
24/03/2013,02:00,6,3,3
24/03/2013,02:15,3,2,1
24/03/2013,02:30,5,5,0
24/03/2013,02:45,2,2,0
24/03/2013,03:00,1,1,0
24/03/2013,03:15,5,4,1
24/03/2013,03:30,3,3,0
24/03/2013,03:45,1,1,0
24/03/2013,04:00,0,0,0
24/03/2013,04:15,1,1,0
24/03/2013,04:30,3,3,0
24/03/2013,04:45,2,1,1
24/03/2013,05:00,0,0,0
24/03/2013,05:15,2,0,2
24/03/2013,05:30,1,1,0
24/03/2013,05:45,1,0,1
24/03/2013,06:00,3,1,2
24/03/2013,06:15,7,4,3
24/03/2013,06:30,9,6,3
24/03/2013,06:45,12,7,5
24/03/2013,07:00,8,5,3
24/03/2013,07:15,18,7,11
24/03/2013,07:30,16,9,7
24/03/2013,07:45,41,30,11
24/03/2013,08:00,13,8,5
24/03/2013,08:15,31,26,5
24/03/2013,08:30,43,29,14
24/03/2013,08:45,43,30,13
24/03/2013,09:00,41,31,10
24/03/2013,09:15,40,23,17
24/03/2013,09:30,74,53,21
24/03/2013,09:45,80,51,29
24/03/2013,10:00,63,48,15
24/03/2013,10:15,67,35,32
24/03/2013,10:30,93,56,37
24/03/2013,10:45,66,47,19
24/03/2013,11:00,79,52,27
24/03/2013,11:15,96,62,34
24/03/2013,11:30,133,85,48
24/03/2013,11:45,92,60,32
24/03/2013,12:00,114,73,41
24/03/2013,12:15,116,70,46
24/03/2013,12:30,117,77,40
24/03/2013,12:45,143,92,51
24/03/2013,13:00,120,72,48
24/03/2013,13:15,117,71,46
24/03/2013,13:30,122,83,39
24/03/2013,13:45,113,68,45
24/03/2013,14:00,122,61,61
24/03/2013,14:15,102,52,50
24/03/2013,14:30,122,57,65
24/03/2013,14:45,124,60,64
24/03/2013,15:00,124,61,63
24/03/2013,15:15,114,53,61
24/03/2013,15:30,107,46,61
24/03/2013,15:45,106,39,67
24/03/2013,16:00,100,49,51
24/03/2013,16:15,121,49,72
24/03/2013,16:30,112,39,73
24/03/2013,16:45,111,47,64
24/03/2013,17:00,121,48,73
24/03/2013,17:15,103,45,58
24/03/2013,17:30,103,39,64
24/03/2013,17:45,62,30,32
24/03/2013,18:00,85,37,48
24/03/2013,18:15,64,28,36
24/03/2013,18:30,69,36,33
24/03/2013,18:45,40,21,19
24/03/2013,19:00,41,19,22
24/03/2013,19:15,41,17,24
24/03/2013,19:30,26,16,10
24/03/2013,19:45,22,15,7
24/03/2013,20:00,23,15,8
24/03/2013,20:15,16,11,5
24/03/2013,20:30,25,19,6
24/03/2013,20:45,22,20,2
24/03/2013,21:00,12,5,7
24/03/2013,21:15,27,21,6
24/03/2013,21:30,21,9,12
24/03/2013,21:45,18,16,2
24/03/2013,22:00,16,12,4
24/03/2013,22:15,15,12,3
24/03/2013,22:30,12,9,3
24/03/2013,22:45,7,6,1
24/03/2013,23:00,9,5,4
24/03/2013,23:15,6,3,3
24/03/2013,23:30,9,4,5
24/03/2013,23:45,7,7,0
25/03/2013,00:00,5,3,2
25/03/2013,00:15,2,2,0
25/03/2013,00:30,7,6,1
25/03/2013,00:45,9,4,5
25/03/2013,01:00,2,2,0
25/03/2013,01:15,2,2,0
25/03/2013,01:30,4,1,3
25/03/2013,01:45,5,5,0
25/03/2013,02:00,2,2,0
25/03/2013,02:15,2,1,1
25/03/2013,02:30,0,0,0
25/03/2013,02:45,2,2,0
25/03/2013,03:00,0,0,0
25/03/2013,03:15,1,1,0
25/03/2013,03:30,1,0,1
25/03/2013,03:45,0,0,0
25/03/2013,04:00,2,1,1
25/03/2013,04:15,0,0,0
25/03/2013,04:30,0,0,0
25/03/2013,04:45,2,1,1
25/03/2013,05:00,6,3,3
25/03/2013,05:15,3,0,3
25/03/2013,05:30,9,3,6
25/03/2013,05:45,6,3,3
25/03/2013,06:00,12,5,7
25/03/2013,06:15,20,6,14
25/03/2013,06:30,29,15,14
25/03/2013,06:45,25,8,17
25/03/2013,07:00,35,9,26
25/03/2013,07:15,45,13,32
25/03/2013,07:30,63,22,41
25/03/2013,07:45,63,19,44
25/03/2013,08:00,63,11,52
25/03/2013,08:15,83,20,63
25/03/2013,08:30,83,17,66
25/03/2013,08:45,56,19,37
25/03/2013,09:00,80,20,60
25/03/2013,09:15,44,11,33
25/03/2013,09:30,65,23,42
25/03/2013,09:45,43,18,25
25/03/2013,10:00,31,17,14
25/03/2013,10:15,48,21,27
25/03/2013,10:30,27,13,14
25/03/2013,10:45,28,15,13
25/03/2013,11:00,26,16,10
25/03/2013,11:15,26,13,13
25/03/2013,11:30,37,27,10
25/03/2013,11:45,33,20,13
25/03/2013,12:00,24,8,16
25/03/2013,12:15,27,18,9
25/03/2013,12:30,27,18,9
25/03/2013,12:45,21,8,13
25/03/2013,13:00,29,16,13
25/03/2013,13:15,34,26,8
25/03/2013,13:30,32,21,11
25/03/2013,13:45,36,13,23
25/03/2013,14:00,22,10,12
25/03/2013,14:15,33,25,8
25/03/2013,14:30,49,34,15
25/03/2013,14:45,35,15,20
25/03/2013,15:00,34,20,14
25/03/2013,15:15,38,25,13
25/03/2013,15:30,39,25,14
25/03/2013,15:45,30,20,10
25/03/2013,16:00,44,32,12
25/03/2013,16:15,42,27,15
25/03/2013,16:30,54,41,13
25/03/2013,16:45,54,37,17
25/03/2013,17:00,81,58,23
25/03/2013,17:15,92,68,24
25/03/2013,17:30,95,73,22
25/03/2013,17:45,102,81,21
25/03/2013,18:00,87,64,23
25/03/2013,18:15,94,76,18
25/03/2013,18:30,84,57,27
25/03/2013,18:45,73,63,10
25/03/2013,19:00,52,34,18
25/03/2013,19:15,55,47,8
25/03/2013,19:30,62,45,17
25/03/2013,19:45,50,37,13
25/03/2013,20:00,35,28,7
25/03/2013,20:15,29,25,4
25/03/2013,20:30,23,20,3
25/03/2013,20:45,19,14,5
25/03/2013,21:00,22,19,3
25/03/2013,21:15,36,24,12
25/03/2013,21:30,23,20,3
25/03/2013,21:45,19,13,6
25/03/2013,22:00,29,21,8
25/03/2013,22:15,16,13,3
25/03/2013,22:30,16,13,3
25/03/2013,22:45,22,16,6
25/03/2013,23:00,14,8,6
25/03/2013,23:15,18,16,2
25/03/2013,23:30,13,9,4
25/03/2013,23:45,7,5,2
26/03/2013,00:00,4,3,1
26/03/2013,00:15,6,4,2
26/03/2013,00:30,6,5,1
26/03/2013,00:45,3,3,0
26/03/2013,01:00,4,3,1
26/03/2013,01:15,4,3,1
26/03/2013,01:30,1,1,0
26/03/2013,01:45,5,3,2
26/03/2013,02:00,3,3,0
26/03/2013,02:15,4,3,1
26/03/2013,02:30,2,2,0
26/03/2013,02:45,0,0,0
26/03/2013,03:00,0,0,0
26/03/2013,03:15,1,1,0
26/03/2013,03:30,1,1,0
26/03/2013,03:45,1,0,1
26/03/2013,04:00,0,0,0
26/03/2013,04:15,0,0,0
26/03/2013,04:30,2,1,1
26/03/2013,04:45,1,0,1
26/03/2013,05:00,3,2,1
26/03/2013,05:15,5,2,3
26/03/2013,05:30,6,1,5
26/03/2013,05:45,12,8,4
26/03/2013,06:00,24,16,8
26/03/2013,06:15,17,8,9
26/03/2013,06:30,39,21,18
26/03/2013,06:45,25,12,13
26/03/2013,07:00,37,6,31
26/03/2013,07:15,49,10,39
26/03/2013,07:30,84,23,61
26/03/2013,07:45,73,20,53
26/03/2013,08:00,89,24,65
26/03/2013,08:15,73,10,63
26/03/2013,08:30,92,28,64
26/03/2013,08:45,84,24,60
26/03/2013,09:00,64,20,44
26/03/2013,09:15,62,25,37
26/03/2013,09:30,51,20,31
26/03/2013,09:45,35,15,20
26/03/2013,10:00,8,3,5
26/03/2013,10:15,40,23,17
26/03/2013,10:30,26,17,9
26/03/2013,10:45,29,13,16
26/03/2013,11:00,27,16,11
26/03/2013,11:15,33,22,11
26/03/2013,11:30,40,29,11
26/03/2013,11:45,39,24,15
26/03/2013,12:00,34,18,16
26/03/2013,12:15,20,10,10
26/03/2013,12:30,41,29,12
26/03/2013,12:45,39,24,15
26/03/2013,13:00,41,17,24
26/03/2013,13:15,44,16,28
26/03/2013,13:30,31,17,14
26/03/2013,13:45,31,15,16
26/03/2013,14:00,23,12,11
26/03/2013,14:15,56,33,23
26/03/2013,14:30,41,16,25
26/03/2013,14:45,40,21,19
26/03/2013,15:00,35,18,17
26/03/2013,15:15,43,28,15
26/03/2013,15:30,47,33,14
26/03/2013,15:45,58,42,16
26/03/2013,16:00,47,29,18
26/03/2013,16:15,65,44,21
26/03/2013,16:30,47,34,13
26/03/2013,16:45,73,52,21
26/03/2013,17:00,93,64,29
26/03/2013,17:15,95,66,29
26/03/2013,17:30,109,83,26
26/03/2013,17:45,123,83,40
26/03/2013,18:00,116,86,30
26/03/2013,18:15,114,84,30
26/03/2013,18:30,97,75,22
26/03/2013,18:45,73,52,21
26/03/2013,19:00,65,44,21
26/03/2013,19:15,64,49,15
26/03/2013,19:30,62,45,17
26/03/2013,19:45,52,39,13
26/03/2013,20:00,47,35,12
26/03/2013,20:15,54,45,9
26/03/2013,20:30,24,19,5
26/03/2013,20:45,26,21,5
26/03/2013,21:00,25,19,6
26/03/2013,21:15,35,25,10
26/03/2013,21:30,31,27,4
26/03/2013,21:45,27,23,4
26/03/2013,22:00,21,19,2
26/03/2013,22:15,21,13,8
26/03/2013,22:30,18,17,1
26/03/2013,22:45,17,12,5
26/03/2013,23:00,20,16,4
26/03/2013,23:15,17,12,5
26/03/2013,23:30,16,10,6
26/03/2013,23:45,19,19,0
27/03/2013,00:00,11,10,1
27/03/2013,00:15,11,11,0
27/03/2013,00:30,5,5,0
27/03/2013,00:45,4,3,1
27/03/2013,01:00,2,2,0
27/03/2013,01:15,7,5,2
27/03/2013,01:30,5,5,0
27/03/2013,01:45,5,4,1
27/03/2013,02:00,2,2,0
27/03/2013,02:15,1,1,0
27/03/2013,02:30,1,1,0
27/03/2013,02:45,1,1,0
27/03/2013,03:00,0,0,0
27/03/2013,03:15,1,0,1
27/03/2013,03:30,0,0,0
27/03/2013,03:45,0,0,0
27/03/2013,04:00,1,0,1
27/03/2013,04:15,1,0,1
27/03/2013,04:30,3,2,1
27/03/2013,04:45,3,1,2
27/03/2013,05:00,7,4,3
27/03/2013,05:15,2,0,2
27/03/2013,05:30,6,3,3
27/03/2013,05:45,4,3,1
27/03/2013,06:00,15,4,11
27/03/2013,06:15,25,8,17
27/03/2013,06:30,35,18,17
27/03/2013,06:45,28,13,15
27/03/2013,07:00,33,12,21
27/03/2013,07:15,51,13,38
27/03/2013,07:30,50,16,34
27/03/2013,07:45,67,24,43
27/03/2013,08:00,73,15,58
27/03/2013,08:15,78,19,59
27/03/2013,08:30,89,24,65
27/03/2013,08:45,62,20,42
27/03/2013,09:00,68,18,50
27/03/2013,09:15,64,31,33
27/03/2013,09:30,58,19,39
27/03/2013,09:45,40,17,23
27/03/2013,10:00,30,12,18
27/03/2013,10:15,27,14,13
27/03/2013,10:30,58,29,29
27/03/2013,10:45,25,13,12
27/03/2013,11:00,31,21,10
27/03/2013,11:15,32,16,16
27/03/2013,11:30,34,20,14
27/03/2013,11:45,21,11,10
27/03/2013,12:00,45,28,17
27/03/2013,12:15,45,25,20
27/03/2013,12:30,38,25,13
27/03/2013,12:45,28,14,14
27/03/2013,13:00,33,15,18
27/03/2013,13:15,37,16,21
27/03/2013,13:30,32,21,11
27/03/2013,13:45,28,21,7
27/03/2013,14:00,35,18,17
27/03/2013,14:15,19,12,7
27/03/2013,14:30,31,16,15
27/03/2013,14:45,33,15,18
27/03/2013,15:00,27,16,11
27/03/2013,15:15,21,16,5
27/03/2013,15:30,32,16,16
27/03/2013,15:45,35,24,11
27/03/2013,16:00,38,29,9
27/03/2013,16:15,47,34,13
27/03/2013,16:30,62,45,17
27/03/2013,16:45,48,32,16
27/03/2013,17:00,78,55,23
27/03/2013,17:15,91,63,28
27/03/2013,17:30,84,68,16
27/03/2013,17:45,92,68,24
27/03/2013,18:00,94,74,20
27/03/2013,18:15,81,62,19
27/03/2013,18:30,103,79,24
27/03/2013,18:45,75,58,17
27/03/2013,19:00,70,55,15
27/03/2013,19:15,42,28,14
27/03/2013,19:30,61,52,9
27/03/2013,19:45,43,37,6
27/03/2013,20:00,47,36,11
27/03/2013,20:15,32,24,8
27/03/2013,20:30,26,17,9
27/03/2013,20:45,32,21,11
27/03/2013,21:00,17,10,7
27/03/2013,21:15,33,11,22
27/03/2013,21:30,23,16,7
27/03/2013,21:45,19,12,7
27/03/2013,22:00,20,15,5
27/03/2013,22:15,29,19,10
27/03/2013,22:30,29,26,3
27/03/2013,22:45,27,22,5
27/03/2013,23:00,17,13,4
27/03/2013,23:15,13,10,3
27/03/2013,23:30,15,11,4
27/03/2013,23:45,16,13,3
28/03/2013,00:00,7,5,2
28/03/2013,00:15,8,7,1
28/03/2013,00:30,8,8,0
28/03/2013,00:45,2,2,0
28/03/2013,01:00,2,2,0
28/03/2013,01:15,6,3,3
28/03/2013,01:30,8,7,1
28/03/2013,01:45,3,3,0
28/03/2013,02:00,4,4,0
28/03/2013,02:15,2,1,1
28/03/2013,02:30,2,1,1
28/03/2013,02:45,0,0,0
28/03/2013,03:00,3,2,1
28/03/2013,03:15,0,0,0
28/03/2013,03:30,0,0,0
28/03/2013,03:45,0,0,0
28/03/2013,04:00,0,0,0
28/03/2013,04:15,0,0,0
28/03/2013,04:30,2,1,1
28/03/2013,04:45,5,3,2
28/03/2013,05:00,4,3,1
28/03/2013,05:15,2,0,2
28/03/2013,05:30,4,1,3
28/03/2013,05:45,4,1,3
28/03/2013,06:00,26,19,7
28/03/2013,06:15,16,11,5
28/03/2013,06:30,22,15,7
28/03/2013,06:45,23,7,16
28/03/2013,07:00,30,10,20
28/03/2013,07:15,40,12,28
28/03/2013,07:30,57,11,46
28/03/2013,07:45,46,11,35
28/03/2013,08:00,41,16,25
28/03/2013,08:15,53,9,44
28/03/2013,08:30,71,21,50
28/03/2013,08:45,49,20,29
28/03/2013,09:00,54,24,30
28/03/2013,09:15,50,23,27
28/03/2013,09:30,48,19,29
28/03/2013,09:45,25,12,13
28/03/2013,10:00,30,14,16
28/03/2013,10:15,20,9,11
28/03/2013,10:30,28,14,14
28/03/2013,10:45,19,5,14
28/03/2013,11:00,30,15,15
28/03/2013,11:15,21,13,8
28/03/2013,11:30,40,20,20
28/03/2013,11:45,22,15,7
28/03/2013,12:00,21,16,5
28/03/2013,12:15,31,19,12
28/03/2013,12:30,28,19,9
28/03/2013,12:45,26,19,7
28/03/2013,13:00,22,7,15
28/03/2013,13:15,26,14,12
28/03/2013,13:30,41,26,15
28/03/2013,13:45,28,15,13
28/03/2013,14:00,45,23,22
28/03/2013,14:15,33,23,10
28/03/2013,14:30,30,14,16
28/03/2013,14:45,30,14,16
28/03/2013,15:00,39,17,22
28/03/2013,15:15,43,25,18
28/03/2013,15:30,39,21,18
28/03/2013,15:45,42,27,15
28/03/2013,16:00,54,35,19
28/03/2013,16:15,59,38,21
28/03/2013,16:30,70,46,24
28/03/2013,16:45,62,43,19
28/03/2013,17:00,62,41,21
28/03/2013,17:15,77,50,27
28/03/2013,17:30,82,55,27
28/03/2013,17:45,81,59,22
28/03/2013,18:00,92,69,23
28/03/2013,18:15,101,73,28
28/03/2013,18:30,78,58,20
28/03/2013,18:45,75,47,28
28/03/2013,19:00,66,39,27
28/03/2013,19:15,60,43,17
28/03/2013,19:30,41,29,12
28/03/2013,19:45,60,39,21
28/03/2013,20:00,39,20,19
28/03/2013,20:15,38,32,6
28/03/2013,20:30,31,21,10
28/03/2013,20:45,20,13,7
28/03/2013,21:00,33,16,17
28/03/2013,21:15,40,28,12
28/03/2013,21:30,17,13,4
28/03/2013,21:45,28,19,9
28/03/2013,22:00,23,12,11
28/03/2013,22:15,25,17,8
28/03/2013,22:30,16,12,4
28/03/2013,22:45,28,23,5
28/03/2013,23:00,15,15,0
28/03/2013,23:15,17,14,3
28/03/2013,23:30,19,13,6
28/03/2013,23:45,19,16,3
29/03/2013,00:00,20,15,5
29/03/2013,00:15,8,7,1
29/03/2013,00:30,10,9,1
29/03/2013,00:45,9,9,0
29/03/2013,01:00,8,7,1
29/03/2013,01:15,9,9,0
29/03/2013,01:30,7,5,2
29/03/2013,01:45,9,9,0
29/03/2013,02:00,4,3,1
29/03/2013,02:15,6,5,1
29/03/2013,02:30,3,2,1
29/03/2013,02:45,2,1,1
29/03/2013,03:00,4,2,2
29/03/2013,03:15,2,2,0
29/03/2013,03:30,0,0,0
29/03/2013,03:45,2,0,2
29/03/2013,04:00,0,0,0
29/03/2013,04:15,0,0,0
29/03/2013,04:30,4,1,3
29/03/2013,04:45,1,1,0
29/03/2013,05:00,3,2,1
29/03/2013,05:15,5,0,5
29/03/2013,05:30,0,0,0
29/03/2013,05:45,8,5,3
29/03/2013,06:00,4,3,1
29/03/2013,06:15,12,7,5
29/03/2013,06:30,27,14,13
29/03/2013,06:45,32,13,19
29/03/2013,07:00,27,10,17
29/03/2013,07:15,38,6,32
29/03/2013,07:30,50,14,36
29/03/2013,07:45,57,11,46
29/03/2013,08:00,60,21,39
29/03/2013,08:15,76,15,61
29/03/2013,08:30,62,18,44
29/03/2013,08:45,61,17,44
29/03/2013,09:00,57,9,48
29/03/2013,09:15,62,13,49
29/03/2013,09:30,59,23,36
29/03/2013,09:45,40,21,19
29/03/2013,10:00,44,19,25
29/03/2013,10:15,61,32,29
29/03/2013,10:30,33,19,14
29/03/2013,10:45,48,29,19
29/03/2013,11:00,45,25,20
29/03/2013,11:15,65,42,23
29/03/2013,11:30,54,34,20
29/03/2013,11:45,52,23,29
29/03/2013,12:00,50,24,26
29/03/2013,12:15,58,33,25
29/03/2013,12:30,67,41,26
29/03/2013,12:45,60,34,26
29/03/2013,13:00,59,34,25
29/03/2013,13:15,58,20,38
29/03/2013,13:30,62,33,29
29/03/2013,13:45,65,37,28
29/03/2013,14:00,69,36,33
29/03/2013,14:15,71,37,34
29/03/2013,14:30,47,24,23
29/03/2013,14:45,63,38,25
29/03/2013,15:00,60,29,31
29/03/2013,15:15,70,39,31
29/03/2013,15:30,60,24,36
29/03/2013,15:45,68,33,35
29/03/2013,16:00,58,29,29
29/03/2013,16:15,60,31,29
29/03/2013,16:30,65,44,21
29/03/2013,16:45,81,52,29
29/03/2013,17:00,90,55,35
29/03/2013,17:15,94,56,38
29/03/2013,17:30,88,64,24
29/03/2013,17:45,98,70,28
29/03/2013,18:00,76,58,18
29/03/2013,18:15,70,53,17
29/03/2013,18:30,89,67,22
29/03/2013,18:45,64,43,21
29/03/2013,19:00,54,36,18
29/03/2013,19:15,44,30,14
29/03/2013,19:30,54,35,19
29/03/2013,19:45,50,36,14
29/03/2013,20:00,32,21,11
29/03/2013,20:15,31,27,4
29/03/2013,20:30,27,16,11
29/03/2013,20:45,25,16,9
29/03/2013,21:00,22,14,8
29/03/2013,21:15,27,18,9
29/03/2013,21:30,24,21,3
29/03/2013,21:45,22,14,8
29/03/2013,22:00,33,26,7
29/03/2013,22:15,13,7,6
29/03/2013,22:30,21,13,8
29/03/2013,22:45,11,10,1
29/03/2013,23:00,30,25,5
29/03/2013,23:15,18,17,1
29/03/2013,23:30,21,17,4
29/03/2013,23:45,15,8,7
30/03/2013,00:00,21,19,2
30/03/2013,00:15,15,12,3
30/03/2013,00:30,11,10,1
30/03/2013,00:45,14,13,1
30/03/2013,01:00,10,10,0
30/03/2013,01:15,5,3,2
30/03/2013,01:30,8,7,1
30/03/2013,01:45,6,6,0
30/03/2013,02:00,5,4,1
30/03/2013,02:15,7,7,0
30/03/2013,02:30,6,5,1
30/03/2013,02:45,3,3,0
30/03/2013,03:00,4,4,0
30/03/2013,03:15,1,1,0
30/03/2013,03:30,1,1,0
30/03/2013,03:45,2,2,0
30/03/2013,04:00,2,2,0
30/03/2013,04:15,1,1,0
30/03/2013,04:30,1,1,0
30/03/2013,04:45,1,0,1
30/03/2013,05:00,4,2,2
30/03/2013,05:15,4,3,1
30/03/2013,05:30,5,3,2
30/03/2013,05:45,1,1,0
30/03/2013,06:00,7,6,1
30/03/2013,06:15,2,1,1
30/03/2013,06:30,12,6,6
30/03/2013,06:45,3,0,3
30/03/2013,07:00,9,5,4
30/03/2013,07:15,21,11,10
30/03/2013,07:30,22,12,10
30/03/2013,07:45,26,16,10
30/03/2013,08:00,28,24,4
30/03/2013,08:15,28,12,16
30/03/2013,08:30,30,22,8
30/03/2013,08:45,31,15,16
30/03/2013,09:00,42,28,14
30/03/2013,09:15,22,15,7
30/03/2013,09:30,50,35,15
30/03/2013,09:45,38,20,18
30/03/2013,10:00,46,26,20
30/03/2013,10:15,56,34,22
30/03/2013,10:30,44,26,18
30/03/2013,10:45,37,20,17
30/03/2013,11:00,48,31,17
30/03/2013,11:15,50,35,15
30/03/2013,11:30,68,37,31
30/03/2013,11:45,60,33,27
30/03/2013,12:00,55,32,23
30/03/2013,12:15,43,23,20
30/03/2013,12:30,74,35,39
30/03/2013,12:45,58,35,23
30/03/2013,13:00,66,31,35
30/03/2013,13:15,49,26,23
30/03/2013,13:30,69,34,35
30/03/2013,13:45,64,31,33
30/03/2013,14:00,79,51,28
30/03/2013,14:15,68,36,32
30/03/2013,14:30,74,48,26
30/03/2013,14:45,62,26,36
30/03/2013,15:00,75,35,40
30/03/2013,15:15,72,37,35
30/03/2013,15:30,73,33,40
30/03/2013,15:45,77,32,45
30/03/2013,16:00,75,47,28
30/03/2013,16:15,68,42,26
30/03/2013,16:30,76,36,40
30/03/2013,16:45,61,34,27
30/03/2013,17:00,66,26,40
30/03/2013,17:15,59,18,41
30/03/2013,17:30,45,17,28
30/03/2013,17:45,44,22,22
30/03/2013,18:00,56,20,36
30/03/2013,18:15,28,13,15
30/03/2013,18:30,19,8,11
30/03/2013,18:45,29,14,15
30/03/2013,19:00,11,7,4
30/03/2013,19:15,17,10,7
30/03/2013,19:30,25,22,3
30/03/2013,19:45,18,12,6
30/03/2013,20:00,15,8,7
30/03/2013,20:15,6,3,3
30/03/2013,20:30,9,6,3
30/03/2013,20:45,16,11,5
30/03/2013,21:00,8,6,2
30/03/2013,21:15,4,4,0
30/03/2013,21:30,9,9,0
30/03/2013,21:45,10,10,0
30/03/2013,22:00,8,4,4
30/03/2013,22:15,9,9,0
30/03/2013,22:30,6,5,1
30/03/2013,22:45,17,9,8
30/03/2013,23:00,6,4,2
30/03/2013,23:15,17,12,5
30/03/2013,23:30,10,7,3
30/03/2013,23:45,6,6,0
31/03/2013,00:00,5,4,1
31/03/2013,00:15,6,5,1
31/03/2013,00:30,6,5,1
31/03/2013,00:45,7,7,0
31/03/2013,01:00,4,3,1
31/03/2013,01:15,3,2,1
31/03/2013,01:30,1,0,1
31/03/2013,01:45,3,3,0
31/03/2013,02:00,3,1,2
31/03/2013,02:15,8,3,5
31/03/2013,02:30,2,2,0
31/03/2013,02:45,2,2,0
31/03/2013,03:00,0,0,0
31/03/2013,03:15,1,0,1
31/03/2013,03:30,0,0,0
31/03/2013,03:45,1,1,0
31/03/2013,04:00,1,0,1
31/03/2013,04:15,1,1,0
31/03/2013,04:30,1,1,0
31/03/2013,04:45,1,0,1
31/03/2013,05:00,1,0,1
31/03/2013,05:15,0,0,0
31/03/2013,05:30,1,1,0
31/03/2013,05:45,1,0,1
31/03/2013,06:00,2,1,1
31/03/2013,06:15,4,0,4
31/03/2013,06:30,4,3,1
31/03/2013,06:45,9,5,4
31/03/2013,07:00,9,6,3
31/03/2013,07:15,7,3,4
31/03/2013,07:30,8,5,3
31/03/2013,07:45,7,3,4
31/03/2013,08:00,14,7,7
31/03/2013,08:15,10,7,3
31/03/2013,08:30,21,12,9
31/03/2013,08:45,13,8,5
31/03/2013,09:00,24,15,9
31/03/2013,09:15,22,17,5
31/03/2013,09:30,29,20,9
31/03/2013,09:45,36,26,10
31/03/2013,10:00,52,31,21
31/03/2013,10:15,57,32,25
31/03/2013,10:30,49,31,18
31/03/2013,10:45,42,30,12
31/03/2013,11:00,63,37,26
31/03/2013,11:15,86,39,47
31/03/2013,11:30,49,26,23
31/03/2013,11:45,69,50,19
31/03/2013,12:00,57,33,24
31/03/2013,12:15,43,23,20
31/03/2013,12:30,45,23,22
31/03/2013,12:45,35,19,16
31/03/2013,13:00,40,7,33
31/03/2013,13:15,47,16,31
31/03/2013,13:30,23,8,15
31/03/2013,13:45,39,16,23
31/03/2013,14:00,23,12,11
31/03/2013,14:15,33,19,14
31/03/2013,14:30,20,14,6
31/03/2013,14:45,26,10,16
31/03/2013,15:00,27,8,19
31/03/2013,15:15,42,15,27
31/03/2013,15:30,27,11,16
31/03/2013,15:45,38,14,24
31/03/2013,16:00,29,15,14
31/03/2013,16:15,29,14,15
31/03/2013,16:30,31,17,14
31/03/2013,16:45,30,15,15
31/03/2013,17:00,31,14,17
31/03/2013,17:15,32,18,14
31/03/2013,17:30,28,14,14
31/03/2013,17:45,38,27,11
31/03/2013,18:00,40,22,18
31/03/2013,18:15,39,17,22
31/03/2013,18:30,29,17,12
31/03/2013,18:45,29,14,15
31/03/2013,19:00,29,16,13
31/03/2013,19:15,21,16,5
31/03/2013,19:30,15,9,6
31/03/2013,19:45,14,9,5
31/03/2013,20:00,13,6,7
31/03/2013,20:15,9,8,1
31/03/2013,20:30,15,10,5
31/03/2013,20:45,13,11,2
31/03/2013,21:00,8,5,3
31/03/2013,21:15,8,7,1
31/03/2013,21:30,8,4,4
31/03/2013,21:45,8,7,1
31/03/2013,22:00,7,5,2
31/03/2013,22:15,8,7,1
31/03/2013,22:30,8,5,3
31/03/2013,22:45,4,1,3
31/03/2013,23:00,7,5,2
31/03/2013,23:15,6,6,0
31/03/2013,23:30,6,5,1
31/03/2013,23:45,1,1,0
01/04/2013,00:00,4,3,1
01/04/2013,00:15,4,4,0
01/04/2013,00:30,1,0,1
01/04/2013,00:45,3,3,0
01/04/2013,01:00,1,1,0
01/04/2013,01:15,2,1,1
01/04/2013,01:30,3,1,2
01/04/2013,01:45,0,0,0
01/04/2013,02:00,3,3,0
01/04/2013,02:15,0,0,0
01/04/2013,02:30,2,1,1
01/04/2013,02:45,1,1,0
01/04/2013,03:00,1,1,0
01/04/2013,03:15,1,1,0
01/04/2013,03:30,0,0,0
01/04/2013,03:45,1,0,1
01/04/2013,04:00,0,0,0
01/04/2013,04:15,2,2,0
01/04/2013,04:30,1,1,0
01/04/2013,04:45,4,2,2
01/04/2013,05:00,4,1,3
01/04/2013,05:15,3,1,2
01/04/2013,05:30,1,0,1
01/04/2013,05:45,3,0,3
01/04/2013,06:00,5,1,4
01/04/2013,06:15,6,2,4
01/04/2013,06:30,9,2,7
01/04/2013,06:45,7,2,5
01/04/2013,07:00,10,6,4
01/04/2013,07:15,14,3,11
01/04/2013,07:30,18,5,13
01/04/2013,07:45,13,3,10
01/04/2013,08:00,17,3,14
01/04/2013,08:15,23,7,16
01/04/2013,08:30,31,8,23
01/04/2013,08:45,30,6,24
01/04/2013,09:00,21,5,16
01/04/2013,09:15,19,6,13
01/04/2013,09:30,25,13,12
01/04/2013,09:45,22,14,8
01/04/2013,10:00,11,3,8
01/04/2013,10:15,17,5,12
01/04/2013,10:30,20,9,11
01/04/2013,10:45,15,5,10
01/04/2013,11:00,16,7,9
01/04/2013,11:15,16,7,9
01/04/2013,11:30,30,16,14
01/04/2013,11:45,37,26,11
01/04/2013,12:00,11,8,3
01/04/2013,12:15,29,15,14
01/04/2013,12:30,27,11,16
01/04/2013,12:45,23,13,10
01/04/2013,13:00,22,7,15
01/04/2013,13:15,23,11,12
01/04/2013,13:30,25,12,13
01/04/2013,13:45,32,21,11
01/04/2013,14:00,29,16,13
01/04/2013,14:15,22,12,10
01/04/2013,14:30,31,17,14
01/04/2013,14:45,34,24,10
01/04/2013,15:00,32,17,15
01/04/2013,15:15,27,20,7
01/04/2013,15:30,43,19,24
01/04/2013,15:45,35,19,16
01/04/2013,16:00,42,25,17
01/04/2013,16:15,45,36,9
01/04/2013,16:30,52,30,22
01/04/2013,16:45,58,32,26
01/04/2013,17:00,56,35,21
01/04/2013,17:15,67,43,24
01/04/2013,17:30,70,44,26
01/04/2013,17:45,64,45,19
01/04/2013,18:00,59,38,21
01/04/2013,18:15,95,61,34
01/04/2013,18:30,66,42,24
01/04/2013,18:45,72,42,30
01/04/2013,19:00,50,29,21
01/04/2013,19:15,51,38,13
01/04/2013,19:30,36,20,16
01/04/2013,19:45,41,22,19
01/04/2013,20:00,25,12,13
01/04/2013,20:15,24,15,9
01/04/2013,20:30,27,21,6
01/04/2013,20:45,25,17,8
01/04/2013,21:00,24,22,2
01/04/2013,21:15,18,12,6
01/04/2013,21:30,15,12,3
01/04/2013,21:45,21,16,5
01/04/2013,22:00,12,10,2
01/04/2013,22:15,21,15,6
01/04/2013,22:30,17,13,4
01/04/2013,22:45,23,19,4
01/04/2013,23:00,15,13,2
01/04/2013,23:15,10,8,2
01/04/2013,23:30,21,19,2
01/04/2013,23:45,6,5,1
02/04/2013,00:00,3,3,0
02/04/2013,00:15,6,6,0
02/04/2013,00:30,4,4,0
02/04/2013,00:45,2,2,0
02/04/2013,01:00,1,1,0
02/04/2013,01:15,2,2,0
02/04/2013,01:30,2,2,0
02/04/2013,01:45,1,1,0
02/04/2013,02:00,3,3,0
02/04/2013,02:15,0,0,0
02/04/2013,02:30,0,0,0
02/04/2013,02:45,0,0,0
02/04/2013,03:00,1,1,0
02/04/2013,03:15,1,0,1
02/04/2013,03:30,0,0,0
02/04/2013,03:45,0,0,0
02/04/2013,04:00,2,2,0
02/04/2013,04:15,0,0,0
02/04/2013,04:30,2,1,1
02/04/2013,04:45,4,0,4
02/04/2013,05:00,3,0,3
02/04/2013,05:15,4,2,2
02/04/2013,05:30,9,5,4
02/04/2013,05:45,12,8,4
02/04/2013,06:00,19,9,10
02/04/2013,06:15,24,7,17
02/04/2013,06:30,34,23,11
02/04/2013,06:45,35,13,22
02/04/2013,07:00,41,13,28
02/04/2013,07:15,68,14,54
02/04/2013,07:30,77,31,46
02/04/2013,07:45,84,28,56
02/04/2013,08:00,91,24,67
02/04/2013,08:15,116,26,90
02/04/2013,08:30,110,30,80
02/04/2013,08:45,92,23,69
02/04/2013,09:00,81,27,54
02/04/2013,09:15,58,14,44
02/04/2013,09:30,65,23,42
02/04/2013,09:45,47,22,25
02/04/2013,10:00,41,14,27
02/04/2013,10:15,39,17,22
02/04/2013,10:30,36,19,17
02/04/2013,10:45,36,26,10
02/04/2013,11:00,43,21,22
02/04/2013,11:15,37,19,18
02/04/2013,11:30,40,21,19
02/04/2013,11:45,45,32,13
02/04/2013,12:00,37,22,15
02/04/2013,12:15,34,25,9
02/04/2013,12:30,37,16,21
02/04/2013,12:45,40,19,21
02/04/2013,13:00,35,16,19
02/04/2013,13:15,41,20,21
02/04/2013,13:30,44,16,28
02/04/2013,13:45,36,24,12
02/04/2013,14:00,40,20,20
02/04/2013,14:15,44,27,17
02/04/2013,14:30,42,22,20
02/04/2013,14:45,46,20,26
02/04/2013,15:00,40,24,16
02/04/2013,15:15,45,24,21
02/04/2013,15:30,42,24,18
02/04/2013,15:45,37,26,11
02/04/2013,16:00,61,47,14
02/04/2013,16:15,58,36,22
02/04/2013,16:30,57,37,20
02/04/2013,16:45,95,51,44
02/04/2013,17:00,104,67,37
02/04/2013,17:15,107,79,28
02/04/2013,17:30,135,101,34
02/04/2013,17:45,106,83,23
02/04/2013,18:00,99,78,21
02/04/2013,18:15,105,88,17
02/04/2013,18:30,113,89,24
02/04/2013,18:45,95,70,25
02/04/2013,19:00,90,72,18
02/04/2013,19:15,60,38,22
02/04/2013,19:30,67,46,21
02/04/2013,19:45,34,22,12
02/04/2013,20:00,55,39,16
02/04/2013,20:15,45,38,7
02/04/2013,20:30,36,29,7
02/04/2013,20:45,32,23,9
02/04/2013,21:00,17,15,2
02/04/2013,21:15,39,31,8
02/04/2013,21:30,26,21,5
02/04/2013,21:45,25,18,7
02/04/2013,22:00,25,22,3
02/04/2013,22:15,26,15,11
02/04/2013,22:30,20,15,5
02/04/2013,22:45,13,8,5
02/04/2013,23:00,24,23,1
02/04/2013,23:15,12,8,4
02/04/2013,23:30,9,8,1
02/04/2013,23:45,8,8,0
03/04/2013,00:00,7,5,2
03/04/2013,00:15,9,9,0
03/04/2013,00:30,6,4,2
03/04/2013,00:45,4,4,0
03/04/2013,01:00,1,1,0
03/04/2013,01:15,2,2,0
03/04/2013,01:30,1,1,0
03/04/2013,01:45,3,2,1
03/04/2013,02:00,4,4,0
03/04/2013,02:15,0,0,0
03/04/2013,02:30,3,2,1
03/04/2013,02:45,0,0,0
03/04/2013,03:00,2,1,1
03/04/2013,03:15,0,0,0
03/04/2013,03:30,0,0,0
03/04/2013,03:45,0,0,0
03/04/2013,04:00,0,0,0
03/04/2013,04:15,3,1,2
03/04/2013,04:30,2,1,1
03/04/2013,04:45,5,1,4
03/04/2013,05:00,3,2,1
03/04/2013,05:15,2,0,2
03/04/2013,05:30,5,3,2
03/04/2013,05:45,9,5,4
03/04/2013,06:00,15,7,8
03/04/2013,06:15,20,11,9
03/04/2013,06:30,34,15,19
03/04/2013,06:45,35,19,16
03/04/2013,07:00,41,14,27
03/04/2013,07:15,57,15,42
03/04/2013,07:30,81,28,53
03/04/2013,07:45,73,18,55
03/04/2013,08:00,81,17,64
03/04/2013,08:15,91,21,70
03/04/2013,08:30,99,26,73
03/04/2013,08:45,98,28,70
03/04/2013,09:00,71,20,51
03/04/2013,09:15,77,28,49
03/04/2013,09:30,67,29,38
03/04/2013,09:45,46,8,38
03/04/2013,10:00,26,10,16
03/04/2013,10:15,31,16,15
03/04/2013,10:30,38,20,18
03/04/2013,10:45,29,16,13
03/04/2013,11:00,36,23,13
03/04/2013,11:15,29,16,13
03/04/2013,11:30,41,18,23
03/04/2013,11:45,44,18,26
03/04/2013,12:00,39,22,17
03/04/2013,12:15,42,27,15
03/04/2013,12:30,34,19,15
03/04/2013,12:45,38,24,14
03/04/2013,13:00,33,16,17
03/04/2013,13:15,32,19,13
03/04/2013,13:30,49,29,20
03/04/2013,13:45,23,11,12
03/04/2013,14:00,46,22,24
03/04/2013,14:15,36,22,14
03/04/2013,14:30,34,21,13
03/04/2013,14:45,58,25,33
03/04/2013,15:00,72,50,22
03/04/2013,15:15,46,25,21
03/04/2013,15:30,74,28,46
03/04/2013,15:45,61,29,32
03/04/2013,16:00,64,43,21
03/04/2013,16:15,69,40,29
03/04/2013,16:30,62,34,28
03/04/2013,16:45,80,54,26
03/04/2013,17:00,94,68,26
03/04/2013,17:15,112,80,32
03/04/2013,17:30,100,71,29
03/04/2013,17:45,113,93,20
03/04/2013,18:00,116,79,37
03/04/2013,18:15,120,92,28
03/04/2013,18:30,105,86,19
03/04/2013,18:45,84,64,20
03/04/2013,19:00,85,72,13
03/04/2013,19:15,68,52,16
03/04/2013,19:30,60,50,10
03/04/2013,19:45,71,56,15
03/04/2013,20:00,58,36,22
03/04/2013,20:15,41,29,12
03/04/2013,20:30,42,33,9
03/04/2013,20:45,33,21,12
03/04/2013,21:00,52,27,25
03/04/2013,21:15,21,11,10
03/04/2013,21:30,25,14,11
03/04/2013,21:45,21,19,2
03/04/2013,22:00,30,26,4
03/04/2013,22:15,27,24,3
03/04/2013,22:30,32,31,1
03/04/2013,22:45,26,19,7
03/04/2013,23:00,16,14,2
03/04/2013,23:15,14,13,1
03/04/2013,23:30,18,14,4
03/04/2013,23:45,10,9,1
04/04/2013,00:00,9,8,1
04/04/2013,00:15,8,5,3
04/04/2013,00:30,7,7,0
04/04/2013,00:45,7,7,0
04/04/2013,01:00,5,4,1
04/04/2013,01:15,1,1,0
04/04/2013,01:30,0,0,0
04/04/2013,01:45,4,3,1
04/04/2013,02:00,1,1,0
04/04/2013,02:15,2,2,0
04/04/2013,02:30,0,0,0
04/04/2013,02:45,1,0,1
04/04/2013,03:00,1,1,0
04/04/2013,03:15,1,1,0
04/04/2013,03:30,0,0,0
04/04/2013,03:45,0,0,0
04/04/2013,04:00,0,0,0
04/04/2013,04:15,0,0,0
04/04/2013,04:30,1,1,0
04/04/2013,04:45,3,2,1
04/04/2013,05:00,1,0,1
04/04/2013,05:15,1,0,1
04/04/2013,05:30,0,0,0
04/04/2013,05:45,6,3,3
04/04/2013,06:00,6,2,4
04/04/2013,06:15,5,0,5
04/04/2013,06:30,6,2,4
04/04/2013,06:45,9,2,7
04/04/2013,07:00,14,4,10
04/04/2013,07:15,19,6,13
04/04/2013,07:30,22,6,16
04/04/2013,07:45,30,8,22
04/04/2013,08:00,29,5,24
04/04/2013,08:15,52,13,39
04/04/2013,08:30,39,12,27
04/04/2013,08:45,29,9,20
04/04/2013,09:00,22,3,19
04/04/2013,09:15,30,13,17
04/04/2013,09:30,31,10,21
04/04/2013,09:45,19,9,10
04/04/2013,10:00,21,6,15
04/04/2013,10:15,15,6,9
04/04/2013,10:30,13,4,9
04/04/2013,10:45,27,12,15
04/04/2013,11:00,11,3,8
04/04/2013,11:15,19,7,12
04/04/2013,11:30,17,8,9
04/04/2013,11:45,25,12,13
04/04/2013,12:00,21,7,14
04/04/2013,12:15,17,7,10
04/04/2013,12:30,23,12,11
04/04/2013,12:45,17,7,10
04/04/2013,13:00,28,21,7
04/04/2013,13:15,17,9,8
04/04/2013,13:30,21,10,11
04/04/2013,13:45,24,14,10
04/04/2013,14:00,29,12,17
04/04/2013,14:15,24,14,10
04/04/2013,14:30,24,12,12
04/04/2013,14:45,31,19,12
04/04/2013,15:00,21,15,6
04/04/2013,15:15,33,26,7
04/04/2013,15:30,25,13,12
04/04/2013,15:45,24,17,7
04/04/2013,16:00,19,14,5
04/04/2013,16:15,32,17,15
04/04/2013,16:30,38,23,15
04/04/2013,16:45,40,24,16
04/04/2013,17:00,51,37,14
04/04/2013,17:15,54,39,15
04/04/2013,17:30,51,35,16
04/04/2013,17:45,61,45,16
04/04/2013,18:00,67,44,23
04/04/2013,18:15,69,44,25
04/04/2013,18:30,40,26,14
04/04/2013,18:45,60,42,18
04/04/2013,19:00,47,32,15
04/04/2013,19:15,49,39,10
04/04/2013,19:30,32,25,7
04/04/2013,19:45,26,20,6
04/04/2013,20:00,29,20,9
04/04/2013,20:15,28,22,6
04/04/2013,20:30,23,21,2
04/04/2013,20:45,21,17,4
04/04/2013,21:00,27,20,7
04/04/2013,21:15,19,15,4
04/04/2013,21:30,20,15,5
04/04/2013,21:45,17,9,8
04/04/2013,22:00,15,9,6
04/04/2013,22:15,19,15,4
04/04/2013,22:30,15,13,2
04/04/2013,22:45,13,9,4
04/04/2013,23:00,15,15,0
04/04/2013,23:15,12,8,4
04/04/2013,23:30,14,12,2
04/04/2013,23:45,10,10,0
05/04/2013,00:00,7,7,0
05/04/2013,00:15,5,5,0
05/04/2013,00:30,2,2,0
05/04/2013,00:45,5,5,0
05/04/2013,01:00,4,4,0
05/04/2013,01:15,2,2,0
05/04/2013,01:30,3,1,2
05/04/2013,01:45,5,5,0
05/04/2013,02:00,3,3,0
05/04/2013,02:15,0,0,0
05/04/2013,02:30,0,0,0
05/04/2013,02:45,0,0,0
05/04/2013,03:00,3,2,1
05/04/2013,03:15,1,0,1
05/04/2013,03:30,2,1,1
05/04/2013,03:45,0,0,0
05/04/2013,04:00,1,1,0
05/04/2013,04:15,0,0,0
05/04/2013,04:30,3,2,1
05/04/2013,04:45,1,0,1
05/04/2013,05:00,3,1,2
05/04/2013,05:15,0,0,0
05/04/2013,05:30,5,2,3
05/04/2013,05:45,10,6,4
05/04/2013,06:00,11,6,5
05/04/2013,06:15,19,5,14
05/04/2013,06:30,17,9,8
05/04/2013,06:45,22,9,13
05/04/2013,07:00,28,9,19
05/04/2013,07:15,45,14,31
05/04/2013,07:30,64,19,45
05/04/2013,07:45,58,19,39
05/04/2013,08:00,68,21,47
05/04/2013,08:15,63,17,46
05/04/2013,08:30,89,24,65
05/04/2013,08:45,64,24,40
05/04/2013,09:00,58,14,44
05/04/2013,09:15,48,16,32
05/04/2013,09:30,58,24,34
05/04/2013,09:45,36,15,21
05/04/2013,10:00,28,13,15
05/04/2013,10:15,37,19,18
05/04/2013,10:30,41,27,14
05/04/2013,10:45,29,14,15
05/04/2013,11:00,26,7,19
05/04/2013,11:15,29,16,13
05/04/2013,11:30,44,25,19
05/04/2013,11:45,21,9,12
05/04/2013,12:00,35,20,15
05/04/2013,12:15,34,20,14
05/04/2013,12:30,30,20,10
05/04/2013,12:45,27,16,11
05/04/2013,13:00,32,17,15
05/04/2013,13:15,32,10,22
05/04/2013,13:30,34,24,10
05/04/2013,13:45,39,15,24
05/04/2013,14:00,37,24,13
05/04/2013,14:15,37,26,11
05/04/2013,14:30,38,21,17
05/04/2013,14:45,30,18,12
05/04/2013,15:00,41,25,16
05/04/2013,15:15,60,31,29
05/04/2013,15:30,48,28,20
05/04/2013,15:45,42,26,16
05/04/2013,16:00,55,35,20
05/04/2013,16:15,55,42,13
05/04/2013,16:30,66,53,13
05/04/2013,16:45,76,47,29
05/04/2013,17:00,84,63,21
05/04/2013,17:15,102,70,32
05/04/2013,17:30,98,67,31
05/04/2013,17:45,105,74,31
05/04/2013,18:00,86,62,24
05/04/2013,18:15,69,55,14
05/04/2013,18:30,68,52,16
05/04/2013,18:45,72,48,24
05/04/2013,19:00,70,32,38
05/04/2013,19:15,49,26,23
05/04/2013,19:30,49,37,12
05/04/2013,19:45,34,19,15
05/04/2013,20:00,33,22,11
05/04/2013,20:15,26,17,9
05/04/2013,20:30,22,15,7
05/04/2013,20:45,27,17,10
05/04/2013,21:00,19,15,4
05/04/2013,21:15,20,13,7
05/04/2013,21:30,24,17,7
05/04/2013,21:45,19,16,3
05/04/2013,22:00,16,13,3
05/04/2013,22:15,22,16,6
05/04/2013,22:30,24,21,3
05/04/2013,22:45,27,24,3
05/04/2013,23:00,14,12,2
05/04/2013,23:15,16,15,1
05/04/2013,23:30,14,14,0
05/04/2013,23:45,14,12,2
06/04/2013,00:00,18,17,1
06/04/2013,00:15,16,13,3
06/04/2013,00:30,24,22,2
06/04/2013,00:45,13,12,1
06/04/2013,01:00,7,5,2
06/04/2013,01:15,14,11,3
06/04/2013,01:30,9,8,1
06/04/2013,01:45,11,9,2
06/04/2013,02:00,11,9,2
06/04/2013,02:15,7,6,1
06/04/2013,02:30,3,3,0
06/04/2013,02:45,1,1,0
06/04/2013,03:00,2,2,0
06/04/2013,03:15,3,1,2
06/04/2013,03:30,4,4,0
06/04/2013,03:45,5,5,0
06/04/2013,04:00,1,1,0
06/04/2013,04:15,2,1,1
06/04/2013,04:30,2,1,1
06/04/2013,04:45,1,1,0
06/04/2013,05:00,3,2,1
06/04/2013,05:15,0,0,0
06/04/2013,05:30,2,2,0
06/04/2013,05:45,0,0,0
06/04/2013,06:00,4,1,3
06/04/2013,06:15,6,1,5
06/04/2013,06:30,7,5,2
06/04/2013,06:45,10,8,2
06/04/2013,07:00,14,9,5
06/04/2013,07:15,23,15,8
06/04/2013,07:30,19,13,6
06/04/2013,07:45,27,15,12
06/04/2013,08:00,30,16,14
06/04/2013,08:15,40,29,11
06/04/2013,08:30,40,27,13
06/04/2013,08:45,43,27,16
06/04/2013,09:00,42,30,12
06/04/2013,09:15,45,24,21
06/04/2013,09:30,37,17,20
06/04/2013,09:45,36,18,18
06/04/2013,10:00,43,32,11
06/04/2013,10:15,38,17,21
06/04/2013,10:30,51,31,20
06/04/2013,10:45,36,14,22
06/04/2013,11:00,36,13,23
06/04/2013,11:15,30,12,18
06/04/2013,11:30,40,18,22
06/04/2013,11:45,40,23,17
06/04/2013,12:00,30,21,9
06/04/2013,12:15,49,31,18
06/04/2013,12:30,60,41,19
06/04/2013,12:45,53,34,19
06/04/2013,13:00,39,30,9
06/04/2013,13:15,55,30,25
06/04/2013,13:30,38,21,17
06/04/2013,13:45,61,39,22
06/04/2013,14:00,64,39,25
06/04/2013,14:15,73,35,38
06/04/2013,14:30,53,24,29
06/04/2013,14:45,60,33,27
06/04/2013,15:00,45,23,22
06/04/2013,15:15,59,32,27
06/04/2013,15:30,62,28,34
06/04/2013,15:45,57,31,26
06/04/2013,16:00,60,26,34
06/04/2013,16:15,45,23,22
06/04/2013,16:30,64,31,33
06/04/2013,16:45,78,38,40
06/04/2013,17:00,60,21,39
06/04/2013,17:15,42,16,26
06/04/2013,17:30,58,25,33
06/04/2013,17:45,46,21,25
06/04/2013,18:00,47,23,24
06/04/2013,18:15,51,33,18
06/04/2013,18:30,22,9,13
06/04/2013,18:45,31,10,21
06/04/2013,19:00,30,16,14
06/04/2013,19:15,27,14,13
06/04/2013,19:30,25,13,12
06/04/2013,19:45,32,18,14
06/04/2013,20:00,22,11,11
06/04/2013,20:15,20,14,6
06/04/2013,20:30,26,17,9
06/04/2013,20:45,14,7,7
06/04/2013,21:00,22,13,9
06/04/2013,21:15,19,14,5
06/04/2013,21:30,10,2,8
06/04/2013,21:45,11,5,6
06/04/2013,22:00,17,14,3
06/04/2013,22:15,17,11,6
06/04/2013,22:30,17,13,4
06/04/2013,22:45,12,8,4
06/04/2013,23:00,23,15,8
06/04/2013,23:15,24,18,6
06/04/2013,23:30,8,7,1
06/04/2013,23:45,15,14,1
07/04/2013,00:00,12,10,2
07/04/2013,00:15,9,9,0
07/04/2013,00:30,9,7,2
07/04/2013,00:45,5,5,0
07/04/2013,01:00,22,18,4
07/04/2013,01:15,10,9,1
07/04/2013,01:30,13,13,0
07/04/2013,01:45,14,12,2
07/04/2013,02:00,6,6,0
07/04/2013,02:15,4,4,0
07/04/2013,02:30,6,6,0
07/04/2013,02:45,0,0,0
07/04/2013,03:00,5,5,0
07/04/2013,03:15,2,2,0
07/04/2013,03:30,3,2,1
07/04/2013,03:45,3,3,0
07/04/2013,04:00,1,1,0
07/04/2013,04:15,1,1,0
07/04/2013,04:30,1,1,0
07/04/2013,04:45,2,2,0
07/04/2013,05:00,6,2,4
07/04/2013,05:15,3,1,2
07/04/2013,05:30,4,2,2
07/04/2013,05:45,2,2,0
07/04/2013,06:00,7,5,2
07/04/2013,06:15,11,6,5
07/04/2013,06:30,12,6,6
07/04/2013,06:45,6,2,4
07/04/2013,07:00,7,3,4
07/04/2013,07:15,10,5,5
07/04/2013,07:30,19,11,8
07/04/2013,07:45,14,13,1
07/04/2013,08:00,17,11,6
07/04/2013,08:15,26,16,10
07/04/2013,08:30,42,30,12
07/04/2013,08:45,56,40,16
07/04/2013,09:00,28,19,9
07/04/2013,09:15,42,30,12
07/04/2013,09:30,59,34,25
07/04/2013,09:45,53,29,24
07/04/2013,10:00,64,40,24
07/04/2013,10:15,62,32,30
07/04/2013,10:30,64,41,23
07/04/2013,10:45,54,41,13
07/04/2013,11:00,48,25,23
07/04/2013,11:15,65,34,31
07/04/2013,11:30,66,30,36
07/04/2013,11:45,103,55,48
07/04/2013,12:00,61,41,20
07/04/2013,12:15,69,34,35
07/04/2013,12:30,85,42,43
07/04/2013,12:45,60,42,18
07/04/2013,13:00,81,46,35
07/04/2013,13:15,87,38,49
07/04/2013,13:30,72,43,29
07/04/2013,13:45,70,33,37
07/04/2013,14:00,77,48,29
07/04/2013,14:15,80,55,25
07/04/2013,14:30,65,36,29
07/04/2013,14:45,75,43,32
07/04/2013,15:00,89,47,42
07/04/2013,15:15,77,48,29
07/04/2013,15:30,89,53,36
07/04/2013,15:45,79,45,34
07/04/2013,16:00,87,45,42
07/04/2013,16:15,88,46,42
07/04/2013,16:30,82,41,41
07/04/2013,16:45,89,40,49
07/04/2013,17:00,53,23,30
07/04/2013,17:15,69,33,36
07/04/2013,17:30,66,28,38
07/04/2013,17:45,55,19,36
07/04/2013,18:00,55,29,26
07/04/2013,18:15,52,30,22
07/04/2013,18:30,60,33,27
07/04/2013,18:45,43,29,14
07/04/2013,19:00,40,19,21
07/04/2013,19:15,36,21,15
07/04/2013,19:30,20,13,7
07/04/2013,19:45,19,9,10
07/04/2013,20:00,15,6,9
07/04/2013,20:15,16,8,8
07/04/2013,20:30,8,6,2
07/04/2013,20:45,15,9,6
07/04/2013,21:00,5,4,1
07/04/2013,21:15,14,9,5
07/04/2013,21:30,14,11,3
07/04/2013,21:45,12,12,0
07/04/2013,22:00,14,11,3
07/04/2013,22:15,8,4,4
07/04/2013,22:30,9,8,1
07/04/2013,22:45,4,3,1
07/04/2013,23:00,12,10,2
07/04/2013,23:15,12,10,2
07/04/2013,23:30,13,9,4
07/04/2013,23:45,4,3,1
08/04/2013,00:00,5,4,1
08/04/2013,00:15,2,2,0
08/04/2013,00:30,3,2,1
08/04/2013,00:45,2,1,1
08/04/2013,01:00,2,2,0
08/04/2013,01:15,0,0,0
08/04/2013,01:30,2,2,0
08/04/2013,01:45,1,1,0
08/04/2013,02:00,1,1,0
08/04/2013,02:15,0,0,0
08/04/2013,02:30,1,1,0
08/04/2013,02:45,0,0,0
08/04/2013,03:00,1,0,1
08/04/2013,03:15,1,0,1
08/04/2013,03:30,2,2,0
08/04/2013,03:45,0,0,0
08/04/2013,04:00,0,0,0
08/04/2013,04:15,1,1,0
08/04/2013,04:30,3,1,2
08/04/2013,04:45,1,0,1
08/04/2013,05:00,3,0,3
08/04/2013,05:15,5,3,2
08/04/2013,05:30,5,2,3
08/04/2013,05:45,9,5,4
08/04/2013,06:00,5,3,2
08/04/2013,06:15,18,3,15
08/04/2013,06:30,18,5,13
08/04/2013,06:45,30,12,18
08/04/2013,07:00,32,10,22
08/04/2013,07:15,46,12,34
08/04/2013,07:30,85,28,57
08/04/2013,07:45,64,28,36
08/04/2013,08:00,81,21,60
08/04/2013,08:15,80,14,66
08/04/2013,08:30,96,27,69
08/04/2013,08:45,62,11,51
08/04/2013,09:00,75,16,59
08/04/2013,09:15,56,18,38
08/04/2013,09:30,69,24,45
08/04/2013,09:45,30,12,18
08/04/2013,10:00,28,13,15
08/04/2013,10:15,24,9,15
08/04/2013,10:30,44,26,18
08/04/2013,10:45,31,18,13
08/04/2013,11:00,26,17,9
08/04/2013,11:15,25,12,13
08/04/2013,11:30,39,16,23
08/04/2013,11:45,25,8,17
08/04/2013,12:00,30,20,10
08/04/2013,12:15,45,26,19
08/04/2013,12:30,33,19,14
08/04/2013,12:45,32,14,18
08/04/2013,13:00,26,18,8
08/04/2013,13:15,34,23,11
08/04/2013,13:30,45,26,19
08/04/2013,13:45,24,11,13
08/04/2013,14:00,37,19,18
08/04/2013,14:15,30,16,14
08/04/2013,14:30,60,33,27
08/04/2013,14:45,39,28,11
08/04/2013,15:00,43,29,14
08/04/2013,15:15,64,40,24
08/04/2013,15:30,52,20,32
08/04/2013,15:45,43,23,20
08/04/2013,16:00,66,41,25
08/04/2013,16:15,61,32,29
08/04/2013,16:30,78,42,36
08/04/2013,16:45,65,47,18
08/04/2013,17:00,89,58,31
08/04/2013,17:15,101,81,20
08/04/2013,17:30,115,77,38
08/04/2013,17:45,109,89,20
08/04/2013,18:00,112,91,21
08/04/2013,18:15,118,92,26
08/04/2013,18:30,122,85,37
08/04/2013,18:45,84,68,16
08/04/2013,19:00,52,42,10
08/04/2013,19:15,58,43,15
08/04/2013,19:30,55,36,19
08/04/2013,19:45,44,33,11
08/04/2013,20:00,50,37,13
08/04/2013,20:15,36,24,12
08/04/2013,20:30,26,22,4
08/04/2013,20:45,34,26,8
08/04/2013,21:00,40,36,4
08/04/2013,21:15,36,31,5
08/04/2013,21:30,19,16,3
08/04/2013,21:45,20,16,4
08/04/2013,22:00,26,24,2
08/04/2013,22:15,19,15,4
08/04/2013,22:30,21,14,7
08/04/2013,22:45,27,24,3
08/04/2013,23:00,16,13,3
08/04/2013,23:15,9,8,1
08/04/2013,23:30,10,8,2
08/04/2013,23:45,7,5,2
09/04/2013,00:00,8,8,0
09/04/2013,00:15,10,7,3
09/04/2013,00:30,9,6,3
09/04/2013,00:45,7,4,3
09/04/2013,01:00,3,0,3
09/04/2013,01:15,4,2,2
09/04/2013,01:30,0,0,0
09/04/2013,01:45,1,1,0
09/04/2013,02:00,4,4,0
09/04/2013,02:15,1,1,0
09/04/2013,02:30,0,0,0
09/04/2013,02:45,0,0,0
09/04/2013,03:00,2,0,2
09/04/2013,03:15,0,0,0
09/04/2013,03:30,0,0,0
09/04/2013,03:45,0,0,0
09/04/2013,04:00,0,0,0
09/04/2013,04:15,0,0,0
09/04/2013,04:30,2,1,1
09/04/2013,04:45,2,1,1
09/04/2013,05:00,1,0,1
09/04/2013,05:15,1,1,0
09/04/2013,05:30,10,4,6
09/04/2013,05:45,14,8,6
09/04/2013,06:00,16,11,5
09/04/2013,06:15,21,10,11
09/04/2013,06:30,41,21,20
09/04/2013,06:45,44,20,24
09/04/2013,07:00,60,22,38
09/04/2013,07:15,75,18,57
09/04/2013,07:30,99,31,68
09/04/2013,07:45,82,15,67
09/04/2013,08:00,101,29,72
09/04/2013,08:15,109,22,87
09/04/2013,08:30,124,39,85
09/04/2013,08:45,113,29,84
09/04/2013,09:00,91,27,64
09/04/2013,09:15,67,24,43
09/04/2013,09:30,83,36,47
09/04/2013,09:45,48,19,29
09/04/2013,10:00,51,23,28
09/04/2013,10:15,47,21,26
09/04/2013,10:30,56,31,25
09/04/2013,10:45,26,17,9
09/04/2013,11:00,30,16,14
09/04/2013,11:15,43,20,23
09/04/2013,11:30,40,13,27
09/04/2013,11:45,32,19,13
09/04/2013,12:00,40,21,19
09/04/2013,12:15,49,28,21
09/04/2013,12:30,48,32,16
09/04/2013,12:45,54,20,34
09/04/2013,13:00,28,16,12
09/04/2013,13:15,29,19,10
09/04/2013,13:30,46,23,23
09/04/2013,13:45,43,31,12
09/04/2013,14:00,57,37,20
09/04/2013,14:15,46,21,25
09/04/2013,14:30,47,21,26
09/04/2013,14:45,64,45,19
09/04/2013,15:00,66,40,26
09/04/2013,15:15,57,38,19
09/04/2013,15:30,80,53,27
09/04/2013,15:45,72,50,22
09/04/2013,16:00,100,52,48
09/04/2013,16:15,79,53,26
09/04/2013,16:30,70,44,26
09/04/2013,16:45,94,53,41
09/04/2013,17:00,104,69,35
09/04/2013,17:15,140,102,38
09/04/2013,17:30,143,104,39
09/04/2013,17:45,134,102,32
09/04/2013,18:00,130,90,40
09/04/2013,18:15,151,119,32
09/04/2013,18:30,114,89,25
09/04/2013,18:45,120,86,34
09/04/2013,19:00,128,98,30
09/04/2013,19:15,89,52,37
09/04/2013,19:30,70,48,22
09/04/2013,19:45,61,40,21
09/04/2013,20:00,63,38,25
09/04/2013,20:15,70,36,34
09/04/2013,20:30,41,36,5
09/04/2013,20:45,43,34,9
09/04/2013,21:00,42,26,16
09/04/2013,21:15,40,35,5
09/04/2013,21:30,27,19,8
09/04/2013,21:45,21,13,8
09/04/2013,22:00,32,23,9
09/04/2013,22:15,25,19,6
09/04/2013,22:30,16,12,4
09/04/2013,22:45,32,27,5
09/04/2013,23:00,38,28,10
09/04/2013,23:15,23,21,2
09/04/2013,23:30,7,7,0
09/04/2013,23:45,20,14,6
10/04/2013,00:00,17,15,2
10/04/2013,00:15,13,9,4
10/04/2013,00:30,10,9,1
10/04/2013,00:45,10,10,0
10/04/2013,01:00,10,10,0
10/04/2013,01:15,4,1,3
10/04/2013,01:30,4,4,0
10/04/2013,01:45,3,3,0
10/04/2013,02:00,7,6,1
10/04/2013,02:15,1,1,0
10/04/2013,02:30,2,2,0
10/04/2013,02:45,0,0,0
10/04/2013,03:00,1,0,1
10/04/2013,03:15,1,0,1
10/04/2013,03:30,0,0,0
10/04/2013,03:45,0,0,0
10/04/2013,04:00,1,1,0
10/04/2013,04:15,1,1,0
10/04/2013,04:30,0,0,0
10/04/2013,04:45,5,2,3
10/04/2013,05:00,4,2,2
10/04/2013,05:15,5,4,1
10/04/2013,05:30,3,1,2
10/04/2013,05:45,16,7,9
10/04/2013,06:00,16,6,10
10/04/2013,06:15,20,9,11
10/04/2013,06:30,38,12,26
10/04/2013,06:45,38,16,22
10/04/2013,07:00,57,19,38
10/04/2013,07:15,69,31,38
10/04/2013,07:30,96,28,68
10/04/2013,07:45,93,19,74
10/04/2013,08:00,104,30,74
10/04/2013,08:15,102,28,74
10/04/2013,08:30,127,38,89
10/04/2013,08:45,99,30,69
10/04/2013,09:00,89,26,63
10/04/2013,09:15,71,27,44
10/04/2013,09:30,93,37,56
10/04/2013,09:45,57,27,30
10/04/2013,10:00,33,17,16
10/04/2013,10:15,49,23,26
10/04/2013,10:30,75,34,41
10/04/2013,10:45,46,22,24
10/04/2013,11:00,46,26,20
10/04/2013,11:15,46,26,20
10/04/2013,11:30,58,26,32
10/04/2013,11:45,66,37,29
10/04/2013,12:00,47,23,24
10/04/2013,12:15,48,29,19
10/04/2013,12:30,50,32,18
10/04/2013,12:45,46,29,17
10/04/2013,13:00,51,25,26
10/04/2013,13:15,59,30,29
10/04/2013,13:30,62,29,33
10/04/2013,13:45,61,32,29
10/04/2013,14:00,54,24,30
10/04/2013,14:15,54,31,23
10/04/2013,14:30,64,41,23
10/04/2013,14:45,46,26,20
10/04/2013,15:00,54,31,23
10/04/2013,15:15,69,40,29
10/04/2013,15:30,51,31,20
10/04/2013,15:45,67,39,28
10/04/2013,16:00,99,65,34
10/04/2013,16:15,70,39,31
10/04/2013,16:30,96,66,30
10/04/2013,16:45,96,69,27
10/04/2013,17:00,132,87,45
10/04/2013,17:15,121,87,34
10/04/2013,17:30,136,86,50
10/04/2013,17:45,141,100,41
10/04/2013,18:00,154,122,32
10/04/2013,18:15,141,100,41
10/04/2013,18:30,134,92,42
10/04/2013,18:45,96,73,23
10/04/2013,19:00,94,61,33
10/04/2013,19:15,85,61,24
10/04/2013,19:30,77,54,23
10/04/2013,19:45,77,50,27
10/04/2013,20:00,63,35,28
10/04/2013,20:15,69,53,16
10/04/2013,20:30,53,37,16
10/04/2013,20:45,44,30,14
10/04/2013,21:00,74,33,41
10/04/2013,21:15,36,23,13
10/04/2013,21:30,34,27,7
10/04/2013,21:45,31,24,7
10/04/2013,22:00,31,26,5
10/04/2013,22:15,30,21,9
10/04/2013,22:30,20,19,1
10/04/2013,22:45,14,14,0
10/04/2013,23:00,12,12,0
10/04/2013,23:15,14,11,3
10/04/2013,23:30,12,10,2
10/04/2013,23:45,23,20,3
11/04/2013,00:00,15,14,1
11/04/2013,00:15,12,11,1
11/04/2013,00:30,7,6,1
11/04/2013,00:45,1,1,0
11/04/2013,01:00,6,3,3
11/04/2013,01:15,5,4,1
11/04/2013,01:30,5,3,2
11/04/2013,01:45,6,6,0
11/04/2013,02:00,3,3,0
11/04/2013,02:15,0,0,0
11/04/2013,02:30,2,1,1
11/04/2013,02:45,0,0,0
11/04/2013,03:00,0,0,0
11/04/2013,03:15,0,0,0
11/04/2013,03:30,1,1,0
11/04/2013,03:45,0,0,0
11/04/2013,04:00,1,1,0
11/04/2013,04:15,3,1,2
11/04/2013,04:30,1,0,1
11/04/2013,04:45,5,4,1
11/04/2013,05:00,4,2,2
11/04/2013,05:15,5,3,2
11/04/2013,05:30,13,5,8
11/04/2013,05:45,16,9,7
11/04/2013,06:00,31,24,7
11/04/2013,06:15,19,6,13
11/04/2013,06:30,29,13,16
11/04/2013,06:45,34,12,22
11/04/2013,07:00,65,24,41
11/04/2013,07:15,68,24,44
11/04/2013,07:30,89,31,58
11/04/2013,07:45,88,25,63
11/04/2013,08:00,96,27,69
11/04/2013,08:15,99,20,79
11/04/2013,08:30,107,30,77
11/04/2013,08:45,87,30,57
11/04/2013,09:00,71,24,47
11/04/2013,09:15,80,24,56
11/04/2013,09:30,50,10,40
11/04/2013,09:45,43,17,26
11/04/2013,10:00,29,11,18
11/04/2013,10:15,29,17,12
11/04/2013,10:30,36,15,21
11/04/2013,10:45,59,32,27
11/04/2013,11:00,24,17,7
11/04/2013,11:15,39,31,8
11/04/2013,11:30,41,23,18
11/04/2013,11:45,34,23,11
11/04/2013,12:00,36,17,19
11/04/2013,12:15,47,22,25
11/04/2013,12:30,51,33,18
11/04/2013,12:45,28,13,15
11/04/2013,13:00,53,27,26
11/04/2013,13:15,44,21,23
11/04/2013,13:30,41,23,18
11/04/2013,13:45,30,15,15
11/04/2013,14:00,38,23,15
11/04/2013,14:15,34,18,16
11/04/2013,14:30,45,26,19
11/04/2013,14:45,56,36,20
11/04/2013,15:00,41,26,15
11/04/2013,15:15,39,22,17
11/04/2013,15:30,43,25,18
11/04/2013,15:45,42,30,12
11/04/2013,16:00,50,33,17
11/04/2013,16:15,64,49,15
11/04/2013,16:30,66,51,15
11/04/2013,16:45,79,57,22
11/04/2013,17:00,92,67,25
11/04/2013,17:15,124,96,28
11/04/2013,17:30,100,73,27
11/04/2013,17:45,123,85,38
11/04/2013,18:00,132,96,36
11/04/2013,18:15,116,91,25
11/04/2013,18:30,120,88,32
11/04/2013,18:45,86,58,28
11/04/2013,19:00,94,70,24
11/04/2013,19:15,76,51,25
11/04/2013,19:30,70,50,20
11/04/2013,19:45,44,28,16
11/04/2013,20:00,54,37,17
11/04/2013,20:15,52,36,16
11/04/2013,20:30,39,31,8
11/04/2013,20:45,37,28,9
11/04/2013,21:00,31,18,13
11/04/2013,21:15,49,34,15
11/04/2013,21:30,13,12,1
11/04/2013,21:45,25,17,8
11/04/2013,22:00,36,25,11
11/04/2013,22:15,30,12,18
11/04/2013,22:30,33,20,13
11/04/2013,22:45,27,24,3
11/04/2013,23:00,25,22,3
11/04/2013,23:15,21,17,4
11/04/2013,23:30,18,15,3
11/04/2013,23:45,7,4,3
12/04/2013,00:00,19,16,3
12/04/2013,00:15,10,7,3
12/04/2013,00:30,8,8,0
12/04/2013,00:45,5,5,0
12/04/2013,01:00,10,10,0
12/04/2013,01:15,2,2,0
12/04/2013,01:30,4,4,0
12/04/2013,01:45,2,2,0
12/04/2013,02:00,1,1,0
12/04/2013,02:15,2,2,0
12/04/2013,02:30,4,3,1
12/04/2013,02:45,2,2,0
12/04/2013,03:00,2,1,1
12/04/2013,03:15,0,0,0
12/04/2013,03:30,1,1,0
12/04/2013,03:45,0,0,0
12/04/2013,04:00,1,1,0
12/04/2013,04:15,3,0,3
12/04/2013,04:30,0,0,0
12/04/2013,04:45,2,1,1
12/04/2013,05:00,5,3,2
12/04/2013,05:15,2,1,1
12/04/2013,05:30,9,4,5
12/04/2013,05:45,14,8,6
12/04/2013,06:00,11,7,4
12/04/2013,06:15,25,14,11
12/04/2013,06:30,25,9,16
12/04/2013,06:45,34,14,20
12/04/2013,07:00,42,18,24
12/04/2013,07:15,70,24,46
12/04/2013,07:30,76,17,59
12/04/2013,07:45,80,24,56
12/04/2013,08:00,79,24,55
12/04/2013,08:15,73,23,50
12/04/2013,08:30,92,27,65
12/04/2013,08:45,69,18,51
12/04/2013,09:00,70,19,51
12/04/2013,09:15,87,27,60
12/04/2013,09:30,60,27,33
12/04/2013,09:45,29,12,17
12/04/2013,10:00,33,16,17
12/04/2013,10:15,41,14,27
12/04/2013,10:30,42,25,17
12/04/2013,10:45,27,15,12
12/04/2013,11:00,43,28,15
12/04/2013,11:15,43,22,21
12/04/2013,11:30,57,34,23
12/04/2013,11:45,39,22,17
12/04/2013,12:00,34,17,17
12/04/2013,12:15,36,17,19
12/04/2013,12:30,39,26,13
12/04/2013,12:45,47,29,18
12/04/2013,13:00,55,30,25
12/04/2013,13:15,46,25,21
12/04/2013,13:30,54,29,25
12/04/2013,13:45,33,23,10
12/04/2013,14:00,45,18,27
12/04/2013,14:15,51,31,20
12/04/2013,14:30,38,27,11
12/04/2013,14:45,56,37,19
12/04/2013,15:00,58,43,15
12/04/2013,15:15,53,29,24
12/04/2013,15:30,52,22,30
12/04/2013,15:45,47,27,20
12/04/2013,16:00,82,45,37
12/04/2013,16:15,57,37,20
12/04/2013,16:30,64,38,26
12/04/2013,16:45,69,46,23
12/04/2013,17:00,83,52,31
12/04/2013,17:15,111,81,30
12/04/2013,17:30,105,81,24
12/04/2013,17:45,96,68,28
12/04/2013,18:00,95,66,29
12/04/2013,18:15,106,79,27
12/04/2013,18:30,74,58,16
12/04/2013,18:45,82,61,21
12/04/2013,19:00,63,41,22
12/04/2013,19:15,54,21,33
12/04/2013,19:30,47,31,16
12/04/2013,19:45,37,31,6
12/04/2013,20:00,33,26,7
12/04/2013,20:15,40,28,12
12/04/2013,20:30,30,19,11
12/04/2013,20:45,23,14,9
12/04/2013,21:00,30,18,12
12/04/2013,21:15,16,10,6
12/04/2013,21:30,19,12,7
12/04/2013,21:45,18,12,6
12/04/2013,22:00,17,13,4
12/04/2013,22:15,15,9,6
12/04/2013,22:30,24,23,1
12/04/2013,22:45,22,14,8
12/04/2013,23:00,23,18,5
12/04/2013,23:15,23,21,2
12/04/2013,23:30,19,14,5
12/04/2013,23:45,12,10,2
13/04/2013,00:00,22,17,5
13/04/2013,00:15,10,8,2
13/04/2013,00:30,16,12,4
13/04/2013,00:45,10,9,1
13/04/2013,01:00,11,10,1
13/04/2013,01:15,8,7,1
13/04/2013,01:30,12,11,1
13/04/2013,01:45,9,8,1
13/04/2013,02:00,8,8,0
13/04/2013,02:15,9,9,0
13/04/2013,02:30,2,2,0
13/04/2013,02:45,1,1,0
13/04/2013,03:00,1,1,0
13/04/2013,03:15,0,0,0
13/04/2013,03:30,3,2,1
13/04/2013,03:45,1,1,0
13/04/2013,04:00,3,2,1
13/04/2013,04:15,0,0,0
13/04/2013,04:30,2,1,1
13/04/2013,04:45,3,1,2
13/04/2013,05:00,2,1,1
13/04/2013,05:15,2,1,1
13/04/2013,05:30,5,2,3
13/04/2013,05:45,4,1,3
13/04/2013,06:00,2,2,0
13/04/2013,06:15,5,2,3
13/04/2013,06:30,13,7,6
13/04/2013,06:45,10,7,3
13/04/2013,07:00,13,10,3
13/04/2013,07:15,22,16,6
13/04/2013,07:30,21,12,9
13/04/2013,07:45,30,18,12
13/04/2013,08:00,41,29,12
13/04/2013,08:15,38,24,14
13/04/2013,08:30,57,34,23
13/04/2013,08:45,48,32,16
13/04/2013,09:00,45,34,11
13/04/2013,09:15,71,52,19
13/04/2013,09:30,71,48,23
13/04/2013,09:45,52,42,10
13/04/2013,10:00,71,36,35
13/04/2013,10:15,64,40,24
13/04/2013,10:30,69,46,23
13/04/2013,10:45,77,37,40
13/04/2013,11:00,109,73,36
13/04/2013,11:15,66,40,26
13/04/2013,11:30,76,38,38
13/04/2013,11:45,82,47,35
13/04/2013,12:00,83,46,37
13/04/2013,12:15,93,53,40
13/04/2013,12:30,97,63,34
13/04/2013,12:45,92,43,49
13/04/2013,13:00,102,49,53
13/04/2013,13:15,114,62,52
13/04/2013,13:30,102,67,35
13/04/2013,13:45,109,62,47
13/04/2013,14:00,86,38,48
13/04/2013,14:15,99,54,45
13/04/2013,14:30,92,43,49
13/04/2013,14:45,126,57,69
13/04/2013,15:00,83,39,44
13/04/2013,15:15,99,49,50
13/04/2013,15:30,77,38,39
13/04/2013,15:45,78,34,44
13/04/2013,16:00,102,49,53
13/04/2013,16:15,102,43,59
13/04/2013,16:30,79,45,34
13/04/2013,16:45,66,36,30
13/04/2013,17:00,71,38,33
13/04/2013,17:15,74,30,44
13/04/2013,17:30,72,33,39
13/04/2013,17:45,56,26,30
13/04/2013,18:00,75,40,35
13/04/2013,18:15,63,28,35
13/04/2013,18:30,69,39,30
13/04/2013,18:45,49,26,23
13/04/2013,19:00,34,22,12
13/04/2013,19:15,50,29,21
13/04/2013,19:30,38,22,16
13/04/2013,19:45,26,17,9
13/04/2013,20:00,35,14,21
13/04/2013,20:15,27,17,10
13/04/2013,20:30,20,16,4
13/04/2013,20:45,18,16,2
13/04/2013,21:00,15,8,7
13/04/2013,21:15,17,9,8
13/04/2013,21:30,14,12,2
13/04/2013,21:45,11,5,6
13/04/2013,22:00,21,8,13
13/04/2013,22:15,9,8,1
13/04/2013,22:30,13,9,4
13/04/2013,22:45,12,6,6
13/04/2013,23:00,18,17,1
13/04/2013,23:15,18,13,5
13/04/2013,23:30,11,8,3
13/04/2013,23:45,13,11,2
14/04/2013,00:00,12,10,2
14/04/2013,00:15,19,13,6
14/04/2013,00:30,18,15,3
14/04/2013,00:45,9,7,2
14/04/2013,01:00,4,3,1
14/04/2013,01:15,7,5,2
14/04/2013,01:30,8,6,2
14/04/2013,01:45,6,5,1
14/04/2013,02:00,2,1,1
14/04/2013,02:15,6,6,0
14/04/2013,02:30,2,2,0
14/04/2013,02:45,0,0,0
14/04/2013,03:00,4,4,0
14/04/2013,03:15,1,0,1
14/04/2013,03:30,3,2,1
14/04/2013,03:45,2,2,0
14/04/2013,04:00,0,0,0
14/04/2013,04:15,1,1,0
14/04/2013,04:30,3,3,0
14/04/2013,04:45,0,0,0
14/04/2013,05:00,2,0,2
14/04/2013,05:15,4,4,0
14/04/2013,05:30,2,1,1
14/04/2013,05:45,1,0,1
14/04/2013,06:00,4,4,0
14/04/2013,06:15,7,3,4
14/04/2013,06:30,11,3,8
14/04/2013,06:45,14,12,2
14/04/2013,07:00,14,8,6
14/04/2013,07:15,15,10,5
14/04/2013,07:30,21,15,6
14/04/2013,07:45,27,16,11
14/04/2013,08:00,21,13,8
14/04/2013,08:15,28,22,6
14/04/2013,08:30,44,35,9
14/04/2013,08:45,33,15,18
14/04/2013,09:00,46,32,14
14/04/2013,09:15,46,35,11
14/04/2013,09:30,60,38,22
14/04/2013,09:45,34,19,15
14/04/2013,10:00,66,50,16
14/04/2013,10:15,73,36,37
14/04/2013,10:30,86,54,32
14/04/2013,10:45,105,62,43
14/04/2013,11:00,125,77,48
14/04/2013,11:15,96,58,38
14/04/2013,11:30,104,62,42
14/04/2013,11:45,125,75,50
14/04/2013,12:00,88,45,43
14/04/2013,12:15,77,37,40
14/04/2013,12:30,127,54,73
14/04/2013,12:45,131,72,59
14/04/2013,13:00,118,65,53
14/04/2013,13:15,111,59,52
14/04/2013,13:30,100,57,43
14/04/2013,13:45,89,41,48
14/04/2013,14:00,112,66,46
14/04/2013,14:15,105,44,61
14/04/2013,14:30,92,51,41
14/04/2013,14:45,126,70,56
14/04/2013,15:00,116,60,56
14/04/2013,15:15,90,41,49
14/04/2013,15:30,82,46,36
14/04/2013,15:45,110,55,55
14/04/2013,16:00,102,43,59
14/04/2013,16:15,93,47,46
14/04/2013,16:30,85,43,42
14/04/2013,16:45,84,43,41
14/04/2013,17:00,91,37,54
14/04/2013,17:15,58,27,31
14/04/2013,17:30,73,41,32
14/04/2013,17:45,53,27,26
14/04/2013,18:00,65,38,27
14/04/2013,18:15,48,25,23
14/04/2013,18:30,41,25,16
14/04/2013,18:45,37,17,20
14/04/2013,19:00,53,37,16
14/04/2013,19:15,31,18,13
14/04/2013,19:30,41,29,12
14/04/2013,19:45,33,18,15
14/04/2013,20:00,17,7,10
14/04/2013,20:15,29,20,9
14/04/2013,20:30,26,18,8
14/04/2013,20:45,11,10,1
14/04/2013,21:00,15,13,2
14/04/2013,21:15,16,11,5
14/04/2013,21:30,19,15,4
14/04/2013,21:45,14,9,5
14/04/2013,22:00,13,11,2
14/04/2013,22:15,15,10,5
14/04/2013,22:30,18,8,10
14/04/2013,22:45,10,10,0
14/04/2013,23:00,14,12,2
14/04/2013,23:15,10,7,3
14/04/2013,23:30,10,6,4
14/04/2013,23:45,4,3,1
15/04/2013,00:00,5,5,0
15/04/2013,00:15,7,5,2
15/04/2013,00:30,5,4,1
15/04/2013,00:45,5,5,0
15/04/2013,01:00,4,2,2
15/04/2013,01:15,3,3,0
15/04/2013,01:30,2,0,2
15/04/2013,01:45,0,0,0
15/04/2013,02:00,1,1,0
15/04/2013,02:15,0,0,0
15/04/2013,02:30,0,0,0
15/04/2013,02:45,0,0,0
15/04/2013,03:00,1,1,0
15/04/2013,03:15,0,0,0
15/04/2013,03:30,0,0,0
15/04/2013,03:45,3,2,1
15/04/2013,04:00,0,0,0
15/04/2013,04:15,1,1,0
15/04/2013,04:30,1,1,0
15/04/2013,04:45,1,1,0
15/04/2013,05:00,5,2,3
15/04/2013,05:15,3,1,2
15/04/2013,05:30,3,0,3
15/04/2013,05:45,11,4,7
15/04/2013,06:00,13,6,7
15/04/2013,06:15,20,10,10
15/04/2013,06:30,24,7,17
15/04/2013,06:45,35,6,29
15/04/2013,07:00,45,16,29
15/04/2013,07:15,47,18,29
15/04/2013,07:30,83,25,58
15/04/2013,07:45,76,23,53
15/04/2013,08:00,91,24,67
15/04/2013,08:15,93,28,65
15/04/2013,08:30,105,24,81
15/04/2013,08:45,90,17,73
15/04/2013,09:00,73,22,51
15/04/2013,09:15,66,20,46
15/04/2013,09:30,43,15,28
15/04/2013,09:45,45,20,25
15/04/2013,10:00,32,11,21
15/04/2013,10:15,42,14,28
15/04/2013,10:30,30,20,10
15/04/2013,10:45,34,18,16
15/04/2013,11:00,24,13,11
15/04/2013,11:15,34,14,20
15/04/2013,11:30,25,13,12
15/04/2013,11:45,36,24,12
15/04/2013,12:00,26,14,12
15/04/2013,12:15,33,21,12
15/04/2013,12:30,25,14,11
15/04/2013,12:45,38,16,22
15/04/2013,13:00,22,14,8
15/04/2013,13:15,25,15,10
15/04/2013,13:30,29,19,10
15/04/2013,13:45,28,16,12
15/04/2013,14:00,25,10,15
15/04/2013,14:15,27,13,14
15/04/2013,14:30,42,23,19
15/04/2013,14:45,48,27,21
15/04/2013,15:00,34,16,18
15/04/2013,15:15,26,19,7
15/04/2013,15:30,36,24,12
15/04/2013,15:45,26,14,12
15/04/2013,16:00,39,31,8
15/04/2013,16:15,45,27,18
15/04/2013,16:30,45,33,12
15/04/2013,16:45,68,51,17
15/04/2013,17:00,57,36,21
15/04/2013,17:15,82,66,16
15/04/2013,17:30,105,85,20
15/04/2013,17:45,85,70,15
15/04/2013,18:00,89,73,16
15/04/2013,18:15,94,78,16
15/04/2013,18:30,98,76,22
15/04/2013,18:45,72,47,25
15/04/2013,19:00,75,60,15
15/04/2013,19:15,50,38,12
15/04/2013,19:30,46,39,7
15/04/2013,19:45,49,42,7
15/04/2013,20:00,32,25,7
15/04/2013,20:15,24,19,5
15/04/2013,20:30,32,23,9
15/04/2013,20:45,23,15,8
15/04/2013,21:00,13,10,3
15/04/2013,21:15,19,16,3
15/04/2013,21:30,26,21,5
15/04/2013,21:45,7,6,1
15/04/2013,22:00,14,13,1
15/04/2013,22:15,13,10,3
15/04/2013,22:30,21,16,5
15/04/2013,22:45,9,7,2
15/04/2013,23:00,11,10,1
15/04/2013,23:15,15,12,3
15/04/2013,23:30,5,5,0
15/04/2013,23:45,6,5,1
16/04/2013,00:00,7,5,2
16/04/2013,00:15,7,7,0
16/04/2013,00:30,4,4,0
16/04/2013,00:45,8,8,0
16/04/2013,01:00,1,1,0
16/04/2013,01:15,0,0,0
16/04/2013,01:30,1,1,0
16/04/2013,01:45,4,4,0
16/04/2013,02:00,1,1,0
16/04/2013,02:15,3,3,0
16/04/2013,02:30,2,1,1
16/04/2013,02:45,0,0,0
16/04/2013,03:00,2,1,1
16/04/2013,03:15,2,1,1
16/04/2013,03:30,0,0,0
16/04/2013,03:45,0,0,0
16/04/2013,04:00,1,1,0
16/04/2013,04:15,2,2,0
16/04/2013,04:30,0,0,0
16/04/2013,04:45,2,1,1
16/04/2013,05:00,4,1,3
16/04/2013,05:15,3,1,2
16/04/2013,05:30,6,2,4
16/04/2013,05:45,13,6,7
16/04/2013,06:00,33,21,12
16/04/2013,06:15,25,12,13
16/04/2013,06:30,33,20,13
16/04/2013,06:45,31,11,20
16/04/2013,07:00,57,16,41
16/04/2013,07:15,65,17,48
16/04/2013,07:30,90,22,68
16/04/2013,07:45,81,21,60
16/04/2013,08:00,100,25,75
16/04/2013,08:15,96,22,74
16/04/2013,08:30,102,37,65
16/04/2013,08:45,73,22,51
16/04/2013,09:00,64,24,40
16/04/2013,09:15,51,16,35
16/04/2013,09:30,69,19,50
16/04/2013,09:45,40,15,25
16/04/2013,10:00,38,20,18
16/04/2013,10:15,32,17,15
16/04/2013,10:30,47,29,18
16/04/2013,10:45,34,18,16
16/04/2013,11:00,47,27,20
16/04/2013,11:15,29,7,22
16/04/2013,11:30,52,31,21
16/04/2013,11:45,43,25,18
16/04/2013,12:00,30,16,14
16/04/2013,12:15,37,23,14
16/04/2013,12:30,25,6,19
16/04/2013,12:45,39,20,19
16/04/2013,13:00,34,21,13
16/04/2013,13:15,35,24,11
16/04/2013,13:30,55,29,26
16/04/2013,13:45,23,14,9
16/04/2013,14:00,29,15,14
16/04/2013,14:15,35,24,11
16/04/2013,14:30,47,26,21
16/04/2013,14:45,29,21,8
16/04/2013,15:00,44,23,21
16/04/2013,15:15,58,32,26
16/04/2013,15:30,52,31,21
16/04/2013,15:45,30,19,11
16/04/2013,16:00,38,26,12
16/04/2013,16:15,68,42,26
16/04/2013,16:30,70,52,18
16/04/2013,16:45,94,68,26
16/04/2013,17:00,99,63,36
16/04/2013,17:15,115,81,34
16/04/2013,17:30,111,89,22
16/04/2013,17:45,110,82,28
16/04/2013,18:00,137,102,35
16/04/2013,18:15,125,97,28
16/04/2013,18:30,121,97,24
16/04/2013,18:45,69,51,18
16/04/2013,19:00,85,51,34
16/04/2013,19:15,69,51,18
16/04/2013,19:30,67,48,19
16/04/2013,19:45,52,38,14
16/04/2013,20:00,52,36,16
16/04/2013,20:15,40,22,18
16/04/2013,20:30,26,17,9
16/04/2013,20:45,32,23,9
16/04/2013,21:00,35,27,8
16/04/2013,21:15,38,32,6
16/04/2013,21:30,21,15,6
16/04/2013,21:45,23,17,6
16/04/2013,22:00,25,20,5
16/04/2013,22:15,29,25,4
16/04/2013,22:30,22,17,5
16/04/2013,22:45,23,16,7
16/04/2013,23:00,14,11,3
16/04/2013,23:15,11,10,1
16/04/2013,23:30,13,10,3
16/04/2013,23:45,10,9,1
17/04/2013,00:00,6,6,0
17/04/2013,00:15,2,2,0
17/04/2013,00:30,5,4,1
17/04/2013,00:45,7,4,3
17/04/2013,01:00,0,0,0
17/04/2013,01:15,2,1,1
17/04/2013,01:30,5,5,0
17/04/2013,01:45,5,2,3
17/04/2013,02:00,3,3,0
17/04/2013,02:15,6,5,1
17/04/2013,02:30,1,1,0
17/04/2013,02:45,0,0,0
17/04/2013,03:00,0,0,0
17/04/2013,03:15,3,2,1
17/04/2013,03:30,2,1,1
17/04/2013,03:45,1,0,1
17/04/2013,04:00,1,1,0
17/04/2013,04:15,2,0,2
17/04/2013,04:30,1,0,1
17/04/2013,04:45,5,2,3
17/04/2013,05:00,3,1,2
17/04/2013,05:15,2,1,1
17/04/2013,05:30,4,2,2
17/04/2013,05:45,12,6,6
17/04/2013,06:00,25,10,15
17/04/2013,06:15,28,12,16
17/04/2013,06:30,31,13,18
17/04/2013,06:45,37,12,25
17/04/2013,07:00,50,20,30
17/04/2013,07:15,67,19,48
17/04/2013,07:30,96,35,61
17/04/2013,07:45,73,17,56
17/04/2013,08:00,75,20,55
17/04/2013,08:15,122,35,87
17/04/2013,08:30,108,28,80
17/04/2013,08:45,89,25,64
17/04/2013,09:00,87,21,66
17/04/2013,09:15,69,27,42
17/04/2013,09:30,67,32,35
17/04/2013,09:45,49,14,35
17/04/2013,10:00,35,16,19
17/04/2013,10:15,42,17,25
17/04/2013,10:30,46,15,31
17/04/2013,10:45,33,17,16
17/04/2013,11:00,38,23,15
17/04/2013,11:15,36,22,14
17/04/2013,11:30,48,18,30
17/04/2013,11:45,37,19,18
17/04/2013,12:00,42,23,19
17/04/2013,12:15,35,17,18
17/04/2013,12:30,46,28,18
17/04/2013,12:45,34,14,20
17/04/2013,13:00,47,30,17
17/04/2013,13:15,38,24,14
17/04/2013,13:30,57,31,26
17/04/2013,13:45,35,22,13
17/04/2013,14:00,35,12,23
17/04/2013,14:15,38,20,18
17/04/2013,14:30,35,17,18
17/04/2013,14:45,35,21,14
17/04/2013,15:00,42,30,12
17/04/2013,15:15,54,26,28
17/04/2013,15:30,52,26,26
17/04/2013,15:45,61,43,18
17/04/2013,16:00,61,41,20
17/04/2013,16:15,63,42,21
17/04/2013,16:30,77,52,25
17/04/2013,16:45,80,60,20
17/04/2013,17:00,94,54,40
17/04/2013,17:15,106,80,26
17/04/2013,17:30,147,107,40
17/04/2013,17:45,129,92,37
17/04/2013,18:00,124,89,35
17/04/2013,18:15,127,95,32
17/04/2013,18:30,107,73,34
17/04/2013,18:45,108,79,29
17/04/2013,19:00,83,56,27
17/04/2013,19:15,60,43,17
17/04/2013,19:30,61,40,21
17/04/2013,19:45,62,43,19
17/04/2013,20:00,60,36,24
17/04/2013,20:15,67,46,21
17/04/2013,20:30,46,29,17
17/04/2013,20:45,23,17,6
17/04/2013,21:00,64,27,37
17/04/2013,21:15,34,30,4
17/04/2013,21:30,32,23,9
17/04/2013,21:45,27,20,7
17/04/2013,22:00,33,26,7
17/04/2013,22:15,19,17,2
17/04/2013,22:30,21,15,6
17/04/2013,22:45,23,21,2
17/04/2013,23:00,14,12,2
17/04/2013,23:15,20,20,0
17/04/2013,23:30,14,9,5
17/04/2013,23:45,7,6,1
18/04/2013,00:00,11,10,1
18/04/2013,00:15,13,13,0
18/04/2013,00:30,7,5,2
18/04/2013,00:45,6,5,1
18/04/2013,01:00,2,1,1
18/04/2013,01:15,2,2,0
18/04/2013,01:30,3,2,1
18/04/2013,01:45,3,3,0
18/04/2013,02:00,1,1,0
18/04/2013,02:15,0,0,0
18/04/2013,02:30,0,0,0
18/04/2013,02:45,0,0,0
18/04/2013,03:00,0,0,0
18/04/2013,03:15,0,0,0
18/04/2013,03:30,2,1,1
18/04/2013,03:45,0,0,0
18/04/2013,04:00,1,0,1
18/04/2013,04:15,1,0,1
18/04/2013,04:30,0,0,0
18/04/2013,04:45,4,3,1
18/04/2013,05:00,2,1,1
18/04/2013,05:15,4,2,2
18/04/2013,05:30,6,3,3
18/04/2013,05:45,10,6,4
18/04/2013,06:00,22,17,5
18/04/2013,06:15,21,10,11
18/04/2013,06:30,34,17,17
18/04/2013,06:45,44,19,25
18/04/2013,07:00,56,18,38
18/04/2013,07:15,68,23,45
18/04/2013,07:30,87,26,61
18/04/2013,07:45,95,28,67
18/04/2013,08:00,88,27,61
18/04/2013,08:15,90,26,64
18/04/2013,08:30,110,36,74
18/04/2013,08:45,81,21,60
18/04/2013,09:00,76,26,50
18/04/2013,09:15,75,28,47
18/04/2013,09:30,59,23,36
18/04/2013,09:45,68,26,42
18/04/2013,10:00,44,18,26
18/04/2013,10:15,47,24,23
18/04/2013,10:30,51,26,25
18/04/2013,10:45,30,13,17
18/04/2013,11:00,37,19,18
18/04/2013,11:15,39,19,20
18/04/2013,11:30,60,31,29
18/04/2013,11:45,43,32,11
18/04/2013,12:00,45,27,18
18/04/2013,12:15,42,26,16
18/04/2013,12:30,43,22,21
18/04/2013,12:45,35,20,15
18/04/2013,13:00,44,28,16
18/04/2013,13:15,39,21,18
18/04/2013,13:30,47,22,25
18/04/2013,13:45,40,26,14
18/04/2013,14:00,38,17,21
18/04/2013,14:15,45,24,21
18/04/2013,14:30,48,23,25
18/04/2013,14:45,45,29,16
18/04/2013,15:00,47,24,23
18/04/2013,15:15,39,21,18
18/04/2013,15:30,54,35,19
18/04/2013,15:45,75,49,26
18/04/2013,16:00,58,29,29
18/04/2013,16:15,75,43,32
18/04/2013,16:30,84,55,29
18/04/2013,16:45,73,45,28
18/04/2013,17:00,102,69,33
18/04/2013,17:15,114,92,22
18/04/2013,17:30,106,68,38
18/04/2013,17:45,116,87,29
18/04/2013,18:00,156,110,46
18/04/2013,18:15,126,100,26
18/04/2013,18:30,103,78,25
18/04/2013,18:45,92,67,25
18/04/2013,19:00,95,67,28
18/04/2013,19:15,84,64,20
18/04/2013,19:30,73,48,25
18/04/2013,19:45,50,29,21
18/04/2013,20:00,55,33,22
18/04/2013,20:15,48,26,22
18/04/2013,20:30,38,23,15
18/04/2013,20:45,39,29,10
18/04/2013,21:00,21,21,0
18/04/2013,21:15,32,26,6
18/04/2013,21:30,22,16,6
18/04/2013,21:45,20,16,4
18/04/2013,22:00,32,27,5
18/04/2013,22:15,36,31,5
18/04/2013,22:30,26,20,6
18/04/2013,22:45,23,18,5
18/04/2013,23:00,19,12,7
18/04/2013,23:15,19,15,4
18/04/2013,23:30,10,8,2
18/04/2013,23:45,16,13,3
19/04/2013,00:00,14,11,3
19/04/2013,00:15,16,13,3
19/04/2013,00:30,9,8,1
19/04/2013,00:45,11,9,2
19/04/2013,01:00,1,1,0
19/04/2013,01:15,1,1,0
19/04/2013,01:30,6,5,1
19/04/2013,01:45,5,2,3
19/04/2013,02:00,4,4,0
19/04/2013,02:15,1,1,0
19/04/2013,02:30,3,2,1
19/04/2013,02:45,2,1,1
19/04/2013,03:00,2,1,1
19/04/2013,03:15,2,2,0
19/04/2013,03:30,2,1,1
19/04/2013,03:45,0,0,0
19/04/2013,04:00,0,0,0
19/04/2013,04:15,0,0,0
19/04/2013,04:30,2,0,2
19/04/2013,04:45,4,2,2
19/04/2013,05:00,4,1,3
19/04/2013,05:15,2,2,0
19/04/2013,05:30,8,4,4
19/04/2013,05:45,7,3,4
19/04/2013,06:00,16,7,9
19/04/2013,06:15,28,18,10
19/04/2013,06:30,27,13,14
19/04/2013,06:45,40,17,23
19/04/2013,07:00,46,15,31
19/04/2013,07:15,65,23,42
19/04/2013,07:30,70,25,45
19/04/2013,07:45,66,20,46
19/04/2013,08:00,60,19,41
19/04/2013,08:15,84,26,58
19/04/2013,08:30,105,30,75
19/04/2013,08:45,63,19,44
19/04/2013,09:00,70,28,42
19/04/2013,09:15,78,33,45
19/04/2013,09:30,59,29,30
19/04/2013,09:45,43,21,22
19/04/2013,10:00,49,24,25
19/04/2013,10:15,50,27,23
19/04/2013,10:30,43,21,22
19/04/2013,10:45,37,18,19
19/04/2013,11:00,38,21,17
19/04/2013,11:15,58,32,26
19/04/2013,11:30,53,33,20
19/04/2013,11:45,44,28,16
19/04/2013,12:00,36,16,20
19/04/2013,12:15,48,21,27
19/04/2013,12:30,45,27,18
19/04/2013,12:45,63,38,25
19/04/2013,13:00,34,17,17
19/04/2013,13:15,50,31,19
19/04/2013,13:30,38,21,17
19/04/2013,13:45,64,37,27
19/04/2013,14:00,35,18,17
19/04/2013,14:15,47,24,23
19/04/2013,14:30,43,28,15
19/04/2013,14:45,56,33,23
19/04/2013,15:00,59,27,32
19/04/2013,15:15,54,31,23
19/04/2013,15:30,59,31,28
19/04/2013,15:45,45,34,11
19/04/2013,16:00,60,30,30
19/04/2013,16:15,74,42,32
19/04/2013,16:30,84,53,31
19/04/2013,16:45,90,57,33
19/04/2013,17:00,109,72,37
19/04/2013,17:15,122,90,32
19/04/2013,17:30,101,60,41
19/04/2013,17:45,103,82,21
19/04/2013,18:00,102,70,32
19/04/2013,18:15,96,79,17
19/04/2013,18:30,91,68,23
19/04/2013,18:45,73,49,24
19/04/2013,19:00,73,54,19
19/04/2013,19:15,70,42,28
19/04/2013,19:30,65,39,26
19/04/2013,19:45,42,24,18
19/04/2013,20:00,26,14,12
19/04/2013,20:15,46,34,12
19/04/2013,20:30,33,21,12
19/04/2013,20:45,20,14,6
19/04/2013,21:00,37,21,16
19/04/2013,21:15,28,16,12
19/04/2013,21:30,20,12,8
19/04/2013,21:45,15,7,8
19/04/2013,22:00,23,17,6
19/04/2013,22:15,35,28,7
19/04/2013,22:30,26,21,5
19/04/2013,22:45,22,17,5
19/04/2013,23:00,22,14,8
19/04/2013,23:15,24,23,1
19/04/2013,23:30,18,13,5
19/04/2013,23:45,21,20,1
20/04/2013,00:00,18,16,2
20/04/2013,00:15,13,11,2
20/04/2013,00:30,16,16,0
20/04/2013,00:45,9,9,0
20/04/2013,01:00,19,14,5
20/04/2013,01:15,11,11,0
20/04/2013,01:30,12,12,0
20/04/2013,01:45,10,10,0
20/04/2013,02:00,10,9,1
20/04/2013,02:15,6,6,0
20/04/2013,02:30,3,2,1
20/04/2013,02:45,2,2,0
20/04/2013,03:00,1,1,0
20/04/2013,03:15,4,3,1
20/04/2013,03:30,2,2,0
20/04/2013,03:45,3,2,1
20/04/2013,04:00,0,0,0
20/04/2013,04:15,1,1,0
20/04/2013,04:30,2,2,0
20/04/2013,04:45,2,1,1
20/04/2013,05:00,4,2,2
20/04/2013,05:15,2,1,1
20/04/2013,05:30,4,1,3
20/04/2013,05:45,3,3,0
20/04/2013,06:00,4,3,1
20/04/2013,06:15,5,1,4
20/04/2013,06:30,8,5,3
20/04/2013,06:45,10,5,5
20/04/2013,07:00,23,19,4
20/04/2013,07:15,16,12,4
20/04/2013,07:30,20,14,6
20/04/2013,07:45,24,15,9
20/04/2013,08:00,35,22,13
20/04/2013,08:15,49,30,19
20/04/2013,08:30,82,53,29
20/04/2013,08:45,75,59,16
20/04/2013,09:00,61,54,7
20/04/2013,09:15,79,48,31
20/04/2013,09:30,77,49,28
20/04/2013,09:45,68,49,19
20/04/2013,10:00,75,41,34
20/04/2013,10:15,70,38,32
20/04/2013,10:30,75,40,35
20/04/2013,10:45,98,57,41
20/04/2013,11:00,90,52,38
20/04/2013,11:15,113,79,34
20/04/2013,11:30,115,78,37
20/04/2013,11:45,90,62,28
20/04/2013,12:00,109,60,49
20/04/2013,12:15,105,66,39
20/04/2013,12:30,146,91,55
20/04/2013,12:45,123,56,67
20/04/2013,13:00,134,79,55
20/04/2013,13:15,166,110,56
20/04/2013,13:30,134,82,52
20/04/2013,13:45,161,95,66
20/04/2013,14:00,142,83,59
20/04/2013,14:15,158,108,50
20/04/2013,14:30,125,70,55
20/04/2013,14:45,104,55,49
20/04/2013,15:00,122,65,57
20/04/2013,15:15,148,80,68
20/04/2013,15:30,103,64,39
20/04/2013,15:45,126,82,44
20/04/2013,16:00,100,36,64
20/04/2013,16:15,99,46,53
20/04/2013,16:30,86,49,37
20/04/2013,16:45,82,34,48
20/04/2013,17:00,98,45,53
20/04/2013,17:15,111,40,71
20/04/2013,17:30,90,25,65
20/04/2013,17:45,92,37,55
20/04/2013,18:00,85,42,43
20/04/2013,18:15,74,31,43
20/04/2013,18:30,85,41,44
20/04/2013,18:45,74,32,42
20/04/2013,19:00,69,23,46
20/04/2013,19:15,41,13,28
20/04/2013,19:30,56,35,21
20/04/2013,19:45,27,15,12
20/04/2013,20:00,42,25,17
20/04/2013,20:15,25,15,10
20/04/2013,20:30,16,5,11
20/04/2013,20:45,29,11,18
20/04/2013,21:00,30,20,10
20/04/2013,21:15,29,23,6
20/04/2013,21:30,10,7,3
20/04/2013,21:45,17,11,6
20/04/2013,22:00,22,14,8
20/04/2013,22:15,21,15,6
20/04/2013,22:30,17,11,6
20/04/2013,22:45,19,17,2
20/04/2013,23:00,28,23,5
20/04/2013,23:15,32,23,9
20/04/2013,23:30,45,36,9
20/04/2013,23:45,27,22,5
21/04/2013,00:00,24,19,5
21/04/2013,00:15,20,19,1
21/04/2013,00:30,13,10,3
21/04/2013,00:45,8,6,2
21/04/2013,01:00,4,2,2
21/04/2013,01:15,23,10,13
21/04/2013,01:30,17,6,11
21/04/2013,01:45,21,4,17
21/04/2013,02:00,21,9,12
21/04/2013,02:15,13,7,6
21/04/2013,02:30,7,7,0
21/04/2013,02:45,2,2,0
21/04/2013,03:00,6,5,1
21/04/2013,03:15,4,2,2
21/04/2013,03:30,2,1,1
21/04/2013,03:45,1,1,0
21/04/2013,04:00,4,3,1
21/04/2013,04:15,0,0,0
21/04/2013,04:30,3,3,0
21/04/2013,04:45,3,0,3
21/04/2013,05:00,5,3,2
21/04/2013,05:15,2,0,2
21/04/2013,05:30,3,1,2
21/04/2013,05:45,0,0,0
21/04/2013,06:00,4,2,2
21/04/2013,06:15,7,3,4
21/04/2013,06:30,17,7,10
21/04/2013,06:45,19,14,5
21/04/2013,07:00,15,8,7
21/04/2013,07:15,14,11,3
21/04/2013,07:30,31,25,6
21/04/2013,07:45,32,24,8
21/04/2013,08:00,23,14,9
21/04/2013,08:15,42,27,15
21/04/2013,08:30,30,14,16
21/04/2013,08:45,42,20,22
21/04/2013,09:00,47,24,23
21/04/2013,09:15,62,33,29
21/04/2013,09:30,64,45,19
21/04/2013,09:45,77,54,23
21/04/2013,10:00,70,48,22
21/04/2013,10:15,104,58,46
21/04/2013,10:30,102,66,36
21/04/2013,10:45,96,59,37
21/04/2013,11:00,108,74,34
21/04/2013,11:15,120,75,45
21/04/2013,11:30,109,76,33
21/04/2013,11:45,113,73,40
21/04/2013,12:00,128,80,48
21/04/2013,12:15,131,95,36
21/04/2013,12:30,136,83,53
21/04/2013,12:45,112,64,48
21/04/2013,13:00,105,63,42
21/04/2013,13:15,135,78,57
21/04/2013,13:30,139,91,48
21/04/2013,13:45,146,72,74
21/04/2013,14:00,134,72,62
21/04/2013,14:15,152,96,56
21/04/2013,14:30,145,72,73
21/04/2013,14:45,134,69,65
21/04/2013,15:00,137,69,68
21/04/2013,15:15,122,69,53
21/04/2013,15:30,119,49,70
21/04/2013,15:45,163,80,83
21/04/2013,16:00,131,57,74
21/04/2013,16:15,122,51,71
21/04/2013,16:30,114,50,64
21/04/2013,16:45,131,51,80
21/04/2013,17:00,134,45,89
21/04/2013,17:15,128,52,76
21/04/2013,17:30,113,41,72
21/04/2013,17:45,91,51,40
21/04/2013,18:00,96,35,61
21/04/2013,18:15,85,35,50
21/04/2013,18:30,74,24,50
21/04/2013,18:45,70,32,38
21/04/2013,19:00,65,35,30
21/04/2013,19:15,62,28,34
21/04/2013,19:30,52,28,24
21/04/2013,19:45,30,17,13
21/04/2013,20:00,36,14,22
21/04/2013,20:15,30,14,16
21/04/2013,20:30,21,9,12
21/04/2013,20:45,16,12,4
21/04/2013,21:00,22,15,7
21/04/2013,21:15,15,11,4
21/04/2013,21:30,13,9,4
21/04/2013,21:45,28,17,11
21/04/2013,22:00,20,13,7
21/04/2013,22:15,15,8,7
21/04/2013,22:30,12,6,6
21/04/2013,22:45,18,11,7
21/04/2013,23:00,5,5,0
21/04/2013,23:15,10,10,0
21/04/2013,23:30,10,10,0
21/04/2013,23:45,8,7,1
22/04/2013,00:00,7,7,0
22/04/2013,00:15,7,7,0
22/04/2013,00:30,6,6,0
22/04/2013,00:45,3,3,0
22/04/2013,01:00,3,1,2
22/04/2013,01:15,3,3,0
22/04/2013,01:30,2,1,1
22/04/2013,01:45,2,2,0
22/04/2013,02:00,5,4,1
22/04/2013,02:15,3,3,0
22/04/2013,02:30,2,2,0
22/04/2013,02:45,0,0,0
22/04/2013,03:00,3,1,2
22/04/2013,03:15,1,1,0
22/04/2013,03:30,1,1,0
22/04/2013,03:45,2,1,1
22/04/2013,04:00,0,0,0
22/04/2013,04:15,1,0,1
22/04/2013,04:30,1,1,0
22/04/2013,04:45,1,1,0
22/04/2013,05:00,9,3,6
22/04/2013,05:15,7,2,5
22/04/2013,05:30,8,6,2
22/04/2013,05:45,12,6,6
22/04/2013,06:00,19,9,10
22/04/2013,06:15,15,5,10
22/04/2013,06:30,28,8,20
22/04/2013,06:45,29,10,19
22/04/2013,07:00,52,20,32
22/04/2013,07:15,58,19,39
22/04/2013,07:30,100,32,68
22/04/2013,07:45,81,20,61
22/04/2013,08:00,79,23,56
22/04/2013,08:15,113,25,88
22/04/2013,08:30,123,37,86
22/04/2013,08:45,94,30,64
22/04/2013,09:00,65,17,48
22/04/2013,09:15,83,29,54
22/04/2013,09:30,52,27,25
22/04/2013,09:45,60,24,36
22/04/2013,10:00,33,23,10
22/04/2013,10:15,37,18,19
22/04/2013,10:30,35,21,14
22/04/2013,10:45,39,16,23
22/04/2013,11:00,42,27,15
22/04/2013,11:15,60,30,30
22/04/2013,11:30,48,26,22
22/04/2013,11:45,34,22,12
22/04/2013,12:00,40,22,18
22/04/2013,12:15,43,33,10
22/04/2013,12:30,56,35,21
22/04/2013,12:45,42,20,22
22/04/2013,13:00,35,16,19
22/04/2013,13:15,39,22,17
22/04/2013,13:30,67,54,13
22/04/2013,13:45,53,30,23
22/04/2013,14:00,50,31,19
22/04/2013,14:15,48,27,21
22/04/2013,14:30,63,38,25
22/04/2013,14:45,48,24,24
22/04/2013,15:00,68,40,28
22/04/2013,15:15,83,49,34
22/04/2013,15:30,73,52,21
22/04/2013,15:45,67,42,25
22/04/2013,16:00,84,55,29
22/04/2013,16:15,78,48,30
22/04/2013,16:30,84,50,34
22/04/2013,16:45,69,43,26
22/04/2013,17:00,107,73,34
22/04/2013,17:15,112,82,30
22/04/2013,17:30,139,104,35
22/04/2013,17:45,135,101,34
22/04/2013,18:00,163,118,45
22/04/2013,18:15,149,109,40
22/04/2013,18:30,125,99,26
22/04/2013,18:45,128,88,40
22/04/2013,19:00,97,61,36
22/04/2013,19:15,75,54,21
22/04/2013,19:30,74,47,27
22/04/2013,19:45,40,25,15
22/04/2013,20:00,71,45,26
22/04/2013,20:15,56,32,24
22/04/2013,20:30,48,32,16
22/04/2013,20:45,42,27,15
22/04/2013,21:00,23,20,3
22/04/2013,21:15,30,20,10
22/04/2013,21:30,31,23,8
22/04/2013,21:45,28,20,8
22/04/2013,22:00,26,21,5
22/04/2013,22:15,29,27,2
22/04/2013,22:30,28,25,3
22/04/2013,22:45,23,15,8
22/04/2013,23:00,21,17,4
22/04/2013,23:15,13,13,0
22/04/2013,23:30,16,12,4
22/04/2013,23:45,8,6,2
23/04/2013,00:00,7,7,0
23/04/2013,00:15,4,4,0
23/04/2013,00:30,1,0,1
23/04/2013,00:45,4,3,1
23/04/2013,01:00,4,4,0
23/04/2013,01:15,3,3,0
23/04/2013,01:30,4,4,0
23/04/2013,01:45,4,4,0
23/04/2013,02:00,1,1,0
23/04/2013,02:15,3,1,2
23/04/2013,02:30,2,1,1
23/04/2013,02:45,0,0,0
23/04/2013,03:00,1,1,0
23/04/2013,03:15,0,0,0
23/04/2013,03:30,0,0,0
23/04/2013,03:45,1,0,1
23/04/2013,04:00,0,0,0
23/04/2013,04:15,1,1,0
23/04/2013,04:30,1,0,1
23/04/2013,04:45,0,0,0
23/04/2013,05:00,5,0,5
23/04/2013,05:15,3,1,2
23/04/2013,05:30,7,4,3
23/04/2013,05:45,26,14,12
23/04/2013,06:00,23,18,5
23/04/2013,06:15,37,20,17
23/04/2013,06:30,39,18,21
23/04/2013,06:45,45,20,25
23/04/2013,07:00,61,19,42
23/04/2013,07:15,134,65,69
23/04/2013,07:30,101,35,66
23/04/2013,07:45,98,33,65
23/04/2013,08:00,99,26,73
23/04/2013,08:15,117,27,90
23/04/2013,08:30,147,45,102
23/04/2013,08:45,115,32,83
23/04/2013,09:00,116,50,66
23/04/2013,09:15,83,32,51
23/04/2013,09:30,56,19,37
23/04/2013,09:45,42,20,22
23/04/2013,10:00,38,14,24
23/04/2013,10:15,47,24,23
23/04/2013,10:30,45,16,29
23/04/2013,10:45,37,15,22
23/04/2013,11:00,32,24,8
23/04/2013,11:15,47,19,28
23/04/2013,11:30,32,11,21
23/04/2013,11:45,44,22,22
23/04/2013,12:00,30,11,19
23/04/2013,12:15,42,25,17
23/04/2013,12:30,47,23,24
23/04/2013,12:45,43,25,18
23/04/2013,13:00,35,14,21
23/04/2013,13:15,43,20,23
23/04/2013,13:30,43,28,15
23/04/2013,13:45,43,19,24
23/04/2013,14:00,46,30,16
23/04/2013,14:15,55,40,15
23/04/2013,14:30,40,17,23
23/04/2013,14:45,50,33,17
23/04/2013,15:00,51,27,24
23/04/2013,15:15,46,26,20
23/04/2013,15:30,55,36,19
23/04/2013,15:45,58,39,19
23/04/2013,16:00,78,55,23
23/04/2013,16:15,56,33,23
23/04/2013,16:30,80,60,20
23/04/2013,16:45,82,59,23
23/04/2013,17:00,98,65,33
23/04/2013,17:15,139,110,29
23/04/2013,17:30,125,89,36
23/04/2013,17:45,148,120,28
23/04/2013,18:00,155,109,46
23/04/2013,18:15,127,99,28
23/04/2013,18:30,115,89,26
23/04/2013,18:45,106,77,29
23/04/2013,19:00,78,50,28
23/04/2013,19:15,96,66,30
23/04/2013,19:30,75,57,18
23/04/2013,19:45,59,45,14
23/04/2013,20:00,47,31,16
23/04/2013,20:15,41,32,9
23/04/2013,20:30,45,31,14
23/04/2013,20:45,38,28,10
23/04/2013,21:00,32,28,4
23/04/2013,21:15,17,13,4
23/04/2013,21:30,28,21,7
23/04/2013,21:45,24,20,4
23/04/2013,22:00,26,20,6
23/04/2013,22:15,33,26,7
23/04/2013,22:30,19,15,4
23/04/2013,22:45,16,13,3
23/04/2013,23:00,18,13,5
23/04/2013,23:15,31,28,3
23/04/2013,23:30,19,16,3
23/04/2013,23:45,11,9,2
24/04/2013,00:00,13,12,1
24/04/2013,00:15,5,5,0
24/04/2013,00:30,10,8,2
24/04/2013,00:45,4,4,0
24/04/2013,01:00,3,3,0
24/04/2013,01:15,1,1,0
24/04/2013,01:30,2,2,0
24/04/2013,01:45,4,4,0
24/04/2013,02:00,2,2,0
24/04/2013,02:15,0,0,0
24/04/2013,02:30,1,1,0
24/04/2013,02:45,0,0,0
24/04/2013,03:00,1,0,1
24/04/2013,03:15,0,0,0
24/04/2013,03:30,1,0,1
24/04/2013,03:45,1,0,1
24/04/2013,04:00,0,0,0
24/04/2013,04:15,0,0,0
24/04/2013,04:30,0,0,0
24/04/2013,04:45,4,2,2
24/04/2013,05:00,6,2,4
24/04/2013,05:15,2,0,2
24/04/2013,05:30,8,3,5
24/04/2013,05:45,10,4,6
24/04/2013,06:00,16,8,8
24/04/2013,06:15,31,13,18
24/04/2013,06:30,38,19,19
24/04/2013,06:45,39,16,23
24/04/2013,07:00,47,11,36
24/04/2013,07:15,53,17,36
24/04/2013,07:30,98,35,63
24/04/2013,07:45,78,22,56
24/04/2013,08:00,87,24,63
24/04/2013,08:15,88,20,68
24/04/2013,08:30,116,36,80
24/04/2013,08:45,80,24,56
24/04/2013,09:00,73,19,54
24/04/2013,09:15,69,24,45
24/04/2013,09:30,72,34,38
24/04/2013,09:45,38,13,25
24/04/2013,10:00,42,17,25
24/04/2013,10:15,40,17,23
24/04/2013,10:30,49,24,25
24/04/2013,10:45,34,17,17
24/04/2013,11:00,22,9,13
24/04/2013,11:15,35,19,16
24/04/2013,11:30,28,12,16
24/04/2013,11:45,36,19,17
24/04/2013,12:00,29,13,16
24/04/2013,12:15,42,17,25
24/04/2013,12:30,40,28,12
24/04/2013,12:45,44,32,12
24/04/2013,13:00,33,17,16
24/04/2013,13:15,32,16,16
24/04/2013,13:30,35,17,18
24/04/2013,13:45,32,15,17
24/04/2013,14:00,53,25,28
24/04/2013,14:15,34,22,12
24/04/2013,14:30,27,14,13
24/04/2013,14:45,45,28,17
24/04/2013,15:00,37,20,17
24/04/2013,15:15,42,22,20
24/04/2013,15:30,38,22,16
24/04/2013,15:45,47,34,13
24/04/2013,16:00,53,26,27
24/04/2013,16:15,62,36,26
24/04/2013,16:30,71,48,23
24/04/2013,16:45,63,52,11
24/04/2013,17:00,87,66,21
24/04/2013,17:15,93,72,21
24/04/2013,17:30,104,88,16
24/04/2013,17:45,117,83,34
24/04/2013,18:00,102,75,27
24/04/2013,18:15,137,103,34
24/04/2013,18:30,106,88,18
24/04/2013,18:45,83,67,16
24/04/2013,19:00,75,55,20
24/04/2013,19:15,54,37,17
24/04/2013,19:30,45,32,13
24/04/2013,19:45,55,44,11
24/04/2013,20:00,45,32,13
24/04/2013,20:15,39,28,11
24/04/2013,20:30,41,28,13
24/04/2013,20:45,30,24,6
24/04/2013,21:00,41,30,11
24/04/2013,21:15,60,23,37
24/04/2013,21:30,22,16,6
24/04/2013,21:45,24,14,10
24/04/2013,22:00,18,17,1
24/04/2013,22:15,25,19,6
24/04/2013,22:30,21,20,1
24/04/2013,22:45,23,19,4
24/04/2013,23:00,21,18,3
24/04/2013,23:15,13,11,2
24/04/2013,23:30,17,13,4
24/04/2013,23:45,23,20,3
25/04/2013,00:00,14,13,1
25/04/2013,00:15,10,8,2
25/04/2013,00:30,6,6,0
25/04/2013,00:45,4,4,0
25/04/2013,01:00,10,10,0
25/04/2013,01:15,5,4,1
25/04/2013,01:30,5,4,1
25/04/2013,01:45,3,3,0
25/04/2013,02:00,1,1,0
25/04/2013,02:15,1,1,0
25/04/2013,02:30,1,1,0
25/04/2013,02:45,0,0,0
25/04/2013,03:00,1,1,0
25/04/2013,03:15,0,0,0
25/04/2013,03:30,2,2,0
25/04/2013,03:45,1,0,1
25/04/2013,04:00,1,1,0
25/04/2013,04:15,2,0,2
25/04/2013,04:30,0,0,0
25/04/2013,04:45,4,2,2
25/04/2013,05:00,4,2,2
25/04/2013,05:15,4,1,3
25/04/2013,05:30,7,5,2
25/04/2013,05:45,11,9,2
25/04/2013,06:00,24,13,11
25/04/2013,06:15,27,10,17
25/04/2013,06:30,38,17,21
25/04/2013,06:45,34,15,19
25/04/2013,07:00,39,16,23
25/04/2013,07:15,64,22,42
25/04/2013,07:30,77,17,60
25/04/2013,07:45,69,19,50
25/04/2013,08:00,79,22,57
25/04/2013,08:15,95,20,75
25/04/2013,08:30,111,31,80
25/04/2013,08:45,63,23,40
25/04/2013,09:00,73,21,52
25/04/2013,09:15,53,13,40
25/04/2013,09:30,53,14,39
25/04/2013,09:45,26,9,17
25/04/2013,10:00,38,15,23
25/04/2013,10:15,46,19,27
25/04/2013,10:30,37,9,28
25/04/2013,10:45,27,15,12
25/04/2013,11:00,40,18,22
25/04/2013,11:15,27,13,14
25/04/2013,11:30,38,15,23
25/04/2013,11:45,25,15,10
25/04/2013,12:00,47,34,13
25/04/2013,12:15,33,16,17
25/04/2013,12:30,37,17,20
25/04/2013,12:45,28,14,14
25/04/2013,13:00,21,6,15
25/04/2013,13:15,29,15,14
25/04/2013,13:30,34,23,11
25/04/2013,13:45,26,11,15
25/04/2013,14:00,26,13,13
25/04/2013,14:15,36,15,21
25/04/2013,14:30,33,20,13
25/04/2013,14:45,36,23,13
25/04/2013,15:00,37,21,16
25/04/2013,15:15,50,30,20
25/04/2013,15:30,37,25,12
25/04/2013,15:45,42,26,16
25/04/2013,16:00,52,32,20
25/04/2013,16:15,52,36,16
25/04/2013,16:30,69,53,16
25/04/2013,16:45,88,63,25
25/04/2013,17:00,89,61,28
25/04/2013,17:15,110,73,37
25/04/2013,17:30,109,79,30
25/04/2013,17:45,117,99,18
25/04/2013,18:00,108,85,23
25/04/2013,18:15,80,68,12
25/04/2013,18:30,102,80,22
25/04/2013,18:45,75,51,24
25/04/2013,19:00,67,46,21
25/04/2013,19:15,79,60,19
25/04/2013,19:30,61,47,14
25/04/2013,19:45,41,32,9
25/04/2013,20:00,52,40,12
25/04/2013,20:15,47,32,15
25/04/2013,20:30,29,23,6
25/04/2013,20:45,40,22,18
25/04/2013,21:00,42,29,13
25/04/2013,21:15,30,23,7
25/04/2013,21:30,26,17,9
25/04/2013,21:45,24,14,10
25/04/2013,22:00,30,21,9
25/04/2013,22:15,39,26,13
25/04/2013,22:30,30,24,6
25/04/2013,22:45,18,16,2
25/04/2013,23:00,13,9,4
25/04/2013,23:15,24,21,3
25/04/2013,23:30,14,13,1
25/04/2013,23:45,20,18,2
26/04/2013,00:00,5,3,2
26/04/2013,00:15,9,9,0
26/04/2013,00:30,4,4,0
26/04/2013,00:45,8,8,0
26/04/2013,01:00,9,8,1
26/04/2013,01:15,3,2,1
26/04/2013,01:30,8,8,0
26/04/2013,01:45,5,5,0
26/04/2013,02:00,4,4,0
26/04/2013,02:15,6,6,0
26/04/2013,02:30,1,0,1
26/04/2013,02:45,0,0,0
26/04/2013,03:00,1,0,1
26/04/2013,03:15,0,0,0
26/04/2013,03:30,3,2,1
26/04/2013,03:45,0,0,0
26/04/2013,04:00,0,0,0
26/04/2013,04:15,0,0,0
26/04/2013,04:30,1,0,1
26/04/2013,04:45,3,2,1
26/04/2013,05:00,2,0,2
26/04/2013,05:15,2,2,0
26/04/2013,05:30,11,6,5
26/04/2013,05:45,3,3,0
26/04/2013,06:00,10,2,8
26/04/2013,06:15,28,21,7
26/04/2013,06:30,33,16,17
26/04/2013,06:45,36,17,19
26/04/2013,07:00,38,11,27
26/04/2013,07:15,54,17,37
26/04/2013,07:30,80,26,54
26/04/2013,07:45,83,35,48
26/04/2013,08:00,74,20,54
26/04/2013,08:15,84,17,67
26/04/2013,08:30,92,31,61
26/04/2013,08:45,67,19,48
26/04/2013,09:00,63,23,40
26/04/2013,09:15,61,20,41
26/04/2013,09:30,54,17,37
26/04/2013,09:45,43,16,27
26/04/2013,10:00,43,22,21
26/04/2013,10:15,27,11,16
26/04/2013,10:30,43,23,20
26/04/2013,10:45,42,22,20
26/04/2013,11:00,44,22,22
26/04/2013,11:15,38,12,26
26/04/2013,11:30,34,13,21
26/04/2013,11:45,32,15,17
26/04/2013,12:00,32,12,20
26/04/2013,12:15,27,19,8
26/04/2013,12:30,45,26,19
26/04/2013,12:45,40,24,16
26/04/2013,13:00,36,21,15
26/04/2013,13:15,38,21,17
26/04/2013,13:30,36,21,15
26/04/2013,13:45,27,17,10
26/04/2013,14:00,39,23,16
26/04/2013,14:15,42,23,19
26/04/2013,14:30,50,31,19
26/04/2013,14:45,42,30,12
26/04/2013,15:00,45,23,22
26/04/2013,15:15,45,24,21
26/04/2013,15:30,63,42,21
26/04/2013,15:45,55,32,23
26/04/2013,16:00,80,48,32
26/04/2013,16:15,63,25,38
26/04/2013,16:30,70,45,25
26/04/2013,16:45,74,49,25
26/04/2013,17:00,64,42,22
26/04/2013,17:15,90,62,28
26/04/2013,17:30,105,81,24
26/04/2013,17:45,103,80,23
26/04/2013,18:00,109,71,38
26/04/2013,18:15,85,58,27
26/04/2013,18:30,83,56,27
26/04/2013,18:45,93,66,27
26/04/2013,19:00,60,42,18
26/04/2013,19:15,68,47,21
26/04/2013,19:30,56,36,20
26/04/2013,19:45,45,29,16
26/04/2013,20:00,26,21,5
26/04/2013,20:15,31,21,10
26/04/2013,20:30,36,25,11
26/04/2013,20:45,23,13,10
26/04/2013,21:00,29,23,6
26/04/2013,21:15,29,17,12
26/04/2013,21:30,19,14,5
26/04/2013,21:45,30,25,5
26/04/2013,22:00,14,11,3
26/04/2013,22:15,23,18,5
26/04/2013,22:30,24,19,5
26/04/2013,22:45,28,24,4
26/04/2013,23:00,23,16,7
26/04/2013,23:15,23,16,7
26/04/2013,23:30,16,13,3
26/04/2013,23:45,10,9,1
27/04/2013,00:00,6,5,1
27/04/2013,00:15,15,14,1
27/04/2013,00:30,14,14,0
27/04/2013,00:45,18,16,2
27/04/2013,01:00,10,7,3
27/04/2013,01:15,8,6,2
27/04/2013,01:30,9,8,1
27/04/2013,01:45,12,10,2
27/04/2013,02:00,9,8,1
27/04/2013,02:15,14,9,5
27/04/2013,02:30,5,5,0
27/04/2013,02:45,1,1,0
27/04/2013,03:00,4,4,0
27/04/2013,03:15,0,0,0
27/04/2013,03:30,3,2,1
27/04/2013,03:45,1,0,1
27/04/2013,04:00,0,0,0
27/04/2013,04:15,0,0,0
27/04/2013,04:30,1,1,0
27/04/2013,04:45,1,0,1
27/04/2013,05:00,4,3,1
27/04/2013,05:15,7,3,4
27/04/2013,05:30,4,2,2
27/04/2013,05:45,3,2,1
27/04/2013,06:00,6,5,1
27/04/2013,06:15,8,7,1
27/04/2013,06:30,14,8,6
27/04/2013,06:45,23,13,10
27/04/2013,07:00,19,11,8
27/04/2013,07:15,12,8,4
27/04/2013,07:30,23,14,9
27/04/2013,07:45,28,20,8
27/04/2013,08:00,35,28,7
27/04/2013,08:15,30,17,13
27/04/2013,08:30,49,28,21
27/04/2013,08:45,44,25,19
27/04/2013,09:00,46,33,13
27/04/2013,09:15,34,15,19
27/04/2013,09:30,53,26,27
27/04/2013,09:45,52,34,18
27/04/2013,10:00,76,59,17
27/04/2013,10:15,79,53,26
27/04/2013,10:30,63,35,28
27/04/2013,10:45,65,41,24
27/04/2013,11:00,67,40,27
27/04/2013,11:15,60,36,24
27/04/2013,11:30,72,42,30
27/04/2013,11:45,81,41,40
27/04/2013,12:00,78,50,28
27/04/2013,12:15,64,36,28
27/04/2013,12:30,79,43,36
27/04/2013,12:45,83,48,35
27/04/2013,13:00,80,52,28
27/04/2013,13:15,87,54,33
27/04/2013,13:30,86,59,27
27/04/2013,13:45,69,32,37
27/04/2013,14:00,88,45,43
27/04/2013,14:15,91,47,44
27/04/2013,14:30,99,53,46
27/04/2013,14:45,91,45,46
27/04/2013,15:00,80,40,40
27/04/2013,15:15,98,42,56
27/04/2013,15:30,73,41,32
27/04/2013,15:45,81,41,40
27/04/2013,16:00,78,38,40
27/04/2013,16:15,85,27,58
27/04/2013,16:30,68,32,36
27/04/2013,16:45,94,31,63
27/04/2013,17:00,52,19,33
27/04/2013,17:15,72,24,48
27/04/2013,17:30,79,48,31
27/04/2013,17:45,57,30,27
27/04/2013,18:00,45,17,28
27/04/2013,18:15,51,30,21
27/04/2013,18:30,35,15,20
27/04/2013,18:45,37,25,12
27/04/2013,19:00,31,18,13
27/04/2013,19:15,28,14,14
27/04/2013,19:30,29,15,14
27/04/2013,19:45,31,19,12
27/04/2013,20:00,13,6,7
27/04/2013,20:15,19,14,5
27/04/2013,20:30,23,10,13
27/04/2013,20:45,18,13,5
27/04/2013,21:00,10,7,3
27/04/2013,21:15,14,7,7
27/04/2013,21:30,6,4,2
27/04/2013,21:45,11,10,1
27/04/2013,22:00,17,14,3
27/04/2013,22:15,16,11,5
27/04/2013,22:30,16,13,3
27/04/2013,22:45,12,8,4
27/04/2013,23:00,12,8,4
27/04/2013,23:15,7,6,1
27/04/2013,23:30,18,16,2
27/04/2013,23:45,14,14,0
28/04/2013,00:00,12,8,4
28/04/2013,00:15,15,7,8
28/04/2013,00:30,8,7,1
28/04/2013,00:45,11,8,3
28/04/2013,01:00,12,10,2
28/04/2013,01:15,12,11,1
28/04/2013,01:30,6,4,2
28/04/2013,01:45,8,6,2
28/04/2013,02:00,12,5,7
28/04/2013,02:15,8,6,2
28/04/2013,02:30,6,5,1
28/04/2013,02:45,0,0,0
28/04/2013,03:00,6,6,0
28/04/2013,03:15,3,3,0
28/04/2013,03:30,1,1,0
28/04/2013,03:45,3,3,0
28/04/2013,04:00,4,3,1
28/04/2013,04:15,1,1,0
28/04/2013,04:30,1,0,1
28/04/2013,04:45,3,1,2
28/04/2013,05:00,1,0,1
28/04/2013,05:15,0,0,0
28/04/2013,05:30,2,1,1
28/04/2013,05:45,2,1,1
28/04/2013,06:00,2,1,1
28/04/2013,06:15,4,3,1
28/04/2013,06:30,12,3,9
28/04/2013,06:45,6,3,3
28/04/2013,07:00,16,10,6
28/04/2013,07:15,15,11,4
28/04/2013,07:30,20,11,9
28/04/2013,07:45,26,16,10
28/04/2013,08:00,27,14,13
28/04/2013,08:15,30,21,9
28/04/2013,08:30,33,24,9
28/04/2013,08:45,31,20,11
28/04/2013,09:00,42,26,16
28/04/2013,09:15,49,27,22
28/04/2013,09:30,66,43,23
28/04/2013,09:45,67,45,22
28/04/2013,10:00,69,50,19
28/04/2013,10:15,61,41,20
28/04/2013,10:30,81,43,38
28/04/2013,10:45,86,59,27
28/04/2013,11:00,75,49,26
28/04/2013,11:15,130,64,66
28/04/2013,11:30,96,59,37
28/04/2013,11:45,115,78,37
28/04/2013,12:00,108,68,40
28/04/2013,12:15,107,72,35
28/04/2013,12:30,137,71,66
28/04/2013,12:45,113,76,37
28/04/2013,13:00,101,68,33
28/04/2013,13:15,115,69,46
28/04/2013,13:30,105,53,52
28/04/2013,13:45,99,62,37
28/04/2013,14:00,109,67,42
28/04/2013,14:15,121,56,65
28/04/2013,14:30,123,71,52
28/04/2013,14:45,107,42,65
28/04/2013,15:00,144,62,82
28/04/2013,15:15,123,68,55
28/04/2013,15:30,101,38,63
28/04/2013,15:45,122,54,68
28/04/2013,16:00,92,38,54
28/04/2013,16:15,95,34,61
28/04/2013,16:30,94,40,54
28/04/2013,16:45,94,28,66
28/04/2013,17:00,98,49,49
28/04/2013,17:15,118,40,78
28/04/2013,17:30,89,29,60
28/04/2013,17:45,91,40,51
28/04/2013,18:00,80,28,52
28/04/2013,18:15,78,38,40
28/04/2013,18:30,62,26,36
28/04/2013,18:45,50,28,22
28/04/2013,19:00,40,20,20
28/04/2013,19:15,45,27,18
28/04/2013,19:30,55,33,22
28/04/2013,19:45,44,27,17
28/04/2013,20:00,25,16,9
28/04/2013,20:15,42,22,20
28/04/2013,20:30,27,21,6
28/04/2013,20:45,11,6,5
28/04/2013,21:00,27,14,13
28/04/2013,21:15,17,11,6
28/04/2013,21:30,17,14,3
28/04/2013,21:45,15,9,6
28/04/2013,22:00,14,10,4
28/04/2013,22:15,17,10,7
28/04/2013,22:30,17,14,3
28/04/2013,22:45,9,8,1
28/04/2013,23:00,16,13,3
28/04/2013,23:15,11,8,3
28/04/2013,23:30,18,17,1
28/04/2013,23:45,5,5,0
29/04/2013,00:00,6,5,1
29/04/2013,00:15,6,5,1
29/04/2013,00:30,3,3,0
29/04/2013,00:45,4,3,1
29/04/2013,01:00,2,2,0
29/04/2013,01:15,2,1,1
29/04/2013,01:30,0,0,0
29/04/2013,01:45,1,1,0
29/04/2013,02:00,4,4,0
29/04/2013,02:15,0,0,0
29/04/2013,02:30,0,0,0
29/04/2013,02:45,0,0,0
29/04/2013,03:00,1,1,0
29/04/2013,03:15,2,2,0
29/04/2013,03:30,1,1,0
29/04/2013,03:45,1,1,0
29/04/2013,04:00,0,0,0
29/04/2013,04:15,0,0,0
29/04/2013,04:30,4,2,2
29/04/2013,04:45,3,0,3
29/04/2013,05:00,10,6,4
29/04/2013,05:15,5,2,3
29/04/2013,05:30,8,3,5
29/04/2013,05:45,3,2,1
29/04/2013,06:00,14,8,6
29/04/2013,06:15,19,8,11
29/04/2013,06:30,36,14,22
29/04/2013,06:45,35,11,24
29/04/2013,07:00,55,15,40
29/04/2013,07:15,66,17,49
29/04/2013,07:30,80,25,55
29/04/2013,07:45,76,22,54
29/04/2013,08:00,80,18,62
29/04/2013,08:15,97,17,80
29/04/2013,08:30,128,44,84
29/04/2013,08:45,98,36,62
29/04/2013,09:00,62,14,48
29/04/2013,09:15,65,27,38
29/04/2013,09:30,69,30,39
29/04/2013,09:45,53,25,28
29/04/2013,10:00,46,26,20
29/04/2013,10:15,35,20,15
29/04/2013,10:30,58,29,29
29/04/2013,10:45,46,28,18
29/04/2013,11:00,44,20,24
29/04/2013,11:15,36,17,19
29/04/2013,11:30,41,29,12
29/04/2013,11:45,36,18,18
29/04/2013,12:00,49,29,20
29/04/2013,12:15,39,26,13
29/04/2013,12:30,48,19,29
29/04/2013,12:45,36,13,23
29/04/2013,13:00,59,39,20
29/04/2013,13:15,50,18,32
29/04/2013,13:30,47,28,19
29/04/2013,13:45,52,31,21
29/04/2013,14:00,47,22,25
29/04/2013,14:15,41,21,20
29/04/2013,14:30,44,32,12
29/04/2013,14:45,49,32,17
29/04/2013,15:00,59,41,18
29/04/2013,15:15,60,39,21
29/04/2013,15:30,69,42,27
29/04/2013,15:45,67,43,24
29/04/2013,16:00,46,27,19
29/04/2013,16:15,71,54,17
29/04/2013,16:30,66,46,20
29/04/2013,16:45,78,42,36
29/04/2013,17:00,124,74,50
29/04/2013,17:15,132,95,37
29/04/2013,17:30,135,102,33
29/04/2013,17:45,114,82,32
29/04/2013,18:00,138,106,32
29/04/2013,18:15,145,119,26
29/04/2013,18:30,157,122,35
29/04/2013,18:45,106,81,25
29/04/2013,19:00,85,54,31
29/04/2013,19:15,85,54,31
29/04/2013,19:30,71,55,16
29/04/2013,19:45,48,36,12
29/04/2013,20:00,50,36,14
29/04/2013,20:15,36,26,10
29/04/2013,20:30,38,23,15
29/04/2013,20:45,43,30,13
29/04/2013,21:00,51,34,17
29/04/2013,21:15,26,19,7
29/04/2013,21:30,35,22,13
29/04/2013,21:45,15,13,2
29/04/2013,22:00,15,10,5
29/04/2013,22:15,24,18,6
29/04/2013,22:30,22,15,7
29/04/2013,22:45,17,16,1
29/04/2013,23:00,14,12,2
29/04/2013,23:15,13,10,3
29/04/2013,23:30,10,9,1
29/04/2013,23:45,12,11,1
30/04/2013,00:00,9,6,3
30/04/2013,00:15,6,5,1
30/04/2013,00:30,6,6,0
30/04/2013,00:45,6,6,0
30/04/2013,01:00,2,2,0
30/04/2013,01:15,2,1,1
30/04/2013,01:30,5,2,3
30/04/2013,01:45,3,3,0
30/04/2013,02:00,4,2,2
30/04/2013,02:15,0,0,0
30/04/2013,02:30,1,1,0
30/04/2013,02:45,0,0,0
30/04/2013,03:00,1,0,1
30/04/2013,03:15,1,0,1
30/04/2013,03:30,1,1,0
30/04/2013,03:45,1,1,0
30/04/2013,04:00,0,0,0
30/04/2013,04:15,2,0,2
30/04/2013,04:30,2,0,2
30/04/2013,04:45,3,2,1
30/04/2013,05:00,4,2,2
30/04/2013,05:15,9,2,7
30/04/2013,05:30,10,7,3
30/04/2013,05:45,12,8,4
30/04/2013,06:00,24,17,7
30/04/2013,06:15,33,12,21
30/04/2013,06:30,39,19,20
30/04/2013,06:45,42,17,25
30/04/2013,07:00,52,15,37
30/04/2013,07:15,86,21,65
30/04/2013,07:30,106,37,69
30/04/2013,07:45,87,22,65
30/04/2013,08:00,93,29,64
30/04/2013,08:15,111,27,84
30/04/2013,08:30,131,37,94
30/04/2013,08:45,98,27,71
30/04/2013,09:00,88,28,60
30/04/2013,09:15,76,25,51
30/04/2013,09:30,67,30,37
30/04/2013,09:45,58,32,26
30/04/2013,10:00,24,9,15
30/04/2013,10:15,57,32,25
30/04/2013,10:30,38,15,23
30/04/2013,10:45,29,13,16
30/04/2013,11:00,48,17,31
30/04/2013,11:15,37,14,23
30/04/2013,11:30,42,21,21
30/04/2013,11:45,45,27,18
30/04/2013,12:00,36,17,19
30/04/2013,12:15,50,33,17
30/04/2013,12:30,47,20,27
30/04/2013,12:45,56,28,28
30/04/2013,13:00,49,20,29
30/04/2013,13:15,54,26,28
30/04/2013,13:30,50,22,28
30/04/2013,13:45,31,19,12
30/04/2013,14:00,35,23,12
30/04/2013,14:15,48,30,18
30/04/2013,14:30,47,27,20
30/04/2013,14:45,54,36,18
30/04/2013,15:00,54,32,22
30/04/2013,15:15,45,31,14
30/04/2013,15:30,64,32,32
30/04/2013,15:45,46,28,18
30/04/2013,16:00,74,44,30
30/04/2013,16:15,67,45,22
30/04/2013,16:30,85,66,19
30/04/2013,16:45,99,71,28
30/04/2013,17:00,114,79,35
30/04/2013,17:15,143,101,42
30/04/2013,17:30,117,90,27
30/04/2013,17:45,156,123,33
30/04/2013,18:00,154,104,50
30/04/2013,18:15,161,134,27
30/04/2013,18:30,128,102,26
30/04/2013,18:45,97,65,32
30/04/2013,19:00,116,85,31
30/04/2013,19:15,82,57,25
30/04/2013,19:30,80,57,23
30/04/2013,19:45,71,51,20
30/04/2013,20:00,63,43,20
30/04/2013,20:15,60,50,10
30/04/2013,20:30,37,28,9
30/04/2013,20:45,42,25,17
30/04/2013,21:00,57,43,14
30/04/2013,21:15,24,18,6
30/04/2013,21:30,23,17,6
30/04/2013,21:45,37,25,12
30/04/2013,22:00,16,13,3
30/04/2013,22:15,25,17,8
30/04/2013,22:30,21,15,6
30/04/2013,22:45,22,18,4
30/04/2013,23:00,22,18,4
30/04/2013,23:15,16,13,3
30/04/2013,23:30,12,10,2
30/04/2013,23:45,15,11,4
01/05/2013,00:00,6,6,0
01/05/2013,00:15,11,10,1
01/05/2013,00:30,8,7,1
01/05/2013,00:45,5,5,0
01/05/2013,01:00,3,1,2
01/05/2013,01:15,6,3,3
01/05/2013,01:30,3,3,0
01/05/2013,01:45,4,1,3
01/05/2013,02:00,6,6,0
01/05/2013,02:15,1,1,0
01/05/2013,02:30,1,1,0
01/05/2013,02:45,0,0,0
01/05/2013,03:00,2,1,1
01/05/2013,03:15,2,0,2
01/05/2013,03:30,3,2,1
01/05/2013,03:45,0,0,0
01/05/2013,04:00,1,1,0
01/05/2013,04:15,1,0,1
01/05/2013,04:30,2,0,2
01/05/2013,04:45,3,2,1
01/05/2013,05:00,8,3,5
01/05/2013,05:15,1,0,1
01/05/2013,05:30,5,2,3
01/05/2013,05:45,5,2,3
01/05/2013,06:00,27,14,13
01/05/2013,06:15,38,15,23
01/05/2013,06:30,35,13,22
01/05/2013,06:45,54,26,28
01/05/2013,07:00,58,24,34
01/05/2013,07:15,81,27,54
01/05/2013,07:30,94,24,70
01/05/2013,07:45,97,29,68
01/05/2013,08:00,105,31,74
01/05/2013,08:15,121,35,86
01/05/2013,08:30,142,47,95
01/05/2013,08:45,90,22,68
01/05/2013,09:00,83,23,60
01/05/2013,09:15,78,23,55
01/05/2013,09:30,78,31,47
01/05/2013,09:45,63,31,32
01/05/2013,10:00,35,13,22
01/05/2013,10:15,50,29,21
01/05/2013,10:30,55,31,24
01/05/2013,10:45,52,26,26
01/05/2013,11:00,42,22,20
01/05/2013,11:15,44,16,28
01/05/2013,11:30,48,25,23
01/05/2013,11:45,40,21,19
01/05/2013,12:00,64,36,28
01/05/2013,12:15,45,22,23
01/05/2013,12:30,50,26,24
01/05/2013,12:45,45,27,18
01/05/2013,13:00,52,30,22
01/05/2013,13:15,57,31,26
01/05/2013,13:30,49,27,22
01/05/2013,13:45,47,29,18
01/05/2013,14:00,53,22,31
01/05/2013,14:15,47,28,19
01/05/2013,14:30,57,30,27
01/05/2013,14:45,47,25,22
01/05/2013,15:00,57,37,20
01/05/2013,15:15,61,35,26
01/05/2013,15:30,55,38,17
01/05/2013,15:45,79,48,31
01/05/2013,16:00,70,39,31
01/05/2013,16:15,76,43,33
01/05/2013,16:30,93,67,26
01/05/2013,16:45,83,56,27
01/05/2013,17:00,121,76,45
01/05/2013,17:15,145,107,38
01/05/2013,17:30,147,111,36
01/05/2013,17:45,142,111,31
01/05/2013,18:00,152,115,37
01/05/2013,18:15,143,111,32
01/05/2013,18:30,143,105,38
01/05/2013,18:45,122,89,33
01/05/2013,19:00,102,75,27
01/05/2013,19:15,85,58,27
01/05/2013,19:30,77,48,29
01/05/2013,19:45,64,39,25
01/05/2013,20:00,73,46,27
01/05/2013,20:15,49,32,17
01/05/2013,20:30,37,23,14
01/05/2013,20:45,56,40,16
01/05/2013,21:00,67,28,39
01/05/2013,21:15,32,16,16
01/05/2013,21:30,39,28,11
01/05/2013,21:45,22,16,6
01/05/2013,22:00,29,18,11
01/05/2013,22:15,34,21,13
01/05/2013,22:30,23,17,6
01/05/2013,22:45,24,18,6
01/05/2013,23:00,13,12,1
01/05/2013,23:15,19,14,5
01/05/2013,23:30,17,15,2
01/05/2013,23:45,17,17,0
02/05/2013,00:00,19,15,4
02/05/2013,00:15,13,12,1
02/05/2013,00:30,7,5,2
02/05/2013,00:45,7,4,3
02/05/2013,01:00,6,5,1
02/05/2013,01:15,5,5,0
02/05/2013,01:30,3,3,0
02/05/2013,01:45,5,5,0
02/05/2013,02:00,4,3,1
02/05/2013,02:15,1,1,0
02/05/2013,02:30,0,0,0
02/05/2013,02:45,0,0,0
02/05/2013,03:00,5,3,2
02/05/2013,03:15,1,1,0
02/05/2013,03:30,0,0,0
02/05/2013,03:45,3,2,1
02/05/2013,04:00,1,0,1
02/05/2013,04:15,0,0,0
02/05/2013,04:30,2,1,1
02/05/2013,04:45,4,2,2
02/05/2013,05:00,9,6,3
02/05/2013,05:15,0,0,0
02/05/2013,05:30,8,3,5
02/05/2013,05:45,18,10,8
02/05/2013,06:00,29,23,6
02/05/2013,06:15,38,24,14
02/05/2013,06:30,39,16,23
02/05/2013,06:45,39,15,24
02/05/2013,07:00,47,16,31
02/05/2013,07:15,87,22,65
02/05/2013,07:30,87,26,61
02/05/2013,07:45,89,22,67
02/05/2013,08:00,100,39,61
02/05/2013,08:15,122,26,96
02/05/2013,08:30,137,37,100
02/05/2013,08:45,85,29,56
02/05/2013,09:00,76,24,52
02/05/2013,09:15,84,40,44
02/05/2013,09:30,59,28,31
02/05/2013,09:45,78,29,49
02/05/2013,10:00,37,22,15
02/05/2013,10:15,45,18,27
02/05/2013,10:30,45,20,25
02/05/2013,10:45,46,21,25
02/05/2013,11:00,50,32,18
02/05/2013,11:15,39,25,14
02/05/2013,11:30,47,23,24
02/05/2013,11:45,47,22,25
02/05/2013,12:00,44,30,14
02/05/2013,12:15,53,35,18
02/05/2013,12:30,65,33,32
02/05/2013,12:45,60,43,17
02/05/2013,13:00,63,36,27
02/05/2013,13:15,46,21,25
02/05/2013,13:30,63,37,26
02/05/2013,13:45,60,36,24
02/05/2013,14:00,50,28,22
02/05/2013,14:15,49,33,16
02/05/2013,14:30,62,37,25
02/05/2013,14:45,61,39,22
02/05/2013,15:00,62,39,23
02/05/2013,15:15,54,40,14
02/05/2013,15:30,67,34,33
02/05/2013,15:45,77,42,35
02/05/2013,16:00,74,43,31
02/05/2013,16:15,81,48,33
02/05/2013,16:30,94,58,36
02/05/2013,16:45,92,59,33
02/05/2013,17:00,124,76,48
02/05/2013,17:15,143,93,50
02/05/2013,17:30,143,102,41
02/05/2013,17:45,171,112,59
02/05/2013,18:00,170,118,52
02/05/2013,18:15,159,115,44
02/05/2013,18:30,134,99,35
02/05/2013,18:45,133,84,49
02/05/2013,19:00,122,88,34
02/05/2013,19:15,104,70,34
02/05/2013,19:30,86,58,28
02/05/2013,19:45,88,44,44
02/05/2013,20:00,52,31,21
02/05/2013,20:15,69,41,28
02/05/2013,20:30,47,30,17
02/05/2013,20:45,29,15,14
02/05/2013,21:00,33,21,12
02/05/2013,21:15,46,25,21
02/05/2013,21:30,27,17,10
02/05/2013,21:45,23,17,6
02/05/2013,22:00,54,29,25
02/05/2013,22:15,45,19,26
02/05/2013,22:30,36,26,10
02/05/2013,22:45,32,25,7
02/05/2013,23:00,33,30,3
02/05/2013,23:15,24,19,5
02/05/2013,23:30,18,13,5
02/05/2013,23:45,22,19,3
03/05/2013,00:00,26,22,4
03/05/2013,00:15,20,17,3
03/05/2013,00:30,10,8,2
03/05/2013,00:45,7,6,1
03/05/2013,01:00,7,6,1
03/05/2013,01:15,5,4,1
03/05/2013,01:30,4,4,0
03/05/2013,01:45,6,5,1
03/05/2013,02:00,10,9,1
03/05/2013,02:15,5,5,0
03/05/2013,02:30,3,3,0
03/05/2013,02:45,1,0,1
03/05/2013,03:00,1,1,0
03/05/2013,03:15,4,3,1
03/05/2013,03:30,3,3,0
03/05/2013,03:45,1,0,1
03/05/2013,04:00,0,0,0
03/05/2013,04:15,0,0,0
03/05/2013,04:30,3,1,2
03/05/2013,04:45,3,0,3
03/05/2013,05:00,6,2,4
03/05/2013,05:15,4,1,3
03/05/2013,05:30,5,2,3
03/05/2013,05:45,12,9,3
03/05/2013,06:00,20,10,10
03/05/2013,06:15,20,10,10
03/05/2013,06:30,26,9,17
03/05/2013,06:45,37,14,23
03/05/2013,07:00,49,12,37
03/05/2013,07:15,83,44,39
03/05/2013,07:30,88,25,63
03/05/2013,07:45,81,33,48
03/05/2013,08:00,108,38,70
03/05/2013,08:15,99,22,77
03/05/2013,08:30,109,29,80
03/05/2013,08:45,84,20,64
03/05/2013,09:00,98,20,78
03/05/2013,09:15,62,27,35
03/05/2013,09:30,58,25,33
03/05/2013,09:45,65,28,37
03/05/2013,10:00,48,21,27
03/05/2013,10:15,46,28,18
03/05/2013,10:30,54,36,18
03/05/2013,10:45,59,41,18
03/05/2013,11:00,42,25,17
03/05/2013,11:15,42,23,19
03/05/2013,11:30,57,29,28
03/05/2013,11:45,52,22,30
03/05/2013,12:00,27,14,13
03/05/2013,12:15,39,24,15
03/05/2013,12:30,58,26,32
03/05/2013,12:45,50,30,20
03/05/2013,13:00,60,43,17
03/05/2013,13:15,55,38,17
03/05/2013,13:30,55,35,20
03/05/2013,13:45,45,32,13
03/05/2013,14:00,50,27,23
03/05/2013,14:15,69,44,25
03/05/2013,14:30,70,41,29
03/05/2013,14:45,53,29,24
03/05/2013,15:00,59,33,26
03/05/2013,15:15,56,34,22
03/05/2013,15:30,75,28,47
03/05/2013,15:45,78,47,31
03/05/2013,16:00,65,32,33
03/05/2013,16:15,78,52,26
03/05/2013,16:30,81,54,27
03/05/2013,16:45,100,75,25
03/05/2013,17:00,91,60,31
03/05/2013,17:15,144,96,48
03/05/2013,17:30,132,89,43
03/05/2013,17:45,140,112,28
03/05/2013,18:00,101,72,29
03/05/2013,18:15,124,85,39
03/05/2013,18:30,119,78,41
03/05/2013,18:45,98,57,41
03/05/2013,19:00,76,48,28
03/05/2013,19:15,69,38,31
03/05/2013,19:30,52,34,18
03/05/2013,19:45,64,45,19
03/05/2013,20:00,35,17,18
03/05/2013,20:15,55,36,19
03/05/2013,20:30,34,21,13
03/05/2013,20:45,26,13,13
03/05/2013,21:00,25,17,8
03/05/2013,21:15,30,23,7
03/05/2013,21:30,19,15,4
03/05/2013,21:45,13,10,3
03/05/2013,22:00,30,16,14
03/05/2013,22:15,45,14,31
03/05/2013,22:30,37,20,17
03/05/2013,22:45,43,15,28
03/05/2013,23:00,63,25,38
03/05/2013,23:15,52,25,27
03/05/2013,23:30,40,23,17
03/05/2013,23:45,20,12,8
04/05/2013,00:00,16,14,2
04/05/2013,00:15,22,16,6
04/05/2013,00:30,22,20,2
04/05/2013,00:45,12,12,0
04/05/2013,01:00,18,15,3
04/05/2013,01:15,9,8,1
04/05/2013,01:30,14,11,3
04/05/2013,01:45,11,9,2
04/05/2013,02:00,5,5,0
04/05/2013,02:15,10,10,0
04/05/2013,02:30,1,1,0
04/05/2013,02:45,1,1,0
04/05/2013,03:00,1,1,0
04/05/2013,03:15,2,1,1
04/05/2013,03:30,0,0,0
04/05/2013,03:45,1,0,1
04/05/2013,04:00,2,2,0
04/05/2013,04:15,0,0,0
04/05/2013,04:30,1,1,0
04/05/2013,04:45,2,1,1
04/05/2013,05:00,3,3,0
04/05/2013,05:15,2,1,1
04/05/2013,05:30,3,2,1
04/05/2013,05:45,3,2,1
04/05/2013,06:00,5,5,0
04/05/2013,06:15,9,7,2
04/05/2013,06:30,8,6,2
04/05/2013,06:45,10,7,3
04/05/2013,07:00,20,14,6
04/05/2013,07:15,23,15,8
04/05/2013,07:30,23,13,10
04/05/2013,07:45,31,19,12
04/05/2013,08:00,31,22,9
04/05/2013,08:15,34,19,15
04/05/2013,08:30,70,46,24
04/05/2013,08:45,57,40,17
04/05/2013,09:00,69,53,16
04/05/2013,09:15,83,64,19
04/05/2013,09:30,89,52,37
04/05/2013,09:45,75,48,27
04/05/2013,10:00,81,53,28
04/05/2013,10:15,78,43,35
04/05/2013,10:30,77,47,30
04/05/2013,10:45,89,54,35
04/05/2013,11:00,89,53,36
04/05/2013,11:15,80,47,33
04/05/2013,11:30,104,52,52
04/05/2013,11:45,99,57,42
04/05/2013,12:00,104,63,41
04/05/2013,12:15,113,68,45
04/05/2013,12:30,110,71,39
04/05/2013,12:45,111,75,36
04/05/2013,13:00,131,77,54
04/05/2013,13:15,122,70,52
04/05/2013,13:30,129,73,56
04/05/2013,13:45,159,95,64
04/05/2013,14:00,140,69,71
04/05/2013,14:15,114,54,60
04/05/2013,14:30,134,68,66
04/05/2013,14:45,134,64,70
04/05/2013,15:00,137,49,88
04/05/2013,15:15,112,34,78
04/05/2013,15:30,137,55,82
04/05/2013,15:45,104,29,75
04/05/2013,16:00,113,51,62
04/05/2013,16:15,82,28,54
04/05/2013,16:30,82,40,42
04/05/2013,16:45,108,43,65
04/05/2013,17:00,93,34,59
04/05/2013,17:15,83,43,40
04/05/2013,17:30,74,34,40
04/05/2013,17:45,66,34,32
04/05/2013,18:00,68,31,37
04/05/2013,18:15,49,31,18
04/05/2013,18:30,44,20,24
04/05/2013,18:45,53,30,23
04/05/2013,19:00,43,25,18
04/05/2013,19:15,36,20,16
04/05/2013,19:30,27,14,13
04/05/2013,19:45,27,14,13
04/05/2013,20:00,28,15,13
04/05/2013,20:15,16,13,3
04/05/2013,20:30,18,11,7
04/05/2013,20:45,17,10,7
04/05/2013,21:00,20,13,7
04/05/2013,21:15,10,6,4
04/05/2013,21:30,20,13,7
04/05/2013,21:45,24,20,4
04/05/2013,22:00,30,23,7
04/05/2013,22:15,30,24,6
04/05/2013,22:30,10,6,4
04/05/2013,22:45,17,15,2
04/05/2013,23:00,17,15,2
04/05/2013,23:15,9,7,2
04/05/2013,23:30,15,13,2
04/05/2013,23:45,17,13,4
05/05/2013,00:00,8,5,3
05/05/2013,00:15,12,12,0
05/05/2013,00:30,19,15,4
05/05/2013,00:45,14,13,1
05/05/2013,01:00,9,7,2
05/05/2013,01:15,7,5,2
05/05/2013,01:30,9,8,1
05/05/2013,01:45,12,12,0
05/05/2013,02:00,6,3,3
05/05/2013,02:15,4,3,1
05/05/2013,02:30,0,0,0
05/05/2013,02:45,0,0,0
05/05/2013,03:00,1,1,0
05/05/2013,03:15,6,4,2
05/05/2013,03:30,7,4,3
05/05/2013,03:45,1,0,1
05/05/2013,04:00,2,2,0
05/05/2013,04:15,4,2,2
05/05/2013,04:30,3,2,1
05/05/2013,04:45,1,0,1
05/05/2013,05:00,1,0,1
05/05/2013,05:15,1,1,0
05/05/2013,05:30,2,0,2
05/05/2013,05:45,3,3,0
05/05/2013,06:00,3,2,1
05/05/2013,06:15,13,9,4
05/05/2013,06:30,12,5,7
05/05/2013,06:45,10,5,5
05/05/2013,07:00,7,4,3
05/05/2013,07:15,17,12,5
05/05/2013,07:30,16,11,5
05/05/2013,07:45,26,15,11
05/05/2013,08:00,24,13,11
05/05/2013,08:15,26,17,9
05/05/2013,08:30,34,24,10
05/05/2013,08:45,37,24,13
05/05/2013,09:00,39,25,14
05/05/2013,09:15,47,25,22
05/05/2013,09:30,56,28,28
05/05/2013,09:45,51,39,12
05/05/2013,10:00,57,40,17
05/05/2013,10:15,52,38,14
05/05/2013,10:30,55,40,15
05/05/2013,10:45,66,37,29
05/05/2013,11:00,50,30,20
05/05/2013,11:15,52,26,26
05/05/2013,11:30,50,22,28
05/05/2013,11:45,58,32,26
05/05/2013,12:00,65,28,37
05/05/2013,12:15,68,29,39
05/05/2013,12:30,78,44,34
05/05/2013,12:45,61,32,29
05/05/2013,13:00,62,41,21
05/05/2013,13:15,68,38,30
05/05/2013,13:30,77,32,45
05/05/2013,13:45,67,38,29
05/05/2013,14:00,75,42,33
05/05/2013,14:15,80,42,38
05/05/2013,14:30,78,41,37
05/05/2013,14:45,64,44,20
05/05/2013,15:00,67,34,33
05/05/2013,15:15,65,39,26
05/05/2013,15:30,66,31,35
05/05/2013,15:45,73,31,42
05/05/2013,16:00,59,27,32
05/05/2013,16:15,44,23,21
05/05/2013,16:30,63,24,39
05/05/2013,16:45,77,32,45
05/05/2013,17:00,59,27,32
05/05/2013,17:15,58,26,32
05/05/2013,17:30,36,20,16
05/05/2013,17:45,53,24,29
05/05/2013,18:00,51,29,22
05/05/2013,18:15,32,16,16
05/05/2013,18:30,61,29,32
05/05/2013,18:45,52,30,22
05/05/2013,19:00,31,25,6
05/05/2013,19:15,26,16,10
05/05/2013,19:30,53,30,23
05/05/2013,19:45,27,13,14
05/05/2013,20:00,33,16,17
05/05/2013,20:15,21,15,6
05/05/2013,20:30,30,16,14
05/05/2013,20:45,20,15,5
05/05/2013,21:00,17,13,4
05/05/2013,21:15,8,5,3
05/05/2013,21:30,23,18,5
05/05/2013,21:45,19,14,5
05/05/2013,22:00,17,12,5
05/05/2013,22:15,18,13,5
05/05/2013,22:30,10,9,1
05/05/2013,22:45,16,14,2
05/05/2013,23:00,14,13,1
05/05/2013,23:15,8,6,2
05/05/2013,23:30,11,10,1
05/05/2013,23:45,2,1,1
06/05/2013,00:00,6,6,0
06/05/2013,00:15,9,7,2
06/05/2013,00:30,2,0,2
06/05/2013,00:45,6,6,0
06/05/2013,01:00,3,2,1
06/05/2013,01:15,3,1,2
06/05/2013,01:30,3,3,0
06/05/2013,01:45,2,1,1
06/05/2013,02:00,3,3,0
06/05/2013,02:15,2,0,2
06/05/2013,02:30,0,0,0
06/05/2013,02:45,1,1,0
06/05/2013,03:00,2,2,0
06/05/2013,03:15,1,1,0
06/05/2013,03:30,1,1,0
06/05/2013,03:45,0,0,0
06/05/2013,04:00,0,0,0
06/05/2013,04:15,3,2,1
06/05/2013,04:30,0,0,0
06/05/2013,04:45,0,0,0
06/05/2013,05:00,8,5,3
06/05/2013,05:15,3,1,2
06/05/2013,05:30,3,0,3
06/05/2013,05:45,6,2,4
06/05/2013,06:00,7,4,3
06/05/2013,06:15,20,7,13
06/05/2013,06:30,31,11,20
06/05/2013,06:45,28,9,19
06/05/2013,07:00,44,14,30
06/05/2013,07:15,59,19,40
06/05/2013,07:30,81,25,56
06/05/2013,07:45,82,19,63
06/05/2013,08:00,92,24,68
06/05/2013,08:15,96,20,76
06/05/2013,08:30,121,32,89
06/05/2013,08:45,100,32,68
06/05/2013,09:00,77,19,58
06/05/2013,09:15,55,17,38
06/05/2013,09:30,61,24,37
06/05/2013,09:45,44,13,31
06/05/2013,10:00,32,13,19
06/05/2013,10:15,40,20,20
06/05/2013,10:30,36,13,23
06/05/2013,10:45,27,12,15
06/05/2013,11:00,34,22,12
06/05/2013,11:15,27,12,15
06/05/2013,11:30,32,16,16
06/05/2013,11:45,30,14,16
06/05/2013,12:00,36,24,12
06/05/2013,12:15,33,13,20
06/05/2013,12:30,33,12,21
06/05/2013,12:45,34,18,16
06/05/2013,13:00,29,12,17
06/05/2013,13:15,42,25,17
06/05/2013,13:30,48,27,21
06/05/2013,13:45,29,16,13
06/05/2013,14:00,39,26,13
06/05/2013,14:15,36,20,16
06/05/2013,14:30,27,15,12
06/05/2013,14:45,35,24,11
06/05/2013,15:00,46,31,15
06/05/2013,15:15,40,19,21
06/05/2013,15:30,51,33,18
06/05/2013,15:45,61,38,23
06/05/2013,16:00,47,27,20
06/05/2013,16:15,47,26,21
06/05/2013,16:30,56,44,12
06/05/2013,16:45,75,56,19
06/05/2013,17:00,93,67,26
06/05/2013,17:15,119,88,31
06/05/2013,17:30,129,98,31
06/05/2013,17:45,123,95,28
06/05/2013,18:00,136,107,29
06/05/2013,18:15,141,103,38
06/05/2013,18:30,123,96,27
06/05/2013,18:45,101,75,26
06/05/2013,19:00,82,57,25
06/05/2013,19:15,68,52,16
06/05/2013,19:30,63,52,11
06/05/2013,19:45,58,43,15
06/05/2013,20:00,64,46,18
06/05/2013,20:15,40,27,13
06/05/2013,20:30,32,24,8
06/05/2013,20:45,24,18,6
06/05/2013,21:00,26,23,3
06/05/2013,21:15,31,23,8
06/05/2013,21:30,28,17,11
06/05/2013,21:45,25,17,8
06/05/2013,22:00,25,19,6
06/05/2013,22:15,38,29,9
06/05/2013,22:30,26,21,5
06/05/2013,22:45,24,15,9
06/05/2013,23:00,21,18,3
06/05/2013,23:15,15,13,2
06/05/2013,23:30,14,11,3
06/05/2013,23:45,9,6,3
07/05/2013,00:00,4,3,1
07/05/2013,00:15,3,3,0
07/05/2013,00:30,3,3,0
07/05/2013,00:45,6,6,0
07/05/2013,01:00,3,3,0
07/05/2013,01:15,1,0,1
07/05/2013,01:30,1,1,0
07/05/2013,01:45,2,1,1
07/05/2013,02:00,3,2,1
07/05/2013,02:15,1,1,0
07/05/2013,02:30,1,1,0
07/05/2013,02:45,0,0,0
07/05/2013,03:00,4,3,1
07/05/2013,03:15,2,1,1
07/05/2013,03:30,2,2,0
07/05/2013,03:45,3,2,1
07/05/2013,04:00,0,0,0
07/05/2013,04:15,0,0,0
07/05/2013,04:30,2,1,1
07/05/2013,04:45,4,0,4
07/05/2013,05:00,8,5,3
07/05/2013,05:15,1,1,0
07/05/2013,05:30,5,2,3
07/05/2013,05:45,10,6,4
07/05/2013,06:00,27,21,6
07/05/2013,06:15,28,15,13
07/05/2013,06:30,43,18,25
07/05/2013,06:45,55,22,33
07/05/2013,07:00,50,16,34
07/05/2013,07:15,79,19,60
07/05/2013,07:30,94,34,60
07/05/2013,07:45,98,27,71
07/05/2013,08:00,111,28,83
07/05/2013,08:15,100,23,77
07/05/2013,08:30,131,40,91
07/05/2013,08:45,90,24,66
07/05/2013,09:00,87,24,63
07/05/2013,09:15,72,25,47
07/05/2013,09:30,55,18,37
07/05/2013,09:45,61,24,37
07/05/2013,10:00,34,12,22
07/05/2013,10:15,43,17,26
07/05/2013,10:30,48,29,19
07/05/2013,10:45,37,22,15
07/05/2013,11:00,37,14,23
07/05/2013,11:15,40,16,24
07/05/2013,11:30,50,25,25
07/05/2013,11:45,44,27,17
07/05/2013,12:00,36,22,14
07/05/2013,12:15,42,19,23
07/05/2013,12:30,36,20,16
07/05/2013,12:45,43,25,18
07/05/2013,13:00,25,14,11
07/05/2013,13:15,41,19,22
07/05/2013,13:30,37,23,14
07/05/2013,13:45,30,17,13
07/05/2013,14:00,34,19,15
07/05/2013,14:15,32,21,11
07/05/2013,14:30,43,31,12
07/05/2013,14:45,42,30,12
07/05/2013,15:00,51,29,22
07/05/2013,15:15,59,33,26
07/05/2013,15:30,63,35,28
07/05/2013,15:45,44,28,16
07/05/2013,16:00,62,39,23
07/05/2013,16:15,54,32,22
07/05/2013,16:30,70,45,25
07/05/2013,16:45,87,55,32
07/05/2013,17:00,105,62,43
07/05/2013,17:15,117,89,28
07/05/2013,17:30,117,96,21
07/05/2013,17:45,142,115,27
07/05/2013,18:00,138,96,42
07/05/2013,18:15,124,94,30
07/05/2013,18:30,137,98,39
07/05/2013,18:45,107,81,26
07/05/2013,19:00,82,58,24
07/05/2013,19:15,83,56,27
07/05/2013,19:30,77,50,27
07/05/2013,19:45,58,31,27
07/05/2013,20:00,58,43,15
07/05/2013,20:15,40,32,8
07/05/2013,20:30,41,24,17
07/05/2013,20:45,29,24,5
07/05/2013,21:00,26,22,4
07/05/2013,21:15,43,35,8
07/05/2013,21:30,28,19,9
07/05/2013,21:45,32,27,5
07/05/2013,22:00,28,25,3
07/05/2013,22:15,47,38,9
07/05/2013,22:30,27,23,4
07/05/2013,22:45,18,17,1
07/05/2013,23:00,26,20,6
07/05/2013,23:15,26,19,7
07/05/2013,23:30,10,8,2
07/05/2013,23:45,15,11,4
08/05/2013,00:00,17,17,0
08/05/2013,00:15,9,7,2
08/05/2013,00:30,6,6,0
08/05/2013,00:45,7,5,2
08/05/2013,01:00,3,3,0
08/05/2013,01:15,3,2,1
08/05/2013,01:30,0,0,0
08/05/2013,01:45,1,1,0
08/05/2013,02:00,1,1,0
08/05/2013,02:15,1,1,0
08/05/2013,02:30,1,1,0
08/05/2013,02:45,1,1,0
08/05/2013,03:00,0,0,0
08/05/2013,03:15,3,1,2
08/05/2013,03:30,0,0,0
08/05/2013,03:45,2,1,1
08/05/2013,04:00,2,2,0
08/05/2013,04:15,1,1,0
08/05/2013,04:30,2,1,1
08/05/2013,04:45,4,1,3
08/05/2013,05:00,7,4,3
08/05/2013,05:15,1,1,0
08/05/2013,05:30,6,3,3
08/05/2013,05:45,10,3,7
08/05/2013,06:00,18,6,12
08/05/2013,06:15,36,20,16
08/05/2013,06:30,31,17,14
08/05/2013,06:45,34,12,22
08/05/2013,07:00,44,13,31
08/05/2013,07:15,76,16,60
08/05/2013,07:30,103,28,75
08/05/2013,07:45,82,24,58
08/05/2013,08:00,79,25,54
08/05/2013,08:15,101,26,75
08/05/2013,08:30,117,29,88
08/05/2013,08:45,83,22,61
08/05/2013,09:00,86,26,60
08/05/2013,09:15,73,30,43
08/05/2013,09:30,55,21,34
08/05/2013,09:45,48,21,27
08/05/2013,10:00,32,15,17
08/05/2013,10:15,34,14,20
08/05/2013,10:30,35,14,21
08/05/2013,10:45,40,19,21
08/05/2013,11:00,24,10,14
08/05/2013,11:15,27,17,10
08/05/2013,11:30,23,16,7
08/05/2013,11:45,32,17,15
08/05/2013,12:00,22,8,14
08/05/2013,12:15,32,22,10
08/05/2013,12:30,32,15,17
08/05/2013,12:45,34,19,15
08/05/2013,13:00,37,21,16
08/05/2013,13:15,37,19,18
08/05/2013,13:30,22,11,11
08/05/2013,13:45,32,16,16
08/05/2013,14:00,19,10,9
08/05/2013,14:15,41,25,16
08/05/2013,14:30,51,34,17
08/05/2013,14:45,41,22,19
08/05/2013,15:00,26,10,16
08/05/2013,15:15,45,31,14
08/05/2013,15:30,34,25,9
08/05/2013,15:45,46,33,13
08/05/2013,16:00,71,42,29
08/05/2013,16:15,76,49,27
08/05/2013,16:30,62,36,26
08/05/2013,16:45,81,55,26
08/05/2013,17:00,103,74,29
08/05/2013,17:15,82,62,20
08/05/2013,17:30,105,84,21
08/05/2013,17:45,123,102,21
08/05/2013,18:00,115,87,28
08/05/2013,18:15,133,105,28
08/05/2013,18:30,100,76,24
08/05/2013,18:45,83,71,12
08/05/2013,19:00,76,58,18
08/05/2013,19:15,54,41,13
08/05/2013,19:30,49,35,14
08/05/2013,19:45,55,39,16
08/05/2013,20:00,35,24,11
08/05/2013,20:15,51,28,23
08/05/2013,20:30,26,18,8
08/05/2013,20:45,20,14,6
08/05/2013,21:00,36,19,17
08/05/2013,21:15,38,28,10
08/05/2013,21:30,21,14,7
08/05/2013,21:45,26,23,3
08/05/2013,22:00,26,17,9
08/05/2013,22:15,29,22,7
08/05/2013,22:30,20,17,3
08/05/2013,22:45,20,19,1
08/05/2013,23:00,20,16,4
08/05/2013,23:15,11,10,1
08/05/2013,23:30,22,19,3
08/05/2013,23:45,9,9,0
09/05/2013,00:00,10,8,2
09/05/2013,00:15,6,6,0
09/05/2013,00:30,4,3,1
09/05/2013,00:45,3,2,1
09/05/2013,01:00,4,3,1
09/05/2013,01:15,5,5,0
09/05/2013,01:30,3,3,0
09/05/2013,01:45,1,1,0
09/05/2013,02:00,2,2,0
09/05/2013,02:15,1,1,0
09/05/2013,02:30,2,2,0
09/05/2013,02:45,0,0,0
09/05/2013,03:00,2,1,1
09/05/2013,03:15,0,0,0
09/05/2013,03:30,3,2,1
09/05/2013,03:45,0,0,0
09/05/2013,04:00,0,0,0
09/05/2013,04:15,1,0,1
09/05/2013,04:30,4,4,0
09/05/2013,04:45,5,1,4
09/05/2013,05:00,11,9,2
09/05/2013,05:15,4,0,4
09/05/2013,05:30,19,9,10
09/05/2013,05:45,21,10,11
09/05/2013,06:00,48,30,18
09/05/2013,06:15,41,12,29
09/05/2013,06:30,56,19,37
09/05/2013,06:45,53,14,39
09/05/2013,07:00,90,33,57
09/05/2013,07:15,112,35,77
09/05/2013,07:30,155,39,116
09/05/2013,07:45,147,37,110
09/05/2013,08:00,170,56,114
09/05/2013,08:15,167,41,126
09/05/2013,08:30,150,54,96
09/05/2013,08:45,95,26,69
09/05/2013,09:00,88,25,63
09/05/2013,09:15,82,33,49
09/05/2013,09:30,74,30,44
09/05/2013,09:45,57,25,32
09/05/2013,10:00,47,17,30
09/05/2013,10:15,42,22,20
09/05/2013,10:30,49,28,21
09/05/2013,10:45,38,17,21
09/05/2013,11:00,29,16,13
09/05/2013,11:15,29,15,14
09/05/2013,11:30,44,24,20
09/05/2013,11:45,24,15,9
09/05/2013,12:00,35,14,21
09/05/2013,12:15,48,30,18
09/05/2013,12:30,36,25,11
09/05/2013,12:45,32,13,19
09/05/2013,13:00,40,22,18
09/05/2013,13:15,38,19,19
09/05/2013,13:30,27,17,10
09/05/2013,13:45,42,22,20
09/05/2013,14:00,33,20,13
09/05/2013,14:15,38,27,11
09/05/2013,14:30,43,29,14
09/05/2013,14:45,54,32,22
09/05/2013,15:00,55,36,19
09/05/2013,15:15,57,38,19
09/05/2013,15:30,45,33,12
09/05/2013,15:45,62,40,22
09/05/2013,16:00,73,41,32
09/05/2013,16:15,65,39,26
09/05/2013,16:30,86,59,27
09/05/2013,16:45,103,70,33
09/05/2013,17:00,119,82,37
09/05/2013,17:15,156,106,50
09/05/2013,17:30,147,106,41
09/05/2013,17:45,138,110,28
09/05/2013,18:00,141,105,36
09/05/2013,18:15,146,110,36
09/05/2013,18:30,147,108,39
09/05/2013,18:45,112,85,27
09/05/2013,19:00,93,74,19
09/05/2013,19:15,81,61,20
09/05/2013,19:30,59,41,18
09/05/2013,19:45,54,42,12
09/05/2013,20:00,33,27,6
09/05/2013,20:15,39,23,16
09/05/2013,20:30,59,43,16
09/05/2013,20:45,21,17,4
09/05/2013,21:00,42,33,9
09/05/2013,21:15,40,31,9
09/05/2013,21:30,23,19,4
09/05/2013,21:45,21,16,5
09/05/2013,22:00,37,20,17
09/05/2013,22:15,29,15,14
09/05/2013,22:30,27,20,7
09/05/2013,22:45,31,27,4
09/05/2013,23:00,23,22,1
09/05/2013,23:15,11,8,3
09/05/2013,23:30,16,14,2
09/05/2013,23:45,9,7,2
10/05/2013,00:00,13,12,1
10/05/2013,00:15,11,11,0
10/05/2013,00:30,8,7,1
10/05/2013,00:45,6,6,0
10/05/2013,01:00,3,3,0
10/05/2013,01:15,3,3,0
10/05/2013,01:30,3,3,0
10/05/2013,01:45,0,0,0
10/05/2013,02:00,0,0,0
10/05/2013,02:15,1,0,1
10/05/2013,02:30,0,0,0
10/05/2013,02:45,3,2,1
10/05/2013,03:00,4,4,0
10/05/2013,03:15,2,1,1
10/05/2013,03:30,1,1,0
10/05/2013,03:45,2,1,1
10/05/2013,04:00,0,0,0
10/05/2013,04:15,1,0,1
10/05/2013,04:30,4,2,2
10/05/2013,04:45,0,0,0
10/05/2013,05:00,7,3,4
10/05/2013,05:15,3,2,1
10/05/2013,05:30,8,3,5
10/05/2013,05:45,18,9,9
10/05/2013,06:00,11,5,6
10/05/2013,06:15,33,16,17
10/05/2013,06:30,30,12,18
10/05/2013,06:45,40,18,22
10/05/2013,07:00,47,14,33
10/05/2013,07:15,60,17,43
10/05/2013,07:30,78,20,58
10/05/2013,07:45,58,20,38
10/05/2013,08:00,67,23,44
10/05/2013,08:15,85,20,65
10/05/2013,08:30,95,33,62
10/05/2013,08:45,65,12,53
10/05/2013,09:00,57,9,48
10/05/2013,09:15,54,18,36
10/05/2013,09:30,42,19,23
10/05/2013,09:45,31,19,12
10/05/2013,10:00,26,12,14
10/05/2013,10:15,22,10,12
10/05/2013,10:30,33,16,17
10/05/2013,10:45,23,13,10
10/05/2013,11:00,43,22,21
10/05/2013,11:15,30,14,16
10/05/2013,11:30,35,19,16
10/05/2013,11:45,30,13,17
10/05/2013,12:00,41,25,16
10/05/2013,12:15,30,20,10
10/05/2013,12:30,45,23,22
10/05/2013,12:45,34,18,16
10/05/2013,13:00,33,17,16
10/05/2013,13:15,36,21,15
10/05/2013,13:30,31,18,13
10/05/2013,13:45,31,14,17
10/05/2013,14:00,43,16,27
10/05/2013,14:15,42,24,18
10/05/2013,14:30,47,32,15
10/05/2013,14:45,38,26,12
10/05/2013,15:00,38,27,11
10/05/2013,15:15,41,25,16
10/05/2013,15:30,40,22,18
10/05/2013,15:45,45,21,24
10/05/2013,16:00,71,47,24
10/05/2013,16:15,49,35,14
10/05/2013,16:30,52,34,18
10/05/2013,16:45,75,54,21
10/05/2013,17:00,94,65,29
10/05/2013,17:15,108,80,28
10/05/2013,17:30,84,60,24
10/05/2013,17:45,95,76,19
10/05/2013,18:00,102,69,33
10/05/2013,18:15,87,70,17
10/05/2013,18:30,67,42,25
10/05/2013,18:45,57,44,13
10/05/2013,19:00,56,39,17
10/05/2013,19:15,38,27,11
10/05/2013,19:30,28,20,8
10/05/2013,19:45,33,21,12
10/05/2013,20:00,42,36,6
10/05/2013,20:15,22,14,8
10/05/2013,20:30,13,10,3
10/05/2013,20:45,23,19,4
10/05/2013,21:00,29,19,10
10/05/2013,21:15,22,10,12
10/05/2013,21:30,21,16,5
10/05/2013,21:45,17,15,2
10/05/2013,22:00,17,14,3
10/05/2013,22:15,26,19,7
10/05/2013,22:30,26,19,7
10/05/2013,22:45,35,26,9
10/05/2013,23:00,23,16,7
10/05/2013,23:15,19,12,7
10/05/2013,23:30,24,22,2
10/05/2013,23:45,16,13,3
11/05/2013,00:00,15,13,2
11/05/2013,00:15,10,8,2
11/05/2013,00:30,23,18,5
11/05/2013,00:45,10,10,0
11/05/2013,01:00,12,9,3
11/05/2013,01:15,15,15,0
11/05/2013,01:30,7,4,3
11/05/2013,01:45,4,4,0
11/05/2013,02:00,5,3,2
11/05/2013,02:15,6,6,0
11/05/2013,02:30,2,2,0
11/05/2013,02:45,3,3,0
11/05/2013,03:00,2,1,1
11/05/2013,03:15,0,0,0
11/05/2013,03:30,1,1,0
11/05/2013,03:45,2,1,1
11/05/2013,04:00,2,0,2
11/05/2013,04:15,1,1,0
11/05/2013,04:30,4,3,1
11/05/2013,04:45,2,0,2
11/05/2013,05:00,1,1,0
11/05/2013,05:15,2,1,1
11/05/2013,05:30,2,2,0
11/05/2013,05:45,2,1,1
11/05/2013,06:00,9,7,2
11/05/2013,06:15,9,6,3
11/05/2013,06:30,8,7,1
11/05/2013,06:45,13,10,3
11/05/2013,07:00,8,7,1
11/05/2013,07:15,11,5,6
11/05/2013,07:30,33,14,19
11/05/2013,07:45,32,22,10
11/05/2013,08:00,36,25,11
11/05/2013,08:15,29,23,6
11/05/2013,08:30,39,30,9
11/05/2013,08:45,60,40,20
11/05/2013,09:00,55,46,9
11/05/2013,09:15,59,30,29
11/05/2013,09:30,62,42,20
11/05/2013,09:45,61,43,18
11/05/2013,10:00,69,48,21
11/05/2013,10:15,69,48,21
11/05/2013,10:30,77,42,35
11/05/2013,10:45,90,57,33
11/05/2013,11:00,81,44,37
11/05/2013,11:15,107,71,36
11/05/2013,11:30,77,53,24
11/05/2013,11:45,78,52,26
11/05/2013,12:00,89,55,34
11/05/2013,12:15,99,60,39
11/05/2013,12:30,87,55,32
11/05/2013,12:45,118,63,55
11/05/2013,13:00,109,60,49
11/05/2013,13:15,126,71,55
11/05/2013,13:30,88,42,46
11/05/2013,13:45,77,38,39
11/05/2013,14:00,96,50,46
11/05/2013,14:15,110,51,59
11/05/2013,14:30,78,38,40
11/05/2013,14:45,106,53,53
11/05/2013,15:00,116,59,57
11/05/2013,15:15,106,51,55
11/05/2013,15:30,105,39,66
11/05/2013,15:45,72,32,40
11/05/2013,16:00,94,39,55
11/05/2013,16:15,70,26,44
11/05/2013,16:30,75,25,50
11/05/2013,16:45,69,26,43
11/05/2013,17:00,84,40,44
11/05/2013,17:15,73,37,36
11/05/2013,17:30,100,45,55
11/05/2013,17:45,65,32,33
11/05/2013,18:00,50,24,26
11/05/2013,18:15,41,13,28
11/05/2013,18:30,51,29,22
11/05/2013,18:45,46,36,10
11/05/2013,19:00,43,19,24
11/05/2013,19:15,31,22,9
11/05/2013,19:30,36,24,12
11/05/2013,19:45,26,16,10
11/05/2013,20:00,26,17,9
11/05/2013,20:15,15,11,4
11/05/2013,20:30,7,4,3
11/05/2013,20:45,12,9,3
11/05/2013,21:00,15,7,8
11/05/2013,21:15,12,3,9
11/05/2013,21:30,13,8,5
11/05/2013,21:45,14,10,4
11/05/2013,22:00,13,12,1
11/05/2013,22:15,8,8,0
11/05/2013,22:30,9,4,5
11/05/2013,22:45,6,1,5
11/05/2013,23:00,20,15,5
11/05/2013,23:15,16,8,8
11/05/2013,23:30,14,14,0
11/05/2013,23:45,23,19,4
12/05/2013,00:00,15,11,4
12/05/2013,00:15,13,10,3
12/05/2013,00:30,5,3,2
12/05/2013,00:45,10,8,2
12/05/2013,01:00,9,8,1
12/05/2013,01:15,10,6,4
12/05/2013,01:30,1,1,0
12/05/2013,01:45,2,2,0
12/05/2013,02:00,5,5,0
12/05/2013,02:15,2,1,1
12/05/2013,02:30,3,2,1
12/05/2013,02:45,7,7,0
12/05/2013,03:00,7,6,1
12/05/2013,03:15,2,1,1
12/05/2013,03:30,2,1,1
12/05/2013,03:45,1,0,1
12/05/2013,04:00,1,0,1
12/05/2013,04:15,0,0,0
12/05/2013,04:30,1,1,0
12/05/2013,04:45,5,3,2
12/05/2013,05:00,2,1,1
12/05/2013,05:15,4,4,0
12/05/2013,05:30,3,2,1
12/05/2013,05:45,6,6,0
12/05/2013,06:00,8,7,1
12/05/2013,06:15,5,2,3
12/05/2013,06:30,8,5,3
12/05/2013,06:45,10,4,6
12/05/2013,07:00,9,4,5
12/05/2013,07:15,19,8,11
12/05/2013,07:30,29,19,10
12/05/2013,07:45,22,16,6
12/05/2013,08:00,28,18,10
12/05/2013,08:15,27,18,9
12/05/2013,08:30,41,28,13
12/05/2013,08:45,28,20,8
12/05/2013,09:00,38,27,11
12/05/2013,09:15,76,54,22
12/05/2013,09:30,48,30,18
12/05/2013,09:45,56,36,20
12/05/2013,10:00,61,37,24
12/05/2013,10:15,58,33,25
12/05/2013,10:30,75,49,26
12/05/2013,10:45,87,54,33
12/05/2013,11:00,84,56,28
12/05/2013,11:15,93,59,34
12/05/2013,11:30,95,64,31
12/05/2013,11:45,84,48,36
12/05/2013,12:00,78,47,31
12/05/2013,12:15,82,39,43
12/05/2013,12:30,86,48,38
12/05/2013,12:45,75,47,28
12/05/2013,13:00,106,58,48
12/05/2013,13:15,96,46,50
12/05/2013,13:30,87,44,43
12/05/2013,13:45,71,39,32
12/05/2013,14:00,87,45,42
12/05/2013,14:15,85,48,37
12/05/2013,14:30,75,46,29
12/05/2013,14:45,48,27,21
12/05/2013,15:00,82,38,44
12/05/2013,15:15,92,39,53
12/05/2013,15:30,84,41,43
12/05/2013,15:45,77,37,40
12/05/2013,16:00,97,50,47
12/05/2013,16:15,75,38,37
12/05/2013,16:30,84,40,44
12/05/2013,16:45,69,37,32
12/05/2013,17:00,83,35,48
12/05/2013,17:15,68,24,44
12/05/2013,17:30,74,22,52
12/05/2013,17:45,77,43,34
12/05/2013,18:00,43,17,26
12/05/2013,18:15,48,25,23
12/05/2013,18:30,52,31,21
12/05/2013,18:45,47,21,26
12/05/2013,19:00,33,17,16
12/05/2013,19:15,38,20,18
12/05/2013,19:30,31,10,21
12/05/2013,19:45,37,22,15
12/05/2013,20:00,38,26,12
12/05/2013,20:15,21,11,10
12/05/2013,20:30,22,15,7
12/05/2013,20:45,21,16,5
12/05/2013,21:00,10,5,5
12/05/2013,21:15,19,13,6
12/05/2013,21:30,20,15,5
12/05/2013,21:45,20,14,6
12/05/2013,22:00,19,12,7
12/05/2013,22:15,12,9,3
12/05/2013,22:30,13,10,3
12/05/2013,22:45,10,5,5
12/05/2013,23:00,10,8,2
12/05/2013,23:15,9,9,0
12/05/2013,23:30,7,4,3
12/05/2013,23:45,10,8,2
13/05/2013,00:00,4,3,1
13/05/2013,00:15,4,4,0
13/05/2013,00:30,5,3,2
13/05/2013,00:45,4,4,0
13/05/2013,01:00,6,4,2
13/05/2013,01:15,2,2,0
13/05/2013,01:30,1,1,0
13/05/2013,01:45,3,3,0
13/05/2013,02:00,0,0,0
13/05/2013,02:15,2,2,0
13/05/2013,02:30,1,1,0
13/05/2013,02:45,1,1,0
13/05/2013,03:00,1,0,1
13/05/2013,03:15,2,0,2
13/05/2013,03:30,2,1,1
13/05/2013,03:45,1,0,1
13/05/2013,04:00,0,0,0
13/05/2013,04:15,1,0,1
13/05/2013,04:30,2,1,1
13/05/2013,04:45,4,1,3
13/05/2013,05:00,6,2,4
13/05/2013,05:15,3,0,3
13/05/2013,05:30,9,6,3
13/05/2013,05:45,11,6,5
13/05/2013,06:00,16,7,9
13/05/2013,06:15,22,7,15
13/05/2013,06:30,34,13,21
13/05/2013,06:45,43,12,31
13/05/2013,07:00,55,16,39
13/05/2013,07:15,59,21,38
13/05/2013,07:30,88,25,63
13/05/2013,07:45,66,13,53
13/05/2013,08:00,79,16,63
13/05/2013,08:15,90,23,67
13/05/2013,08:30,106,30,76
13/05/2013,08:45,66,19,47
13/05/2013,09:00,70,16,54
13/05/2013,09:15,66,21,45
13/05/2013,09:30,39,17,22
13/05/2013,09:45,37,15,22
13/05/2013,10:00,30,16,14
13/05/2013,10:15,26,15,11
13/05/2013,10:30,30,15,15
13/05/2013,10:45,20,9,11
13/05/2013,11:00,32,19,13
13/05/2013,11:15,33,17,16
13/05/2013,11:30,37,20,17
13/05/2013,11:45,33,10,23
13/05/2013,12:00,36,22,14
13/05/2013,12:15,17,9,8
13/05/2013,12:30,35,18,17
13/05/2013,12:45,44,26,18
13/05/2013,13:00,24,15,9
13/05/2013,13:15,36,18,18
13/05/2013,13:30,47,26,21
13/05/2013,13:45,37,19,18
13/05/2013,14:00,34,20,14
13/05/2013,14:15,31,19,12
13/05/2013,14:30,34,19,15
13/05/2013,14:45,37,24,13
13/05/2013,15:00,55,32,23
13/05/2013,15:15,46,34,12
13/05/2013,15:30,41,27,14
13/05/2013,15:45,39,31,8
13/05/2013,16:00,52,32,20
13/05/2013,16:15,47,35,12
13/05/2013,16:30,65,45,20
13/05/2013,16:45,76,54,22
13/05/2013,17:00,97,70,27
13/05/2013,17:15,115,95,20
13/05/2013,17:30,127,92,35
13/05/2013,17:45,122,91,31
13/05/2013,18:00,127,89,38
13/05/2013,18:15,125,102,23
13/05/2013,18:30,125,89,36
13/05/2013,18:45,80,69,11
13/05/2013,19:00,90,68,22
13/05/2013,19:15,65,50,15
13/05/2013,19:30,63,44,19
13/05/2013,19:45,56,41,15
13/05/2013,20:00,37,23,14
13/05/2013,20:15,49,32,17
13/05/2013,20:30,46,24,22
13/05/2013,20:45,34,32,2
13/05/2013,21:00,25,19,6
13/05/2013,21:15,29,21,8
13/05/2013,21:30,20,14,6
13/05/2013,21:45,16,13,3
13/05/2013,22:00,22,20,2
13/05/2013,22:15,20,12,8
13/05/2013,22:30,15,12,3
13/05/2013,22:45,20,18,2
13/05/2013,23:00,17,15,2
13/05/2013,23:15,16,11,5
13/05/2013,23:30,10,10,0
13/05/2013,23:45,16,15,1
14/05/2013,00:00,10,10,0
14/05/2013,00:15,6,4,2
14/05/2013,00:30,6,5,1
14/05/2013,00:45,6,3,3
14/05/2013,01:00,2,2,0
14/05/2013,01:15,4,4,0
14/05/2013,01:30,8,5,3
14/05/2013,01:45,3,3,0
14/05/2013,02:00,0,0,0
14/05/2013,02:15,5,5,0
14/05/2013,02:30,4,4,0
14/05/2013,02:45,1,0,1
14/05/2013,03:00,1,0,1
14/05/2013,03:15,1,1,0
14/05/2013,03:30,2,0,2
14/05/2013,03:45,0,0,0
14/05/2013,04:00,0,0,0
14/05/2013,04:15,3,1,2
14/05/2013,04:30,1,0,1
14/05/2013,04:45,2,1,1
14/05/2013,05:00,2,1,1
14/05/2013,05:15,6,2,4
14/05/2013,05:30,13,6,7
14/05/2013,05:45,15,9,6
14/05/2013,06:00,44,37,7
14/05/2013,06:15,34,16,18
14/05/2013,06:30,57,20,37
14/05/2013,06:45,46,18,28
14/05/2013,07:00,64,10,54
14/05/2013,07:15,96,30,66
14/05/2013,07:30,83,15,68
14/05/2013,07:45,103,26,77
14/05/2013,08:00,112,31,81
14/05/2013,08:15,140,28,112
14/05/2013,08:30,107,25,82
14/05/2013,08:45,68,14,54
14/05/2013,09:00,71,21,50
14/05/2013,09:15,73,26,47
14/05/2013,09:30,57,28,29
14/05/2013,09:45,42,18,24
14/05/2013,10:00,45,32,13
14/05/2013,10:15,53,35,18
14/05/2013,10:30,34,16,18
14/05/2013,10:45,42,18,24
14/05/2013,11:00,36,13,23
14/05/2013,11:15,41,28,13
14/05/2013,11:30,40,16,24
14/05/2013,11:45,34,19,15
14/05/2013,12:00,41,20,21
14/05/2013,12:15,47,26,21
14/05/2013,12:30,28,13,15
14/05/2013,12:45,23,16,7
14/05/2013,13:00,45,27,18
14/05/2013,13:15,40,24,16
14/05/2013,13:30,41,25,16
14/05/2013,13:45,26,16,10
14/05/2013,14:00,41,23,18
14/05/2013,14:15,34,17,17
14/05/2013,14:30,50,31,19
14/05/2013,14:45,47,25,22
14/05/2013,15:00,65,40,25
14/05/2013,15:15,47,25,22
14/05/2013,15:30,60,37,23
14/05/2013,15:45,51,39,12
14/05/2013,16:00,65,34,31
14/05/2013,16:15,86,53,33
14/05/2013,16:30,86,61,25
14/05/2013,16:45,103,69,34
14/05/2013,17:00,117,84,33
14/05/2013,17:15,147,118,29
14/05/2013,17:30,128,98,30
14/05/2013,17:45,144,112,32
14/05/2013,18:00,121,96,25
14/05/2013,18:15,115,90,25
14/05/2013,18:30,116,82,34
14/05/2013,18:45,101,74,27
14/05/2013,19:00,79,57,22
14/05/2013,19:15,72,54,18
14/05/2013,19:30,59,38,21
14/05/2013,19:45,59,45,14
14/05/2013,20:00,50,34,16
14/05/2013,20:15,40,22,18
14/05/2013,20:30,36,27,9
14/05/2013,20:45,31,25,6
14/05/2013,21:00,35,27,8
14/05/2013,21:15,48,36,12
14/05/2013,21:30,40,32,8
14/05/2013,21:45,25,18,7
14/05/2013,22:00,31,24,7
14/05/2013,22:15,23,20,3
14/05/2013,22:30,18,14,4
14/05/2013,22:45,10,7,3
14/05/2013,23:00,19,15,4
14/05/2013,23:15,20,16,4
14/05/2013,23:30,11,9,2
14/05/2013,23:45,5,5,0
15/05/2013,00:00,13,11,2
15/05/2013,00:15,5,4,1
15/05/2013,00:30,6,6,0
15/05/2013,00:45,0,0,0
15/05/2013,01:00,2,0,2
15/05/2013,01:15,5,3,2
15/05/2013,01:30,3,3,0
15/05/2013,01:45,0,0,0
15/05/2013,02:00,3,3,0
15/05/2013,02:15,2,2,0
15/05/2013,02:30,3,0,3
15/05/2013,02:45,3,3,0
15/05/2013,03:00,2,1,1
15/05/2013,03:15,1,0,1
15/05/2013,03:30,1,1,0
15/05/2013,03:45,1,0,1
15/05/2013,04:00,0,0,0
15/05/2013,04:15,4,2,2
15/05/2013,04:30,2,2,0
15/05/2013,04:45,4,1,3
15/05/2013,05:00,5,2,3
15/05/2013,05:15,6,5,1
15/05/2013,05:30,9,9,0
15/05/2013,05:45,13,5,8
15/05/2013,06:00,28,18,10
15/05/2013,06:15,27,12,15
15/05/2013,06:30,36,13,23
15/05/2013,06:45,32,9,23
15/05/2013,07:00,52,20,32
15/05/2013,07:15,87,23,64
15/05/2013,07:30,100,37,63
15/05/2013,07:45,62,10,52
15/05/2013,08:00,94,27,67
15/05/2013,08:15,103,28,75
15/05/2013,08:30,96,26,70
15/05/2013,08:45,66,20,46
15/05/2013,09:00,64,16,48
15/05/2013,09:15,61,27,34
15/05/2013,09:30,66,26,40
15/05/2013,09:45,42,17,25
15/05/2013,10:00,36,13,23
15/05/2013,10:15,34,15,19
15/05/2013,10:30,43,27,16
15/05/2013,10:45,33,18,15
15/05/2013,11:00,34,17,17
15/05/2013,11:15,29,20,9
15/05/2013,11:30,29,20,9
15/05/2013,11:45,32,18,14
15/05/2013,12:00,33,20,13
15/05/2013,12:15,34,18,16
15/05/2013,12:30,29,16,13
15/05/2013,12:45,32,16,16
15/05/2013,13:00,33,15,18
15/05/2013,13:15,40,24,16
15/05/2013,13:30,28,13,15
15/05/2013,13:45,30,17,13
15/05/2013,14:00,19,9,10
15/05/2013,14:15,32,21,11
15/05/2013,14:30,34,17,17
15/05/2013,14:45,27,18,9
15/05/2013,15:00,43,31,12
15/05/2013,15:15,51,33,18
15/05/2013,15:30,46,32,14
15/05/2013,15:45,36,26,10
15/05/2013,16:00,55,35,20
15/05/2013,16:15,59,39,20
15/05/2013,16:30,58,38,20
15/05/2013,16:45,74,50,24
15/05/2013,17:00,84,58,26
15/05/2013,17:15,103,70,33
15/05/2013,17:30,108,79,29
15/05/2013,17:45,134,121,13
15/05/2013,18:00,131,100,31
15/05/2013,18:15,114,101,13
15/05/2013,18:30,92,70,22
15/05/2013,18:45,78,63,15
15/05/2013,19:00,89,56,33
15/05/2013,19:15,61,47,14
15/05/2013,19:30,58,44,14
15/05/2013,19:45,59,48,11
15/05/2013,20:00,46,30,16
15/05/2013,20:15,45,31,14
15/05/2013,20:30,36,27,9
15/05/2013,20:45,32,26,6
15/05/2013,21:00,60,29,31
15/05/2013,21:15,24,17,7
15/05/2013,21:30,35,25,10
15/05/2013,21:45,15,10,5
15/05/2013,22:00,24,16,8
15/05/2013,22:15,24,20,4
15/05/2013,22:30,24,18,6
15/05/2013,22:45,17,16,1
15/05/2013,23:00,17,14,3
15/05/2013,23:15,16,14,2
15/05/2013,23:30,6,6,0
15/05/2013,23:45,11,11,0
16/05/2013,00:00,5,5,0
16/05/2013,00:15,5,4,1
16/05/2013,00:30,7,6,1
16/05/2013,00:45,4,4,0
16/05/2013,01:00,6,5,1
16/05/2013,01:15,3,3,0
16/05/2013,01:30,5,5,0
16/05/2013,01:45,1,1,0
16/05/2013,02:00,3,3,0
16/05/2013,02:15,1,1,0
16/05/2013,02:30,1,1,0
16/05/2013,02:45,1,1,0
16/05/2013,03:00,2,0,2
16/05/2013,03:15,0,0,0
16/05/2013,03:30,0,0,0
16/05/2013,03:45,1,1,0
16/05/2013,04:00,0,0,0
16/05/2013,04:15,0,0,0
16/05/2013,04:30,2,1,1
16/05/2013,04:45,3,0,3
16/05/2013,05:00,6,4,2
16/05/2013,05:15,2,0,2
16/05/2013,05:30,10,6,4
16/05/2013,05:45,9,4,5
16/05/2013,06:00,29,18,11
16/05/2013,06:15,27,10,17
16/05/2013,06:30,28,12,16
16/05/2013,06:45,25,9,16
16/05/2013,07:00,48,18,30
16/05/2013,07:15,56,15,41
16/05/2013,07:30,54,19,35
16/05/2013,07:45,57,17,40
16/05/2013,08:00,48,11,37
16/05/2013,08:15,81,23,58
16/05/2013,08:30,82,31,51
16/05/2013,08:45,55,13,42
16/05/2013,09:00,48,18,30
16/05/2013,09:15,46,14,32
16/05/2013,09:30,35,13,22
16/05/2013,09:45,15,4,11
16/05/2013,10:00,14,8,6
16/05/2013,10:15,21,13,8
16/05/2013,10:30,30,20,10
16/05/2013,10:45,14,7,7
16/05/2013,11:00,10,7,3
16/05/2013,11:15,26,14,12
16/05/2013,11:30,25,12,13
16/05/2013,11:45,24,10,14
16/05/2013,12:00,34,17,17
16/05/2013,12:15,20,11,9
16/05/2013,12:30,22,12,10
16/05/2013,12:45,26,9,17
16/05/2013,13:00,33,15,18
16/05/2013,13:15,42,25,17
16/05/2013,13:30,36,21,15
16/05/2013,13:45,25,13,12
16/05/2013,14:00,26,20,6
16/05/2013,14:15,33,18,15
16/05/2013,14:30,35,19,16
16/05/2013,14:45,45,29,16
16/05/2013,15:00,48,29,19
16/05/2013,15:15,34,19,15
16/05/2013,15:30,34,25,9
16/05/2013,15:45,40,19,21
16/05/2013,16:00,50,29,21
16/05/2013,16:15,66,43,23
16/05/2013,16:30,70,36,34
16/05/2013,16:45,75,55,20
16/05/2013,17:00,78,55,23
16/05/2013,17:15,93,67,26
16/05/2013,17:30,88,63,25
16/05/2013,17:45,93,69,24
16/05/2013,18:00,78,60,18
16/05/2013,18:15,95,76,19
16/05/2013,18:30,94,64,30
16/05/2013,18:45,69,52,17
16/05/2013,19:00,70,51,19
16/05/2013,19:15,58,42,16
16/05/2013,19:30,42,32,10
16/05/2013,19:45,40,26,14
16/05/2013,20:00,43,35,8
16/05/2013,20:15,30,20,10
16/05/2013,20:30,31,22,9
16/05/2013,20:45,37,23,14
16/05/2013,21:00,32,24,8
16/05/2013,21:15,34,24,10
16/05/2013,21:30,22,17,5
16/05/2013,21:45,33,18,15
16/05/2013,22:00,31,23,8
16/05/2013,22:15,32,22,10
16/05/2013,22:30,17,14,3
16/05/2013,22:45,16,13,3
16/05/2013,23:00,22,19,3
16/05/2013,23:15,11,11,0
16/05/2013,23:30,17,16,1
16/05/2013,23:45,15,14,1
17/05/2013,00:00,14,11,3
17/05/2013,00:15,8,4,4
17/05/2013,00:30,15,12,3
17/05/2013,00:45,2,2,0
17/05/2013,01:00,4,2,2
17/05/2013,01:15,8,6,2
17/05/2013,01:30,3,3,0
17/05/2013,01:45,1,1,0
17/05/2013,02:00,4,4,0
17/05/2013,02:15,4,4,0
17/05/2013,02:30,4,4,0
17/05/2013,02:45,2,2,0
17/05/2013,03:00,6,4,2
17/05/2013,03:15,1,0,1
17/05/2013,03:30,2,1,1
17/05/2013,03:45,4,3,1
17/05/2013,04:00,4,3,1
17/05/2013,04:15,0,0,0
17/05/2013,04:30,0,0,0
17/05/2013,04:45,3,3,0
17/05/2013,05:00,7,3,4
17/05/2013,05:15,7,2,5
17/05/2013,05:30,6,3,3
17/05/2013,05:45,13,4,9
17/05/2013,06:00,24,16,8
17/05/2013,06:15,18,4,14
17/05/2013,06:30,38,16,22
17/05/2013,06:45,30,12,18
17/05/2013,07:00,51,15,36
17/05/2013,07:15,63,17,46
17/05/2013,07:30,87,26,61
17/05/2013,07:45,66,20,46
17/05/2013,08:00,82,24,58
17/05/2013,08:15,84,27,57
17/05/2013,08:30,78,23,55
17/05/2013,08:45,70,17,53
17/05/2013,09:00,64,22,42
17/05/2013,09:15,58,17,41
17/05/2013,09:30,60,29,31
17/05/2013,09:45,31,13,18
17/05/2013,10:00,27,9,18
17/05/2013,10:15,38,16,22
17/05/2013,10:30,48,26,22
17/05/2013,10:45,44,24,20
17/05/2013,11:00,35,22,13
17/05/2013,11:15,41,19,22
17/05/2013,11:30,34,15,19
17/05/2013,11:45,38,20,18
17/05/2013,12:00,42,18,24
17/05/2013,12:15,28,20,8
17/05/2013,12:30,33,20,13
17/05/2013,12:45,36,24,12
17/05/2013,13:00,37,22,15
17/05/2013,13:15,50,34,16
17/05/2013,13:30,44,26,18
17/05/2013,13:45,47,22,25
17/05/2013,14:00,33,19,14
17/05/2013,14:15,50,29,21
17/05/2013,14:30,58,43,15
17/05/2013,14:45,60,28,32
17/05/2013,15:00,54,32,22
17/05/2013,15:15,61,35,26
17/05/2013,15:30,46,25,21
17/05/2013,15:45,54,24,30
17/05/2013,16:00,74,47,27
17/05/2013,16:15,72,43,29
17/05/2013,16:30,86,57,29
17/05/2013,16:45,66,44,22
17/05/2013,17:00,77,53,24
17/05/2013,17:15,99,74,25
17/05/2013,17:30,87,72,15
17/05/2013,17:45,105,80,25
17/05/2013,18:00,93,68,25
17/05/2013,18:15,90,73,17
17/05/2013,18:30,71,49,22
17/05/2013,18:45,59,47,12
17/05/2013,19:00,67,45,22
17/05/2013,19:15,52,37,15
17/05/2013,19:30,50,39,11
17/05/2013,19:45,42,28,14
17/05/2013,20:00,36,25,11
17/05/2013,20:15,48,30,18
17/05/2013,20:30,32,17,15
17/05/2013,20:45,28,18,10
17/05/2013,21:00,34,31,3
17/05/2013,21:15,29,22,7
17/05/2013,21:30,23,13,10
17/05/2013,21:45,19,16,3
17/05/2013,22:00,23,16,7
17/05/2013,22:15,13,8,5
17/05/2013,22:30,22,16,6
17/05/2013,22:45,21,20,1
17/05/2013,23:00,19,18,1
17/05/2013,23:15,23,19,4
17/05/2013,23:30,22,15,7
17/05/2013,23:45,18,11,7
18/05/2013,00:00,17,11,6
18/05/2013,00:15,15,13,2
18/05/2013,00:30,16,15,1
18/05/2013,00:45,18,15,3
18/05/2013,01:00,14,14,0
18/05/2013,01:15,9,9,0
18/05/2013,01:30,6,6,0
18/05/2013,01:45,3,3,0
18/05/2013,02:00,4,4,0
18/05/2013,02:15,6,5,1
18/05/2013,02:30,1,1,0
18/05/2013,02:45,4,3,1
18/05/2013,03:00,5,5,0
18/05/2013,03:15,2,1,1
18/05/2013,03:30,2,2,0
18/05/2013,03:45,6,5,1
18/05/2013,04:00,1,0,1
18/05/2013,04:15,1,1,0
18/05/2013,04:30,1,1,0
18/05/2013,04:45,2,1,1
18/05/2013,05:00,1,1,0
18/05/2013,05:15,3,1,2
18/05/2013,05:30,5,3,2
18/05/2013,05:45,7,6,1
18/05/2013,06:00,8,3,5
18/05/2013,06:15,7,4,3
18/05/2013,06:30,10,5,5
18/05/2013,06:45,11,5,6
18/05/2013,07:00,18,11,7
18/05/2013,07:15,26,17,9
18/05/2013,07:30,28,15,13
18/05/2013,07:45,26,21,5
18/05/2013,08:00,41,25,16
18/05/2013,08:15,57,40,17
18/05/2013,08:30,45,25,20
18/05/2013,08:45,60,35,25
18/05/2013,09:00,56,28,28
18/05/2013,09:15,58,34,24
18/05/2013,09:30,87,54,33
18/05/2013,09:45,58,36,22
18/05/2013,10:00,69,41,28
18/05/2013,10:15,57,39,18
18/05/2013,10:30,79,52,27
18/05/2013,10:45,71,34,37
18/05/2013,11:00,89,49,40
18/05/2013,11:15,96,49,47
18/05/2013,11:30,84,46,38
18/05/2013,11:45,88,65,23
18/05/2013,12:00,110,57,53
18/05/2013,12:15,97,44,53
18/05/2013,12:30,106,70,36
18/05/2013,12:45,100,66,34
18/05/2013,13:00,84,45,39
18/05/2013,13:15,101,54,47
18/05/2013,13:30,91,56,35
18/05/2013,13:45,91,56,35
18/05/2013,14:00,83,43,40
18/05/2013,14:15,68,33,35
18/05/2013,14:30,112,63,49
18/05/2013,14:45,86,45,41
18/05/2013,15:00,98,45,53
18/05/2013,15:15,75,39,36
18/05/2013,15:30,83,38,45
18/05/2013,15:45,104,55,49
18/05/2013,16:00,73,29,44
18/05/2013,16:15,72,34,38
18/05/2013,16:30,52,20,32
18/05/2013,16:45,64,33,31
18/05/2013,17:00,83,36,47
18/05/2013,17:15,97,45,52
18/05/2013,17:30,60,37,23
18/05/2013,17:45,73,33,40
18/05/2013,18:00,64,33,31
18/05/2013,18:15,68,45,23
18/05/2013,18:30,52,29,23
18/05/2013,18:45,59,23,36
18/05/2013,19:00,55,32,23
18/05/2013,19:15,33,14,19
18/05/2013,19:30,58,31,27
18/05/2013,19:45,37,23,14
18/05/2013,20:00,39,28,11
18/05/2013,20:15,21,13,8
18/05/2013,20:30,22,15,7
18/05/2013,20:45,31,18,13
18/05/2013,21:00,32,19,13
18/05/2013,21:15,28,19,9
18/05/2013,21:30,27,23,4
18/05/2013,21:45,27,12,15
18/05/2013,22:00,19,9,10
18/05/2013,22:15,24,13,11
18/05/2013,22:30,16,9,7
18/05/2013,22:45,12,9,3
18/05/2013,23:00,21,17,4
18/05/2013,23:15,13,10,3
18/05/2013,23:30,24,16,8
18/05/2013,23:45,13,10,3
19/05/2013,00:00,30,29,1
19/05/2013,00:15,14,13,1
19/05/2013,00:30,13,12,1
19/05/2013,00:45,10,9,1
19/05/2013,01:00,12,5,7
19/05/2013,01:15,3,3,0
19/05/2013,01:30,8,7,1
19/05/2013,01:45,1,1,0
19/05/2013,02:00,12,8,4
19/05/2013,02:15,10,7,3
19/05/2013,02:30,5,4,1
19/05/2013,02:45,10,3,7
19/05/2013,03:00,6,3,3
19/05/2013,03:15,3,0,3
19/05/2013,03:30,6,4,2
19/05/2013,03:45,1,1,0
19/05/2013,04:00,4,1,3
19/05/2013,04:15,4,2,2
19/05/2013,04:30,3,3,0
19/05/2013,04:45,4,1,3
19/05/2013,05:00,2,0,2
19/05/2013,05:15,6,1,5
19/05/2013,05:30,5,2,3
19/05/2013,05:45,9,5,4
19/05/2013,06:00,16,6,10
19/05/2013,06:15,11,6,5
19/05/2013,06:30,11,6,5
19/05/2013,06:45,6,3,3
19/05/2013,07:00,10,5,5
19/05/2013,07:15,20,6,14
19/05/2013,07:30,10,7,3
19/05/2013,07:45,13,10,3
19/05/2013,08:00,12,6,6
19/05/2013,08:15,15,1,14
19/05/2013,08:30,16,8,8
19/05/2013,08:45,17,8,9
19/05/2013,09:00,12,2,10
19/05/2013,09:15,11,3,8
19/05/2013,09:30,17,9,8
19/05/2013,09:45,20,6,14
19/05/2013,10:00,26,9,17
19/05/2013,10:15,19,8,11
19/05/2013,10:30,16,5,11
19/05/2013,10:45,8,1,7
19/05/2013,11:00,7,3,4
19/05/2013,11:15,4,3,1
19/05/2013,11:30,10,7,3
19/05/2013,11:45,9,6,3
19/05/2013,12:00,8,6,2
19/05/2013,12:15,2,2,0
19/05/2013,12:30,11,7,4
19/05/2013,12:45,12,10,2
19/05/2013,13:00,12,8,4
19/05/2013,13:15,12,9,3
19/05/2013,13:30,13,8,5
19/05/2013,13:45,20,9,11
19/05/2013,14:00,30,11,19
19/05/2013,14:15,36,22,14
19/05/2013,14:30,25,11,14
19/05/2013,14:45,37,19,18
19/05/2013,15:00,48,24,24
19/05/2013,15:15,60,24,36
19/05/2013,15:30,43,21,22
19/05/2013,15:45,41,16,25
19/05/2013,16:00,60,18,42
19/05/2013,16:15,69,46,23
19/05/2013,16:30,70,43,27
19/05/2013,16:45,69,34,35
19/05/2013,17:00,75,34,41
19/05/2013,17:15,80,35,45
19/05/2013,17:30,56,31,25
19/05/2013,17:45,72,23,49
19/05/2013,18:00,61,27,34
19/05/2013,18:15,64,34,30
19/05/2013,18:30,40,23,17
19/05/2013,18:45,39,16,23
19/05/2013,19:00,47,36,11
19/05/2013,19:15,47,19,28
19/05/2013,19:30,47,20,27
19/05/2013,19:45,34,10,24
19/05/2013,20:00,27,20,7
19/05/2013,20:15,25,13,12
19/05/2013,20:30,18,13,5
19/05/2013,20:45,23,14,9
19/05/2013,21:00,15,11,4
19/05/2013,21:15,20,14,6
19/05/2013,21:30,16,6,10
19/05/2013,21:45,17,13,4
19/05/2013,22:00,25,15,10
19/05/2013,22:15,18,13,5
19/05/2013,22:30,12,7,5
19/05/2013,22:45,10,10,0
19/05/2013,23:00,10,8,2
19/05/2013,23:15,7,5,2
19/05/2013,23:30,11,7,4
19/05/2013,23:45,10,10,0
20/05/2013,00:00,10,10,0
20/05/2013,00:15,7,6,1
20/05/2013,00:30,3,3,0
20/05/2013,00:45,2,2,0
20/05/2013,01:00,0,0,0
20/05/2013,01:15,2,2,0
20/05/2013,01:30,4,4,0
20/05/2013,01:45,0,0,0
20/05/2013,02:00,5,3,2
20/05/2013,02:15,4,1,3
20/05/2013,02:30,4,4,0
20/05/2013,02:45,1,1,0
20/05/2013,03:00,1,0,1
20/05/2013,03:15,4,1,3
20/05/2013,03:30,1,1,0
20/05/2013,03:45,1,1,0
20/05/2013,04:00,0,0,0
20/05/2013,04:15,3,2,1
20/05/2013,04:30,2,2,0
20/05/2013,04:45,6,3,3
20/05/2013,05:00,4,2,2
20/05/2013,05:15,7,2,5
20/05/2013,05:30,8,6,2
20/05/2013,05:45,11,6,5
20/05/2013,06:00,17,10,7
20/05/2013,06:15,22,8,14
20/05/2013,06:30,38,16,22
20/05/2013,06:45,33,10,23
20/05/2013,07:00,64,20,44
20/05/2013,07:15,75,25,50
20/05/2013,07:30,94,30,64
20/05/2013,07:45,77,16,61
20/05/2013,08:00,98,27,71
20/05/2013,08:15,124,36,88
20/05/2013,08:30,101,25,76
20/05/2013,08:45,64,10,54
20/05/2013,09:00,73,20,53
20/05/2013,09:15,69,27,42
20/05/2013,09:30,47,16,31
20/05/2013,09:45,41,20,21
20/05/2013,10:00,35,14,21
20/05/2013,10:15,46,23,23
20/05/2013,10:30,60,39,21
20/05/2013,10:45,29,20,9
20/05/2013,11:00,39,22,17
20/05/2013,11:15,42,28,14
20/05/2013,11:30,46,31,15
20/05/2013,11:45,46,28,18
20/05/2013,12:00,43,24,19
20/05/2013,12:15,46,26,20
20/05/2013,12:30,53,36,17
20/05/2013,12:45,46,34,12
20/05/2013,13:00,51,15,36
20/05/2013,13:15,54,28,26
20/05/2013,13:30,42,27,15
20/05/2013,13:45,54,33,21
20/05/2013,14:00,48,27,21
20/05/2013,14:15,38,20,18
20/05/2013,14:30,53,34,19
20/05/2013,14:45,53,29,24
20/05/2013,15:00,47,25,22
20/05/2013,15:15,55,36,19
20/05/2013,15:30,48,32,16
20/05/2013,15:45,61,34,27
20/05/2013,16:00,72,48,24
20/05/2013,16:15,71,42,29
20/05/2013,16:30,77,53,24
20/05/2013,16:45,93,67,26
20/05/2013,17:00,100,69,31
20/05/2013,17:15,126,93,33
20/05/2013,17:30,122,93,29
20/05/2013,17:45,126,94,32
20/05/2013,18:00,146,101,45
20/05/2013,18:15,145,114,31
20/05/2013,18:30,117,98,19
20/05/2013,18:45,111,83,28
20/05/2013,19:00,66,46,20
20/05/2013,19:15,67,51,16
20/05/2013,19:30,51,37,14
20/05/2013,19:45,55,36,19
20/05/2013,20:00,35,24,11
20/05/2013,20:15,22,15,7
20/05/2013,20:30,37,30,7
20/05/2013,20:45,27,20,7
20/05/2013,21:00,23,18,5
20/05/2013,21:15,23,19,4
20/05/2013,21:30,28,22,6
20/05/2013,21:45,16,14,2
20/05/2013,22:00,23,17,6
20/05/2013,22:15,27,19,8
20/05/2013,22:30,23,18,5
20/05/2013,22:45,19,13,6
20/05/2013,23:00,10,7,3
20/05/2013,23:15,10,10,0
20/05/2013,23:30,15,10,5
20/05/2013,23:45,12,11,1
21/05/2013,00:00,12,11,1
21/05/2013,00:15,2,2,0
21/05/2013,00:30,8,6,2
21/05/2013,00:45,6,6,0
21/05/2013,01:00,3,3,0
21/05/2013,01:15,3,3,0
21/05/2013,01:30,4,4,0
21/05/2013,01:45,0,0,0
21/05/2013,02:00,3,3,0
21/05/2013,02:15,1,1,0
21/05/2013,02:30,1,1,0
21/05/2013,02:45,0,0,0
21/05/2013,03:00,0,0,0
21/05/2013,03:15,2,0,2
21/05/2013,03:30,0,0,0
21/05/2013,03:45,1,0,1
21/05/2013,04:00,1,1,0
21/05/2013,04:15,4,3,1
21/05/2013,04:30,2,1,1
21/05/2013,04:45,2,0,2
21/05/2013,05:00,7,3,4
21/05/2013,05:15,3,0,3
21/05/2013,05:30,9,5,4
21/05/2013,05:45,13,5,8
21/05/2013,06:00,25,18,7
21/05/2013,06:15,25,16,9
21/05/2013,06:30,19,10,9
21/05/2013,06:45,40,17,23
21/05/2013,07:00,66,21,45
21/05/2013,07:15,74,19,55
21/05/2013,07:30,97,24,73
21/05/2013,07:45,91,24,67
21/05/2013,08:00,94,24,70
21/05/2013,08:15,106,20,86
21/05/2013,08:30,122,29,93
21/05/2013,08:45,83,18,65
21/05/2013,09:00,80,19,61
21/05/2013,09:15,69,24,45
21/05/2013,09:30,50,24,26
21/05/2013,09:45,48,22,26
21/05/2013,10:00,48,28,20
21/05/2013,10:15,31,17,14
21/05/2013,10:30,47,33,14
21/05/2013,10:45,37,20,17
21/05/2013,11:00,36,21,15
21/05/2013,11:15,22,17,5
21/05/2013,11:30,31,19,12
21/05/2013,11:45,37,24,13
21/05/2013,12:00,39,23,16
21/05/2013,12:15,36,23,13
21/05/2013,12:30,37,19,18
21/05/2013,12:45,23,11,12
21/05/2013,13:00,48,25,23
21/05/2013,13:15,41,25,16
21/05/2013,13:30,37,21,16
21/05/2013,13:45,35,16,19
21/05/2013,14:00,42,29,13
21/05/2013,14:15,39,20,19
21/05/2013,14:30,33,25,8
21/05/2013,14:45,39,24,15
21/05/2013,15:00,53,34,19
21/05/2013,15:15,42,23,19
21/05/2013,15:30,41,21,20
21/05/2013,15:45,40,28,12
21/05/2013,16:00,64,42,22
21/05/2013,16:15,56,39,17
21/05/2013,16:30,77,48,29
21/05/2013,16:45,72,47,25
21/05/2013,17:00,94,75,19
21/05/2013,17:15,128,94,34
21/05/2013,17:30,116,88,28
21/05/2013,17:45,139,120,19
21/05/2013,18:00,132,100,32
21/05/2013,18:15,128,106,22
21/05/2013,18:30,88,65,23
21/05/2013,18:45,78,63,15
21/05/2013,19:00,86,56,30
21/05/2013,19:15,64,46,18
21/05/2013,19:30,64,48,16
21/05/2013,19:45,43,37,6
21/05/2013,20:00,50,42,8
21/05/2013,20:15,36,22,14
21/05/2013,20:30,48,30,18
21/05/2013,20:45,23,17,6
21/05/2013,21:00,20,17,3
21/05/2013,21:15,23,17,6
21/05/2013,21:30,23,19,4
21/05/2013,21:45,21,19,2
21/05/2013,22:00,20,16,4
21/05/2013,22:15,30,24,6
21/05/2013,22:30,21,15,6
21/05/2013,22:45,21,18,3
21/05/2013,23:00,21,20,1
21/05/2013,23:15,8,6,2
21/05/2013,23:30,18,15,3
21/05/2013,23:45,17,14,3
22/05/2013,00:00,9,7,2
22/05/2013,00:15,4,4,0
22/05/2013,00:30,8,8,0
22/05/2013,00:45,8,8,0
22/05/2013,01:00,2,0,2
22/05/2013,01:15,3,1,2
22/05/2013,01:30,2,2,0
22/05/2013,01:45,1,1,0
22/05/2013,02:00,4,4,0
22/05/2013,02:15,0,0,0
22/05/2013,02:30,1,1,0
22/05/2013,02:45,1,1,0
22/05/2013,03:00,0,0,0
22/05/2013,03:15,2,0,2
22/05/2013,03:30,0,0,0
22/05/2013,03:45,0,0,0
22/05/2013,04:00,0,0,0
22/05/2013,04:15,2,0,2
22/05/2013,04:30,3,1,2
22/05/2013,04:45,2,0,2
22/05/2013,05:00,3,3,0
22/05/2013,05:15,4,2,2
22/05/2013,05:30,10,6,4
22/05/2013,05:45,10,5,5
22/05/2013,06:00,32,19,13
22/05/2013,06:15,20,13,7
22/05/2013,06:30,27,12,15
22/05/2013,06:45,40,17,23
22/05/2013,07:00,66,19,47
22/05/2013,07:15,72,22,50
22/05/2013,07:30,86,23,63
22/05/2013,07:45,91,27,64
22/05/2013,08:00,96,33,63
22/05/2013,08:15,111,25,86
22/05/2013,08:30,97,23,74
22/05/2013,08:45,77,15,62
22/05/2013,09:00,71,24,47
22/05/2013,09:15,55,23,32
22/05/2013,09:30,53,28,25
22/05/2013,09:45,45,25,20
22/05/2013,10:00,45,19,26
22/05/2013,10:15,42,18,24
22/05/2013,10:30,47,27,20
22/05/2013,10:45,35,21,14
22/05/2013,11:00,29,13,16
22/05/2013,11:15,51,35,16
22/05/2013,11:30,44,22,22
22/05/2013,11:45,35,13,22
22/05/2013,12:00,41,22,19
22/05/2013,12:15,34,19,15
22/05/2013,12:30,45,23,22
22/05/2013,12:45,38,18,20
22/05/2013,13:00,39,21,18
22/05/2013,13:15,43,15,28
22/05/2013,13:30,31,15,16
22/05/2013,13:45,51,30,21
22/05/2013,14:00,48,19,29
22/05/2013,14:15,28,10,18
22/05/2013,14:30,43,28,15
22/05/2013,14:45,32,22,10
22/05/2013,15:00,36,21,15
22/05/2013,15:15,37,26,11
22/05/2013,15:30,52,27,25
22/05/2013,15:45,45,25,20
22/05/2013,16:00,51,39,12
22/05/2013,16:15,80,58,22
22/05/2013,16:30,56,45,11
22/05/2013,16:45,98,61,37
22/05/2013,17:00,99,69,30
22/05/2013,17:15,96,71,25
22/05/2013,17:30,100,73,27
22/05/2013,17:45,97,81,16
22/05/2013,18:00,134,102,32
22/05/2013,18:15,108,87,21
22/05/2013,18:30,90,64,26
22/05/2013,18:45,90,69,21
22/05/2013,19:00,69,53,16
22/05/2013,19:15,69,48,21
22/05/2013,19:30,73,59,14
22/05/2013,19:45,46,33,13
22/05/2013,20:00,46,32,14
22/05/2013,20:15,36,22,14
22/05/2013,20:30,39,29,10
22/05/2013,20:45,50,29,21
22/05/2013,21:00,30,23,7
22/05/2013,21:15,21,19,2
22/05/2013,21:30,15,10,5
22/05/2013,21:45,17,13,4
22/05/2013,22:00,27,23,4
22/05/2013,22:15,23,16,7
22/05/2013,22:30,19,15,4
22/05/2013,22:45,17,14,3
22/05/2013,23:00,16,14,2
22/05/2013,23:15,4,2,2
22/05/2013,23:30,21,18,3
22/05/2013,23:45,17,16,1
23/05/2013,00:00,15,13,2
23/05/2013,00:15,12,11,1
23/05/2013,00:30,6,6,0
23/05/2013,00:45,3,3,0
23/05/2013,01:00,4,3,1
23/05/2013,01:15,5,5,0
23/05/2013,01:30,2,2,0
23/05/2013,01:45,1,1,0
23/05/2013,02:00,1,1,0
23/05/2013,02:15,4,3,1
23/05/2013,02:30,2,2,0
23/05/2013,02:45,3,3,0
23/05/2013,03:00,0,0,0
23/05/2013,03:15,4,3,1
23/05/2013,03:30,1,1,0
23/05/2013,03:45,0,0,0
23/05/2013,04:00,0,0,0
23/05/2013,04:15,0,0,0
23/05/2013,04:30,1,1,0
23/05/2013,04:45,2,0,2
23/05/2013,05:00,5,3,2
23/05/2013,05:15,7,3,4
23/05/2013,05:30,10,3,7
23/05/2013,05:45,8,3,5
23/05/2013,06:00,33,28,5
23/05/2013,06:15,22,8,14
23/05/2013,06:30,33,14,19
23/05/2013,06:45,21,8,13
23/05/2013,07:00,48,17,31
23/05/2013,07:15,94,34,60
23/05/2013,07:30,61,14,47
23/05/2013,07:45,68,11,57
23/05/2013,08:00,105,29,76
23/05/2013,08:15,99,34,65
23/05/2013,08:30,111,32,79
23/05/2013,08:45,87,20,67
23/05/2013,09:00,66,16,50
23/05/2013,09:15,45,15,30
23/05/2013,09:30,51,28,23
23/05/2013,09:45,44,20,24
23/05/2013,10:00,35,18,17
23/05/2013,10:15,44,21,23
23/05/2013,10:30,41,25,16
23/05/2013,10:45,50,33,17
23/05/2013,11:00,37,20,17
23/05/2013,11:15,26,10,16
23/05/2013,11:30,37,21,16
23/05/2013,11:45,37,20,17
23/05/2013,12:00,29,14,15
23/05/2013,12:15,43,27,16
23/05/2013,12:30,37,23,14
23/05/2013,12:45,46,23,23
23/05/2013,13:00,51,31,20
23/05/2013,13:15,40,22,18
23/05/2013,13:30,31,14,17
23/05/2013,13:45,30,17,13
23/05/2013,14:00,39,22,17
23/05/2013,14:15,39,22,17
23/05/2013,14:30,39,26,13
23/05/2013,14:45,34,15,19
23/05/2013,15:00,38,16,22
23/05/2013,15:15,40,24,16
23/05/2013,15:30,45,32,13
23/05/2013,15:45,64,43,21
23/05/2013,16:00,53,31,22
23/05/2013,16:15,62,43,19
23/05/2013,16:30,65,52,13
23/05/2013,16:45,72,37,35
23/05/2013,17:00,100,76,24
23/05/2013,17:15,103,80,23
23/05/2013,17:30,119,82,37
23/05/2013,17:45,143,120,23
23/05/2013,18:00,110,80,30
23/05/2013,18:15,106,84,22
23/05/2013,18:30,74,60,14
23/05/2013,18:45,83,64,19
23/05/2013,19:00,74,55,19
23/05/2013,19:15,65,44,21
23/05/2013,19:30,73,49,24
23/05/2013,19:45,47,36,11
23/05/2013,20:00,36,27,9
23/05/2013,20:15,57,40,17
23/05/2013,20:30,25,19,6
23/05/2013,20:45,29,17,12
23/05/2013,21:00,25,20,5
23/05/2013,21:15,29,22,7
23/05/2013,21:30,28,20,8
23/05/2013,21:45,31,21,10
23/05/2013,22:00,30,24,6
23/05/2013,22:15,28,23,5
23/05/2013,22:30,25,20,5
23/05/2013,22:45,22,15,7
23/05/2013,23:00,27,23,4
23/05/2013,23:15,11,11,0
23/05/2013,23:30,15,8,7
23/05/2013,23:45,14,12,2
24/05/2013,00:00,13,13,0
24/05/2013,00:15,9,8,1
24/05/2013,00:30,6,6,0
24/05/2013,00:45,6,5,1
24/05/2013,01:00,6,4,2
24/05/2013,01:15,5,3,2
24/05/2013,01:30,0,0,0
24/05/2013,01:45,0,0,0
24/05/2013,02:00,3,2,1
24/05/2013,02:15,2,1,1
24/05/2013,02:30,4,3,1
24/05/2013,02:45,2,2,0
24/05/2013,03:00,0,0,0
24/05/2013,03:15,0,0,0
24/05/2013,03:30,2,2,0
24/05/2013,03:45,1,0,1
24/05/2013,04:00,0,0,0
24/05/2013,04:15,1,0,1
24/05/2013,04:30,2,2,0
24/05/2013,04:45,2,2,0
24/05/2013,05:00,7,4,3
24/05/2013,05:15,2,0,2
24/05/2013,05:30,6,2,4
24/05/2013,05:45,6,3,3
24/05/2013,06:00,21,16,5
24/05/2013,06:15,13,5,8
24/05/2013,06:30,25,10,15
24/05/2013,06:45,35,9,26
24/05/2013,07:00,51,23,28
24/05/2013,07:15,59,15,44
24/05/2013,07:30,77,27,50
24/05/2013,07:45,64,22,42
24/05/2013,08:00,84,26,58
24/05/2013,08:15,90,30,60
24/05/2013,08:30,82,19,63
24/05/2013,08:45,74,20,54
24/05/2013,09:00,67,17,50
24/05/2013,09:15,52,16,36
24/05/2013,09:30,57,25,32
24/05/2013,09:45,53,28,25
24/05/2013,10:00,35,20,15
24/05/2013,10:15,27,10,17
24/05/2013,10:30,44,25,19
24/05/2013,10:45,38,26,12
24/05/2013,11:00,39,21,18
24/05/2013,11:15,35,18,17
24/05/2013,11:30,36,18,18
24/05/2013,11:45,39,26,13
24/05/2013,12:00,41,25,16
24/05/2013,12:15,36,20,16
24/05/2013,12:30,44,28,16
24/05/2013,12:45,43,28,15
24/05/2013,13:00,43,27,16
24/05/2013,13:15,35,19,16
24/05/2013,13:30,37,27,10
24/05/2013,13:45,44,28,16
24/05/2013,14:00,47,31,16
24/05/2013,14:15,58,34,24
24/05/2013,14:30,41,22,19
24/05/2013,14:45,57,40,17
24/05/2013,15:00,60,33,27
24/05/2013,15:15,57,36,21
24/05/2013,15:30,58,30,28
24/05/2013,15:45,60,41,19
24/05/2013,16:00,47,28,19
24/05/2013,16:15,90,64,26
24/05/2013,16:30,80,53,27
24/05/2013,16:45,84,45,39
24/05/2013,17:00,97,69,28
24/05/2013,17:15,111,74,37
24/05/2013,17:30,104,79,25
24/05/2013,17:45,104,77,27
24/05/2013,18:00,74,48,26
24/05/2013,18:15,94,61,33
24/05/2013,18:30,73,43,30
24/05/2013,18:45,60,37,23
24/05/2013,19:00,54,32,22
24/05/2013,19:15,56,44,12
24/05/2013,19:30,37,23,14
24/05/2013,19:45,39,22,17
24/05/2013,20:00,29,19,10
24/05/2013,20:15,32,21,11
24/05/2013,20:30,23,17,6
24/05/2013,20:45,34,26,8
24/05/2013,21:00,25,17,8
24/05/2013,21:15,18,13,5
24/05/2013,21:30,23,12,11
24/05/2013,21:45,19,15,4
24/05/2013,22:00,17,13,4
24/05/2013,22:15,10,9,1
24/05/2013,22:30,20,13,7
24/05/2013,22:45,10,9,1
24/05/2013,23:00,23,21,2
24/05/2013,23:15,18,13,5
24/05/2013,23:30,17,13,4
24/05/2013,23:45,10,8,2
25/05/2013,00:00,7,6,1
25/05/2013,00:15,8,8,0
25/05/2013,00:30,14,13,1
25/05/2013,00:45,11,11,0
25/05/2013,01:00,9,8,1
25/05/2013,01:15,10,8,2
25/05/2013,01:30,10,7,3
25/05/2013,01:45,1,1,0
25/05/2013,02:00,4,4,0
25/05/2013,02:15,2,1,1
25/05/2013,02:30,1,1,0
25/05/2013,02:45,2,2,0
25/05/2013,03:00,3,3,0
25/05/2013,03:15,3,3,0
25/05/2013,03:30,5,4,1
25/05/2013,03:45,4,2,2
25/05/2013,04:00,0,0,0
25/05/2013,04:15,0,0,0
25/05/2013,04:30,1,1,0
25/05/2013,04:45,2,1,1
25/05/2013,05:00,2,2,0
25/05/2013,05:15,1,1,0
25/05/2013,05:30,5,2,3
25/05/2013,05:45,5,3,2
25/05/2013,06:00,3,0,3
25/05/2013,06:15,3,0,3
25/05/2013,06:30,8,5,3
25/05/2013,06:45,11,5,6
25/05/2013,07:00,12,6,6
25/05/2013,07:15,12,8,4
25/05/2013,07:30,26,16,10
25/05/2013,07:45,18,10,8
25/05/2013,08:00,30,20,10
25/05/2013,08:15,50,30,20
25/05/2013,08:30,48,29,19
25/05/2013,08:45,45,33,12
25/05/2013,09:00,62,49,13
25/05/2013,09:15,38,17,21
25/05/2013,09:30,65,42,23
25/05/2013,09:45,49,27,22
25/05/2013,10:00,64,37,27
25/05/2013,10:15,68,41,27
25/05/2013,10:30,78,39,39
25/05/2013,10:45,70,40,30
25/05/2013,11:00,64,35,29
25/05/2013,11:15,55,33,22
25/05/2013,11:30,69,41,28
25/05/2013,11:45,64,31,33
25/05/2013,12:00,70,35,35
25/05/2013,12:15,84,44,40
25/05/2013,12:30,89,57,32
25/05/2013,12:45,69,32,37
25/05/2013,13:00,88,57,31
25/05/2013,13:15,69,31,38
25/05/2013,13:30,68,42,26
25/05/2013,13:45,70,37,33
25/05/2013,14:00,79,34,45
25/05/2013,14:15,85,38,47
25/05/2013,14:30,63,41,22
25/05/2013,14:45,63,28,35
25/05/2013,15:00,76,39,37
25/05/2013,15:15,85,35,50
25/05/2013,15:30,84,49,35
25/05/2013,15:45,63,36,27
25/05/2013,16:00,53,16,37
25/05/2013,16:15,68,34,34
25/05/2013,16:30,55,16,39
25/05/2013,16:45,75,39,36
25/05/2013,17:00,52,33,19
25/05/2013,17:15,59,31,28
25/05/2013,17:30,85,33,52
25/05/2013,17:45,46,28,18
25/05/2013,18:00,40,21,19
25/05/2013,18:15,43,23,20
25/05/2013,18:30,31,20,11
25/05/2013,18:45,47,23,24
25/05/2013,19:00,44,22,22
25/05/2013,19:15,41,22,19
25/05/2013,19:30,28,19,9
25/05/2013,19:45,29,15,14
25/05/2013,20:00,19,9,10
25/05/2013,20:15,16,9,7
25/05/2013,20:30,18,10,8
25/05/2013,20:45,18,5,13
25/05/2013,21:00,11,8,3
25/05/2013,21:15,13,8,5
25/05/2013,21:30,13,10,3
25/05/2013,21:45,12,10,2
25/05/2013,22:00,15,14,1
25/05/2013,22:15,15,11,4
25/05/2013,22:30,5,2,3
25/05/2013,22:45,5,4,1
25/05/2013,23:00,12,10,2
25/05/2013,23:15,12,8,4
25/05/2013,23:30,16,9,7
25/05/2013,23:45,3,3,0
26/05/2013,00:00,8,7,1
26/05/2013,00:15,12,12,0
26/05/2013,00:30,7,5,2
26/05/2013,00:45,3,3,0
26/05/2013,01:00,4,3,1
26/05/2013,01:15,12,11,1
26/05/2013,01:30,4,2,2
26/05/2013,01:45,2,0,2
26/05/2013,02:00,3,2,1
26/05/2013,02:15,5,5,0
26/05/2013,02:30,3,2,1
26/05/2013,02:45,1,1,0
26/05/2013,03:00,6,5,1
26/05/2013,03:15,2,2,0
26/05/2013,03:30,2,2,0
26/05/2013,03:45,0,0,0
26/05/2013,04:00,0,0,0
26/05/2013,04:15,2,1,1
26/05/2013,04:30,1,0,1
26/05/2013,04:45,0,0,0
26/05/2013,05:00,1,0,1
26/05/2013,05:15,0,0,0
26/05/2013,05:30,1,1,0
26/05/2013,05:45,4,2,2
26/05/2013,06:00,5,2,3
26/05/2013,06:15,7,3,4
26/05/2013,06:30,5,3,2
26/05/2013,06:45,3,2,1
26/05/2013,07:00,10,5,5
26/05/2013,07:15,11,1,10
26/05/2013,07:30,21,11,10
26/05/2013,07:45,19,14,5
26/05/2013,08:00,13,12,1
26/05/2013,08:15,27,17,10
26/05/2013,08:30,24,18,6
26/05/2013,08:45,41,31,10
26/05/2013,09:00,29,18,11
26/05/2013,09:15,40,22,18
26/05/2013,09:30,55,40,15
26/05/2013,09:45,59,41,18
26/05/2013,10:00,40,28,12
26/05/2013,10:15,52,34,18
26/05/2013,10:30,56,35,21
26/05/2013,10:45,62,40,22
26/05/2013,11:00,86,62,24
26/05/2013,11:15,84,52,32
26/05/2013,11:30,58,30,28
26/05/2013,11:45,78,40,38
26/05/2013,12:00,79,47,32
26/05/2013,12:15,82,46,36
26/05/2013,12:30,57,25,32
26/05/2013,12:45,54,31,23
26/05/2013,13:00,79,38,41
26/05/2013,13:15,56,26,30
26/05/2013,13:30,76,38,38
26/05/2013,13:45,68,48,20
26/05/2013,14:00,63,36,27
26/05/2013,14:15,54,28,26
26/05/2013,14:30,73,34,39
26/05/2013,14:45,63,42,21
26/05/2013,15:00,73,39,34
26/05/2013,15:15,82,42,40
26/05/2013,15:30,58,31,27
26/05/2013,15:45,75,32,43
26/05/2013,16:00,63,26,37
26/05/2013,16:15,60,33,27
26/05/2013,16:30,56,31,25
26/05/2013,16:45,60,29,31
26/05/2013,17:00,82,46,36
26/05/2013,17:15,65,34,31
26/05/2013,17:30,48,19,29
26/05/2013,17:45,43,19,24
26/05/2013,18:00,40,18,22
26/05/2013,18:15,36,16,20
26/05/2013,18:30,39,17,22
26/05/2013,18:45,31,12,19
26/05/2013,19:00,27,13,14
26/05/2013,19:15,33,15,18
26/05/2013,19:30,41,28,13
26/05/2013,19:45,32,12,20
26/05/2013,20:00,12,5,7
26/05/2013,20:15,16,10,6
26/05/2013,20:30,15,12,3
26/05/2013,20:45,18,9,9
26/05/2013,21:00,13,9,4
26/05/2013,21:15,10,8,2
26/05/2013,21:30,16,14,2
26/05/2013,21:45,16,9,7
26/05/2013,22:00,9,8,1
26/05/2013,22:15,13,8,5
26/05/2013,22:30,13,7,6
26/05/2013,22:45,5,3,2
26/05/2013,23:00,14,13,1
26/05/2013,23:15,6,5,1
26/05/2013,23:30,11,11,0
26/05/2013,23:45,13,13,0
27/05/2013,00:00,8,8,0
27/05/2013,00:15,6,4,2
27/05/2013,00:30,3,1,2
27/05/2013,00:45,2,2,0
27/05/2013,01:00,4,3,1
27/05/2013,01:15,4,4,0
27/05/2013,01:30,4,4,0
27/05/2013,01:45,2,2,0
27/05/2013,02:00,4,3,1
27/05/2013,02:15,1,1,0
27/05/2013,02:30,3,2,1
27/05/2013,02:45,1,1,0
27/05/2013,03:00,0,0,0
27/05/2013,03:15,1,0,1
27/05/2013,03:30,0,0,0
27/05/2013,03:45,2,2,0
27/05/2013,04:00,0,0,0
27/05/2013,04:15,0,0,0
27/05/2013,04:30,1,1,0
27/05/2013,04:45,2,1,1
27/05/2013,05:00,3,2,1
27/05/2013,05:15,3,2,1
27/05/2013,05:30,5,2,3
27/05/2013,05:45,3,2,1
27/05/2013,06:00,6,4,2
27/05/2013,06:15,8,3,5
27/05/2013,06:30,12,7,5
27/05/2013,06:45,9,4,5
27/05/2013,07:00,14,9,5
27/05/2013,07:15,16,10,6
27/05/2013,07:30,21,11,10
27/05/2013,07:45,21,12,9
27/05/2013,08:00,15,10,5
27/05/2013,08:15,29,17,12
27/05/2013,08:30,28,18,10
27/05/2013,08:45,32,22,10
27/05/2013,09:00,31,22,9
27/05/2013,09:15,37,20,17
27/05/2013,09:30,46,29,17
27/05/2013,09:45,47,31,16
27/05/2013,10:00,58,35,23
27/05/2013,10:15,62,35,27
27/05/2013,10:30,65,38,27
27/05/2013,10:45,56,35,21
27/05/2013,11:00,52,34,18
27/05/2013,11:15,53,32,21
27/05/2013,11:30,68,44,24
27/05/2013,11:45,50,27,23
27/05/2013,12:00,57,28,29
27/05/2013,12:15,46,24,22
27/05/2013,12:30,47,27,20
27/05/2013,12:45,48,15,33
27/05/2013,13:00,33,12,21
27/05/2013,13:15,36,15,21
27/05/2013,13:30,33,12,21
27/05/2013,13:45,50,27,23
27/05/2013,14:00,29,15,14
27/05/2013,14:15,34,19,15
27/05/2013,14:30,46,24,22
27/05/2013,14:45,43,28,15
27/05/2013,15:00,47,29,18
27/05/2013,15:15,40,22,18
27/05/2013,15:30,43,25,18
27/05/2013,15:45,27,12,15
27/05/2013,16:00,31,14,17
27/05/2013,16:15,42,18,24
27/05/2013,16:30,43,19,24
27/05/2013,16:45,38,16,22
27/05/2013,17:00,39,17,22
27/05/2013,17:15,37,18,19
27/05/2013,17:30,37,20,17
27/05/2013,17:45,14,8,6
27/05/2013,18:00,30,20,10
27/05/2013,18:15,39,21,18
27/05/2013,18:30,25,11,14
27/05/2013,18:45,27,15,12
27/05/2013,19:00,11,10,1
27/05/2013,19:15,17,13,4
27/05/2013,19:30,14,8,6
27/05/2013,19:45,17,9,8
27/05/2013,20:00,20,12,8
27/05/2013,20:15,9,6,3
27/05/2013,20:30,9,7,2
27/05/2013,20:45,16,13,3
27/05/2013,21:00,10,4,6
27/05/2013,21:15,3,3,0
27/05/2013,21:30,12,9,3
27/05/2013,21:45,6,5,1
27/05/2013,22:00,8,5,3
27/05/2013,22:15,12,11,1
27/05/2013,22:30,7,4,3
27/05/2013,22:45,4,2,2
27/05/2013,23:00,4,1,3
27/05/2013,23:15,8,6,2
27/05/2013,23:30,8,5,3
27/05/2013,23:45,6,5,1
28/05/2013,00:00,3,2,1
28/05/2013,00:15,6,6,0
28/05/2013,00:30,3,3,0
28/05/2013,00:45,2,2,0
28/05/2013,01:00,2,2,0
28/05/2013,01:15,1,1,0
28/05/2013,01:30,1,1,0
28/05/2013,01:45,0,0,0
28/05/2013,02:00,1,0,1
28/05/2013,02:15,3,3,0
28/05/2013,02:30,1,1,0
28/05/2013,02:45,1,1,0
28/05/2013,03:00,1,0,1
28/05/2013,03:15,0,0,0
28/05/2013,03:30,0,0,0
28/05/2013,03:45,0,0,0
28/05/2013,04:00,0,0,0
28/05/2013,04:15,0,0,0
28/05/2013,04:30,4,2,2
28/05/2013,04:45,3,1,2
28/05/2013,05:00,4,2,2
28/05/2013,05:15,5,2,3
28/05/2013,05:30,7,4,3
28/05/2013,05:45,13,3,10
28/05/2013,06:00,19,10,9
28/05/2013,06:15,19,9,10
28/05/2013,06:30,32,14,18
28/05/2013,06:45,29,7,22
28/05/2013,07:00,43,18,25
28/05/2013,07:15,51,13,38
28/05/2013,07:30,54,10,44
28/05/2013,07:45,70,13,57
28/05/2013,08:00,72,29,43
28/05/2013,08:15,91,25,66
28/05/2013,08:30,77,29,48
28/05/2013,08:45,73,15,58
28/05/2013,09:00,59,22,37
28/05/2013,09:15,46,19,27
28/05/2013,09:30,46,16,30
28/05/2013,09:45,33,15,18
28/05/2013,10:00,31,12,19
28/05/2013,10:15,34,20,14
28/05/2013,10:30,34,20,14
28/05/2013,10:45,22,12,10
28/05/2013,11:00,10,4,6
28/05/2013,11:15,26,10,16
28/05/2013,11:30,29,16,13
28/05/2013,11:45,31,13,18
28/05/2013,12:00,29,13,16
28/05/2013,12:15,32,19,13
28/05/2013,12:30,30,19,11
28/05/2013,12:45,30,17,13
28/05/2013,13:00,30,15,15
28/05/2013,13:15,34,19,15
28/05/2013,13:30,26,15,11
28/05/2013,13:45,35,22,13
28/05/2013,14:00,36,21,15
28/05/2013,14:15,38,26,12
28/05/2013,14:30,32,15,17
28/05/2013,14:45,24,11,13
28/05/2013,15:00,43,29,14
28/05/2013,15:15,41,21,20
28/05/2013,15:30,39,22,17
28/05/2013,15:45,45,30,15
28/05/2013,16:00,50,31,19
28/05/2013,16:15,47,22,25
28/05/2013,16:30,78,59,19
28/05/2013,16:45,78,52,26
28/05/2013,17:00,94,66,28
28/05/2013,17:15,121,98,23
28/05/2013,17:30,97,75,22
28/05/2013,17:45,99,72,27
28/05/2013,18:00,116,87,29
28/05/2013,18:15,109,85,24
28/05/2013,18:30,91,71,20
28/05/2013,18:45,78,49,29
28/05/2013,19:00,65,49,16
28/05/2013,19:15,56,39,17
28/05/2013,19:30,56,38,18
28/05/2013,19:45,46,35,11
28/05/2013,20:00,30,23,7
28/05/2013,20:15,38,26,12
28/05/2013,20:30,32,25,7
28/05/2013,20:45,28,19,9
28/05/2013,21:00,35,25,10
28/05/2013,21:15,25,18,7
28/05/2013,21:30,24,19,5
28/05/2013,21:45,21,18,3
28/05/2013,22:00,22,19,3
28/05/2013,22:15,19,14,5
28/05/2013,22:30,17,10,7
28/05/2013,22:45,11,11,0
28/05/2013,23:00,13,11,2
28/05/2013,23:15,17,11,6
28/05/2013,23:30,15,11,4
28/05/2013,23:45,7,5,2
29/05/2013,00:00,7,6,1
29/05/2013,00:15,7,5,2
29/05/2013,00:30,4,4,0
29/05/2013,00:45,3,3,0
29/05/2013,01:00,9,9,0
29/05/2013,01:15,1,0,1
29/05/2013,01:30,4,1,3
29/05/2013,01:45,1,1,0
29/05/2013,02:00,1,1,0
29/05/2013,02:15,1,0,1
29/05/2013,02:30,2,2,0
29/05/2013,02:45,1,1,0
29/05/2013,03:00,2,2,0
29/05/2013,03:15,1,0,1
29/05/2013,03:30,1,0,1
29/05/2013,03:45,1,0,1
29/05/2013,04:00,0,0,0
29/05/2013,04:15,0,0,0
29/05/2013,04:30,1,0,1
29/05/2013,04:45,3,2,1
29/05/2013,05:00,3,1,2
29/05/2013,05:15,4,1,3
29/05/2013,05:30,9,5,4
29/05/2013,05:45,12,7,5
29/05/2013,06:00,26,16,10
29/05/2013,06:15,33,14,19
29/05/2013,06:30,45,20,25
29/05/2013,06:45,41,12,29
29/05/2013,07:00,54,17,37
29/05/2013,07:15,71,27,44
29/05/2013,07:30,76,18,58
29/05/2013,07:45,77,18,59
29/05/2013,08:00,97,22,75
29/05/2013,08:15,105,28,77
29/05/2013,08:30,108,24,84
29/05/2013,08:45,74,17,57
29/05/2013,09:00,60,19,41
29/05/2013,09:15,61,29,32
29/05/2013,09:30,43,14,29
29/05/2013,09:45,30,11,19
29/05/2013,10:00,29,8,21
29/05/2013,10:15,47,18,29
29/05/2013,10:30,37,16,21
29/05/2013,10:45,44,28,16
29/05/2013,11:00,22,8,14
29/05/2013,11:15,34,18,16
29/05/2013,11:30,36,21,15
29/05/2013,11:45,44,23,21
29/05/2013,12:00,30,19,11
29/05/2013,12:15,36,23,13
29/05/2013,12:30,35,17,18
29/05/2013,12:45,33,18,15
29/05/2013,13:00,35,15,20
29/05/2013,13:15,35,18,17
29/05/2013,13:30,36,17,19
29/05/2013,13:45,39,20,19
29/05/2013,14:00,33,22,11
29/05/2013,14:15,37,22,15
29/05/2013,14:30,32,16,16
29/05/2013,14:45,37,22,15
29/05/2013,15:00,36,21,15
29/05/2013,15:15,52,31,21
29/05/2013,15:30,56,35,21
29/05/2013,15:45,39,21,18
29/05/2013,16:00,62,41,21
29/05/2013,16:15,69,39,30
29/05/2013,16:30,76,51,25
29/05/2013,16:45,80,60,20
29/05/2013,17:00,115,76,39
29/05/2013,17:15,95,72,23
29/05/2013,17:30,127,105,22
29/05/2013,17:45,117,99,18
29/05/2013,18:00,126,97,29
29/05/2013,18:15,101,78,23
29/05/2013,18:30,109,81,28
29/05/2013,18:45,76,59,17
29/05/2013,19:00,91,66,25
29/05/2013,19:15,69,53,16
29/05/2013,19:30,73,57,16
29/05/2013,19:45,56,41,15
29/05/2013,20:00,46,28,18
29/05/2013,20:15,50,34,16
29/05/2013,20:30,41,25,16
29/05/2013,20:45,32,23,9
29/05/2013,21:00,66,37,29
29/05/2013,21:15,33,24,9
29/05/2013,21:30,29,20,9
29/05/2013,21:45,26,19,7
29/05/2013,22:00,28,16,12
29/05/2013,22:15,20,11,9
29/05/2013,22:30,24,24,0
29/05/2013,22:45,17,15,2
29/05/2013,23:00,15,11,4
29/05/2013,23:15,19,18,1
29/05/2013,23:30,17,15,2
29/05/2013,23:45,24,21,3
30/05/2013,00:00,14,13,1
30/05/2013,00:15,4,4,0
30/05/2013,00:30,10,9,1
30/05/2013,00:45,6,4,2
30/05/2013,01:00,3,3,0
30/05/2013,01:15,6,5,1
30/05/2013,01:30,7,2,5
30/05/2013,01:45,1,1,0
30/05/2013,02:00,1,1,0
30/05/2013,02:15,1,1,0
30/05/2013,02:30,1,1,0
30/05/2013,02:45,1,1,0
30/05/2013,03:00,3,3,0
30/05/2013,03:15,1,0,1
30/05/2013,03:30,2,0,2
30/05/2013,03:45,0,0,0
30/05/2013,04:00,0,0,0
30/05/2013,04:15,1,0,1
30/05/2013,04:30,1,1,0
30/05/2013,04:45,2,1,1
30/05/2013,05:00,2,1,1
30/05/2013,05:15,6,3,3
30/05/2013,05:30,9,4,5
30/05/2013,05:45,6,2,4
30/05/2013,06:00,35,22,13
30/05/2013,06:15,28,8,20
30/05/2013,06:30,44,20,24
30/05/2013,06:45,41,13,28
30/05/2013,07:00,38,15,23
30/05/2013,07:15,88,33,55
30/05/2013,07:30,105,22,83
30/05/2013,07:45,70,18,52
30/05/2013,08:00,117,33,84
30/05/2013,08:15,103,24,79
30/05/2013,08:30,134,30,104
30/05/2013,08:45,62,18,44
30/05/2013,09:00,75,22,53
30/05/2013,09:15,59,19,40
30/05/2013,09:30,47,21,26
30/05/2013,09:45,45,19,26
30/05/2013,10:00,37,13,24
30/05/2013,10:15,35,15,20
30/05/2013,10:30,45,34,11
30/05/2013,10:45,41,25,16
30/05/2013,11:00,37,20,17
30/05/2013,11:15,32,7,25
30/05/2013,11:30,43,26,17
30/05/2013,11:45,34,19,15
30/05/2013,12:00,43,20,23
30/05/2013,12:15,45,23,22
30/05/2013,12:30,41,26,15
30/05/2013,12:45,37,21,16
30/05/2013,13:00,33,18,15
30/05/2013,13:15,48,26,22
30/05/2013,13:30,39,20,19
30/05/2013,13:45,59,35,24
30/05/2013,14:00,42,20,22
30/05/2013,14:15,66,38,28
30/05/2013,14:30,48,31,17
30/05/2013,14:45,34,18,16
30/05/2013,15:00,59,35,24
30/05/2013,15:15,41,26,15
30/05/2013,15:30,40,27,13
30/05/2013,15:45,61,39,22
30/05/2013,16:00,69,52,17
30/05/2013,16:15,63,39,24
30/05/2013,16:30,82,49,33
30/05/2013,16:45,69,53,16
30/05/2013,17:00,106,74,32
30/05/2013,17:15,113,85,28
30/05/2013,17:30,132,100,32
30/05/2013,17:45,137,95,42
30/05/2013,18:00,124,95,29
30/05/2013,18:15,130,103,27
30/05/2013,18:30,117,92,25
30/05/2013,18:45,101,72,29
30/05/2013,19:00,85,58,27
30/05/2013,19:15,77,55,22
30/05/2013,19:30,62,44,18
30/05/2013,19:45,50,35,15
30/05/2013,20:00,59,41,18
30/05/2013,20:15,53,34,19
30/05/2013,20:30,39,26,13
30/05/2013,20:45,45,31,14
30/05/2013,21:00,49,30,19
30/05/2013,21:15,33,29,4
30/05/2013,21:30,32,22,10
30/05/2013,21:45,26,18,8
30/05/2013,22:00,39,25,14
30/05/2013,22:15,26,21,5
30/05/2013,22:30,29,23,6
30/05/2013,22:45,28,24,4
30/05/2013,23:00,19,13,6
30/05/2013,23:15,22,19,3
30/05/2013,23:30,17,13,4
30/05/2013,23:45,20,19,1
31/05/2013,00:00,16,15,1
31/05/2013,00:15,10,9,1
31/05/2013,00:30,6,4,2
31/05/2013,00:45,6,5,1
31/05/2013,01:00,7,5,2
31/05/2013,01:15,9,7,2
31/05/2013,01:30,2,2,0
31/05/2013,01:45,1,1,0
31/05/2013,02:00,5,4,1
31/05/2013,02:15,5,4,1
31/05/2013,02:30,1,1,0
31/05/2013,02:45,3,3,0
31/05/2013,03:00,1,1,0
31/05/2013,03:15,2,1,1
31/05/2013,03:30,1,1,0
31/05/2013,03:45,0,0,0
31/05/2013,04:00,1,1,0
31/05/2013,04:15,0,0,0
31/05/2013,04:30,0,0,0
31/05/2013,04:45,4,2,2
31/05/2013,05:00,5,2,3
31/05/2013,05:15,7,4,3
31/05/2013,05:30,10,4,6
31/05/2013,05:45,9,2,7
31/05/2013,06:00,19,12,7
31/05/2013,06:15,23,6,17
31/05/2013,06:30,33,13,20
31/05/2013,06:45,45,10,35
31/05/2013,07:00,43,15,28
31/05/2013,07:15,65,27,38
31/05/2013,07:30,60,22,38
31/05/2013,07:45,89,30,59
31/05/2013,08:00,100,30,70
31/05/2013,08:15,88,22,66
31/05/2013,08:30,92,18,74
31/05/2013,08:45,76,25,51
31/05/2013,09:00,70,14,56
31/05/2013,09:15,48,21,27
31/05/2013,09:30,67,35,32
31/05/2013,09:45,34,15,19
31/05/2013,10:00,47,17,30
31/05/2013,10:15,46,26,20
31/05/2013,10:30,35,20,15
31/05/2013,10:45,43,17,26
31/05/2013,11:00,39,24,15
31/05/2013,11:15,50,26,24
31/05/2013,11:30,37,24,13
31/05/2013,11:45,42,23,19
31/05/2013,12:00,49,24,25
31/05/2013,12:15,31,14,17
31/05/2013,12:30,47,31,16
31/05/2013,12:45,41,20,21
31/05/2013,13:00,55,29,26
31/05/2013,13:15,33,18,15
31/05/2013,13:30,48,29,19
31/05/2013,13:45,65,32,33
31/05/2013,14:00,51,22,29
31/05/2013,14:15,49,33,16
31/05/2013,14:30,59,34,25
31/05/2013,14:45,46,25,21
31/05/2013,15:00,66,35,31
31/05/2013,15:15,53,31,22
31/05/2013,15:30,54,39,15
31/05/2013,15:45,57,33,24
31/05/2013,16:00,69,42,27
31/05/2013,16:15,76,50,26
31/05/2013,16:30,90,54,36
31/05/2013,16:45,71,43,28
31/05/2013,17:00,98,71,27
31/05/2013,17:15,128,84,44
31/05/2013,17:30,93,73,20
31/05/2013,17:45,97,73,24
31/05/2013,18:00,126,103,23
31/05/2013,18:15,121,83,38
31/05/2013,18:30,78,63,15
31/05/2013,18:45,90,60,30
31/05/2013,19:00,76,59,17
31/05/2013,19:15,63,42,21
31/05/2013,19:30,50,31,19
31/05/2013,19:45,52,36,16
31/05/2013,20:00,54,35,19
31/05/2013,20:15,35,22,13
31/05/2013,20:30,35,25,10
31/05/2013,20:45,24,15,9
31/05/2013,21:00,34,20,14
31/05/2013,21:15,33,24,9
31/05/2013,21:30,20,18,2
31/05/2013,21:45,23,16,7
31/05/2013,22:00,38,26,12
31/05/2013,22:15,36,27,9
31/05/2013,22:30,23,17,6
31/05/2013,22:45,23,17,6
31/05/2013,23:00,28,18,10
31/05/2013,23:15,32,22,10
31/05/2013,23:30,25,19,6
31/05/2013,23:45,22,17,5
01/06/2013,00:00,19,17,2
01/06/2013,00:15,5,3,2
01/06/2013,00:30,16,15,1
01/06/2013,00:45,12,11,1
01/06/2013,01:00,14,9,5
01/06/2013,01:15,6,5,1
01/06/2013,01:30,9,7,2
01/06/2013,01:45,1,1,0
01/06/2013,02:00,12,9,3
01/06/2013,02:15,5,5,0
01/06/2013,02:30,7,6,1
01/06/2013,02:45,2,2,0
01/06/2013,03:00,3,3,0
01/06/2013,03:15,8,5,3
01/06/2013,03:30,1,1,0
01/06/2013,03:45,2,2,0
01/06/2013,04:00,5,4,1
01/06/2013,04:15,2,1,1
01/06/2013,04:30,5,5,0
01/06/2013,04:45,1,1,0
01/06/2013,05:00,2,0,2
01/06/2013,05:15,7,2,5
01/06/2013,05:30,4,2,2
01/06/2013,05:45,2,2,0
01/06/2013,06:00,4,2,2
01/06/2013,06:15,7,2,5
01/06/2013,06:30,6,4,2
01/06/2013,06:45,15,11,4
01/06/2013,07:00,11,8,3
01/06/2013,07:15,21,10,11
01/06/2013,07:30,29,16,13
01/06/2013,07:45,24,16,8
01/06/2013,08:00,33,22,11
01/06/2013,08:15,40,26,14
01/06/2013,08:30,63,46,17
01/06/2013,08:45,70,48,22
01/06/2013,09:00,51,33,18
01/06/2013,09:15,62,44,18
01/06/2013,09:30,83,50,33
01/06/2013,09:45,62,34,28
01/06/2013,10:00,79,58,21
01/06/2013,10:15,88,58,30
01/06/2013,10:30,101,64,37
01/06/2013,10:45,87,59,28
01/06/2013,11:00,99,72,27
01/06/2013,11:15,98,56,42
01/06/2013,11:30,137,85,52
01/06/2013,11:45,70,35,35
01/06/2013,12:00,110,61,49
01/06/2013,12:15,90,62,28
01/06/2013,12:30,100,55,45
01/06/2013,12:45,103,56,47
01/06/2013,13:00,123,74,49
01/06/2013,13:15,137,97,40
01/06/2013,13:30,119,71,48
01/06/2013,13:45,116,75,41
01/06/2013,14:00,123,76,47
01/06/2013,14:15,112,61,51
01/06/2013,14:30,114,62,52
01/06/2013,14:45,94,58,36
01/06/2013,15:00,126,62,64
01/06/2013,15:15,120,44,76
01/06/2013,15:30,103,42,61
01/06/2013,15:45,90,39,51
01/06/2013,16:00,101,43,58
01/06/2013,16:15,107,45,62
01/06/2013,16:30,91,34,57
01/06/2013,16:45,78,21,57
01/06/2013,17:00,86,28,58
01/06/2013,17:15,94,33,61
01/06/2013,17:30,82,34,48
01/06/2013,17:45,90,31,59
01/06/2013,18:00,56,30,26
01/06/2013,18:15,53,28,25
01/06/2013,18:30,54,27,27
01/06/2013,18:45,65,29,36
01/06/2013,19:00,46,28,18
01/06/2013,19:15,50,29,21
01/06/2013,19:30,46,19,27
01/06/2013,19:45,31,17,14
01/06/2013,20:00,41,27,14
01/06/2013,20:15,28,12,16
01/06/2013,20:30,20,15,5
01/06/2013,20:45,30,19,11
01/06/2013,21:00,30,11,19
01/06/2013,21:15,20,12,8
01/06/2013,21:30,17,11,6
01/06/2013,21:45,18,14,4
01/06/2013,22:00,24,12,12
01/06/2013,22:15,23,12,11
01/06/2013,22:30,27,16,11
01/06/2013,22:45,23,14,9
01/06/2013,23:00,15,13,2
01/06/2013,23:15,10,8,2
01/06/2013,23:30,14,10,4
01/06/2013,23:45,16,13,3
02/06/2013,00:00,7,5,2
02/06/2013,00:15,13,11,2
02/06/2013,00:30,7,7,0
02/06/2013,00:45,7,7,0
02/06/2013,01:00,10,8,2
02/06/2013,01:15,11,6,5
02/06/2013,01:30,11,6,5
02/06/2013,01:45,3,3,0
02/06/2013,02:00,6,6,0
02/06/2013,02:15,5,5,0
02/06/2013,02:30,5,2,3
02/06/2013,02:45,6,4,2
02/06/2013,03:00,3,3,0
02/06/2013,03:15,0,0,0
02/06/2013,03:30,4,1,3
02/06/2013,03:45,3,3,0
02/06/2013,04:00,2,0,2
02/06/2013,04:15,6,2,4
02/06/2013,04:30,2,1,1
02/06/2013,04:45,2,1,1
02/06/2013,05:00,3,1,2
02/06/2013,05:15,2,1,1
02/06/2013,05:30,3,1,2
02/06/2013,05:45,3,3,0
02/06/2013,06:00,5,3,2
02/06/2013,06:15,10,5,5
02/06/2013,06:30,6,4,2
02/06/2013,06:45,14,9,5
02/06/2013,07:00,10,7,3
02/06/2013,07:15,14,9,5
02/06/2013,07:30,21,16,5
02/06/2013,07:45,19,13,6
02/06/2013,08:00,21,17,4
02/06/2013,08:15,36,24,12
02/06/2013,08:30,30,18,12
02/06/2013,08:45,52,33,19
02/06/2013,09:00,53,35,18
02/06/2013,09:15,60,32,28
02/06/2013,09:30,72,51,21
02/06/2013,09:45,72,37,35
02/06/2013,10:00,62,40,22
02/06/2013,10:15,73,47,26
02/06/2013,10:30,79,53,26
02/06/2013,10:45,90,61,29
02/06/2013,11:00,91,50,41
02/06/2013,11:15,96,55,41
02/06/2013,11:30,90,49,41
02/06/2013,11:45,102,65,37
02/06/2013,12:00,112,70,42
02/06/2013,12:15,92,61,31
02/06/2013,12:30,104,64,40
02/06/2013,12:45,105,55,50
02/06/2013,13:00,111,70,41
02/06/2013,13:15,104,59,45
02/06/2013,13:30,114,60,54
02/06/2013,13:45,119,78,41
02/06/2013,14:00,122,70,52
02/06/2013,14:15,143,83,60
02/06/2013,14:30,98,49,49
02/06/2013,14:45,111,50,61
02/06/2013,15:00,110,61,49
02/06/2013,15:15,106,52,54
02/06/2013,15:30,111,52,59
02/06/2013,15:45,89,50,39
02/06/2013,16:00,95,41,54
02/06/2013,16:15,120,54,66
02/06/2013,16:30,93,32,61
02/06/2013,16:45,99,30,69
02/06/2013,17:00,79,29,50
02/06/2013,17:15,72,38,34
02/06/2013,17:30,74,19,55
02/06/2013,17:45,64,26,38
02/06/2013,18:00,68,34,34
02/06/2013,18:15,67,36,31
02/06/2013,18:30,53,28,25
02/06/2013,18:45,46,24,22
02/06/2013,19:00,42,24,18
02/06/2013,19:15,36,17,19
02/06/2013,19:30,60,23,37
02/06/2013,19:45,33,18,15
02/06/2013,20:00,35,16,19
02/06/2013,20:15,39,14,25
02/06/2013,20:30,22,12,10
02/06/2013,20:45,41,13,28
02/06/2013,21:00,14,9,5
02/06/2013,21:15,9,6,3
02/06/2013,21:30,10,7,3
02/06/2013,21:45,16,13,3
02/06/2013,22:00,12,7,5
02/06/2013,22:15,17,13,4
02/06/2013,22:30,12,11,1
02/06/2013,22:45,10,10,0
02/06/2013,23:00,8,5,3
02/06/2013,23:15,9,7,2
02/06/2013,23:30,7,4,3
02/06/2013,23:45,8,5,3
03/06/2013,00:00,10,4,6
03/06/2013,00:15,1,1,0
03/06/2013,00:30,6,4,2
03/06/2013,00:45,8,7,1
03/06/2013,01:00,4,1,3
03/06/2013,01:15,3,3,0
03/06/2013,01:30,2,2,0
03/06/2013,01:45,0,0,0
03/06/2013,02:00,2,2,0
03/06/2013,02:15,3,1,2
03/06/2013,02:30,2,2,0
03/06/2013,02:45,0,0,0
03/06/2013,03:00,0,0,0
03/06/2013,03:15,2,1,1
03/06/2013,03:30,0,0,0
03/06/2013,03:45,0,0,0
03/06/2013,04:00,0,0,0
03/06/2013,04:15,0,0,0
03/06/2013,04:30,1,0,1
03/06/2013,04:45,2,0,2
03/06/2013,05:00,7,4,3
03/06/2013,05:15,7,1,6
03/06/2013,05:30,13,6,7
03/06/2013,05:45,10,5,5
03/06/2013,06:00,20,11,9
03/06/2013,06:15,20,6,14
03/06/2013,06:30,36,5,31
03/06/2013,06:45,35,7,28
03/06/2013,07:00,42,12,30
03/06/2013,07:15,68,21,47
03/06/2013,07:30,80,28,52
03/06/2013,07:45,61,16,45
03/06/2013,08:00,99,21,78
03/06/2013,08:15,107,24,83
03/06/2013,08:30,108,33,75
03/06/2013,08:45,81,28,53
03/06/2013,09:00,70,19,51
03/06/2013,09:15,72,34,38
03/06/2013,09:30,39,15,24
03/06/2013,09:45,41,18,23
03/06/2013,10:00,53,18,35
03/06/2013,10:15,28,17,11
03/06/2013,10:30,42,21,21
03/06/2013,10:45,39,21,18
03/06/2013,11:00,37,16,21
03/06/2013,11:15,31,15,16
03/06/2013,11:30,39,19,20
03/06/2013,11:45,26,13,13
03/06/2013,12:00,37,16,21
03/06/2013,12:15,32,20,12
03/06/2013,12:30,32,19,13
03/06/2013,12:45,37,16,21
03/06/2013,13:00,34,17,17
03/06/2013,13:15,45,25,20
03/06/2013,13:30,45,25,20
03/06/2013,13:45,30,18,12
03/06/2013,14:00,48,27,21
03/06/2013,14:15,43,28,15
03/06/2013,14:30,52,40,12
03/06/2013,14:45,52,25,27
03/06/2013,15:00,56,36,20
03/06/2013,15:15,47,35,12
03/06/2013,15:30,46,22,24
03/06/2013,15:45,44,21,23
03/06/2013,16:00,58,35,23
03/06/2013,16:15,81,54,27
03/06/2013,16:30,91,66,25
03/06/2013,16:45,89,45,44
03/06/2013,17:00,95,70,25
03/06/2013,17:15,119,87,32
03/06/2013,17:30,126,96,30
03/06/2013,17:45,146,115,31
03/06/2013,18:00,116,93,23
03/06/2013,18:15,104,76,28
03/06/2013,18:30,98,82,16
03/06/2013,18:45,93,75,18
03/06/2013,19:00,79,63,16
03/06/2013,19:15,54,38,16
03/06/2013,19:30,67,48,19
03/06/2013,19:45,59,41,18
03/06/2013,20:00,41,34,7
03/06/2013,20:15,46,33,13
03/06/2013,20:30,46,33,13
03/06/2013,20:45,28,19,9
03/06/2013,21:00,25,19,6
03/06/2013,21:15,34,28,6
03/06/2013,21:30,23,18,5
03/06/2013,21:45,14,10,4
03/06/2013,22:00,23,22,1
03/06/2013,22:15,24,19,5
03/06/2013,22:30,12,9,3
03/06/2013,22:45,13,10,3
03/06/2013,23:00,18,16,2
03/06/2013,23:15,16,13,3
03/06/2013,23:30,11,10,1
03/06/2013,23:45,7,6,1
04/06/2013,00:00,2,1,1
04/06/2013,00:15,11,6,5
04/06/2013,00:30,4,3,1
04/06/2013,00:45,5,4,1
04/06/2013,01:00,1,1,0
04/06/2013,01:15,1,0,1
04/06/2013,01:30,2,2,0
04/06/2013,01:45,0,0,0
04/06/2013,02:00,3,3,0
04/06/2013,02:15,1,1,0
04/06/2013,02:30,0,0,0
04/06/2013,02:45,3,2,1
04/06/2013,03:00,2,0,2
04/06/2013,03:15,1,0,1
04/06/2013,03:30,1,0,1
04/06/2013,03:45,0,0,0
04/06/2013,04:00,1,0,1
04/06/2013,04:15,1,0,1
04/06/2013,04:30,0,0,0
04/06/2013,04:45,3,1,2
04/06/2013,05:00,2,1,1
04/06/2013,05:15,6,3,3
04/06/2013,05:30,9,6,3
04/06/2013,05:45,17,9,8
04/06/2013,06:00,22,14,8
04/06/2013,06:15,31,10,21
04/06/2013,06:30,53,21,32
04/06/2013,06:45,36,7,29
04/06/2013,07:00,60,19,41
04/06/2013,07:15,84,20,64
04/06/2013,07:30,78,23,55
04/06/2013,07:45,77,15,62
04/06/2013,08:00,103,34,69
04/06/2013,08:15,114,22,92
04/06/2013,08:30,89,33,56
04/06/2013,08:45,85,20,65
04/06/2013,09:00,68,19,49
04/06/2013,09:15,55,16,39
04/06/2013,09:30,45,16,29
04/06/2013,09:45,36,15,21
04/06/2013,10:00,24,17,7
04/06/2013,10:15,34,16,18
04/06/2013,10:30,31,16,15
04/06/2013,10:45,34,19,15
04/06/2013,11:00,32,10,22
04/06/2013,11:15,19,9,10
04/06/2013,11:30,28,20,8
04/06/2013,11:45,28,13,15
04/06/2013,12:00,38,21,17
04/06/2013,12:15,32,17,15
04/06/2013,12:30,27,14,13
04/06/2013,12:45,28,11,17
04/06/2013,13:00,31,19,12
04/06/2013,13:15,38,23,15
04/06/2013,13:30,31,17,14
04/06/2013,13:45,27,18,9
04/06/2013,14:00,34,18,16
04/06/2013,14:15,20,14,6
04/06/2013,14:30,34,21,13
04/06/2013,14:45,30,20,10
04/06/2013,15:00,55,22,33
04/06/2013,15:15,33,18,15
04/06/2013,15:30,68,44,24
04/06/2013,15:45,43,31,12
04/06/2013,16:00,62,41,21
04/06/2013,16:15,75,44,31
04/06/2013,16:30,61,48,13
04/06/2013,16:45,77,47,30
04/06/2013,17:00,110,75,35
04/06/2013,17:15,98,74,24
04/06/2013,17:30,121,93,28
04/06/2013,17:45,102,89,13
04/06/2013,18:00,115,89,26
04/06/2013,18:15,128,99,29
04/06/2013,18:30,96,74,22
04/06/2013,18:45,84,62,22
04/06/2013,19:00,78,65,13
04/06/2013,19:15,79,53,26
04/06/2013,19:30,80,58,22
04/06/2013,19:45,43,36,7
04/06/2013,20:00,49,31,18
04/06/2013,20:15,50,41,9
04/06/2013,20:30,38,29,9
04/06/2013,20:45,25,20,5
04/06/2013,21:00,31,19,12
04/06/2013,21:15,34,30,4
04/06/2013,21:30,25,20,5
04/06/2013,21:45,28,20,8
04/06/2013,22:00,19,16,3
04/06/2013,22:15,36,27,9
04/06/2013,22:30,22,18,4
04/06/2013,22:45,22,13,9
04/06/2013,23:00,20,15,5
04/06/2013,23:15,14,12,2
04/06/2013,23:30,13,12,1
04/06/2013,23:45,9,7,2
05/06/2013,00:00,14,9,5
05/06/2013,00:15,12,11,1
05/06/2013,00:30,5,5,0
05/06/2013,00:45,6,6,0
05/06/2013,01:00,4,3,1
05/06/2013,01:15,5,3,2
05/06/2013,01:30,6,6,0
05/06/2013,01:45,0,0,0
05/06/2013,02:00,4,4,0
05/06/2013,02:15,1,1,0
05/06/2013,02:30,0,0,0
05/06/2013,02:45,3,2,1
05/06/2013,03:00,2,1,1
05/06/2013,03:15,3,1,2
05/06/2013,03:30,2,0,2
05/06/2013,03:45,0,0,0
05/06/2013,04:00,0,0,0
05/06/2013,04:15,0,0,0
05/06/2013,04:30,2,1,1
05/06/2013,04:45,4,1,3
05/06/2013,05:00,8,6,2
05/06/2013,05:15,7,3,4
05/06/2013,05:30,7,3,4
05/06/2013,05:45,9,5,4
05/06/2013,06:00,31,19,12
05/06/2013,06:15,31,18,13
05/06/2013,06:30,39,19,20
05/06/2013,06:45,35,7,28
05/06/2013,07:00,56,17,39
05/06/2013,07:15,73,18,55
05/06/2013,07:30,71,19,52
05/06/2013,07:45,66,22,44
05/06/2013,08:00,95,29,66
05/06/2013,08:15,108,22,86
05/06/2013,08:30,108,31,77
05/06/2013,08:45,89,29,60
05/06/2013,09:00,65,23,42
05/06/2013,09:15,64,23,41
05/06/2013,09:30,61,19,42
05/06/2013,09:45,26,9,17
05/06/2013,10:00,32,10,22
05/06/2013,10:15,49,18,31
05/06/2013,10:30,28,10,18
05/06/2013,10:45,32,12,20
05/06/2013,11:00,30,13,17
05/06/2013,11:15,31,12,19
05/06/2013,11:30,25,7,18
05/06/2013,11:45,35,15,20
05/06/2013,12:00,42,20,22
05/06/2013,12:15,30,19,11
05/06/2013,12:30,33,25,8
05/06/2013,12:45,33,15,18
05/06/2013,13:00,28,12,16
05/06/2013,13:15,33,23,10
05/06/2013,13:30,51,32,19
05/06/2013,13:45,35,24,11
05/06/2013,14:00,36,24,12
05/06/2013,14:15,33,18,15
05/06/2013,14:30,30,17,13
05/06/2013,14:45,53,27,26
05/06/2013,15:00,43,24,19
05/06/2013,15:15,46,28,18
05/06/2013,15:30,50,30,20
05/06/2013,15:45,47,31,16
05/06/2013,16:00,58,36,22
05/06/2013,16:15,67,37,30
05/06/2013,16:30,74,54,20
05/06/2013,16:45,75,47,28
05/06/2013,17:00,118,93,25
05/06/2013,17:15,109,70,39
05/06/2013,17:30,110,77,33
05/06/2013,17:45,135,113,22
05/06/2013,18:00,126,98,28
05/06/2013,18:15,134,111,23
05/06/2013,18:30,98,81,17
05/06/2013,18:45,86,71,15
05/06/2013,19:00,78,54,24
05/06/2013,19:15,64,45,19
05/06/2013,19:30,54,43,11
05/06/2013,19:45,65,46,19
05/06/2013,20:00,64,49,15
05/06/2013,20:15,39,25,14
05/06/2013,20:30,42,27,15
05/06/2013,20:45,27,19,8
05/06/2013,21:00,43,26,17
05/06/2013,21:15,37,26,11
05/06/2013,21:30,28,22,6
05/06/2013,21:45,28,21,7
05/06/2013,22:00,26,25,1
05/06/2013,22:15,20,14,6
05/06/2013,22:30,20,17,3
05/06/2013,22:45,19,17,2
05/06/2013,23:00,18,13,5
05/06/2013,23:15,20,11,9
05/06/2013,23:30,11,11,0
05/06/2013,23:45,8,8,0
06/06/2013,00:00,13,13,0
06/06/2013,00:15,10,9,1
06/06/2013,00:30,5,5,0
06/06/2013,00:45,4,3,1
06/06/2013,01:00,5,5,0
06/06/2013,01:15,2,2,0
06/06/2013,01:30,5,5,0
06/06/2013,01:45,2,1,1
06/06/2013,02:00,4,3,1
06/06/2013,02:15,1,1,0
06/06/2013,02:30,1,1,0
06/06/2013,02:45,1,1,0
06/06/2013,03:00,2,1,1
06/06/2013,03:15,1,0,1
06/06/2013,03:30,0,0,0
06/06/2013,03:45,0,0,0
06/06/2013,04:00,0,0,0
06/06/2013,04:15,1,0,1
06/06/2013,04:30,0,0,0
06/06/2013,04:45,2,1,1
06/06/2013,05:00,3,2,1
06/06/2013,05:15,15,10,5
06/06/2013,05:30,10,3,7
06/06/2013,05:45,17,7,10
06/06/2013,06:00,26,20,6
06/06/2013,06:15,27,6,21
06/06/2013,06:30,41,14,27
06/06/2013,06:45,32,8,24
06/06/2013,07:00,45,11,34
06/06/2013,07:15,61,19,42
06/06/2013,07:30,70,23,47
06/06/2013,07:45,77,21,56
06/06/2013,08:00,81,16,65
06/06/2013,08:15,105,28,77
06/06/2013,08:30,110,29,81
06/06/2013,08:45,70,15,55
06/06/2013,09:00,70,19,51
06/06/2013,09:15,56,19,37
06/06/2013,09:30,40,15,25
06/06/2013,09:45,57,26,31
06/06/2013,10:00,40,17,23
06/06/2013,10:15,45,19,26
06/06/2013,10:30,45,23,22
06/06/2013,10:45,33,14,19
06/06/2013,11:00,31,17,14
06/06/2013,11:15,36,15,21
06/06/2013,11:30,35,18,17
06/06/2013,11:45,35,13,22
06/06/2013,12:00,27,17,10
06/06/2013,12:15,35,19,16
06/06/2013,12:30,41,23,18
06/06/2013,12:45,46,28,18
06/06/2013,13:00,29,19,10
06/06/2013,13:15,44,31,13
06/06/2013,13:30,31,20,11
06/06/2013,13:45,43,26,17
06/06/2013,14:00,41,23,18
06/06/2013,14:15,33,17,16
06/06/2013,14:30,35,20,15
06/06/2013,14:45,40,20,20
06/06/2013,15:00,41,25,16
06/06/2013,15:15,59,28,31
06/06/2013,15:30,45,35,10
06/06/2013,15:45,31,20,11
06/06/2013,16:00,67,43,24
06/06/2013,16:15,61,37,24
06/06/2013,16:30,56,34,22
06/06/2013,16:45,63,41,22
06/06/2013,17:00,106,61,45
06/06/2013,17:15,113,82,31
06/06/2013,17:30,106,88,18
06/06/2013,17:45,121,96,25
06/06/2013,18:00,95,73,22
06/06/2013,18:15,105,90,15
06/06/2013,18:30,101,73,28
06/06/2013,18:45,80,59,21
06/06/2013,19:00,77,61,16
06/06/2013,19:15,70,58,12
06/06/2013,19:30,58,39,19
06/06/2013,19:45,44,34,10
06/06/2013,20:00,54,39,15
06/06/2013,20:15,36,26,10
06/06/2013,20:30,39,26,13
06/06/2013,20:45,27,21,6
06/06/2013,21:00,30,27,3
06/06/2013,21:15,45,31,14
06/06/2013,21:30,18,11,7
06/06/2013,21:45,34,27,7
06/06/2013,22:00,29,23,6
06/06/2013,22:15,23,16,7
06/06/2013,22:30,23,13,10
06/06/2013,22:45,16,12,4
06/06/2013,23:00,21,18,3
06/06/2013,23:15,21,17,4
06/06/2013,23:30,15,12,3
06/06/2013,23:45,17,12,5
07/06/2013,00:00,7,7,0
07/06/2013,00:15,11,9,2
07/06/2013,00:30,9,9,0
07/06/2013,00:45,3,3,0
07/06/2013,01:00,4,3,1
07/06/2013,01:15,11,11,0
07/06/2013,01:30,5,5,0
07/06/2013,01:45,3,3,0
07/06/2013,02:00,2,1,1
07/06/2013,02:15,1,1,0
07/06/2013,02:30,1,1,0
07/06/2013,02:45,1,1,0
07/06/2013,03:00,1,1,0
07/06/2013,03:15,3,2,1
07/06/2013,03:30,2,2,0
07/06/2013,03:45,1,0,1
07/06/2013,04:00,0,0,0
07/06/2013,04:15,0,0,0
07/06/2013,04:30,2,1,1
07/06/2013,04:45,3,1,2
07/06/2013,05:00,3,1,2
07/06/2013,05:15,7,4,3
07/06/2013,05:30,11,5,6
07/06/2013,05:45,6,2,4
07/06/2013,06:00,20,13,7
07/06/2013,06:15,15,6,9
07/06/2013,06:30,39,17,22
07/06/2013,06:45,30,9,21
07/06/2013,07:00,40,15,25
07/06/2013,07:15,39,13,26
07/06/2013,07:30,67,19,48
07/06/2013,07:45,60,18,42
07/06/2013,08:00,68,22,46
07/06/2013,08:15,103,31,72
07/06/2013,08:30,87,18,69
07/06/2013,08:45,74,21,53
07/06/2013,09:00,56,19,37
07/06/2013,09:15,50,16,34
07/06/2013,09:30,54,21,33
07/06/2013,09:45,39,18,21
07/06/2013,10:00,58,21,37
07/06/2013,10:15,42,22,20
07/06/2013,10:30,45,27,18
07/06/2013,10:45,43,23,20
07/06/2013,11:00,40,23,17
07/06/2013,11:15,46,31,15
07/06/2013,11:30,56,27,29
07/06/2013,11:45,38,21,17
07/06/2013,12:00,35,20,15
07/06/2013,12:15,39,19,20
07/06/2013,12:30,36,17,19
07/06/2013,12:45,39,21,18
07/06/2013,13:00,41,25,16
07/06/2013,13:15,48,25,23
07/06/2013,13:30,59,32,27
07/06/2013,13:45,43,24,19
07/06/2013,14:00,48,31,17
07/06/2013,14:15,53,31,22
07/06/2013,14:30,30,23,7
07/06/2013,14:45,61,33,28
07/06/2013,15:00,52,33,19
07/06/2013,15:15,59,36,23
07/06/2013,15:30,47,29,18
07/06/2013,15:45,60,39,21
07/06/2013,16:00,88,52,36
07/06/2013,16:15,74,41,33
07/06/2013,16:30,90,64,26
07/06/2013,16:45,77,45,32
07/06/2013,17:00,73,49,24
07/06/2013,17:15,100,71,29
07/06/2013,17:30,123,88,35
07/06/2013,17:45,96,72,24
07/06/2013,18:00,107,75,32
07/06/2013,18:15,97,70,27
07/06/2013,18:30,90,62,28
07/06/2013,18:45,85,64,21
07/06/2013,19:00,69,41,28
07/06/2013,19:15,74,42,32
07/06/2013,19:30,56,33,23
07/06/2013,19:45,40,20,20
07/06/2013,20:00,34,23,11
07/06/2013,20:15,35,23,12
07/06/2013,20:30,34,28,6
07/06/2013,20:45,27,17,10
07/06/2013,21:00,25,17,8
07/06/2013,21:15,25,17,8
07/06/2013,21:30,24,15,9
07/06/2013,21:45,21,13,8
07/06/2013,22:00,21,14,7
07/06/2013,22:15,30,25,5
07/06/2013,22:30,24,19,5
07/06/2013,22:45,19,16,3
07/06/2013,23:00,21,14,7
07/06/2013,23:15,21,15,6
07/06/2013,23:30,21,17,4
07/06/2013,23:45,13,10,3
08/06/2013,00:00,22,19,3
08/06/2013,00:15,25,20,5
08/06/2013,00:30,16,13,3
08/06/2013,00:45,15,14,1
08/06/2013,01:00,13,12,1
08/06/2013,01:15,10,9,1
08/06/2013,01:30,7,7,0
08/06/2013,01:45,7,6,1
08/06/2013,02:00,11,10,1
08/06/2013,02:15,4,4,0
08/06/2013,02:30,4,3,1
08/06/2013,02:45,2,2,0
08/06/2013,03:00,2,2,0
08/06/2013,03:15,6,5,1
08/06/2013,03:30,1,1,0
08/06/2013,03:45,2,2,0
08/06/2013,04:00,2,2,0
08/06/2013,04:15,1,0,1
08/06/2013,04:30,0,0,0
08/06/2013,04:45,2,0,2
08/06/2013,05:00,2,2,0
08/06/2013,05:15,3,2,1
08/06/2013,05:30,2,0,2
08/06/2013,05:45,7,6,1
08/06/2013,06:00,3,3,0
08/06/2013,06:15,6,4,2
08/06/2013,06:30,8,6,2
08/06/2013,06:45,7,5,2
08/06/2013,07:00,12,8,4
08/06/2013,07:15,25,13,12
08/06/2013,07:30,24,9,15
08/06/2013,07:45,36,22,14
08/06/2013,08:00,33,20,13
08/06/2013,08:15,29,21,8
08/06/2013,08:30,69,58,11
08/06/2013,08:45,33,27,6
08/06/2013,09:00,72,49,23
08/06/2013,09:15,61,34,27
08/06/2013,09:30,68,56,12
08/06/2013,09:45,75,53,22
08/06/2013,10:00,63,44,19
08/06/2013,10:15,74,43,31
08/06/2013,10:30,76,41,35
08/06/2013,10:45,72,45,27
08/06/2013,11:00,80,46,34
08/06/2013,11:15,94,61,33
08/06/2013,11:30,89,61,28
08/06/2013,11:45,130,89,41
08/06/2013,12:00,105,64,41
08/06/2013,12:15,126,78,48
08/06/2013,12:30,128,74,54
08/06/2013,12:45,135,94,41
08/06/2013,13:00,113,69,44
08/06/2013,13:15,138,93,45
08/06/2013,13:30,100,52,48
08/06/2013,13:45,122,68,54
08/06/2013,14:00,119,65,54
08/06/2013,14:15,124,70,54
08/06/2013,14:30,107,64,43
08/06/2013,14:45,119,77,42
08/06/2013,15:00,118,57,61
08/06/2013,15:15,113,66,47
08/06/2013,15:30,128,76,52
08/06/2013,15:45,123,63,60
08/06/2013,16:00,129,54,75
08/06/2013,16:15,88,43,45
08/06/2013,16:30,99,42,57
08/06/2013,16:45,76,29,47
08/06/2013,17:00,77,26,51
08/06/2013,17:15,68,22,46
08/06/2013,17:30,94,30,64
08/06/2013,17:45,86,25,61
08/06/2013,18:00,70,31,39
08/06/2013,18:15,59,28,31
08/06/2013,18:30,71,20,51
08/06/2013,18:45,69,26,43
08/06/2013,19:00,66,15,51
08/06/2013,19:15,54,24,30
08/06/2013,19:30,32,13,19
08/06/2013,19:45,31,11,20
08/06/2013,20:00,27,9,18
08/06/2013,20:15,19,7,12
08/06/2013,20:30,21,12,9
08/06/2013,20:45,23,11,12
08/06/2013,21:00,17,13,4
08/06/2013,21:15,15,9,6
08/06/2013,21:30,20,12,8
08/06/2013,21:45,17,9,8
08/06/2013,22:00,10,4,6
08/06/2013,22:15,19,11,8
08/06/2013,22:30,11,9,2
08/06/2013,22:45,17,9,8
08/06/2013,23:00,9,6,3
08/06/2013,23:15,12,11,1
08/06/2013,23:30,14,13,1
08/06/2013,23:45,19,15,4
09/06/2013,00:00,19,15,4
09/06/2013,00:15,17,15,2
09/06/2013,00:30,11,9,2
09/06/2013,00:45,12,11,1
09/06/2013,01:00,12,9,3
09/06/2013,01:15,3,3,0
09/06/2013,01:30,3,1,2
09/06/2013,01:45,1,0,1
09/06/2013,02:00,7,6,1
09/06/2013,02:15,2,2,0
09/06/2013,02:30,5,5,0
09/06/2013,02:45,2,2,0
09/06/2013,03:00,4,3,1
09/06/2013,03:15,4,4,0
09/06/2013,03:30,2,2,0
09/06/2013,03:45,3,3,0
09/06/2013,04:00,2,1,1
09/06/2013,04:15,1,0,1
09/06/2013,04:30,0,0,0
09/06/2013,04:45,0,0,0
09/06/2013,05:00,3,1,2
09/06/2013,05:15,4,3,1
09/06/2013,05:30,3,3,0
09/06/2013,05:45,4,2,2
09/06/2013,06:00,3,3,0
09/06/2013,06:15,9,6,3
09/06/2013,06:30,5,4,1
09/06/2013,06:45,13,7,6
09/06/2013,07:00,6,3,3
09/06/2013,07:15,14,7,7
09/06/2013,07:30,23,12,11
09/06/2013,07:45,8,6,2
09/06/2013,08:00,21,14,7
09/06/2013,08:15,16,8,8
09/06/2013,08:30,39,27,12
09/06/2013,08:45,46,28,18
09/06/2013,09:00,21,11,10
09/06/2013,09:15,23,17,6
09/06/2013,09:30,56,40,16
09/06/2013,09:45,59,37,22
09/06/2013,10:00,38,13,25
09/06/2013,10:15,65,36,29
09/06/2013,10:30,40,23,17
09/06/2013,10:45,56,31,25
09/06/2013,11:00,82,58,24
09/06/2013,11:15,63,27,36
09/06/2013,11:30,68,46,22
09/06/2013,11:45,89,50,39
09/06/2013,12:00,90,61,29
09/06/2013,12:15,64,46,18
09/06/2013,12:30,91,54,37
09/06/2013,12:45,79,41,38
09/06/2013,13:00,74,44,30
09/06/2013,13:15,84,51,33
09/06/2013,13:30,87,45,42
09/06/2013,13:45,56,32,24
09/06/2013,14:00,67,38,29
09/06/2013,14:15,68,43,25
09/06/2013,14:30,78,51,27
09/06/2013,14:45,72,22,50
09/06/2013,15:00,68,35,33
09/06/2013,15:15,67,34,33
09/06/2013,15:30,69,33,36
09/06/2013,15:45,74,34,40
09/06/2013,16:00,52,30,22
09/06/2013,16:15,66,34,32
09/06/2013,16:30,52,28,24
09/06/2013,16:45,50,34,16
09/06/2013,17:00,40,19,21
09/06/2013,17:15,53,29,24
09/06/2013,17:30,45,30,15
09/06/2013,17:45,33,14,19
09/06/2013,18:00,39,21,18
09/06/2013,18:15,37,19,18
09/06/2013,18:30,24,12,12
09/06/2013,18:45,31,20,11
09/06/2013,19:00,31,21,10
09/06/2013,19:15,33,20,13
09/06/2013,19:30,25,10,15
09/06/2013,19:45,32,23,9
09/06/2013,20:00,27,16,11
09/06/2013,20:15,15,10,5
09/06/2013,20:30,13,7,6
09/06/2013,20:45,23,13,10
09/06/2013,21:00,5,4,1
09/06/2013,21:15,16,10,6
09/06/2013,21:30,19,11,8
09/06/2013,21:45,9,3,6
09/06/2013,22:00,11,8,3
09/06/2013,22:15,14,8,6
09/06/2013,22:30,11,5,6
09/06/2013,22:45,10,8,2
09/06/2013,23:00,6,4,2
09/06/2013,23:15,7,7,0
09/06/2013,23:30,18,13,5
09/06/2013,23:45,3,3,0
10/06/2013,00:00,4,4,0
10/06/2013,00:15,4,3,1
10/06/2013,00:30,6,4,2
10/06/2013,00:45,1,1,0
10/06/2013,01:00,4,4,0
10/06/2013,01:15,2,2,0
10/06/2013,01:30,3,3,0
10/06/2013,01:45,1,1,0
10/06/2013,02:00,3,1,2
10/06/2013,02:15,0,0,0
10/06/2013,02:30,1,1,0
10/06/2013,02:45,0,0,0
10/06/2013,03:00,2,1,1
10/06/2013,03:15,2,2,0
10/06/2013,03:30,0,0,0
10/06/2013,03:45,0,0,0
10/06/2013,04:00,4,3,1
10/06/2013,04:15,1,0,1
10/06/2013,04:30,1,0,1
10/06/2013,04:45,3,1,2
10/06/2013,05:00,2,1,1
10/06/2013,05:15,9,1,8
10/06/2013,05:30,8,4,4
10/06/2013,05:45,10,6,4
10/06/2013,06:00,16,11,5
10/06/2013,06:15,27,10,17
10/06/2013,06:30,24,7,17
10/06/2013,06:45,37,15,22
10/06/2013,07:00,36,7,29
10/06/2013,07:15,53,13,40
10/06/2013,07:30,79,19,60
10/06/2013,07:45,67,18,49
10/06/2013,08:00,86,17,69
10/06/2013,08:15,104,25,79
10/06/2013,08:30,88,22,66
10/06/2013,08:45,70,13,57
10/06/2013,09:00,67,18,49
10/06/2013,09:15,61,18,43
10/06/2013,09:30,40,12,28
10/06/2013,09:45,45,25,20
10/06/2013,10:00,36,9,27
10/06/2013,10:15,49,32,17
10/06/2013,10:30,40,26,14
10/06/2013,10:45,30,14,16
10/06/2013,11:00,24,15,9
10/06/2013,11:15,39,17,22
10/06/2013,11:30,41,25,16
10/06/2013,11:45,25,14,11
10/06/2013,12:00,17,9,8
10/06/2013,12:15,24,11,13
10/06/2013,12:30,30,17,13
10/06/2013,12:45,35,13,22
10/06/2013,13:00,26,18,8
10/06/2013,13:15,36,17,19
10/06/2013,13:30,34,16,18
10/06/2013,13:45,28,15,13
10/06/2013,14:00,39,29,10
10/06/2013,14:15,30,16,14
10/06/2013,14:30,37,24,13
10/06/2013,14:45,24,18,6
10/06/2013,15:00,44,29,15
10/06/2013,15:15,45,27,18
10/06/2013,15:30,54,38,16
10/06/2013,15:45,53,39,14
10/06/2013,16:00,56,46,10
10/06/2013,16:15,55,36,19
10/06/2013,16:30,62,48,14
10/06/2013,16:45,61,37,24
10/06/2013,17:00,102,67,35
10/06/2013,17:15,93,75,18
10/06/2013,17:30,88,79,9
10/06/2013,17:45,109,87,22
10/06/2013,18:00,134,105,29
10/06/2013,18:15,129,96,33
10/06/2013,18:30,103,75,28
10/06/2013,18:45,89,69,20
10/06/2013,19:00,88,66,22
10/06/2013,19:15,62,48,14
10/06/2013,19:30,53,33,20
10/06/2013,19:45,40,32,8
10/06/2013,20:00,31,23,8
10/06/2013,20:15,43,30,13
10/06/2013,20:30,34,19,15
10/06/2013,20:45,30,16,14
10/06/2013,21:00,37,29,8
10/06/2013,21:15,30,22,8
10/06/2013,21:30,26,20,6
10/06/2013,21:45,25,22,3
10/06/2013,22:00,17,12,5
10/06/2013,22:15,9,8,1
10/06/2013,22:30,16,15,1
10/06/2013,22:45,11,8,3
10/06/2013,23:00,15,12,3
10/06/2013,23:15,11,10,1
10/06/2013,23:30,9,7,2
10/06/2013,23:45,5,4,1
11/06/2013,00:00,14,13,1
11/06/2013,00:15,7,5,2
11/06/2013,00:30,3,3,0
11/06/2013,00:45,5,4,1
11/06/2013,01:00,3,1,2
11/06/2013,01:15,4,4,0
11/06/2013,01:30,3,3,0
11/06/2013,01:45,0,0,0
11/06/2013,02:00,2,2,0
11/06/2013,02:15,6,5,1
11/06/2013,02:30,1,1,0
11/06/2013,02:45,1,0,1
11/06/2013,03:00,0,0,0
11/06/2013,03:15,1,0,1
11/06/2013,03:30,1,0,1
11/06/2013,03:45,0,0,0
11/06/2013,04:00,0,0,0
11/06/2013,04:15,0,0,0
11/06/2013,04:30,0,0,0
11/06/2013,04:45,2,1,1
11/06/2013,05:00,5,2,3
11/06/2013,05:15,9,6,3
11/06/2013,05:30,11,6,5
11/06/2013,05:45,15,8,7
11/06/2013,06:00,30,24,6
11/06/2013,06:15,30,12,18
11/06/2013,06:30,39,12,27
11/06/2013,06:45,47,15,32
11/06/2013,07:00,54,19,35
11/06/2013,07:15,74,14,60
11/06/2013,07:30,82,20,62
11/06/2013,07:45,85,16,69
11/06/2013,08:00,96,32,64
11/06/2013,08:15,117,33,84
11/06/2013,08:30,120,29,91
11/06/2013,08:45,77,17,60
11/06/2013,09:00,66,19,47
11/06/2013,09:15,52,19,33
11/06/2013,09:30,47,15,32
11/06/2013,09:45,44,20,24
11/06/2013,10:00,26,12,14
11/06/2013,10:15,38,13,25
11/06/2013,10:30,41,27,14
11/06/2013,10:45,38,14,24
11/06/2013,11:00,24,12,12
11/06/2013,11:15,38,21,17
11/06/2013,11:30,37,18,19
11/06/2013,11:45,30,19,11
11/06/2013,12:00,34,16,18
11/06/2013,12:15,36,21,15
11/06/2013,12:30,41,22,19
11/06/2013,12:45,32,14,18
11/06/2013,13:00,29,14,15
11/06/2013,13:15,38,20,18
11/06/2013,13:30,30,16,14
11/06/2013,13:45,38,24,14
11/06/2013,14:00,39,19,20
11/06/2013,14:15,42,21,21
11/06/2013,14:30,49,27,22
11/06/2013,14:45,27,15,12
11/06/2013,15:00,58,27,31
11/06/2013,15:15,49,32,17
11/06/2013,15:30,50,33,17
11/06/2013,15:45,51,26,25
11/06/2013,16:00,60,44,16
11/06/2013,16:15,55,33,22
11/06/2013,16:30,83,53,30
11/06/2013,16:45,77,47,30
11/06/2013,17:00,106,78,28
11/06/2013,17:15,126,91,35
11/06/2013,17:30,120,81,39
11/06/2013,17:45,133,102,31
11/06/2013,18:00,134,99,35
11/06/2013,18:15,109,84,25
11/06/2013,18:30,120,97,23
11/06/2013,18:45,99,72,27
11/06/2013,19:00,80,55,25
11/06/2013,19:15,86,61,25
11/06/2013,19:30,50,38,12
11/06/2013,19:45,62,41,21
11/06/2013,20:00,40,20,20
11/06/2013,20:15,38,30,8
11/06/2013,20:30,34,19,15
11/06/2013,20:45,36,22,14
11/06/2013,21:00,33,23,10
11/06/2013,21:15,27,22,5
11/06/2013,21:30,37,24,13
11/06/2013,21:45,32,25,7
11/06/2013,22:00,31,19,12
11/06/2013,22:15,26,20,6
11/06/2013,22:30,23,17,6
11/06/2013,22:45,15,13,2
11/06/2013,23:00,18,15,3
11/06/2013,23:15,11,9,2
11/06/2013,23:30,14,10,4
11/06/2013,23:45,12,10,2
12/06/2013,00:00,4,4,0
12/06/2013,00:15,6,5,1
12/06/2013,00:30,8,6,2
12/06/2013,00:45,7,5,2
12/06/2013,01:00,6,5,1
12/06/2013,01:15,3,1,2
12/06/2013,01:30,2,2,0
12/06/2013,01:45,1,1,0
12/06/2013,02:00,3,3,0
12/06/2013,02:15,1,1,0
12/06/2013,02:30,3,3,0
12/06/2013,02:45,0,0,0
12/06/2013,03:00,3,3,0
12/06/2013,03:15,1,0,1
12/06/2013,03:30,0,0,0
12/06/2013,03:45,1,0,1
12/06/2013,04:00,1,0,1
12/06/2013,04:15,0,0,0
12/06/2013,04:30,1,1,0
12/06/2013,04:45,2,0,2
12/06/2013,05:00,5,2,3
12/06/2013,05:15,7,1,6
12/06/2013,05:30,11,4,7
12/06/2013,05:45,14,10,4
12/06/2013,06:00,31,18,13
12/06/2013,06:15,36,16,20
12/06/2013,06:30,40,18,22
12/06/2013,06:45,43,12,31
12/06/2013,07:00,46,10,36
12/06/2013,07:15,65,18,47
12/06/2013,07:30,82,24,58
12/06/2013,07:45,67,15,52
12/06/2013,08:00,103,30,73
12/06/2013,08:15,121,22,99
12/06/2013,08:30,125,47,78
12/06/2013,08:45,82,19,63
12/06/2013,09:00,67,14,53
12/06/2013,09:15,84,33,51
12/06/2013,09:30,67,28,39
12/06/2013,09:45,53,28,25
12/06/2013,10:00,34,17,17
12/06/2013,10:15,51,20,31
12/06/2013,10:30,64,29,35
12/06/2013,10:45,35,23,12
12/06/2013,11:00,50,24,26
12/06/2013,11:15,39,20,19
12/06/2013,11:30,37,17,20
12/06/2013,11:45,36,14,22
12/06/2013,12:00,33,18,15
12/06/2013,12:15,34,18,16
12/06/2013,12:30,35,26,9
12/06/2013,12:45,38,24,14
12/06/2013,13:00,29,21,8
12/06/2013,13:15,33,20,13
12/06/2013,13:30,36,21,15
12/06/2013,13:45,40,27,13
12/06/2013,14:00,42,22,20
12/06/2013,14:15,38,18,20
12/06/2013,14:30,35,20,15
12/06/2013,14:45,42,19,23
12/06/2013,15:00,39,21,18
12/06/2013,15:15,43,25,18
12/06/2013,15:30,40,24,16
12/06/2013,15:45,43,26,17
12/06/2013,16:00,76,51,25
12/06/2013,16:15,63,47,16
12/06/2013,16:30,65,39,26
12/06/2013,16:45,86,56,30
12/06/2013,17:00,97,63,34
12/06/2013,17:15,110,86,24
12/06/2013,17:30,112,87,25
12/06/2013,17:45,120,88,32
12/06/2013,18:00,120,89,31
12/06/2013,18:15,105,83,22
12/06/2013,18:30,112,93,19
12/06/2013,18:45,83,61,22
12/06/2013,19:00,121,85,36
12/06/2013,19:15,107,70,37
12/06/2013,19:30,64,44,20
12/06/2013,19:45,73,50,23
12/06/2013,20:00,57,43,14
12/06/2013,20:15,49,37,12
12/06/2013,20:30,54,34,20
12/06/2013,20:45,57,25,32
12/06/2013,21:00,51,28,23
12/06/2013,21:15,32,23,9
12/06/2013,21:30,38,29,9
12/06/2013,21:45,27,20,7
12/06/2013,22:00,29,24,5
12/06/2013,22:15,20,13,7
12/06/2013,22:30,28,20,8
12/06/2013,22:45,13,7,6
12/06/2013,23:00,14,9,5
12/06/2013,23:15,11,10,1
12/06/2013,23:30,9,6,3
12/06/2013,23:45,16,13,3
13/06/2013,00:00,14,14,0
13/06/2013,00:15,12,8,4
13/06/2013,00:30,4,3,1
13/06/2013,00:45,10,10,0
13/06/2013,01:00,3,3,0
13/06/2013,01:15,4,4,0
13/06/2013,01:30,3,2,1
13/06/2013,01:45,3,3,0
13/06/2013,02:00,5,4,1
13/06/2013,02:15,0,0,0
13/06/2013,02:30,0,0,0
13/06/2013,02:45,1,1,0
13/06/2013,03:00,2,1,1
13/06/2013,03:15,1,1,0
13/06/2013,03:30,0,0,0
13/06/2013,03:45,0,0,0
13/06/2013,04:00,0,0,0
13/06/2013,04:15,0,0,0
13/06/2013,04:30,1,1,0
13/06/2013,04:45,1,1,0
13/06/2013,05:00,3,1,2
13/06/2013,05:15,6,4,2
13/06/2013,05:30,16,6,10
13/06/2013,05:45,20,8,12
13/06/2013,06:00,43,26,17
13/06/2013,06:15,32,21,11
13/06/2013,06:30,41,14,27
13/06/2013,06:45,35,12,23
13/06/2013,07:00,41,8,33
13/06/2013,07:15,68,17,51
13/06/2013,07:30,79,25,54
13/06/2013,07:45,94,29,65
13/06/2013,08:00,75,18,57
13/06/2013,08:15,101,30,71
13/06/2013,08:30,109,30,79
13/06/2013,08:45,79,19,60
13/06/2013,09:00,67,14,53
13/06/2013,09:15,64,27,37
13/06/2013,09:30,53,21,32
13/06/2013,09:45,44,18,26
13/06/2013,10:00,55,21,34
13/06/2013,10:15,35,17,18
13/06/2013,10:30,49,18,31
13/06/2013,10:45,38,24,14
13/06/2013,11:00,34,20,14
13/06/2013,11:15,39,19,20
13/06/2013,11:30,34,20,14
13/06/2013,11:45,44,23,21
13/06/2013,12:00,36,15,21
13/06/2013,12:15,45,26,19
13/06/2013,12:30,36,15,21
13/06/2013,12:45,27,12,15
13/06/2013,13:00,47,25,22
13/06/2013,13:15,43,26,17
13/06/2013,13:30,63,39,24
13/06/2013,13:45,35,14,21
13/06/2013,14:00,45,31,14
13/06/2013,14:15,39,25,14
13/06/2013,14:30,49,30,19
13/06/2013,14:45,46,25,21
13/06/2013,15:00,52,33,19
13/06/2013,15:15,61,35,26
13/06/2013,15:30,58,35,23
13/06/2013,15:45,42,27,15
13/06/2013,16:00,75,54,21
13/06/2013,16:15,57,36,21
13/06/2013,16:30,75,48,27
13/06/2013,16:45,74,48,26
13/06/2013,17:00,98,64,34
13/06/2013,17:15,113,86,27
13/06/2013,17:30,148,100,48
13/06/2013,17:45,109,91,18
13/06/2013,18:00,137,101,36
13/06/2013,18:15,124,94,30
13/06/2013,18:30,100,73,27
13/06/2013,18:45,93,78,15
13/06/2013,19:00,91,61,30
13/06/2013,19:15,92,64,28
13/06/2013,19:30,87,46,41
13/06/2013,19:45,65,43,22
13/06/2013,20:00,39,28,11
13/06/2013,20:15,68,50,18
13/06/2013,20:30,38,25,13
13/06/2013,20:45,38,24,14
13/06/2013,21:00,41,25,16
13/06/2013,21:15,35,21,14
13/06/2013,21:30,19,14,5
13/06/2013,21:45,35,23,12
13/06/2013,22:00,31,22,9
13/06/2013,22:15,24,15,9
13/06/2013,22:30,20,17,3
13/06/2013,22:45,27,21,6
13/06/2013,23:00,19,13,6
13/06/2013,23:15,20,16,4
13/06/2013,23:30,22,15,7
13/06/2013,23:45,7,6,1
14/06/2013,00:00,13,12,1
14/06/2013,00:15,11,8,3
14/06/2013,00:30,7,7,0
14/06/2013,00:45,5,5,0
14/06/2013,01:00,6,5,1
14/06/2013,01:15,6,5,1
14/06/2013,01:30,11,7,4
14/06/2013,01:45,1,1,0
14/06/2013,02:00,7,7,0
14/06/2013,02:15,0,0,0
14/06/2013,02:30,1,1,0
14/06/2013,02:45,3,3,0
14/06/2013,03:00,1,0,1
14/06/2013,03:15,2,1,1
14/06/2013,03:30,1,1,0
14/06/2013,03:45,2,0,2
14/06/2013,04:00,0,0,0
14/06/2013,04:15,1,1,0
14/06/2013,04:30,2,1,1
14/06/2013,04:45,1,1,0
14/06/2013,05:00,1,0,1
14/06/2013,05:15,3,0,3
14/06/2013,05:30,13,3,10
14/06/2013,05:45,9,7,2
14/06/2013,06:00,26,17,9
14/06/2013,06:15,21,10,11
14/06/2013,06:30,35,15,20
14/06/2013,06:45,30,10,20
14/06/2013,07:00,44,17,27
14/06/2013,07:15,62,20,42
14/06/2013,07:30,68,18,50
14/06/2013,07:45,62,12,50
14/06/2013,08:00,79,27,52
14/06/2013,08:15,93,24,69
14/06/2013,08:30,90,34,56
14/06/2013,08:45,69,27,42
14/06/2013,09:00,57,18,39
14/06/2013,09:15,86,34,52
14/06/2013,09:30,69,33,36
14/06/2013,09:45,39,19,20
14/06/2013,10:00,36,17,19
14/06/2013,10:15,43,24,19
14/06/2013,10:30,60,32,28
14/06/2013,10:45,49,28,21
14/06/2013,11:00,55,27,28
14/06/2013,11:15,49,24,25
14/06/2013,11:30,51,21,30
14/06/2013,11:45,31,19,12
14/06/2013,12:00,41,24,17
14/06/2013,12:15,35,19,16
14/06/2013,12:30,60,32,28
14/06/2013,12:45,49,33,16
14/06/2013,13:00,50,25,25
14/06/2013,13:15,54,36,18
14/06/2013,13:30,57,38,19
14/06/2013,13:45,46,28,18
14/06/2013,14:00,50,26,24
14/06/2013,14:15,45,24,21
14/06/2013,14:30,63,38,25
14/06/2013,14:45,54,36,18
14/06/2013,15:00,65,30,35
14/06/2013,15:15,56,25,31
14/06/2013,15:30,50,24,26
14/06/2013,15:45,62,38,24
14/06/2013,16:00,69,45,24
14/06/2013,16:15,74,40,34
14/06/2013,16:30,73,49,24
14/06/2013,16:45,87,52,35
14/06/2013,17:00,103,64,39
14/06/2013,17:15,87,72,15
14/06/2013,17:30,93,68,25
14/06/2013,17:45,111,87,24
14/06/2013,18:00,108,84,24
14/06/2013,18:15,88,68,20
14/06/2013,18:30,75,46,29
14/06/2013,18:45,86,65,21
14/06/2013,19:00,64,35,29
14/06/2013,19:15,63,44,19
14/06/2013,19:30,39,28,11
14/06/2013,19:45,51,32,19
14/06/2013,20:00,43,25,18
14/06/2013,20:15,30,18,12
14/06/2013,20:30,36,26,10
14/06/2013,20:45,25,16,9
14/06/2013,21:00,22,18,4
14/06/2013,21:15,24,13,11
14/06/2013,21:30,23,15,8
14/06/2013,21:45,21,12,9
14/06/2013,22:00,24,18,6
14/06/2013,22:15,29,23,6
14/06/2013,22:30,16,11,5
14/06/2013,22:45,17,13,4
14/06/2013,23:00,10,9,1
14/06/2013,23:15,36,27,9
14/06/2013,23:30,22,18,4
14/06/2013,23:45,21,17,4
15/06/2013,00:00,7,6,1
15/06/2013,00:15,16,15,1
15/06/2013,00:30,14,13,1
15/06/2013,00:45,12,8,4
15/06/2013,01:00,7,6,1
15/06/2013,01:15,9,9,0
15/06/2013,01:30,6,3,3
15/06/2013,01:45,3,3,0
15/06/2013,02:00,9,8,1
15/06/2013,02:15,5,3,2
15/06/2013,02:30,5,5,0
15/06/2013,02:45,5,5,0
15/06/2013,03:00,4,3,1
15/06/2013,03:15,0,0,0
15/06/2013,03:30,5,4,1
15/06/2013,03:45,1,1,0
15/06/2013,04:00,0,0,0
15/06/2013,04:15,1,0,1
15/06/2013,04:30,0,0,0
15/06/2013,04:45,1,0,1
15/06/2013,05:00,1,1,0
15/06/2013,05:15,2,1,1
15/06/2013,05:30,3,1,2
15/06/2013,05:45,2,0,2
15/06/2013,06:00,4,3,1
15/06/2013,06:15,8,5,3
15/06/2013,06:30,10,6,4
15/06/2013,06:45,8,6,2
15/06/2013,07:00,15,6,9
15/06/2013,07:15,14,7,7
15/06/2013,07:30,28,12,16
15/06/2013,07:45,24,16,8
15/06/2013,08:00,29,16,13
15/06/2013,08:15,42,22,20
15/06/2013,08:30,67,56,11
15/06/2013,08:45,34,25,9
15/06/2013,09:00,43,22,21
15/06/2013,09:15,44,23,21
15/06/2013,09:30,60,43,17
15/06/2013,09:45,50,41,9
15/06/2013,10:00,54,36,18
15/06/2013,10:15,70,43,27
15/06/2013,10:30,66,35,31
15/06/2013,10:45,53,31,22
15/06/2013,11:00,64,38,26
15/06/2013,11:15,44,27,17
15/06/2013,11:30,67,40,27
15/06/2013,11:45,66,32,34
15/06/2013,12:00,63,34,29
15/06/2013,12:15,60,34,26
15/06/2013,12:30,75,43,32
15/06/2013,12:45,68,38,30
15/06/2013,13:00,60,34,26
15/06/2013,13:15,67,28,39
15/06/2013,13:30,84,38,46
15/06/2013,13:45,55,30,25
15/06/2013,14:00,53,24,29
15/06/2013,14:15,71,32,39
15/06/2013,14:30,84,43,41
15/06/2013,14:45,74,33,41
15/06/2013,15:00,57,25,32
15/06/2013,15:15,85,34,51
15/06/2013,15:30,51,23,28
15/06/2013,15:45,43,15,28
15/06/2013,16:00,50,29,21
15/06/2013,16:15,58,30,28
15/06/2013,16:30,52,30,22
15/06/2013,16:45,46,21,25
15/06/2013,17:00,41,20,21
15/06/2013,17:15,51,25,26
15/06/2013,17:30,39,19,20
15/06/2013,17:45,47,21,26
15/06/2013,18:00,37,21,16
15/06/2013,18:15,43,22,21
15/06/2013,18:30,39,25,14
15/06/2013,18:45,19,8,11
15/06/2013,19:00,39,29,10
15/06/2013,19:15,31,13,18
15/06/2013,19:30,23,11,12
15/06/2013,19:45,33,18,15
15/06/2013,20:00,21,16,5
15/06/2013,20:15,26,19,7
15/06/2013,20:30,16,16,0
15/06/2013,20:45,11,7,4
15/06/2013,21:00,26,11,15
15/06/2013,21:15,10,5,5
15/06/2013,21:30,16,13,3
15/06/2013,21:45,6,5,1
15/06/2013,22:00,13,9,4
15/06/2013,22:15,19,8,11
15/06/2013,22:30,14,9,5
15/06/2013,22:45,10,8,2
15/06/2013,23:00,12,9,3
15/06/2013,23:15,13,9,4
15/06/2013,23:30,10,7,3
15/06/2013,23:45,11,10,1
16/06/2013,00:00,11,10,1
16/06/2013,00:15,9,9,0
16/06/2013,00:30,10,10,0
16/06/2013,00:45,10,8,2
16/06/2013,01:00,14,14,0
16/06/2013,01:15,10,5,5
16/06/2013,01:30,10,9,1
16/06/2013,01:45,2,2,0
16/06/2013,02:00,7,6,1
16/06/2013,02:15,6,5,1
16/06/2013,02:30,1,1,0
16/06/2013,02:45,2,1,1
16/06/2013,03:00,1,1,0
16/06/2013,03:15,4,2,2
16/06/2013,03:30,3,2,1
16/06/2013,03:45,1,1,0
16/06/2013,04:00,2,2,0
16/06/2013,04:15,0,0,0
16/06/2013,04:30,2,0,2
16/06/2013,04:45,3,1,2
16/06/2013,05:00,2,1,1
16/06/2013,05:15,7,6,1
16/06/2013,05:30,5,3,2
16/06/2013,05:45,4,3,1
16/06/2013,06:00,10,8,2
16/06/2013,06:15,17,11,6
16/06/2013,06:30,18,11,7
16/06/2013,06:45,7,2,5
16/06/2013,07:00,15,10,5
16/06/2013,07:15,18,8,10
16/06/2013,07:30,23,13,10
16/06/2013,07:45,20,11,9
16/06/2013,08:00,12,6,6
16/06/2013,08:15,22,12,10
16/06/2013,08:30,35,19,16
16/06/2013,08:45,29,21,8
16/06/2013,09:00,52,36,16
16/06/2013,09:15,39,22,17
16/06/2013,09:30,44,25,19
16/06/2013,09:45,30,18,12
16/06/2013,10:00,55,32,23
16/06/2013,10:15,57,38,19
16/06/2013,10:30,61,38,23
16/06/2013,10:45,53,29,24
16/06/2013,11:00,73,48,25
16/06/2013,11:15,68,45,23
16/06/2013,11:30,71,41,30
16/06/2013,11:45,68,46,22
16/06/2013,12:00,52,29,23
16/06/2013,12:15,80,49,31
16/06/2013,12:30,93,52,41
16/06/2013,12:45,68,48,20
16/06/2013,13:00,110,59,51
16/06/2013,13:15,73,43,30
16/06/2013,13:30,74,35,39
16/06/2013,13:45,89,55,34
16/06/2013,14:00,99,62,37
16/06/2013,14:15,63,39,24
16/06/2013,14:30,77,37,40
16/06/2013,14:45,61,32,29
16/06/2013,15:00,85,46,39
16/06/2013,15:15,68,35,33
16/06/2013,15:30,93,60,33
16/06/2013,15:45,82,44,38
16/06/2013,16:00,72,34,38
16/06/2013,16:15,70,32,38
16/06/2013,16:30,67,27,40
16/06/2013,16:45,100,47,53
16/06/2013,17:00,69,27,42
16/06/2013,17:15,89,35,54
16/06/2013,17:30,62,26,36
16/06/2013,17:45,58,27,31
16/06/2013,18:00,49,25,24
16/06/2013,18:15,52,22,30
16/06/2013,18:30,53,16,37
16/06/2013,18:45,45,21,24
16/06/2013,19:00,43,23,20
16/06/2013,19:15,55,32,23
16/06/2013,19:30,31,12,19
16/06/2013,19:45,31,16,15
16/06/2013,20:00,24,11,13
16/06/2013,20:15,33,15,18
16/06/2013,20:30,26,18,8
16/06/2013,20:45,10,8,2
16/06/2013,21:00,11,5,6
16/06/2013,21:15,10,9,1
16/06/2013,21:30,17,11,6
16/06/2013,21:45,17,10,7
16/06/2013,22:00,21,13,8
16/06/2013,22:15,20,13,7
16/06/2013,22:30,15,10,5
16/06/2013,22:45,12,10,2
16/06/2013,23:00,16,9,7
16/06/2013,23:15,6,5,1
16/06/2013,23:30,12,10,2
16/06/2013,23:45,12,9,3
17/06/2013,00:00,7,6,1
17/06/2013,00:15,6,6,0
17/06/2013,00:30,1,1,0
17/06/2013,00:45,2,2,0
17/06/2013,01:00,1,1,0
17/06/2013,01:15,2,2,0
17/06/2013,01:30,1,1,0
17/06/2013,01:45,2,2,0
17/06/2013,02:00,1,1,0
17/06/2013,02:15,2,2,0
17/06/2013,02:30,0,0,0
17/06/2013,02:45,0,0,0
17/06/2013,03:00,2,2,0
17/06/2013,03:15,2,2,0
17/06/2013,03:30,0,0,0
17/06/2013,03:45,0,0,0
17/06/2013,04:00,1,1,0
17/06/2013,04:15,2,0,2
17/06/2013,04:30,1,1,0
17/06/2013,04:45,2,1,1
17/06/2013,05:00,7,5,2
17/06/2013,05:15,2,0,2
17/06/2013,05:30,15,8,7
17/06/2013,05:45,5,3,2
17/06/2013,06:00,9,4,5
17/06/2013,06:15,26,13,13
17/06/2013,06:30,32,8,24
17/06/2013,06:45,25,4,21
17/06/2013,07:00,68,16,52
17/06/2013,07:15,45,10,35
17/06/2013,07:30,69,21,48
17/06/2013,07:45,69,19,50
17/06/2013,08:00,88,23,65
17/06/2013,08:15,107,23,84
17/06/2013,08:30,86,16,70
17/06/2013,08:45,70,14,56
17/06/2013,09:00,72,18,54
17/06/2013,09:15,56,15,41
17/06/2013,09:30,51,18,33
17/06/2013,09:45,34,15,19
17/06/2013,10:00,34,15,19
17/06/2013,10:15,40,22,18
17/06/2013,10:30,31,15,16
17/06/2013,10:45,17,10,7
17/06/2013,11:00,36,15,21
17/06/2013,11:15,45,26,19
17/06/2013,11:30,21,11,10
17/06/2013,11:45,41,19,22
17/06/2013,12:00,34,18,16
17/06/2013,12:15,45,23,22
17/06/2013,12:30,32,18,14
17/06/2013,12:45,39,21,18
17/06/2013,13:00,51,28,23
17/06/2013,13:15,52,25,27
17/06/2013,13:30,34,21,13
17/06/2013,13:45,38,23,15
17/06/2013,14:00,46,20,26
17/06/2013,14:15,35,24,11
17/06/2013,14:30,49,27,22
17/06/2013,14:45,28,16,12
17/06/2013,15:00,32,13,19
17/06/2013,15:15,52,22,30
17/06/2013,15:30,53,29,24
17/06/2013,15:45,26,19,7
17/06/2013,16:00,67,39,28
17/06/2013,16:15,57,42,15
17/06/2013,16:30,69,45,24
17/06/2013,16:45,68,52,16
17/06/2013,17:00,87,59,28
17/06/2013,17:15,116,90,26
17/06/2013,17:30,110,76,34
17/06/2013,17:45,120,87,33
17/06/2013,18:00,119,91,28
17/06/2013,18:15,110,82,28
17/06/2013,18:30,109,85,24
17/06/2013,18:45,92,66,26
17/06/2013,19:00,101,81,20
17/06/2013,19:15,84,61,23
17/06/2013,19:30,55,41,14
17/06/2013,19:45,47,32,15
17/06/2013,20:00,61,40,21
17/06/2013,20:15,44,31,13
17/06/2013,20:30,33,27,6
17/06/2013,20:45,35,25,10
17/06/2013,21:00,32,24,8
17/06/2013,21:15,28,20,8
17/06/2013,21:30,19,12,7
17/06/2013,21:45,28,25,3
17/06/2013,22:00,28,21,7
17/06/2013,22:15,20,16,4
17/06/2013,22:30,13,11,2
17/06/2013,22:45,10,8,2
17/06/2013,23:00,26,20,6
17/06/2013,23:15,10,9,1
17/06/2013,23:30,10,7,3
17/06/2013,23:45,11,7,4
18/06/2013,00:00,8,8,0
18/06/2013,00:15,8,7,1
18/06/2013,00:30,6,6,0
18/06/2013,00:45,4,2,2
18/06/2013,01:00,2,1,1
18/06/2013,01:15,3,3,0
18/06/2013,01:30,3,3,0
18/06/2013,01:45,1,1,0
18/06/2013,02:00,2,2,0
18/06/2013,02:15,2,2,0
18/06/2013,02:30,2,2,0
18/06/2013,02:45,0,0,0
18/06/2013,03:00,1,1,0
18/06/2013,03:15,1,0,1
18/06/2013,03:30,0,0,0
18/06/2013,03:45,1,0,1
18/06/2013,04:00,0,0,0
18/06/2013,04:15,1,0,1
18/06/2013,04:30,0,0,0
18/06/2013,04:45,2,0,2
18/06/2013,05:00,7,5,2
18/06/2013,05:15,4,2,2
18/06/2013,05:30,15,8,7
18/06/2013,05:45,13,7,6
18/06/2013,06:00,38,26,12
18/06/2013,06:15,22,13,9
18/06/2013,06:30,54,21,33
18/06/2013,06:45,36,11,25
18/06/2013,07:00,57,15,42
18/06/2013,07:15,66,15,51
18/06/2013,07:30,70,14,56
18/06/2013,07:45,104,23,81
18/06/2013,08:00,94,30,64
18/06/2013,08:15,99,18,81
18/06/2013,08:30,116,32,84
18/06/2013,08:45,83,20,63
18/06/2013,09:00,70,19,51
18/06/2013,09:15,54,23,31
18/06/2013,09:30,48,14,34
18/06/2013,09:45,36,13,23
18/06/2013,10:00,33,15,18
18/06/2013,10:15,43,24,19
18/06/2013,10:30,35,12,23
18/06/2013,10:45,36,19,17
18/06/2013,11:00,38,15,23
18/06/2013,11:15,33,9,24
18/06/2013,11:30,30,21,9
18/06/2013,11:45,22,11,11
18/06/2013,12:00,37,19,18
18/06/2013,12:15,51,31,20
18/06/2013,12:30,25,12,13
18/06/2013,12:45,23,10,13
18/06/2013,13:00,25,11,14
18/06/2013,13:15,41,26,15
18/06/2013,13:30,45,20,25
18/06/2013,13:45,19,7,12
18/06/2013,14:00,32,21,11
18/06/2013,14:15,30,18,12
18/06/2013,14:30,34,18,16
18/06/2013,14:45,31,22,9
18/06/2013,15:00,47,34,13
18/06/2013,15:15,51,29,22
18/06/2013,15:30,44,23,21
18/06/2013,15:45,41,27,14
18/06/2013,16:00,43,24,19
18/06/2013,16:15,69,51,18
18/06/2013,16:30,53,31,22
18/06/2013,16:45,69,51,18
18/06/2013,17:00,105,73,32
18/06/2013,17:15,114,91,23
18/06/2013,17:30,122,101,21
18/06/2013,17:45,120,99,21
18/06/2013,18:00,114,89,25
18/06/2013,18:15,112,93,19
18/06/2013,18:30,91,71,20
18/06/2013,18:45,74,55,19
18/06/2013,19:00,65,47,18
18/06/2013,19:15,57,43,14
18/06/2013,19:30,56,44,12
18/06/2013,19:45,47,32,15
18/06/2013,20:00,50,39,11
18/06/2013,20:15,56,45,11
18/06/2013,20:30,28,21,7
18/06/2013,20:45,28,25,3
18/06/2013,21:00,26,15,11
18/06/2013,21:15,26,20,6
18/06/2013,21:30,32,20,12
18/06/2013,21:45,21,19,2
18/06/2013,22:00,37,31,6
18/06/2013,22:15,29,17,12
18/06/2013,22:30,19,16,3
18/06/2013,22:45,18,15,3
18/06/2013,23:00,25,20,5
18/06/2013,23:15,13,11,2
18/06/2013,23:30,12,12,0
18/06/2013,23:45,8,5,3
19/06/2013,00:00,9,9,0
19/06/2013,00:15,3,3,0
19/06/2013,00:30,4,3,1
19/06/2013,00:45,7,5,2
19/06/2013,01:00,3,3,0
19/06/2013,01:15,3,2,1
19/06/2013,01:30,4,3,1
19/06/2013,01:45,2,2,0
19/06/2013,02:00,4,3,1
19/06/2013,02:15,3,2,1
19/06/2013,02:30,0,0,0
19/06/2013,02:45,2,2,0
19/06/2013,03:00,3,3,0
19/06/2013,03:15,1,0,1
19/06/2013,03:30,0,0,0
19/06/2013,03:45,0,0,0
19/06/2013,04:00,0,0,0
19/06/2013,04:15,1,1,0
19/06/2013,04:30,0,0,0
19/06/2013,04:45,4,1,3
19/06/2013,05:00,5,3,2
19/06/2013,05:15,3,2,1
19/06/2013,05:30,8,6,2
19/06/2013,05:45,20,13,7
19/06/2013,06:00,19,12,7
19/06/2013,06:15,34,17,17
19/06/2013,06:30,40,19,21
19/06/2013,06:45,31,8,23
19/06/2013,07:00,56,17,39
19/06/2013,07:15,66,15,51
19/06/2013,07:30,69,27,42
19/06/2013,07:45,85,23,62
19/06/2013,08:00,90,25,65
19/06/2013,08:15,127,34,93
19/06/2013,08:30,105,22,83
19/06/2013,08:45,76,19,57
19/06/2013,09:00,84,16,68
19/06/2013,09:15,69,19,50
19/06/2013,09:30,50,17,33
19/06/2013,09:45,44,19,25
19/06/2013,10:00,44,18,26
19/06/2013,10:15,39,22,17
19/06/2013,10:30,34,13,21
19/06/2013,10:45,45,22,23
19/06/2013,11:00,24,9,15
19/06/2013,11:15,35,20,15
19/06/2013,11:30,31,20,11
19/06/2013,11:45,51,27,24
19/06/2013,12:00,27,19,8
19/06/2013,12:15,42,21,21
19/06/2013,12:30,52,31,21
19/06/2013,12:45,42,20,22
19/06/2013,13:00,38,23,15
19/06/2013,13:15,37,16,21
19/06/2013,13:30,36,15,21
19/06/2013,13:45,60,43,17
19/06/2013,14:00,36,22,14
19/06/2013,14:15,33,21,12
19/06/2013,14:30,40,23,17
19/06/2013,14:45,39,19,20
19/06/2013,15:00,42,23,19
19/06/2013,15:15,43,29,14
19/06/2013,15:30,46,26,20
19/06/2013,15:45,29,20,9
19/06/2013,16:00,67,50,17
19/06/2013,16:15,63,33,30
19/06/2013,16:30,73,54,19
19/06/2013,16:45,78,54,24
19/06/2013,17:00,104,79,25
19/06/2013,17:15,91,67,24
19/06/2013,17:30,122,91,31
19/06/2013,17:45,143,112,31
19/06/2013,18:00,128,108,20
19/06/2013,18:15,113,90,23
19/06/2013,18:30,121,95,26
19/06/2013,18:45,110,72,38
19/06/2013,19:00,82,55,27
19/06/2013,19:15,87,51,36
19/06/2013,19:30,73,55,18
19/06/2013,19:45,58,41,17
19/06/2013,20:00,63,45,18
19/06/2013,20:15,61,47,14
19/06/2013,20:30,36,28,8
19/06/2013,20:45,40,24,16
19/06/2013,21:00,61,20,41
19/06/2013,21:15,39,29,10
19/06/2013,21:30,36,30,6
19/06/2013,21:45,36,27,9
19/06/2013,22:00,26,18,8
19/06/2013,22:15,22,19,3
19/06/2013,22:30,17,15,2
19/06/2013,22:45,30,28,2
19/06/2013,23:00,24,17,7
19/06/2013,23:15,24,20,4
19/06/2013,23:30,6,5,1
19/06/2013,23:45,12,11,1
20/06/2013,00:00,4,3,1
20/06/2013,00:15,7,6,1
20/06/2013,00:30,10,9,1
20/06/2013,00:45,10,8,2
20/06/2013,01:00,4,3,1
20/06/2013,01:15,7,7,0
20/06/2013,01:30,1,0,1
20/06/2013,01:45,0,0,0
20/06/2013,02:00,2,1,1
20/06/2013,02:15,7,6,1
20/06/2013,02:30,1,1,0
20/06/2013,02:45,1,1,0
20/06/2013,03:00,3,2,1
20/06/2013,03:15,1,0,1
20/06/2013,03:30,0,0,0
20/06/2013,03:45,2,1,1
20/06/2013,04:00,0,0,0
20/06/2013,04:15,0,0,0
20/06/2013,04:30,0,0,0
20/06/2013,04:45,2,0,2
20/06/2013,05:00,3,2,1
20/06/2013,05:15,6,4,2
20/06/2013,05:30,10,4,6
20/06/2013,05:45,15,10,5
20/06/2013,06:00,38,28,10
20/06/2013,06:15,24,13,11
20/06/2013,06:30,27,11,16
20/06/2013,06:45,28,6,22
20/06/2013,07:00,50,14,36
20/06/2013,07:15,60,20,40
20/06/2013,07:30,68,25,43
20/06/2013,07:45,87,24,63
20/06/2013,08:00,86,20,66
20/06/2013,08:15,114,30,84
20/06/2013,08:30,96,28,68
20/06/2013,08:45,72,25,47
20/06/2013,09:00,76,20,56
20/06/2013,09:15,74,25,49
20/06/2013,09:30,63,22,41
20/06/2013,09:45,40,19,21
20/06/2013,10:00,46,18,28
20/06/2013,10:15,49,25,24
20/06/2013,10:30,46,30,16
20/06/2013,10:45,34,17,17
20/06/2013,11:00,40,16,24
20/06/2013,11:15,33,22,11
20/06/2013,11:30,34,14,20
20/06/2013,11:45,44,20,24
20/06/2013,12:00,43,27,16
20/06/2013,12:15,38,21,17
20/06/2013,12:30,43,20,23
20/06/2013,12:45,56,34,22
20/06/2013,13:00,47,30,17
20/06/2013,13:15,43,26,17
20/06/2013,13:30,52,29,23
20/06/2013,13:45,35,23,12
20/06/2013,14:00,42,18,24
20/06/2013,14:15,38,22,16
20/06/2013,14:30,57,30,27
20/06/2013,14:45,40,23,17
20/06/2013,15:00,59,35,24
20/06/2013,15:15,44,29,15
20/06/2013,15:30,56,31,25
20/06/2013,15:45,34,18,16
20/06/2013,16:00,56,33,23
20/06/2013,16:15,63,38,25
20/06/2013,16:30,74,47,27
20/06/2013,16:45,73,48,25
20/06/2013,17:00,120,79,41
20/06/2013,17:15,118,89,29
20/06/2013,17:30,120,90,30
20/06/2013,17:45,126,95,31
20/06/2013,18:00,82,60,22
20/06/2013,18:15,105,83,22
20/06/2013,18:30,87,59,28
20/06/2013,18:45,73,49,24
20/06/2013,19:00,80,54,26
20/06/2013,19:15,81,54,27
20/06/2013,19:30,74,56,18
20/06/2013,19:45,65,35,30
20/06/2013,20:00,58,42,16
20/06/2013,20:15,47,29,18
20/06/2013,20:30,35,27,8
20/06/2013,20:45,46,28,18
20/06/2013,21:00,37,30,7
20/06/2013,21:15,35,29,6
20/06/2013,21:30,26,17,9
20/06/2013,21:45,33,22,11
20/06/2013,22:00,43,31,12
20/06/2013,22:15,43,32,11
20/06/2013,22:30,26,17,9
20/06/2013,22:45,25,19,6
20/06/2013,23:00,21,19,2
20/06/2013,23:15,23,19,4
20/06/2013,23:30,13,9,4
20/06/2013,23:45,15,15,0
21/06/2013,00:00,8,7,1
21/06/2013,00:15,8,8,0
21/06/2013,00:30,5,4,1
21/06/2013,00:45,9,8,1
21/06/2013,01:00,3,1,2
21/06/2013,01:15,3,3,0
21/06/2013,01:30,6,6,0
21/06/2013,01:45,1,1,0
21/06/2013,02:00,3,3,0
21/06/2013,02:15,2,1,1
21/06/2013,02:30,1,1,0
21/06/2013,02:45,1,1,0
21/06/2013,03:00,1,1,0
21/06/2013,03:15,4,3,1
21/06/2013,03:30,1,1,0
21/06/2013,03:45,0,0,0
21/06/2013,04:00,1,1,0
21/06/2013,04:15,1,0,1
21/06/2013,04:30,2,2,0
21/06/2013,04:45,4,3,1
21/06/2013,05:00,3,2,1
21/06/2013,05:15,4,2,2
21/06/2013,05:30,13,8,5
21/06/2013,05:45,25,14,11
21/06/2013,06:00,14,6,8
21/06/2013,06:15,19,9,10
21/06/2013,06:30,36,17,19
21/06/2013,06:45,35,16,19
21/06/2013,07:00,35,6,29
21/06/2013,07:15,63,27,36
21/06/2013,07:30,59,17,42
21/06/2013,07:45,75,18,57
21/06/2013,08:00,73,24,49
21/06/2013,08:15,89,22,67
21/06/2013,08:30,91,26,65
21/06/2013,08:45,75,20,55
21/06/2013,09:00,71,19,52
21/06/2013,09:15,62,22,40
21/06/2013,09:30,65,27,38
21/06/2013,09:45,47,20,27
21/06/2013,10:00,37,12,25
21/06/2013,10:15,47,19,28
21/06/2013,10:30,47,26,21
21/06/2013,10:45,29,17,12
21/06/2013,11:00,64,33,31
21/06/2013,11:15,55,22,33
21/06/2013,11:30,52,25,27
21/06/2013,11:45,30,15,15
21/06/2013,12:00,32,13,19
21/06/2013,12:15,69,44,25
21/06/2013,12:30,46,21,25
21/06/2013,12:45,36,15,21
21/06/2013,13:00,48,27,21
21/06/2013,13:15,63,34,29
21/06/2013,13:30,39,23,16
21/06/2013,13:45,40,25,15
21/06/2013,14:00,40,28,12
21/06/2013,14:15,45,27,18
21/06/2013,14:30,52,33,19
21/06/2013,14:45,62,43,19
21/06/2013,15:00,42,21,21
21/06/2013,15:15,55,33,22
21/06/2013,15:30,45,26,19
21/06/2013,15:45,65,42,23
21/06/2013,16:00,64,41,23
21/06/2013,16:15,58,41,17
21/06/2013,16:30,75,44,31
21/06/2013,16:45,96,57,39
21/06/2013,17:00,87,50,37
21/06/2013,17:15,112,77,35
21/06/2013,17:30,90,67,23
21/06/2013,17:45,105,79,26
21/06/2013,18:00,86,63,23
21/06/2013,18:15,86,59,27
21/06/2013,18:30,94,74,20
21/06/2013,18:45,89,62,27
21/06/2013,19:00,78,60,18
21/06/2013,19:15,48,37,11
21/06/2013,19:30,52,37,15
21/06/2013,19:45,56,34,22
21/06/2013,20:00,39,26,13
21/06/2013,20:15,36,25,11
21/06/2013,20:30,35,19,16
21/06/2013,20:45,33,14,19
21/06/2013,21:00,35,23,12
21/06/2013,21:15,29,17,12
21/06/2013,21:30,21,17,4
21/06/2013,21:45,24,19,5
21/06/2013,22:00,24,17,7
21/06/2013,22:15,16,14,2
21/06/2013,22:30,20,15,5
21/06/2013,22:45,17,15,2
21/06/2013,23:00,24,14,10
21/06/2013,23:15,29,25,4
21/06/2013,23:30,21,15,6
21/06/2013,23:45,24,20,4
22/06/2013,00:00,23,15,8
22/06/2013,00:15,10,10,0
22/06/2013,00:30,9,8,1
22/06/2013,00:45,17,16,1
22/06/2013,01:00,9,7,2
22/06/2013,01:15,5,5,0
22/06/2013,01:30,5,5,0
22/06/2013,01:45,4,2,2
22/06/2013,02:00,9,8,1
22/06/2013,02:15,7,7,0
22/06/2013,02:30,2,1,1
22/06/2013,02:45,1,0,1
22/06/2013,03:00,3,3,0
22/06/2013,03:15,3,1,2
22/06/2013,03:30,1,1,0
22/06/2013,03:45,2,1,1
22/06/2013,04:00,0,0,0
22/06/2013,04:15,0,0,0
22/06/2013,04:30,2,2,0
22/06/2013,04:45,6,3,3
22/06/2013,05:00,4,2,2
22/06/2013,05:15,3,3,0
22/06/2013,05:30,2,2,0
22/06/2013,05:45,5,4,1
22/06/2013,06:00,16,11,5
22/06/2013,06:15,10,8,2
22/06/2013,06:30,6,5,1
22/06/2013,06:45,13,7,6
22/06/2013,07:00,18,12,6
22/06/2013,07:15,16,10,6
22/06/2013,07:30,24,15,9
22/06/2013,07:45,26,15,11
22/06/2013,08:00,32,21,11
22/06/2013,08:15,35,24,11
22/06/2013,08:30,59,40,19
22/06/2013,08:45,54,35,19
22/06/2013,09:00,58,35,23
22/06/2013,09:15,46,28,18
22/06/2013,09:30,73,53,20
22/06/2013,09:45,74,43,31
22/06/2013,10:00,63,35,28
22/06/2013,10:15,64,34,30
22/06/2013,10:30,84,61,23
22/06/2013,10:45,94,59,35
22/06/2013,11:00,71,49,22
22/06/2013,11:15,88,64,24
22/06/2013,11:30,91,50,41
22/06/2013,11:45,88,56,32
22/06/2013,12:00,82,46,36
22/06/2013,12:15,99,70,29
22/06/2013,12:30,127,87,40
22/06/2013,12:45,118,82,36
22/06/2013,13:00,124,87,37
22/06/2013,13:15,115,76,39
22/06/2013,13:30,119,86,33
22/06/2013,13:45,114,71,43
22/06/2013,14:00,142,100,42
22/06/2013,14:15,123,75,48
22/06/2013,14:30,124,67,57
22/06/2013,14:45,132,65,67
22/06/2013,15:00,139,93,46
22/06/2013,15:15,131,80,51
22/06/2013,15:30,146,87,59
22/06/2013,15:45,124,72,52
22/06/2013,16:00,127,61,66
22/06/2013,16:15,93,47,46
22/06/2013,16:30,113,55,58
22/06/2013,16:45,104,57,47
22/06/2013,17:00,96,45,51
22/06/2013,17:15,89,38,51
22/06/2013,17:30,100,26,74
22/06/2013,17:45,101,41,60
22/06/2013,18:00,107,35,72
22/06/2013,18:15,62,36,26
22/06/2013,18:30,53,22,31
22/06/2013,18:45,66,30,36
22/06/2013,19:00,46,23,23
22/06/2013,19:15,59,31,28
22/06/2013,19:30,39,22,17
22/06/2013,19:45,38,23,15
22/06/2013,20:00,38,24,14
22/06/2013,20:15,20,9,11
22/06/2013,20:30,25,15,10
22/06/2013,20:45,22,11,11
22/06/2013,21:00,29,17,12
22/06/2013,21:15,15,9,6
22/06/2013,21:30,18,9,9
22/06/2013,21:45,14,10,4
22/06/2013,22:00,18,13,5
22/06/2013,22:15,23,21,2
22/06/2013,22:30,17,14,3
22/06/2013,22:45,19,11,8
22/06/2013,23:00,23,18,5
22/06/2013,23:15,16,15,1
22/06/2013,23:30,12,9,3
22/06/2013,23:45,13,10,3
23/06/2013,00:00,5,4,1
23/06/2013,00:15,8,7,1
23/06/2013,00:30,11,11,0
23/06/2013,00:45,10,10,0
23/06/2013,01:00,12,10,2
23/06/2013,01:15,13,10,3
23/06/2013,01:30,7,7,0
23/06/2013,01:45,2,2,0
23/06/2013,02:00,18,10,8
23/06/2013,02:15,8,4,4
23/06/2013,02:30,2,0,2
23/06/2013,02:45,5,2,3
23/06/2013,03:00,4,2,2
23/06/2013,03:15,1,1,0
23/06/2013,03:30,2,2,0
23/06/2013,03:45,1,1,0
23/06/2013,04:00,0,0,0
23/06/2013,04:15,0,0,0
23/06/2013,04:30,4,2,2
23/06/2013,04:45,5,4,1
23/06/2013,05:00,0,0,0
23/06/2013,05:15,2,0,2
23/06/2013,05:30,3,2,1
23/06/2013,05:45,4,1,3
23/06/2013,06:00,7,6,1
23/06/2013,06:15,6,2,4
23/06/2013,06:30,8,5,3
23/06/2013,06:45,6,5,1
23/06/2013,07:00,14,9,5
23/06/2013,07:15,10,7,3
23/06/2013,07:30,14,6,8
23/06/2013,07:45,14,8,6
23/06/2013,08:00,21,12,9
23/06/2013,08:15,27,16,11
23/06/2013,08:30,28,19,9
23/06/2013,08:45,41,26,15
23/06/2013,09:00,31,18,13
23/06/2013,09:15,38,20,18
23/06/2013,09:30,45,26,19
23/06/2013,09:45,26,17,9
23/06/2013,10:00,42,26,16
23/06/2013,10:15,41,26,15
23/06/2013,10:30,77,49,28
23/06/2013,10:45,53,36,17
23/06/2013,11:00,51,25,26
23/06/2013,11:15,78,56,22
23/06/2013,11:30,63,40,23
23/06/2013,11:45,69,33,36
23/06/2013,12:00,72,32,40
23/06/2013,12:15,76,49,27
23/06/2013,12:30,51,37,14
23/06/2013,12:45,58,36,22
23/06/2013,13:00,66,30,36
23/06/2013,13:15,70,35,35
23/06/2013,13:30,37,20,17
23/06/2013,13:45,46,24,22
23/06/2013,14:00,53,23,30
23/06/2013,14:15,60,27,33
23/06/2013,14:30,42,22,20
23/06/2013,14:45,39,24,15
23/06/2013,15:00,41,17,24
23/06/2013,15:15,43,24,19
23/06/2013,15:30,49,25,24
23/06/2013,15:45,46,20,26
23/06/2013,16:00,39,11,28
23/06/2013,16:15,49,14,35
23/06/2013,16:30,43,25,18
23/06/2013,16:45,36,11,25
23/06/2013,17:00,48,21,27
23/06/2013,17:15,46,21,25
23/06/2013,17:30,31,18,13
23/06/2013,17:45,23,16,7
23/06/2013,18:00,44,18,26
23/06/2013,18:15,22,14,8
23/06/2013,18:30,28,16,12
23/06/2013,18:45,31,18,13
23/06/2013,19:00,17,8,9
23/06/2013,19:15,15,11,4
23/06/2013,19:30,20,11,9
23/06/2013,19:45,21,11,10
23/06/2013,20:00,16,10,6
23/06/2013,20:15,9,4,5
23/06/2013,20:30,16,9,7
23/06/2013,20:45,14,6,8
23/06/2013,21:00,9,7,2
23/06/2013,21:15,16,11,5
23/06/2013,21:30,7,5,2
23/06/2013,21:45,11,9,2
23/06/2013,22:00,7,4,3
23/06/2013,22:15,5,4,1
23/06/2013,22:30,14,14,0
23/06/2013,22:45,8,6,2
23/06/2013,23:00,12,8,4
23/06/2013,23:15,8,4,4
23/06/2013,23:30,5,5,0
23/06/2013,23:45,3,3,0
24/06/2013,00:00,5,5,0
24/06/2013,00:15,5,3,2
24/06/2013,00:30,4,3,1
24/06/2013,00:45,1,1,0
24/06/2013,01:00,0,0,0
24/06/2013,01:15,1,1,0
24/06/2013,01:30,1,1,0
24/06/2013,01:45,0,0,0
24/06/2013,02:00,5,4,1
24/06/2013,02:15,2,1,1
24/06/2013,02:30,1,1,0
24/06/2013,02:45,0,0,0
24/06/2013,03:00,0,0,0
24/06/2013,03:15,1,0,1
24/06/2013,03:30,0,0,0
24/06/2013,03:45,0,0,0
24/06/2013,04:00,0,0,0
24/06/2013,04:15,0,0,0
24/06/2013,04:30,0,0,0
24/06/2013,04:45,0,0,0
24/06/2013,05:00,4,2,2
24/06/2013,05:15,3,1,2
24/06/2013,05:30,8,3,5
24/06/2013,05:45,3,2,1
24/06/2013,06:00,6,3,3
24/06/2013,06:15,19,11,8
24/06/2013,06:30,17,9,8
24/06/2013,06:45,23,8,15
24/06/2013,07:00,24,4,20
24/06/2013,07:15,30,3,27
24/06/2013,07:30,24,6,18
24/06/2013,07:45,37,14,23
24/06/2013,08:00,45,12,33
24/06/2013,08:15,48,16,32
24/06/2013,08:30,57,21,36
24/06/2013,08:45,37,8,29
24/06/2013,09:00,35,13,22
24/06/2013,09:15,36,12,24
24/06/2013,09:30,23,9,14
24/06/2013,09:45,19,7,12
24/06/2013,10:00,24,14,10
24/06/2013,10:15,12,4,8
24/06/2013,10:30,13,5,8
24/06/2013,10:45,17,7,10
24/06/2013,11:00,21,15,6
24/06/2013,11:15,11,4,7
24/06/2013,11:30,22,15,7
24/06/2013,11:45,10,3,7
24/06/2013,12:00,15,9,6
24/06/2013,12:15,20,12,8
24/06/2013,12:30,26,9,17
24/06/2013,12:45,21,11,10
24/06/2013,13:00,22,10,12
24/06/2013,13:15,22,13,9
24/06/2013,13:30,18,14,4
24/06/2013,13:45,15,8,7
24/06/2013,14:00,19,13,6
24/06/2013,14:15,17,11,6
24/06/2013,14:30,15,11,4
24/06/2013,14:45,21,11,10
24/06/2013,15:00,23,13,10
24/06/2013,15:15,30,17,13
24/06/2013,15:30,28,15,13
24/06/2013,15:45,18,13,5
24/06/2013,16:00,28,16,12
24/06/2013,16:15,27,19,8
24/06/2013,16:30,29,20,9
24/06/2013,16:45,33,20,13
24/06/2013,17:00,49,32,17
24/06/2013,17:15,49,43,6
24/06/2013,17:30,63,49,14
24/06/2013,17:45,44,37,7
24/06/2013,18:00,60,49,11
24/06/2013,18:15,57,50,7
24/06/2013,18:30,58,41,17
24/06/2013,18:45,51,42,9
24/06/2013,19:00,51,40,11
24/06/2013,19:15,35,25,10
24/06/2013,19:30,26,19,7
24/06/2013,19:45,32,24,8
24/06/2013,20:00,27,21,6
24/06/2013,20:15,29,15,14
24/06/2013,20:30,19,13,6
24/06/2013,20:45,16,9,7
24/06/2013,21:00,17,14,3
24/06/2013,21:15,16,14,2
24/06/2013,21:30,9,7,2
24/06/2013,21:45,20,13,7
24/06/2013,22:00,16,15,1
24/06/2013,22:15,22,17,5
24/06/2013,22:30,7,5,2
24/06/2013,22:45,9,7,2
24/06/2013,23:00,11,7,4
24/06/2013,23:15,2,1,1
24/06/2013,23:30,8,7,1
24/06/2013,23:45,4,2,2
25/06/2013,00:00,10,9,1
25/06/2013,00:15,7,6,1
25/06/2013,00:30,3,3,0
25/06/2013,00:45,6,5,1
25/06/2013,01:00,3,2,1
25/06/2013,01:15,0,0,0
25/06/2013,01:30,0,0,0
25/06/2013,01:45,1,1,0
25/06/2013,02:00,1,1,0
25/06/2013,02:15,0,0,0
25/06/2013,02:30,0,0,0
25/06/2013,02:45,4,4,0
25/06/2013,03:00,0,0,0
25/06/2013,03:15,1,0,1
25/06/2013,03:30,0,0,0
25/06/2013,03:45,0,0,0
25/06/2013,04:00,0,0,0
25/06/2013,04:15,0,0,0
25/06/2013,04:30,0,0,0
25/06/2013,04:45,1,0,1
25/06/2013,05:00,5,2,3
25/06/2013,05:15,4,4,0
25/06/2013,05:30,5,1,4
25/06/2013,05:45,3,1,2
25/06/2013,06:00,9,7,2
25/06/2013,06:15,11,6,5
25/06/2013,06:30,4,2,2
25/06/2013,06:45,12,4,8
25/06/2013,07:00,15,3,12
25/06/2013,07:15,40,21,19
25/06/2013,07:30,43,8,35
25/06/2013,07:45,41,14,27
25/06/2013,08:00,50,15,35
25/06/2013,08:15,43,11,32
25/06/2013,08:30,52,17,35
25/06/2013,08:45,35,5,30
25/06/2013,09:00,41,8,33
25/06/2013,09:15,26,9,17
25/06/2013,09:30,19,9,10
25/06/2013,09:45,16,5,11
25/06/2013,10:00,14,7,7
25/06/2013,10:15,15,9,6
25/06/2013,10:30,8,4,4
25/06/2013,10:45,11,2,9
25/06/2013,11:00,14,5,9
25/06/2013,11:15,12,10,2
25/06/2013,11:30,20,11,9
25/06/2013,11:45,7,5,2
25/06/2013,12:00,10,5,5
25/06/2013,12:15,15,9,6
25/06/2013,12:30,16,11,5
25/06/2013,12:45,19,10,9
25/06/2013,13:00,12,7,5
25/06/2013,13:15,17,7,10
25/06/2013,13:30,14,5,9
25/06/2013,13:45,21,13,8
25/06/2013,14:00,19,15,4
25/06/2013,14:15,30,13,17
25/06/2013,14:30,21,16,5
25/06/2013,14:45,24,19,5
25/06/2013,15:00,31,14,17
25/06/2013,15:15,27,12,15
25/06/2013,15:30,26,19,7
25/06/2013,15:45,25,17,8
25/06/2013,16:00,32,23,9
25/06/2013,16:15,36,20,16
25/06/2013,16:30,25,19,6
25/06/2013,16:45,47,32,15
25/06/2013,17:00,65,43,22
25/06/2013,17:15,73,55,18
25/06/2013,17:30,85,63,22
25/06/2013,17:45,86,63,23
25/06/2013,18:00,66,48,18
25/06/2013,18:15,89,61,28
25/06/2013,18:30,74,52,22
25/06/2013,18:45,65,45,20
25/06/2013,19:00,60,45,15
25/06/2013,19:15,58,32,26
25/06/2013,19:30,61,35,26
25/06/2013,19:45,35,18,17
25/06/2013,20:00,39,23,16
25/06/2013,20:15,40,24,16
25/06/2013,20:30,35,17,18
25/06/2013,20:45,30,20,10
25/06/2013,21:00,12,10,2
25/06/2013,21:15,24,17,7
25/06/2013,21:30,16,11,5
25/06/2013,21:45,22,16,6
25/06/2013,22:00,22,17,5
25/06/2013,22:15,22,15,7
25/06/2013,22:30,15,13,2
25/06/2013,22:45,19,14,5
25/06/2013,23:00,21,16,5
25/06/2013,23:15,12,9,3
25/06/2013,23:30,13,12,1
25/06/2013,23:45,4,4,0
26/06/2013,00:00,9,9,0
26/06/2013,00:15,7,6,1
26/06/2013,00:30,4,4,0
26/06/2013,00:45,3,3,0
26/06/2013,01:00,5,4,1
26/06/2013,01:15,1,0,1
26/06/2013,01:30,2,2,0
26/06/2013,01:45,0,0,0
26/06/2013,02:00,6,6,0
26/06/2013,02:15,1,1,0
26/06/2013,02:30,1,1,0
26/06/2013,02:45,1,1,0
26/06/2013,03:00,0,0,0
26/06/2013,03:15,3,1,2
26/06/2013,03:30,1,0,1
26/06/2013,03:45,2,1,1
26/06/2013,04:00,0,0,0
26/06/2013,04:15,1,0,1
26/06/2013,04:30,2,2,0
26/06/2013,04:45,1,0,1
26/06/2013,05:00,8,6,2
26/06/2013,05:15,4,4,0
26/06/2013,05:30,12,6,6
26/06/2013,05:45,14,6,8
26/06/2013,06:00,17,16,1
26/06/2013,06:15,30,10,20
26/06/2013,06:30,41,20,21
26/06/2013,06:45,32,15,17
26/06/2013,07:00,55,19,36
26/06/2013,07:15,70,16,54
26/06/2013,07:30,77,21,56
26/06/2013,07:45,63,18,45
26/06/2013,08:00,72,21,51
26/06/2013,08:15,105,28,77
26/06/2013,08:30,100,34,66
26/06/2013,08:45,84,28,56
26/06/2013,09:00,74,35,39
26/06/2013,09:15,69,26,43
26/06/2013,09:30,63,23,40
26/06/2013,09:45,41,13,28
26/06/2013,10:00,40,17,23
26/06/2013,10:15,48,25,23
26/06/2013,10:30,55,30,25
26/06/2013,10:45,40,22,18
26/06/2013,11:00,41,22,19
26/06/2013,11:15,32,10,22
26/06/2013,11:30,37,21,16
26/06/2013,11:45,45,27,18
26/06/2013,12:00,57,28,29
26/06/2013,12:15,37,14,23
26/06/2013,12:30,75,41,34
26/06/2013,12:45,37,24,13
26/06/2013,13:00,34,18,16
26/06/2013,13:15,51,30,21
26/06/2013,13:30,54,22,32
26/06/2013,13:45,58,34,24
26/06/2013,14:00,31,11,20
26/06/2013,14:15,51,28,23
26/06/2013,14:30,61,31,30
26/06/2013,14:45,37,19,18
26/06/2013,15:00,52,35,17
26/06/2013,15:15,63,42,21
26/06/2013,15:30,60,30,30
26/06/2013,15:45,72,38,34
26/06/2013,16:00,61,35,26
26/06/2013,16:15,74,41,33
26/06/2013,16:30,96,62,34
26/06/2013,16:45,91,58,33
26/06/2013,17:00,84,51,33
26/06/2013,17:15,150,110,40
26/06/2013,17:30,119,85,34
26/06/2013,17:45,135,97,38
26/06/2013,18:00,136,99,37
26/06/2013,18:15,129,93,36
26/06/2013,18:30,127,80,47
26/06/2013,18:45,100,72,28
26/06/2013,19:00,89,60,29
26/06/2013,19:15,88,59,29
26/06/2013,19:30,65,46,19
26/06/2013,19:45,66,42,24
26/06/2013,20:00,47,34,13
26/06/2013,20:15,51,30,21
26/06/2013,20:30,55,35,20
26/06/2013,20:45,43,14,29
26/06/2013,21:00,50,26,24
26/06/2013,21:15,37,25,12
26/06/2013,21:30,25,14,11
26/06/2013,21:45,32,24,8
26/06/2013,22:00,33,27,6
26/06/2013,22:15,40,29,11
26/06/2013,22:30,28,22,6
26/06/2013,22:45,25,23,2
26/06/2013,23:00,12,11,1
26/06/2013,23:15,22,19,3
26/06/2013,23:30,20,17,3
26/06/2013,23:45,18,17,1
27/06/2013,00:00,10,10,0
27/06/2013,00:15,6,5,1
27/06/2013,00:30,6,5,1
27/06/2013,00:45,6,6,0
27/06/2013,01:00,8,8,0
27/06/2013,01:15,10,10,0
27/06/2013,01:30,4,4,0
27/06/2013,01:45,0,0,0
27/06/2013,02:00,7,6,1
27/06/2013,02:15,3,1,2
27/06/2013,02:30,3,3,0
27/06/2013,02:45,2,1,1
27/06/2013,03:00,1,1,0
27/06/2013,03:15,3,1,2
27/06/2013,03:30,1,0,1
27/06/2013,03:45,0,0,0
27/06/2013,04:00,1,1,0
27/06/2013,04:15,4,2,2
27/06/2013,04:30,1,1,0
27/06/2013,04:45,3,1,2
27/06/2013,05:00,6,2,4
27/06/2013,05:15,12,8,4
27/06/2013,05:30,9,3,6
27/06/2013,05:45,8,3,5
27/06/2013,06:00,24,20,4
27/06/2013,06:15,23,12,11
27/06/2013,06:30,44,21,23
27/06/2013,06:45,36,15,21
27/06/2013,07:00,46,14,32
27/06/2013,07:15,68,31,37
27/06/2013,07:30,80,15,65
27/06/2013,07:45,86,15,71
27/06/2013,08:00,94,28,66
27/06/2013,08:15,125,26,99
27/06/2013,08:30,110,28,82
27/06/2013,08:45,76,20,56
27/06/2013,09:00,90,26,64
27/06/2013,09:15,63,23,40
27/06/2013,09:30,67,26,41
27/06/2013,09:45,34,15,19
27/06/2013,10:00,39,17,22
27/06/2013,10:15,53,28,25
27/06/2013,10:30,51,26,25
27/06/2013,10:45,46,24,22
27/06/2013,11:00,50,29,21
27/06/2013,11:15,38,16,22
27/06/2013,11:30,51,28,23
27/06/2013,11:45,39,21,18
27/06/2013,12:00,46,29,17
27/06/2013,12:15,43,22,21
27/06/2013,12:30,53,31,22
27/06/2013,12:45,38,19,19
27/06/2013,13:00,51,31,20
27/06/2013,13:15,37,24,13
27/06/2013,13:30,39,20,19
27/06/2013,13:45,50,26,24
27/06/2013,14:00,40,25,15
27/06/2013,14:15,45,30,15
27/06/2013,14:30,38,21,17
27/06/2013,14:45,55,32,23
27/06/2013,15:00,51,28,23
27/06/2013,15:15,85,55,30
27/06/2013,15:30,73,51,22
27/06/2013,15:45,48,28,20
27/06/2013,16:00,77,47,30
27/06/2013,16:15,54,35,19
27/06/2013,16:30,82,55,27
27/06/2013,16:45,96,59,37
27/06/2013,17:00,109,76,33
27/06/2013,17:15,111,79,32
27/06/2013,17:30,137,104,33
27/06/2013,17:45,117,81,36
27/06/2013,18:00,140,115,25
27/06/2013,18:15,123,103,20
27/06/2013,18:30,127,101,26
27/06/2013,18:45,109,76,33
27/06/2013,19:00,89,66,23
27/06/2013,19:15,95,68,27
27/06/2013,19:30,89,59,30
27/06/2013,19:45,70,48,22
27/06/2013,20:00,70,45,25
27/06/2013,20:15,57,34,23
27/06/2013,20:30,37,22,15
27/06/2013,20:45,51,22,29
27/06/2013,21:00,29,22,7
27/06/2013,21:15,39,25,14
27/06/2013,21:30,33,21,12
27/06/2013,21:45,39,24,15
27/06/2013,22:00,44,25,19
27/06/2013,22:15,43,31,12
27/06/2013,22:30,30,19,11
27/06/2013,22:45,27,24,3
27/06/2013,23:00,28,23,5
27/06/2013,23:15,21,20,1
27/06/2013,23:30,20,16,4
27/06/2013,23:45,18,13,5
28/06/2013,00:00,9,7,2
28/06/2013,00:15,12,10,2
28/06/2013,00:30,8,7,1
28/06/2013,00:45,4,3,1
28/06/2013,01:00,12,5,7
28/06/2013,01:15,6,5,1
28/06/2013,01:30,3,1,2
28/06/2013,01:45,0,0,0
28/06/2013,02:00,2,2,0
28/06/2013,02:15,6,6,0
28/06/2013,02:30,2,2,0
28/06/2013,02:45,1,1,0
28/06/2013,03:00,3,2,1
28/06/2013,03:15,3,2,1
28/06/2013,03:30,3,3,0
28/06/2013,03:45,0,0,0
28/06/2013,04:00,0,0,0
28/06/2013,04:15,1,1,0
28/06/2013,04:30,3,0,3
28/06/2013,04:45,2,1,1
28/06/2013,05:00,3,1,2
28/06/2013,05:15,1,1,0
28/06/2013,05:30,11,5,6
28/06/2013,05:45,11,5,6
28/06/2013,06:00,21,11,10
28/06/2013,06:15,34,17,17
28/06/2013,06:30,38,18,20
28/06/2013,06:45,30,17,13
28/06/2013,07:00,50,22,28
28/06/2013,07:15,74,26,48
28/06/2013,07:30,77,18,59
28/06/2013,07:45,73,14,59
28/06/2013,08:00,76,16,60
28/06/2013,08:15,101,26,75
28/06/2013,08:30,90,26,64
28/06/2013,08:45,75,20,55
28/06/2013,09:00,77,19,58
28/06/2013,09:15,67,20,47
28/06/2013,09:30,55,31,24
28/06/2013,09:45,64,28,36
28/06/2013,10:00,46,26,20
28/06/2013,10:15,43,23,20
28/06/2013,10:30,48,23,25
28/06/2013,10:45,49,29,20
28/06/2013,11:00,41,19,22
28/06/2013,11:15,47,20,27
28/06/2013,11:30,52,29,23
28/06/2013,11:45,57,34,23
28/06/2013,12:00,28,14,14
28/06/2013,12:15,52,31,21
28/06/2013,12:30,51,23,28
28/06/2013,12:45,49,27,22
28/06/2013,13:00,54,33,21
28/06/2013,13:15,56,33,23
28/06/2013,13:30,49,30,19
28/06/2013,13:45,51,28,23
28/06/2013,14:00,57,30,27
28/06/2013,14:15,68,39,29
28/06/2013,14:30,41,23,18
28/06/2013,14:45,39,21,18
28/06/2013,15:00,75,49,26
28/06/2013,15:15,52,28,24
28/06/2013,15:30,64,37,27
28/06/2013,15:45,51,29,22
28/06/2013,16:00,64,37,27
28/06/2013,16:15,78,58,20
28/06/2013,16:30,90,61,29
28/06/2013,16:45,76,50,26
28/06/2013,17:00,92,64,28
28/06/2013,17:15,99,64,35
28/06/2013,17:30,129,88,41
28/06/2013,17:45,102,78,24
28/06/2013,18:00,92,68,24
28/06/2013,18:15,105,81,24
28/06/2013,18:30,109,82,27
28/06/2013,18:45,85,60,25
28/06/2013,19:00,61,49,12
28/06/2013,19:15,81,58,23
28/06/2013,19:30,107,64,43
28/06/2013,19:45,60,33,27
28/06/2013,20:00,73,35,38
28/06/2013,20:15,62,20,42
28/06/2013,20:30,43,20,23
28/06/2013,20:45,35,17,18
28/06/2013,21:00,36,21,15
28/06/2013,21:15,45,29,16
28/06/2013,21:30,34,23,11
28/06/2013,21:45,34,22,12
28/06/2013,22:00,25,20,5
28/06/2013,22:15,37,26,11
28/06/2013,22:30,25,18,7
28/06/2013,22:45,32,22,10
28/06/2013,23:00,22,20,2
28/06/2013,23:15,18,17,1
28/06/2013,23:30,17,12,5
28/06/2013,23:45,30,29,1
29/06/2013,00:00,17,15,2
29/06/2013,00:15,20,15,5
29/06/2013,00:30,21,19,2
29/06/2013,00:45,16,15,1
29/06/2013,01:00,19,16,3
29/06/2013,01:15,12,8,4
29/06/2013,01:30,12,11,1
29/06/2013,01:45,3,3,0
29/06/2013,02:00,10,10,0
29/06/2013,02:15,9,7,2
29/06/2013,02:30,8,7,1
29/06/2013,02:45,5,5,0
29/06/2013,03:00,6,6,0
29/06/2013,03:15,5,3,2
29/06/2013,03:30,3,3,0
29/06/2013,03:45,1,1,0
29/06/2013,04:00,3,3,0
29/06/2013,04:15,2,1,1
29/06/2013,04:30,0,0,0
29/06/2013,04:45,2,2,0
29/06/2013,05:00,3,2,1
29/06/2013,05:15,4,2,2
29/06/2013,05:30,2,0,2
29/06/2013,05:45,4,2,2
29/06/2013,06:00,3,2,1
29/06/2013,06:15,18,15,3
29/06/2013,06:30,12,4,8
29/06/2013,06:45,15,9,6
29/06/2013,07:00,18,13,5
29/06/2013,07:15,23,17,6
29/06/2013,07:30,31,18,13
29/06/2013,07:45,34,22,12
29/06/2013,08:00,34,24,10
29/06/2013,08:15,37,22,15
29/06/2013,08:30,64,42,22
29/06/2013,08:45,52,34,18
29/06/2013,09:00,62,42,20
29/06/2013,09:15,68,42,26
29/06/2013,09:30,81,54,27
29/06/2013,09:45,74,48,26
29/06/2013,10:00,74,50,24
29/06/2013,10:15,106,51,55
29/06/2013,10:30,86,58,28
29/06/2013,10:45,97,49,48
29/06/2013,11:00,102,58,44
29/06/2013,11:15,87,50,37
29/06/2013,11:30,95,46,49
29/06/2013,11:45,99,49,50
29/06/2013,12:00,103,51,52
29/06/2013,12:15,101,65,36
29/06/2013,12:30,111,65,46
29/06/2013,12:45,107,60,47
29/06/2013,13:00,125,73,52
29/06/2013,13:15,112,61,51
29/06/2013,13:30,127,84,43
29/06/2013,13:45,117,73,44
29/06/2013,14:00,115,62,53
29/06/2013,14:15,139,81,58
29/06/2013,14:30,113,57,56
29/06/2013,14:45,110,46,64
29/06/2013,15:00,87,40,47
29/06/2013,15:15,107,52,55
29/06/2013,15:30,88,29,59
29/06/2013,15:45,107,44,63
29/06/2013,16:00,115,47,68
29/06/2013,16:15,86,36,50
29/06/2013,16:30,88,39,49
29/06/2013,16:45,84,37,47
29/06/2013,17:00,87,36,51
29/06/2013,17:15,79,31,48
29/06/2013,17:30,91,38,53
29/06/2013,17:45,71,27,44
29/06/2013,18:00,89,32,57
29/06/2013,18:15,65,36,29
29/06/2013,18:30,59,23,36
29/06/2013,18:45,68,36,32
29/06/2013,19:00,56,31,25
29/06/2013,19:15,50,27,23
29/06/2013,19:30,39,25,14
29/06/2013,19:45,42,22,20
29/06/2013,20:00,45,24,21
29/06/2013,20:15,39,22,17
29/06/2013,20:30,31,19,12
29/06/2013,20:45,36,19,17
29/06/2013,21:00,25,17,8
29/06/2013,21:15,12,8,4
29/06/2013,21:30,24,12,12
29/06/2013,21:45,36,24,12
29/06/2013,22:00,19,14,5
29/06/2013,22:15,20,11,9
29/06/2013,22:30,18,12,6
29/06/2013,22:45,19,18,1
29/06/2013,23:00,21,16,5
29/06/2013,23:15,21,15,6
29/06/2013,23:30,13,12,1
29/06/2013,23:45,14,11,3
30/06/2013,00:00,20,18,2
30/06/2013,00:15,16,16,0
30/06/2013,00:30,13,11,2
30/06/2013,00:45,10,9,1
30/06/2013,01:00,17,13,4
30/06/2013,01:15,6,4,2
30/06/2013,01:30,14,14,0
30/06/2013,01:45,4,3,1
30/06/2013,02:00,17,14,3
30/06/2013,02:15,6,4,2
30/06/2013,02:30,7,4,3
30/06/2013,02:45,7,6,1
30/06/2013,03:00,1,1,0
30/06/2013,03:15,2,2,0
30/06/2013,03:30,1,0,1
30/06/2013,03:45,4,3,1
30/06/2013,04:00,1,0,1
30/06/2013,04:15,3,3,0
30/06/2013,04:30,0,0,0
30/06/2013,04:45,3,1,2
30/06/2013,05:00,6,5,1
30/06/2013,05:15,1,1,0
30/06/2013,05:30,6,3,3
30/06/2013,05:45,4,3,1
30/06/2013,06:00,1,1,0
30/06/2013,06:15,8,3,5
30/06/2013,06:30,9,5,4
30/06/2013,06:45,13,9,4
30/06/2013,07:00,16,14,2
30/06/2013,07:15,18,11,7
30/06/2013,07:30,28,18,10
30/06/2013,07:45,23,20,3
30/06/2013,08:00,30,17,13
30/06/2013,08:15,34,20,14
30/06/2013,08:30,41,25,16
30/06/2013,08:45,51,30,21
30/06/2013,09:00,56,36,20
30/06/2013,09:15,51,33,18
30/06/2013,09:30,72,47,25
30/06/2013,09:45,51,33,18
30/06/2013,10:00,74,39,35
30/06/2013,10:15,88,42,46
30/06/2013,10:30,90,42,48
30/06/2013,10:45,76,36,40
30/06/2013,11:00,125,55,70
30/06/2013,11:15,86,41,45
30/06/2013,11:30,102,65,37
30/06/2013,11:45,98,51,47
30/06/2013,12:00,83,52,31
30/06/2013,12:15,106,62,44
30/06/2013,12:30,113,72,41
30/06/2013,12:45,91,48,43
30/06/2013,13:00,79,47,32
30/06/2013,13:15,99,63,36
30/06/2013,13:30,117,65,52
30/06/2013,13:45,102,59,43
30/06/2013,14:00,93,47,46
30/06/2013,14:15,90,56,34
30/06/2013,14:30,75,41,34
30/06/2013,14:45,113,68,45
30/06/2013,15:00,85,52,33
30/06/2013,15:15,79,39,40
30/06/2013,15:30,104,54,50
30/06/2013,15:45,105,56,49
30/06/2013,16:00,83,49,34
30/06/2013,16:15,90,36,54
30/06/2013,16:30,94,44,50
30/06/2013,16:45,103,33,70
30/06/2013,17:00,110,36,74
30/06/2013,17:15,91,46,45
30/06/2013,17:30,85,49,36
30/06/2013,17:45,67,36,31
30/06/2013,18:00,63,22,41
30/06/2013,18:15,61,30,31
30/06/2013,18:30,51,29,22
30/06/2013,18:45,61,28,33
30/06/2013,19:00,48,26,22
30/06/2013,19:15,46,16,30
30/06/2013,19:30,50,31,19
30/06/2013,19:45,48,20,28
30/06/2013,20:00,38,21,17
30/06/2013,20:15,28,13,15
30/06/2013,20:30,35,19,16
30/06/2013,20:45,26,15,11
30/06/2013,21:00,22,14,8
30/06/2013,21:15,24,15,9
30/06/2013,21:30,18,14,4
30/06/2013,21:45,15,13,2
30/06/2013,22:00,10,8,2
30/06/2013,22:15,17,13,4
30/06/2013,22:30,15,13,2
30/06/2013,22:45,14,12,2
30/06/2013,23:00,13,8,5
30/06/2013,23:15,15,11,4
30/06/2013,23:30,7,7,0
30/06/2013,23:45,9,7,2
01/07/2013,00:00,13,12,1
01/07/2013,00:15,14,12,2
01/07/2013,00:30,2,1,1
01/07/2013,00:45,7,7,0
01/07/2013,01:00,3,2,1
01/07/2013,01:15,5,5,0
01/07/2013,01:30,0,0,0
01/07/2013,01:45,2,1,1
01/07/2013,02:00,2,2,0
01/07/2013,02:15,4,3,1
01/07/2013,02:30,1,1,0
01/07/2013,02:45,1,1,0
01/07/2013,03:00,0,0,0
01/07/2013,03:15,5,4,1
01/07/2013,03:30,0,0,0
01/07/2013,03:45,0,0,0
01/07/2013,04:00,0,0,0
01/07/2013,04:15,0,0,0
01/07/2013,04:30,1,0,1
01/07/2013,04:45,0,0,0
01/07/2013,05:00,7,3,4
01/07/2013,05:15,3,0,3
01/07/2013,05:30,10,3,7
01/07/2013,05:45,10,3,7
01/07/2013,06:00,14,5,9
01/07/2013,06:15,20,9,11
01/07/2013,06:30,24,11,13
01/07/2013,06:45,40,12,28
01/07/2013,07:00,41,12,29
01/07/2013,07:15,70,18,52
01/07/2013,07:30,77,17,60
01/07/2013,07:45,83,18,65
01/07/2013,08:00,69,18,51
01/07/2013,08:15,125,28,97
01/07/2013,08:30,108,28,80
01/07/2013,08:45,79,17,62
01/07/2013,09:00,70,19,51
01/07/2013,09:15,68,24,44
01/07/2013,09:30,48,16,32
01/07/2013,09:45,31,7,24
01/07/2013,10:00,41,16,25
01/07/2013,10:15,30,17,13
01/07/2013,10:30,36,17,19
01/07/2013,10:45,38,26,12
01/07/2013,11:00,32,17,15
01/07/2013,11:15,55,33,22
01/07/2013,11:30,37,16,21
01/07/2013,11:45,58,30,28
01/07/2013,12:00,38,21,17
01/07/2013,12:15,50,34,16
01/07/2013,12:30,55,27,28
01/07/2013,12:45,49,28,21
01/07/2013,13:00,44,26,18
01/07/2013,13:15,50,25,25
01/07/2013,13:30,43,19,24
01/07/2013,13:45,38,26,12
01/07/2013,14:00,40,26,14
01/07/2013,14:15,46,28,18
01/07/2013,14:30,33,10,23
01/07/2013,14:45,36,24,12
01/07/2013,15:00,42,27,15
01/07/2013,15:15,47,31,16
01/07/2013,15:30,58,32,26
01/07/2013,15:45,51,29,22
01/07/2013,16:00,60,37,23
01/07/2013,16:15,86,52,34
01/07/2013,16:30,76,40,36
01/07/2013,16:45,86,60,26
01/07/2013,17:00,98,74,24
01/07/2013,17:15,133,105,28
01/07/2013,17:30,139,99,40
01/07/2013,17:45,113,90,23
01/07/2013,18:00,119,102,17
01/07/2013,18:15,155,127,28
01/07/2013,18:30,132,102,30
01/07/2013,18:45,93,69,24
01/07/2013,19:00,103,78,25
01/07/2013,19:15,86,67,19
01/07/2013,19:30,91,63,28
01/07/2013,19:45,65,45,20
01/07/2013,20:00,39,29,10
01/07/2013,20:15,39,30,9
01/07/2013,20:30,29,21,8
01/07/2013,20:45,33,30,3
01/07/2013,21:00,26,18,8
01/07/2013,21:15,36,24,12
01/07/2013,21:30,22,17,5
01/07/2013,21:45,23,17,6
01/07/2013,22:00,12,10,2
01/07/2013,22:15,22,16,6
01/07/2013,22:30,28,16,12
01/07/2013,22:45,24,16,8
01/07/2013,23:00,11,7,4
01/07/2013,23:15,20,16,4
01/07/2013,23:30,11,8,3
01/07/2013,23:45,16,13,3
02/07/2013,00:00,4,3,1
02/07/2013,00:15,6,4,2
02/07/2013,00:30,4,3,1
02/07/2013,00:45,0,0,0
02/07/2013,01:00,3,3,0
02/07/2013,01:15,5,4,1
02/07/2013,01:30,2,2,0
02/07/2013,01:45,1,1,0
02/07/2013,02:00,6,6,0
02/07/2013,02:15,1,1,0
02/07/2013,02:30,1,1,0
02/07/2013,02:45,2,2,0
02/07/2013,03:00,1,1,0
02/07/2013,03:15,1,0,1
02/07/2013,03:30,1,0,1
02/07/2013,03:45,0,0,0
02/07/2013,04:00,0,0,0
02/07/2013,04:15,0,0,0
02/07/2013,04:30,0,0,0
02/07/2013,04:45,0,0,0
02/07/2013,05:00,9,5,4
02/07/2013,05:15,12,7,5
02/07/2013,05:30,9,5,4
02/07/2013,05:45,19,4,15
02/07/2013,06:00,33,16,17
02/07/2013,06:15,26,12,14
02/07/2013,06:30,46,23,23
02/07/2013,06:45,40,16,24
02/07/2013,07:00,47,17,30
02/07/2013,07:15,63,14,49
02/07/2013,07:30,93,22,71
02/07/2013,07:45,71,23,48
02/07/2013,08:00,73,24,49
02/07/2013,08:15,117,33,84
02/07/2013,08:30,122,32,90
02/07/2013,08:45,91,24,67
02/07/2013,09:00,70,18,52
02/07/2013,09:15,68,25,43
02/07/2013,09:30,51,17,34
02/07/2013,09:45,59,26,33
02/07/2013,10:00,30,12,18
02/07/2013,10:15,38,23,15
02/07/2013,10:30,38,15,23
02/07/2013,10:45,46,31,15
02/07/2013,11:00,32,18,14
02/07/2013,11:15,35,16,19
02/07/2013,11:30,34,20,14
02/07/2013,11:45,45,22,23
02/07/2013,12:00,34,19,15
02/07/2013,12:15,47,27,20
02/07/2013,12:30,36,18,18
02/07/2013,12:45,35,22,13
02/07/2013,13:00,43,19,24
02/07/2013,13:15,49,23,26
02/07/2013,13:30,51,26,25
02/07/2013,13:45,38,27,11
02/07/2013,14:00,37,21,16
02/07/2013,14:15,44,25,19
02/07/2013,14:30,44,28,16
02/07/2013,14:45,45,26,19
02/07/2013,15:00,52,31,21
02/07/2013,15:15,53,31,22
02/07/2013,15:30,47,28,19
02/07/2013,15:45,55,32,23
02/07/2013,16:00,64,35,29
02/07/2013,16:15,67,46,21
02/07/2013,16:30,74,56,18
02/07/2013,16:45,75,46,29
02/07/2013,17:00,103,69,34
02/07/2013,17:15,124,101,23
02/07/2013,17:30,105,89,16
02/07/2013,17:45,134,104,30
02/07/2013,18:00,122,98,24
02/07/2013,18:15,132,105,27
02/07/2013,18:30,105,84,21
02/07/2013,18:45,97,75,22
02/07/2013,19:00,89,79,10
02/07/2013,19:15,88,61,27
02/07/2013,19:30,75,61,14
02/07/2013,19:45,58,37,21
02/07/2013,20:00,54,41,13
02/07/2013,20:15,51,31,20
02/07/2013,20:30,45,33,12
02/07/2013,20:45,34,20,14
02/07/2013,21:00,35,24,11
02/07/2013,21:15,29,19,10
02/07/2013,21:30,26,20,6
02/07/2013,21:45,24,20,4
02/07/2013,22:00,20,17,3
02/07/2013,22:15,28,21,7
02/07/2013,22:30,15,12,3
02/07/2013,22:45,16,8,8
02/07/2013,23:00,14,12,2
02/07/2013,23:15,22,14,8
02/07/2013,23:30,14,6,8
02/07/2013,23:45,10,7,3
03/07/2013,00:00,7,7,0
03/07/2013,00:15,4,3,1
03/07/2013,00:30,9,8,1
03/07/2013,00:45,8,6,2
03/07/2013,01:00,3,2,1
03/07/2013,01:15,2,0,2
03/07/2013,01:30,7,6,1
03/07/2013,01:45,0,0,0
03/07/2013,02:00,1,1,0
03/07/2013,02:15,4,3,1
03/07/2013,02:30,1,1,0
03/07/2013,02:45,1,1,0
03/07/2013,03:00,2,2,0
03/07/2013,03:15,1,0,1
03/07/2013,03:30,0,0,0
03/07/2013,03:45,1,0,1
03/07/2013,04:00,0,0,0
03/07/2013,04:15,1,0,1
03/07/2013,04:30,1,0,1
03/07/2013,04:45,4,2,2
03/07/2013,05:00,3,1,2
03/07/2013,05:15,13,8,5
03/07/2013,05:30,11,4,7
03/07/2013,05:45,15,7,8
03/07/2013,06:00,20,12,8
03/07/2013,06:15,23,12,11
03/07/2013,06:30,26,8,18
03/07/2013,06:45,27,11,16
03/07/2013,07:00,39,15,24
03/07/2013,07:15,52,10,42
03/07/2013,07:30,60,13,47
03/07/2013,07:45,64,9,55
03/07/2013,08:00,88,24,64
03/07/2013,08:15,82,21,61
03/07/2013,08:30,110,31,79
03/07/2013,08:45,73,15,58
03/07/2013,09:00,69,20,49
03/07/2013,09:15,73,27,46
03/07/2013,09:30,70,38,32
03/07/2013,09:45,30,15,15
03/07/2013,10:00,52,25,27
03/07/2013,10:15,47,26,21
03/07/2013,10:30,55,32,23
03/07/2013,10:45,37,20,17
03/07/2013,11:00,60,40,20
03/07/2013,11:15,51,29,22
03/07/2013,11:30,31,20,11
03/07/2013,11:45,49,25,24
03/07/2013,12:00,39,22,17
03/07/2013,12:15,53,33,20
03/07/2013,12:30,58,28,30
03/07/2013,12:45,48,23,25
03/07/2013,13:00,47,22,25
03/07/2013,13:15,46,28,18
03/07/2013,13:30,52,28,24
03/07/2013,13:45,55,32,23
03/07/2013,14:00,40,18,22
03/07/2013,14:15,51,31,20
03/07/2013,14:30,40,30,10
03/07/2013,14:45,51,33,18
03/07/2013,15:00,55,31,24
03/07/2013,15:15,70,39,31
03/07/2013,15:30,70,46,24
03/07/2013,15:45,59,37,22
03/07/2013,16:00,66,48,18
03/07/2013,16:15,88,67,21
03/07/2013,16:30,78,56,22
03/07/2013,16:45,82,55,27
03/07/2013,17:00,128,76,52
03/07/2013,17:15,105,79,26
03/07/2013,17:30,107,74,33
03/07/2013,17:45,93,62,31
03/07/2013,18:00,108,80,28
03/07/2013,18:15,119,90,29
03/07/2013,18:30,93,68,25
03/07/2013,18:45,92,66,26
03/07/2013,19:00,66,49,17
03/07/2013,19:15,78,50,28
03/07/2013,19:30,56,40,16
03/07/2013,19:45,50,37,13
03/07/2013,20:00,61,44,17
03/07/2013,20:15,38,19,19
03/07/2013,20:30,56,40,16
03/07/2013,20:45,34,18,16
03/07/2013,21:00,48,20,28
03/07/2013,21:15,31,24,7
03/07/2013,21:30,20,16,4
03/07/2013,21:45,27,22,5
03/07/2013,22:00,25,16,9
03/07/2013,22:15,20,13,7
03/07/2013,22:30,26,22,4
03/07/2013,22:45,16,14,2
03/07/2013,23:00,30,17,13
03/07/2013,23:15,13,8,5
03/07/2013,23:30,21,15,6
03/07/2013,23:45,8,8,0
04/07/2013,00:00,13,9,4
04/07/2013,00:15,17,13,4
04/07/2013,00:30,11,9,2
04/07/2013,00:45,6,4,2
04/07/2013,01:00,5,5,0
04/07/2013,01:15,12,12,0
04/07/2013,01:30,5,5,0
04/07/2013,01:45,1,0,1
04/07/2013,02:00,5,4,1
04/07/2013,02:15,6,4,2
04/07/2013,02:30,2,2,0
04/07/2013,02:45,1,1,0
04/07/2013,03:00,2,2,0
04/07/2013,03:15,6,5,1
04/07/2013,03:30,1,1,0
04/07/2013,03:45,0,0,0
04/07/2013,04:00,0,0,0
04/07/2013,04:15,0,0,0
04/07/2013,04:30,0,0,0
04/07/2013,04:45,1,0,1
04/07/2013,05:00,0,0,0
04/07/2013,05:15,3,0,3
04/07/2013,05:30,5,5,0
04/07/2013,05:45,4,0,4
04/07/2013,06:00,15,9,6
04/07/2013,06:15,9,7,2
04/07/2013,06:30,11,6,5
04/07/2013,06:45,10,4,6
04/07/2013,07:00,12,8,4
04/07/2013,07:15,21,13,8
04/07/2013,07:30,25,13,12
04/07/2013,07:45,15,9,6
04/07/2013,08:00,31,23,8
04/07/2013,08:15,35,23,12
04/07/2013,08:30,51,37,14
04/07/2013,08:45,33,26,7
04/07/2013,09:00,44,26,18
04/07/2013,09:15,46,29,17
04/07/2013,09:30,58,43,15
04/07/2013,09:45,79,60,19
04/07/2013,10:00,67,50,17
04/07/2013,10:15,87,51,36
04/07/2013,10:30,96,64,32
04/07/2013,10:45,63,36,27
04/07/2013,11:00,90,58,32
04/07/2013,11:15,79,54,25
04/07/2013,11:30,114,66,48
04/07/2013,11:45,87,57,30
04/07/2013,12:00,88,54,34
04/07/2013,12:15,130,88,42
04/07/2013,12:30,116,73,43
04/07/2013,12:45,94,45,49
04/07/2013,13:00,98,58,40
04/07/2013,13:15,117,76,41
04/07/2013,13:30,87,56,31
04/07/2013,13:45,104,54,50
04/07/2013,14:00,107,60,47
04/07/2013,14:15,106,73,33
04/07/2013,14:30,98,57,41
04/07/2013,14:45,118,61,57
04/07/2013,15:00,93,49,44
04/07/2013,15:15,83,55,28
04/07/2013,15:30,89,41,48
04/07/2013,15:45,95,51,44
04/07/2013,16:00,79,30,49
04/07/2013,16:15,83,38,45
04/07/2013,16:30,70,39,31
04/07/2013,16:45,58,29,29
04/07/2013,17:00,69,28,41
04/07/2013,17:15,69,19,50
04/07/2013,17:30,94,38,56
04/07/2013,17:45,74,37,37
04/07/2013,18:00,68,26,42
04/07/2013,18:15,60,21,39
04/07/2013,18:30,55,19,36
04/07/2013,18:45,59,22,37
04/07/2013,19:00,39,11,28
04/07/2013,19:15,30,12,18
04/07/2013,19:30,42,14,28
04/07/2013,19:45,43,22,21
04/07/2013,20:00,35,12,23
04/07/2013,20:15,33,17,16
04/07/2013,20:30,20,11,9
04/07/2013,20:45,22,8,14
04/07/2013,21:00,24,7,17
04/07/2013,21:15,16,6,10
04/07/2013,21:30,9,9,0
04/07/2013,21:45,24,22,2
04/07/2013,22:00,23,12,11
04/07/2013,22:15,29,18,11
04/07/2013,22:30,29,19,10
04/07/2013,22:45,20,15,5
04/07/2013,23:00,12,11,1
04/07/2013,23:15,17,14,3
04/07/2013,23:30,22,11,11
04/07/2013,23:45,19,14,5
05/07/2013,00:00,11,9,2
05/07/2013,00:15,14,14,0
05/07/2013,00:30,9,8,1
05/07/2013,00:45,9,9,0
05/07/2013,01:00,8,5,3
05/07/2013,01:15,11,11,0
05/07/2013,01:30,3,2,1
05/07/2013,01:45,1,1,0
05/07/2013,02:00,1,1,0
05/07/2013,02:15,3,1,2
05/07/2013,02:30,5,4,1
05/07/2013,02:45,2,2,0
05/07/2013,03:00,0,0,0
05/07/2013,03:15,1,1,0
05/07/2013,03:30,0,0,0
05/07/2013,03:45,1,0,1
05/07/2013,04:00,1,1,0
05/07/2013,04:15,1,0,1
05/07/2013,04:30,0,0,0
05/07/2013,04:45,1,1,0
05/07/2013,05:00,5,2,3
05/07/2013,05:15,4,4,0
05/07/2013,05:30,4,2,2
05/07/2013,05:45,9,4,5
05/07/2013,06:00,9,4,5
05/07/2013,06:15,14,7,7
05/07/2013,06:30,16,7,9
05/07/2013,06:45,22,14,8
05/07/2013,07:00,19,6,13
05/07/2013,07:15,21,8,13
05/07/2013,07:30,40,15,25
05/07/2013,07:45,32,10,22
05/07/2013,08:00,47,15,32
05/07/2013,08:15,37,13,24
05/07/2013,08:30,62,21,41
05/07/2013,08:45,35,13,22
05/07/2013,09:00,41,15,26
05/07/2013,09:15,37,19,18
05/07/2013,09:30,35,14,21
05/07/2013,09:45,41,23,18
05/07/2013,10:00,38,18,20
05/07/2013,10:15,31,12,19
05/07/2013,10:30,37,15,22
05/07/2013,10:45,41,27,14
05/07/2013,11:00,35,19,16
05/07/2013,11:15,49,28,21
05/07/2013,11:30,39,20,19
05/07/2013,11:45,40,24,16
05/07/2013,12:00,36,19,17
05/07/2013,12:15,59,40,19
05/07/2013,12:30,36,21,15
05/07/2013,12:45,39,21,18
05/07/2013,13:00,40,24,16
05/07/2013,13:15,31,23,8
05/07/2013,13:30,37,20,17
05/07/2013,13:45,40,22,18
05/07/2013,14:00,45,36,9
05/07/2013,14:15,43,27,16
05/07/2013,14:30,45,25,20
05/07/2013,14:45,33,21,12
05/07/2013,15:00,44,23,21
05/07/2013,15:15,49,31,18
05/07/2013,15:30,44,23,21
05/07/2013,15:45,46,32,14
05/07/2013,16:00,62,34,28
05/07/2013,16:15,65,35,30
05/07/2013,16:30,53,38,15
05/07/2013,16:45,55,30,25
05/07/2013,17:00,59,37,22
05/07/2013,17:15,69,42,27
05/07/2013,17:30,72,40,32
05/07/2013,17:45,59,38,21
05/07/2013,18:00,69,47,22
05/07/2013,18:15,60,40,20
05/07/2013,18:30,48,29,19
05/07/2013,18:45,51,31,20
05/07/2013,19:00,43,34,9
05/07/2013,19:15,66,46,20
05/07/2013,19:30,69,61,8
05/07/2013,19:45,53,48,5
05/07/2013,20:00,53,31,22
05/07/2013,20:15,25,13,12
05/07/2013,20:30,26,19,7
05/07/2013,20:45,30,22,8
05/07/2013,21:00,19,8,11
05/07/2013,21:15,17,12,5
05/07/2013,21:30,16,4,12
05/07/2013,21:45,15,8,7
05/07/2013,22:00,17,6,11
05/07/2013,22:15,10,5,5
05/07/2013,22:30,14,9,5
05/07/2013,22:45,16,13,3
05/07/2013,23:00,16,14,2
05/07/2013,23:15,48,43,5
05/07/2013,23:30,22,19,3
05/07/2013,23:45,6,4,2
06/07/2013,00:00,17,14,3
06/07/2013,00:15,10,8,2
06/07/2013,00:30,8,8,0
06/07/2013,00:45,6,5,1
06/07/2013,01:00,4,2,2
06/07/2013,01:15,5,3,2
06/07/2013,01:30,8,7,1
06/07/2013,01:45,0,0,0
06/07/2013,02:00,5,5,0
06/07/2013,02:15,1,1,0
06/07/2013,02:30,2,2,0
06/07/2013,02:45,2,2,0
06/07/2013,03:00,1,1,0
06/07/2013,03:15,0,0,0
06/07/2013,03:30,4,4,0
06/07/2013,03:45,2,2,0
06/07/2013,04:00,1,1,0
06/07/2013,04:15,1,0,1
06/07/2013,04:30,0,0,0
06/07/2013,04:45,2,1,1
06/07/2013,05:00,0,0,0
06/07/2013,05:15,1,1,0
06/07/2013,05:30,5,2,3
06/07/2013,05:45,1,1,0
06/07/2013,06:00,1,0,1
06/07/2013,06:15,4,2,2
06/07/2013,06:30,7,1,6
06/07/2013,06:45,10,6,4
06/07/2013,07:00,10,6,4
06/07/2013,07:15,10,4,6
06/07/2013,07:30,16,10,6
06/07/2013,07:45,16,7,9
06/07/2013,08:00,16,10,6
06/07/2013,08:15,27,16,11
06/07/2013,08:30,43,21,22
06/07/2013,08:45,22,9,13
06/07/2013,09:00,44,33,11
06/07/2013,09:15,47,28,19
06/07/2013,09:30,28,12,16
06/07/2013,09:45,35,23,12
06/07/2013,10:00,29,18,11
06/07/2013,10:15,46,27,19
06/07/2013,10:30,50,28,22
06/07/2013,10:45,52,32,20
06/07/2013,11:00,57,38,19
06/07/2013,11:15,56,33,23
06/07/2013,11:30,88,53,35
06/07/2013,11:45,82,55,27
06/07/2013,12:00,69,35,34
06/07/2013,12:15,76,46,30
06/07/2013,12:30,69,38,31
06/07/2013,12:45,89,55,34
06/07/2013,13:00,63,32,31
06/07/2013,13:15,103,56,47
06/07/2013,13:30,80,42,38
06/07/2013,13:45,71,38,33
06/07/2013,14:00,67,31,36
06/07/2013,14:15,54,31,23
06/07/2013,14:30,76,42,34
06/07/2013,14:45,70,46,24
06/07/2013,15:00,77,28,49
06/07/2013,15:15,61,31,30
06/07/2013,15:30,57,23,34
06/07/2013,15:45,46,29,17
06/07/2013,16:00,93,54,39
06/07/2013,16:15,59,32,27
06/07/2013,16:30,62,24,38
06/07/2013,16:45,63,19,44
06/07/2013,17:00,58,26,32
06/07/2013,17:15,55,32,23
06/07/2013,17:30,45,19,26
06/07/2013,17:45,68,41,27
06/07/2013,18:00,38,17,21
06/07/2013,18:15,47,25,22
06/07/2013,18:30,29,11,18
06/07/2013,18:45,36,18,18
06/07/2013,19:00,37,20,17
06/07/2013,19:15,37,17,20
06/07/2013,19:30,31,20,11
06/07/2013,19:45,23,17,6
06/07/2013,20:00,24,15,9
06/07/2013,20:15,23,14,9
06/07/2013,20:30,17,12,5
06/07/2013,20:45,18,9,9
06/07/2013,21:00,16,8,8
06/07/2013,21:15,16,10,6
06/07/2013,21:30,8,6,2
06/07/2013,21:45,14,10,4
06/07/2013,22:00,12,10,2
06/07/2013,22:15,13,6,7
06/07/2013,22:30,10,8,2
06/07/2013,22:45,14,9,5
06/07/2013,23:00,7,7,0
06/07/2013,23:15,13,9,4
06/07/2013,23:30,10,9,1
06/07/2013,23:45,18,15,3
07/07/2013,00:00,6,4,2
07/07/2013,00:15,14,13,1
07/07/2013,00:30,16,14,2
07/07/2013,00:45,12,4,8
07/07/2013,01:00,7,3,4
07/07/2013,01:15,13,11,2
07/07/2013,01:30,6,6,0
07/07/2013,01:45,2,2,0
07/07/2013,02:00,4,2,2
07/07/2013,02:15,3,1,2
07/07/2013,02:30,3,3,0
07/07/2013,02:45,2,1,1
07/07/2013,03:00,1,1,0
07/07/2013,03:15,1,0,1
07/07/2013,03:30,2,2,0
07/07/2013,03:45,1,0,1
07/07/2013,04:00,0,0,0
07/07/2013,04:15,0,0,0
07/07/2013,04:30,1,0,1
07/07/2013,04:45,3,2,1
07/07/2013,05:00,2,0,2
07/07/2013,05:15,3,2,1
07/07/2013,05:30,3,1,2
07/07/2013,05:45,4,2,2
07/07/2013,06:00,9,4,5
07/07/2013,06:15,8,3,5
07/07/2013,06:30,9,5,4
07/07/2013,06:45,9,6,3
07/07/2013,07:00,12,7,5
07/07/2013,07:15,12,9,3
07/07/2013,07:30,16,9,7
07/07/2013,07:45,21,9,12
07/07/2013,08:00,19,14,5
07/07/2013,08:15,29,24,5
07/07/2013,08:30,33,26,7
07/07/2013,08:45,26,17,9
07/07/2013,09:00,36,24,12
07/07/2013,09:15,51,38,13
07/07/2013,09:30,41,22,19
07/07/2013,09:45,34,23,11
07/07/2013,10:00,67,37,30
07/07/2013,10:15,69,42,27
07/07/2013,10:30,70,51,19
07/07/2013,10:45,70,51,19
07/07/2013,11:00,71,49,22
07/07/2013,11:15,91,69,22
07/07/2013,11:30,95,54,41
07/07/2013,11:45,93,57,36
07/07/2013,12:00,108,72,36
07/07/2013,12:15,120,87,33
07/07/2013,12:30,92,56,36
07/07/2013,12:45,97,71,26
07/07/2013,13:00,135,83,52
07/07/2013,13:15,119,68,51
07/07/2013,13:30,116,63,53
07/07/2013,13:45,123,73,50
07/07/2013,14:00,110,50,60
07/07/2013,14:15,106,53,53
07/07/2013,14:30,93,28,65
07/07/2013,14:45,103,42,61
07/07/2013,15:00,88,45,43
07/07/2013,15:15,108,56,52
07/07/2013,15:30,88,36,52
07/07/2013,15:45,100,28,72
07/07/2013,16:00,94,30,64
07/07/2013,16:15,103,42,61
07/07/2013,16:30,85,30,55
07/07/2013,16:45,81,35,46
07/07/2013,17:00,87,40,47
07/07/2013,17:15,83,39,44
07/07/2013,17:30,86,34,52
07/07/2013,17:45,50,25,25
07/07/2013,18:00,57,34,23
07/07/2013,18:15,56,29,27
07/07/2013,18:30,58,37,21
07/07/2013,18:45,39,17,22
07/07/2013,19:00,45,20,25
07/07/2013,19:15,31,16,15
07/07/2013,19:30,33,21,12
07/07/2013,19:45,20,13,7
07/07/2013,20:00,25,14,11
07/07/2013,20:15,14,7,7
07/07/2013,20:30,25,13,12
07/07/2013,20:45,17,12,5
07/07/2013,21:00,21,16,5
07/07/2013,21:15,9,6,3
07/07/2013,21:30,10,7,3
07/07/2013,21:45,19,10,9
07/07/2013,22:00,18,12,6
07/07/2013,22:15,18,17,1
07/07/2013,22:30,11,9,2
07/07/2013,22:45,9,5,4
07/07/2013,23:00,6,4,2
07/07/2013,23:15,6,3,3
07/07/2013,23:30,6,6,0
07/07/2013,23:45,5,4,1
08/07/2013,00:00,1,1,0
08/07/2013,00:15,2,2,0
08/07/2013,00:30,4,4,0
08/07/2013,00:45,2,2,0
08/07/2013,01:00,1,1,0
08/07/2013,01:15,0,0,0
08/07/2013,01:30,2,2,0
08/07/2013,01:45,0,0,0
08/07/2013,02:00,3,3,0
08/07/2013,02:15,3,3,0
08/07/2013,02:30,0,0,0
08/07/2013,02:45,1,1,0
08/07/2013,03:00,0,0,0
08/07/2013,03:15,2,0,2
08/07/2013,03:30,1,1,0
08/07/2013,03:45,0,0,0
08/07/2013,04:00,0,0,0
08/07/2013,04:15,1,0,1
08/07/2013,04:30,0,0,0
08/07/2013,04:45,2,2,0
08/07/2013,05:00,1,0,1
08/07/2013,05:15,5,1,4
08/07/2013,05:30,6,2,4
08/07/2013,05:45,9,3,6
08/07/2013,06:00,19,9,10
08/07/2013,06:15,21,9,12
08/07/2013,06:30,33,9,24
08/07/2013,06:45,32,8,24
08/07/2013,07:00,41,9,32
08/07/2013,07:15,56,16,40
08/07/2013,07:30,78,23,55
08/07/2013,07:45,46,13,33
08/07/2013,08:00,87,22,65
08/07/2013,08:15,101,22,79
08/07/2013,08:30,104,22,82
08/07/2013,08:45,76,16,60
08/07/2013,09:00,85,30,55
08/07/2013,09:15,63,20,43
08/07/2013,09:30,44,18,26
08/07/2013,09:45,35,12,23
08/07/2013,10:00,22,8,14
08/07/2013,10:15,40,18,22
08/07/2013,10:30,34,19,15
08/07/2013,10:45,31,19,12
08/07/2013,11:00,25,13,12
08/07/2013,11:15,44,23,21
08/07/2013,11:30,44,21,23
08/07/2013,11:45,28,15,13
08/07/2013,12:00,40,18,22
08/07/2013,12:15,29,15,14
08/07/2013,12:30,52,31,21
08/07/2013,12:45,25,14,11
08/07/2013,13:00,39,19,20
08/07/2013,13:15,28,13,15
08/07/2013,13:30,34,23,11
08/07/2013,13:45,29,21,8
08/07/2013,14:00,28,16,12
08/07/2013,14:15,49,22,27
08/07/2013,14:30,38,23,15
08/07/2013,14:45,38,22,16
08/07/2013,15:00,34,12,22
08/07/2013,15:15,57,34,23
08/07/2013,15:30,35,23,12
08/07/2013,15:45,53,32,21
08/07/2013,16:00,51,31,20
08/07/2013,16:15,63,46,17
08/07/2013,16:30,72,45,27
08/07/2013,16:45,87,64,23
08/07/2013,17:00,99,70,29
08/07/2013,17:15,115,78,37
08/07/2013,17:30,133,94,39
08/07/2013,17:45,120,91,29
08/07/2013,18:00,100,78,22
08/07/2013,18:15,144,113,31
08/07/2013,18:30,104,79,25
08/07/2013,18:45,89,67,22
08/07/2013,19:00,87,66,21
08/07/2013,19:15,44,37,7
08/07/2013,19:30,60,40,20
08/07/2013,19:45,51,41,10
08/07/2013,20:00,34,24,10
08/07/2013,20:15,42,28,14
08/07/2013,20:30,34,27,7
08/07/2013,20:45,30,22,8
08/07/2013,21:00,30,21,9
08/07/2013,21:15,27,21,6
08/07/2013,21:30,30,28,2
08/07/2013,21:45,22,16,6
08/07/2013,22:00,24,18,6
08/07/2013,22:15,33,26,7
08/07/2013,22:30,31,27,4
08/07/2013,22:45,16,12,4
08/07/2013,23:00,15,14,1
08/07/2013,23:15,11,9,2
08/07/2013,23:30,6,5,1
08/07/2013,23:45,6,6,0
09/07/2013,00:00,7,6,1
09/07/2013,00:15,3,3,0
09/07/2013,00:30,6,6,0
09/07/2013,00:45,2,2,0
09/07/2013,01:00,6,3,3
09/07/2013,01:15,4,4,0
09/07/2013,01:30,3,2,1
09/07/2013,01:45,0,0,0
09/07/2013,02:00,3,3,0
09/07/2013,02:15,8,8,0
09/07/2013,02:30,1,1,0
09/07/2013,02:45,1,1,0
09/07/2013,03:00,2,2,0
09/07/2013,03:15,2,1,1
09/07/2013,03:30,1,0,1
09/07/2013,03:45,0,0,0
09/07/2013,04:00,0,0,0
09/07/2013,04:15,0,0,0
09/07/2013,04:30,3,1,2
09/07/2013,04:45,1,0,1
09/07/2013,05:00,6,2,4
09/07/2013,05:15,6,3,3
09/07/2013,05:30,4,2,2
09/07/2013,05:45,11,8,3
09/07/2013,06:00,32,17,15
09/07/2013,06:15,24,9,15
09/07/2013,06:30,44,20,24
09/07/2013,06:45,31,8,23
09/07/2013,07:00,41,14,27
09/07/2013,07:15,65,16,49
09/07/2013,07:30,82,20,62
09/07/2013,07:45,84,19,65
09/07/2013,08:00,110,28,82
09/07/2013,08:15,101,21,80
09/07/2013,08:30,115,34,81
09/07/2013,08:45,66,17,49
09/07/2013,09:00,58,15,43
09/07/2013,09:15,69,16,53
09/07/2013,09:30,61,24,37
09/07/2013,09:45,40,18,22
09/07/2013,10:00,36,11,25
09/07/2013,10:15,37,20,17
09/07/2013,10:30,45,24,21
09/07/2013,10:45,50,31,19
09/07/2013,11:00,41,22,19
09/07/2013,11:15,34,19,15
09/07/2013,11:30,35,23,12
09/07/2013,11:45,37,22,15
09/07/2013,12:00,38,21,17
09/07/2013,12:15,37,22,15
09/07/2013,12:30,44,24,20
09/07/2013,12:45,42,24,18
09/07/2013,13:00,32,15,17
09/07/2013,13:15,37,19,18
09/07/2013,13:30,30,14,16
09/07/2013,13:45,39,23,16
09/07/2013,14:00,37,19,18
09/07/2013,14:15,48,22,26
09/07/2013,14:30,29,16,13
09/07/2013,14:45,33,16,17
09/07/2013,15:00,38,26,12
09/07/2013,15:15,58,36,22
09/07/2013,15:30,51,32,19
09/07/2013,15:45,57,40,17
09/07/2013,16:00,50,29,21
09/07/2013,16:15,56,27,29
09/07/2013,16:30,74,48,26
09/07/2013,16:45,86,66,20
09/07/2013,17:00,94,62,32
09/07/2013,17:15,120,93,27
09/07/2013,17:30,121,83,38
09/07/2013,17:45,149,120,29
09/07/2013,18:00,102,82,20
09/07/2013,18:15,103,84,19
09/07/2013,18:30,112,92,20
09/07/2013,18:45,90,67,23
09/07/2013,19:00,90,69,21
09/07/2013,19:15,70,51,19
09/07/2013,19:30,77,51,26
09/07/2013,19:45,52,37,15
09/07/2013,20:00,54,37,17
09/07/2013,20:15,47,33,14
09/07/2013,20:30,42,26,16
09/07/2013,20:45,33,28,5
09/07/2013,21:00,37,31,6
09/07/2013,21:15,34,25,9
09/07/2013,21:30,41,36,5
09/07/2013,21:45,22,16,6
09/07/2013,22:00,29,26,3
09/07/2013,22:15,24,14,10
09/07/2013,22:30,20,17,3
09/07/2013,22:45,28,20,8
09/07/2013,23:00,20,13,7
09/07/2013,23:15,20,16,4
09/07/2013,23:30,13,9,4
09/07/2013,23:45,7,7,0
10/07/2013,00:00,6,6,0
10/07/2013,00:15,12,10,2
10/07/2013,00:30,4,3,1
10/07/2013,00:45,3,3,0
10/07/2013,01:00,2,2,0
10/07/2013,01:15,0,0,0
10/07/2013,01:30,3,3,0
10/07/2013,01:45,1,0,1
10/07/2013,02:00,2,2,0
10/07/2013,02:15,1,1,0
10/07/2013,02:30,2,2,0
10/07/2013,02:45,1,1,0
10/07/2013,03:00,0,0,0
10/07/2013,03:15,2,1,1
10/07/2013,03:30,2,1,1
10/07/2013,03:45,0,0,0
10/07/2013,04:00,0,0,0
10/07/2013,04:15,1,0,1
10/07/2013,04:30,2,0,2
10/07/2013,04:45,3,1,2
10/07/2013,05:00,6,2,4
10/07/2013,05:15,3,3,0
10/07/2013,05:30,9,1,8
10/07/2013,05:45,6,1,5
10/07/2013,06:00,28,13,15
10/07/2013,06:15,45,19,26
10/07/2013,06:30,34,16,18
10/07/2013,06:45,29,12,17
10/07/2013,07:00,65,19,46
10/07/2013,07:15,52,16,36
10/07/2013,07:30,75,22,53
10/07/2013,07:45,73,12,61
10/07/2013,08:00,94,28,66
10/07/2013,08:15,100,27,73
10/07/2013,08:30,109,32,77
10/07/2013,08:45,96,24,72
10/07/2013,09:00,66,23,43
10/07/2013,09:15,66,26,40
10/07/2013,09:30,50,18,32
10/07/2013,09:45,37,11,26
10/07/2013,10:00,33,17,16
10/07/2013,10:15,35,16,19
10/07/2013,10:30,40,12,28
10/07/2013,10:45,36,21,15
10/07/2013,11:00,33,17,16
10/07/2013,11:15,41,18,23
10/07/2013,11:30,54,26,28
10/07/2013,11:45,50,33,17
10/07/2013,12:00,31,15,16
10/07/2013,12:15,22,10,12
10/07/2013,12:30,50,26,24
10/07/2013,12:45,31,19,12
10/07/2013,13:00,33,23,10
10/07/2013,13:15,39,20,19
10/07/2013,13:30,35,17,18
10/07/2013,13:45,43,21,22
10/07/2013,14:00,38,21,17
10/07/2013,14:15,40,29,11
10/07/2013,14:30,50,32,18
10/07/2013,14:45,40,16,24
10/07/2013,15:00,30,16,14
10/07/2013,15:15,70,43,27
10/07/2013,15:30,30,20,10
10/07/2013,15:45,46,28,18
10/07/2013,16:00,78,50,28
10/07/2013,16:15,47,34,13
10/07/2013,16:30,65,42,23
10/07/2013,16:45,91,60,31
10/07/2013,17:00,86,52,34
10/07/2013,17:15,117,78,39
10/07/2013,17:30,102,75,27
10/07/2013,17:45,131,104,27
10/07/2013,18:00,122,96,26
10/07/2013,18:15,132,106,26
10/07/2013,18:30,119,87,32
10/07/2013,18:45,104,81,23
10/07/2013,19:00,82,64,18
10/07/2013,19:15,66,46,20
10/07/2013,19:30,51,36,15
10/07/2013,19:45,64,45,19
10/07/2013,20:00,63,50,13
10/07/2013,20:15,62,39,23
10/07/2013,20:30,46,27,19
10/07/2013,20:45,31,17,14
10/07/2013,21:00,50,22,28
10/07/2013,21:15,26,22,4
10/07/2013,21:30,34,26,8
10/07/2013,21:45,33,27,6
10/07/2013,22:00,27,16,11
10/07/2013,22:15,24,20,4
10/07/2013,22:30,14,10,4
10/07/2013,22:45,26,21,5
10/07/2013,23:00,18,16,2
10/07/2013,23:15,21,15,6
10/07/2013,23:30,19,18,1
10/07/2013,23:45,6,4,2
11/07/2013,00:00,8,7,1
11/07/2013,00:15,6,6,0
11/07/2013,00:30,2,2,0
11/07/2013,00:45,2,2,0
11/07/2013,01:00,4,3,1
11/07/2013,01:15,2,1,1
11/07/2013,01:30,7,5,2
11/07/2013,01:45,1,1,0
11/07/2013,02:00,3,3,0
11/07/2013,02:15,1,1,0
11/07/2013,02:30,1,0,1
11/07/2013,02:45,1,1,0
11/07/2013,03:00,2,2,0
11/07/2013,03:15,2,0,2
11/07/2013,03:30,2,2,0
11/07/2013,03:45,1,1,0
11/07/2013,04:00,0,0,0
11/07/2013,04:15,1,0,1
11/07/2013,04:30,1,0,1
11/07/2013,04:45,1,1,0
11/07/2013,05:00,3,0,3
11/07/2013,05:15,8,5,3
11/07/2013,05:30,12,5,7
11/07/2013,05:45,15,6,9
11/07/2013,06:00,23,16,7
11/07/2013,06:15,18,5,13
11/07/2013,06:30,44,25,19
11/07/2013,06:45,32,10,22
11/07/2013,07:00,33,12,21
11/07/2013,07:15,59,17,42
11/07/2013,07:30,59,14,45
11/07/2013,07:45,57,15,42
11/07/2013,08:00,83,21,62
11/07/2013,08:15,100,24,76
11/07/2013,08:30,113,29,84
11/07/2013,08:45,64,21,43
11/07/2013,09:00,74,14,60
11/07/2013,09:15,60,12,48
11/07/2013,09:30,38,19,19
11/07/2013,09:45,40,19,21
11/07/2013,10:00,39,17,22
11/07/2013,10:15,33,16,17
11/07/2013,10:30,50,24,26
11/07/2013,10:45,33,15,18
11/07/2013,11:00,29,16,13
11/07/2013,11:15,31,18,13
11/07/2013,11:30,23,14,9
11/07/2013,11:45,24,10,14
11/07/2013,12:00,37,21,16
11/07/2013,12:15,46,26,20
11/07/2013,12:30,35,20,15
11/07/2013,12:45,30,16,14
11/07/2013,13:00,29,15,14
11/07/2013,13:15,29,15,14
11/07/2013,13:30,24,12,12
11/07/2013,13:45,20,9,11
11/07/2013,14:00,29,20,9
11/07/2013,14:15,39,23,16
11/07/2013,14:30,42,20,22
11/07/2013,14:45,54,26,28
11/07/2013,15:00,49,23,26
11/07/2013,15:15,55,40,15
11/07/2013,15:30,36,23,13
11/07/2013,15:45,49,28,21
11/07/2013,16:00,64,42,22
11/07/2013,16:15,47,29,18
11/07/2013,16:30,54,32,22
11/07/2013,16:45,52,34,18
11/07/2013,17:00,88,66,22
11/07/2013,17:15,86,62,24
11/07/2013,17:30,75,52,23
11/07/2013,17:45,94,71,23
11/07/2013,18:00,117,90,27
11/07/2013,18:15,101,86,15
11/07/2013,18:30,141,109,32
11/07/2013,18:45,72,60,12
11/07/2013,19:00,76,65,11
11/07/2013,19:15,54,46,8
11/07/2013,19:30,60,41,19
11/07/2013,19:45,64,44,20
11/07/2013,20:00,49,28,21
11/07/2013,20:15,43,23,20
11/07/2013,20:30,37,25,12
11/07/2013,20:45,29,22,7
11/07/2013,21:00,35,22,13
11/07/2013,21:15,37,25,12
11/07/2013,21:30,28,18,10
11/07/2013,21:45,32,18,14
11/07/2013,22:00,22,13,9
11/07/2013,22:15,30,19,11
11/07/2013,22:30,21,16,5
11/07/2013,22:45,16,13,3
11/07/2013,23:00,24,19,5
11/07/2013,23:15,20,16,4
11/07/2013,23:30,10,6,4
11/07/2013,23:45,10,4,6
12/07/2013,00:00,3,3,0
12/07/2013,00:15,11,11,0
12/07/2013,00:30,7,7,0
12/07/2013,00:45,8,7,1
12/07/2013,01:00,6,5,1
12/07/2013,01:15,1,1,0
12/07/2013,01:30,4,4,0
12/07/2013,01:45,3,1,2
12/07/2013,02:00,3,3,0
12/07/2013,02:15,2,2,0
12/07/2013,02:30,0,0,0
12/07/2013,02:45,1,1,0
12/07/2013,03:00,3,3,0
12/07/2013,03:15,3,2,1
12/07/2013,03:30,1,1,0
12/07/2013,03:45,1,1,0
12/07/2013,04:00,0,0,0
12/07/2013,04:15,1,0,1
12/07/2013,04:30,0,0,0
12/07/2013,04:45,3,2,1
12/07/2013,05:00,0,0,0
12/07/2013,05:15,10,3,7
12/07/2013,05:30,7,2,5
12/07/2013,05:45,13,5,8
12/07/2013,06:00,23,12,11
12/07/2013,06:15,20,8,12
12/07/2013,06:30,28,10,18
12/07/2013,06:45,20,8,12
12/07/2013,07:00,31,12,19
12/07/2013,07:15,57,15,42
12/07/2013,07:30,61,20,41
12/07/2013,07:45,50,13,37
12/07/2013,08:00,59,16,43
12/07/2013,08:15,76,19,57
12/07/2013,08:30,73,12,61
12/07/2013,08:45,68,19,49
12/07/2013,09:00,77,16,61
12/07/2013,09:15,47,14,33
12/07/2013,09:30,53,20,33
12/07/2013,09:45,27,12,15
12/07/2013,10:00,37,20,17
12/07/2013,10:15,33,15,18
12/07/2013,10:30,30,12,18
12/07/2013,10:45,30,15,15
12/07/2013,11:00,27,18,9
12/07/2013,11:15,55,30,25
12/07/2013,11:30,36,23,13
12/07/2013,11:45,34,20,14
12/07/2013,12:00,51,25,26
12/07/2013,12:15,29,18,11
12/07/2013,12:30,35,21,14
12/07/2013,12:45,52,22,30
12/07/2013,13:00,39,18,21
12/07/2013,13:15,53,25,28
12/07/2013,13:30,36,23,13
12/07/2013,13:45,34,21,13
12/07/2013,14:00,45,29,16
12/07/2013,14:15,41,29,12
12/07/2013,14:30,32,18,14
12/07/2013,14:45,32,19,13
12/07/2013,15:00,47,20,27
12/07/2013,15:15,59,37,22
12/07/2013,15:30,40,18,22
12/07/2013,15:45,58,32,26
12/07/2013,16:00,59,42,17
12/07/2013,16:15,70,41,29
12/07/2013,16:30,70,44,26
12/07/2013,16:45,73,39,34
12/07/2013,17:00,77,47,30
12/07/2013,17:15,117,86,31
12/07/2013,17:30,92,65,27
12/07/2013,17:45,74,56,18
12/07/2013,18:00,90,73,17
12/07/2013,18:15,92,67,25
12/07/2013,18:30,77,65,12
12/07/2013,18:45,69,54,15
12/07/2013,19:00,67,52,15
12/07/2013,19:15,58,39,19
12/07/2013,19:30,49,35,14
12/07/2013,19:45,46,26,20
12/07/2013,20:00,25,12,13
12/07/2013,20:15,41,26,15
12/07/2013,20:30,48,36,12
12/07/2013,20:45,23,15,8
12/07/2013,21:00,26,19,7
12/07/2013,21:15,30,21,9
12/07/2013,21:30,28,19,9
12/07/2013,21:45,19,12,7
12/07/2013,22:00,33,24,9
12/07/2013,22:15,27,19,8
12/07/2013,22:30,16,15,1
12/07/2013,22:45,20,11,9
12/07/2013,23:00,13,9,4
12/07/2013,23:15,14,12,2
12/07/2013,23:30,20,16,4
12/07/2013,23:45,13,8,5
13/07/2013,00:00,10,6,4
13/07/2013,00:15,14,14,0
13/07/2013,00:30,12,12,0
13/07/2013,00:45,20,17,3
13/07/2013,01:00,9,9,0
13/07/2013,01:15,3,0,3
13/07/2013,01:30,10,7,3
13/07/2013,01:45,1,1,0
13/07/2013,02:00,13,13,0
13/07/2013,02:15,6,6,0
13/07/2013,02:30,3,2,1
13/07/2013,02:45,2,2,0
13/07/2013,03:00,2,2,0
13/07/2013,03:15,2,2,0
13/07/2013,03:30,2,2,0
13/07/2013,03:45,0,0,0
13/07/2013,04:00,1,0,1
13/07/2013,04:15,1,0,1
13/07/2013,04:30,1,1,0
13/07/2013,04:45,1,1,0
13/07/2013,05:00,2,1,1
13/07/2013,05:15,1,1,0
13/07/2013,05:30,6,4,2
13/07/2013,05:45,5,2,3
13/07/2013,06:00,5,2,3
13/07/2013,06:15,6,3,3
13/07/2013,06:30,7,5,2
13/07/2013,06:45,5,3,2
13/07/2013,07:00,16,12,4
13/07/2013,07:15,20,13,7
13/07/2013,07:30,28,17,11
13/07/2013,07:45,19,8,11
13/07/2013,08:00,32,25,7
13/07/2013,08:15,47,28,19
13/07/2013,08:30,53,32,21
13/07/2013,08:45,38,24,14
13/07/2013,09:00,37,24,13
13/07/2013,09:15,60,38,22
13/07/2013,09:30,64,46,18
13/07/2013,09:45,58,31,27
13/07/2013,10:00,58,33,25
13/07/2013,10:15,81,45,36
13/07/2013,10:30,77,50,27
13/07/2013,10:45,61,40,21
13/07/2013,11:00,84,56,28
13/07/2013,11:15,79,46,33
13/07/2013,11:30,71,37,34
13/07/2013,11:45,79,54,25
13/07/2013,12:00,62,28,34
13/07/2013,12:15,86,47,39
13/07/2013,12:30,100,49,51
13/07/2013,12:45,80,44,36
13/07/2013,13:00,89,46,43
13/07/2013,13:15,79,42,37
13/07/2013,13:30,85,49,36
13/07/2013,13:45,98,72,26
13/07/2013,14:00,75,41,34
13/07/2013,14:15,115,57,58
13/07/2013,14:30,76,46,30
13/07/2013,14:45,91,43,48
13/07/2013,15:00,86,43,43
13/07/2013,15:15,71,29,42
13/07/2013,15:30,93,50,43
13/07/2013,15:45,91,49,42
13/07/2013,16:00,91,51,40
13/07/2013,16:15,94,44,50
13/07/2013,16:30,99,47,52
13/07/2013,16:45,71,36,35
13/07/2013,17:00,98,38,60
13/07/2013,17:15,65,35,30
13/07/2013,17:30,69,26,43
13/07/2013,17:45,49,25,24
13/07/2013,18:00,67,35,32
13/07/2013,18:15,62,35,27
13/07/2013,18:30,44,35,9
13/07/2013,18:45,39,29,10
13/07/2013,19:00,48,17,31
13/07/2013,19:15,34,16,18
13/07/2013,19:30,29,12,17
13/07/2013,19:45,36,20,16
13/07/2013,20:00,33,20,13
13/07/2013,20:15,28,20,8
13/07/2013,20:30,32,20,12
13/07/2013,20:45,16,11,5
13/07/2013,21:00,28,14,14
13/07/2013,21:15,27,14,13
13/07/2013,21:30,22,14,8
13/07/2013,21:45,9,8,1
13/07/2013,22:00,22,13,9
13/07/2013,22:15,27,18,9
13/07/2013,22:30,5,2,3
13/07/2013,22:45,13,8,5
13/07/2013,23:00,10,8,2
13/07/2013,23:15,16,13,3
13/07/2013,23:30,22,14,8
13/07/2013,23:45,11,10,1
14/07/2013,00:00,17,10,7
14/07/2013,00:15,18,11,7
14/07/2013,00:30,14,11,3
14/07/2013,00:45,10,7,3
14/07/2013,01:00,6,5,1
14/07/2013,01:15,11,8,3
14/07/2013,01:30,5,5,0
14/07/2013,01:45,2,1,1
14/07/2013,02:00,8,5,3
14/07/2013,02:15,2,2,0
14/07/2013,02:30,4,4,0
14/07/2013,02:45,5,5,0
14/07/2013,03:00,5,5,0
14/07/2013,03:15,4,3,1
14/07/2013,03:30,4,2,2
14/07/2013,03:45,1,1,0
14/07/2013,04:00,1,1,0
14/07/2013,04:15,1,0,1
14/07/2013,04:30,1,0,1
14/07/2013,04:45,4,0,4
14/07/2013,05:00,3,0,3
14/07/2013,05:15,0,0,0
14/07/2013,05:30,5,2,3
14/07/2013,05:45,2,1,1
14/07/2013,06:00,7,5,2
14/07/2013,06:15,6,5,1
14/07/2013,06:30,7,5,2
14/07/2013,06:45,12,8,4
14/07/2013,07:00,16,12,4
14/07/2013,07:15,4,0,4
14/07/2013,07:30,17,7,10
14/07/2013,07:45,16,13,3
14/07/2013,08:00,20,13,7
14/07/2013,08:15,27,19,8
14/07/2013,08:30,30,19,11
14/07/2013,08:45,28,21,7
14/07/2013,09:00,33,23,10
14/07/2013,09:15,50,33,17
14/07/2013,09:30,41,23,18
14/07/2013,09:45,46,25,21
14/07/2013,10:00,47,35,12
14/07/2013,10:15,41,23,18
14/07/2013,10:30,58,34,24
14/07/2013,10:45,57,34,23
14/07/2013,11:00,66,47,19
14/07/2013,11:15,79,55,24
14/07/2013,11:30,74,38,36
14/07/2013,11:45,76,52,24
14/07/2013,12:00,75,45,30
14/07/2013,12:15,70,40,30
14/07/2013,12:30,56,32,24
14/07/2013,12:45,59,38,21
14/07/2013,13:00,59,37,22
14/07/2013,13:15,62,37,25
14/07/2013,13:30,82,42,40
14/07/2013,13:45,90,56,34
14/07/2013,14:00,69,41,28
14/07/2013,14:15,62,29,33
14/07/2013,14:30,81,48,33
14/07/2013,14:45,51,23,28
14/07/2013,15:00,69,26,43
14/07/2013,15:15,73,34,39
14/07/2013,15:30,83,34,49
14/07/2013,15:45,84,46,38
14/07/2013,16:00,82,41,41
14/07/2013,16:15,76,28,48
14/07/2013,16:30,60,31,29
14/07/2013,16:45,69,28,41
14/07/2013,17:00,72,32,40
14/07/2013,17:15,69,28,41
14/07/2013,17:30,60,19,41
14/07/2013,17:45,55,23,32
14/07/2013,18:00,56,22,34
14/07/2013,18:15,58,26,32
14/07/2013,18:30,30,10,20
14/07/2013,18:45,38,23,15
14/07/2013,19:00,26,18,8
14/07/2013,19:15,33,18,15
14/07/2013,19:30,27,14,13
14/07/2013,19:45,20,16,4
14/07/2013,20:00,23,17,6
14/07/2013,20:15,21,17,4
14/07/2013,20:30,19,15,4
14/07/2013,20:45,18,14,4
14/07/2013,21:00,11,9,2
14/07/2013,21:15,21,17,4
14/07/2013,21:30,9,6,3
14/07/2013,21:45,16,10,6
14/07/2013,22:00,10,4,6
14/07/2013,22:15,10,7,3
14/07/2013,22:30,15,12,3
14/07/2013,22:45,8,7,1
14/07/2013,23:00,6,4,2
14/07/2013,23:15,5,5,0
14/07/2013,23:30,7,5,2
14/07/2013,23:45,5,5,0
15/07/2013,00:00,1,1,0
15/07/2013,00:15,4,3,1
15/07/2013,00:30,3,3,0
15/07/2013,00:45,2,2,0
15/07/2013,01:00,2,2,0
15/07/2013,01:15,0,0,0
15/07/2013,01:30,1,1,0
15/07/2013,01:45,2,2,0
15/07/2013,02:00,3,3,0
15/07/2013,02:15,1,1,0
15/07/2013,02:30,1,1,0
15/07/2013,02:45,0,0,0
15/07/2013,03:00,1,1,0
15/07/2013,03:15,2,1,1
15/07/2013,03:30,1,1,0
15/07/2013,03:45,1,0,1
15/07/2013,04:00,0,0,0
15/07/2013,04:15,3,0,3
15/07/2013,04:30,1,0,1
15/07/2013,04:45,1,0,1
15/07/2013,05:00,5,2,3
15/07/2013,05:15,6,1,5
15/07/2013,05:30,9,4,5
15/07/2013,05:45,6,3,3
15/07/2013,06:00,15,7,8
15/07/2013,06:15,21,11,10
15/07/2013,06:30,25,8,17
15/07/2013,06:45,39,18,21
15/07/2013,07:00,48,12,36
15/07/2013,07:15,42,10,32
15/07/2013,07:30,71,21,50
15/07/2013,07:45,66,13,53
15/07/2013,08:00,74,16,58
15/07/2013,08:15,104,27,77
15/07/2013,08:30,116,28,88
15/07/2013,08:45,77,19,58
15/07/2013,09:00,78,26,52
15/07/2013,09:15,62,17,45
15/07/2013,09:30,46,16,30
15/07/2013,09:45,35,14,21
15/07/2013,10:00,28,10,18
15/07/2013,10:15,31,13,18
15/07/2013,10:30,33,16,17
15/07/2013,10:45,19,11,8
15/07/2013,11:00,26,16,10
15/07/2013,11:15,25,10,15
15/07/2013,11:30,34,21,13
15/07/2013,11:45,17,6,11
15/07/2013,12:00,23,12,11
15/07/2013,12:15,23,8,15
15/07/2013,12:30,31,16,15
15/07/2013,12:45,39,28,11
15/07/2013,13:00,32,20,12
15/07/2013,13:15,35,23,12
15/07/2013,13:30,31,18,13
15/07/2013,13:45,22,9,13
15/07/2013,14:00,19,9,10
15/07/2013,14:15,25,12,13
15/07/2013,14:30,38,24,14
15/07/2013,14:45,32,17,15
15/07/2013,15:00,21,13,8
15/07/2013,15:15,42,30,12
15/07/2013,15:30,48,30,18
15/07/2013,15:45,43,23,20
15/07/2013,16:00,39,21,18
15/07/2013,16:15,52,34,18
15/07/2013,16:30,65,33,32
15/07/2013,16:45,72,51,21
15/07/2013,17:00,81,58,23
15/07/2013,17:15,99,71,28
15/07/2013,17:30,113,94,19
15/07/2013,17:45,126,88,38
15/07/2013,18:00,104,80,24
15/07/2013,18:15,128,104,24
15/07/2013,18:30,90,72,18
15/07/2013,18:45,91,78,13
15/07/2013,19:00,77,53,24
15/07/2013,19:15,75,54,21
15/07/2013,19:30,58,47,11
15/07/2013,19:45,45,30,15
15/07/2013,20:00,36,29,7
15/07/2013,20:15,41,29,12
15/07/2013,20:30,42,31,11
15/07/2013,20:45,20,15,5
15/07/2013,21:00,25,15,10
15/07/2013,21:15,27,20,7
15/07/2013,21:30,17,13,4
15/07/2013,21:45,19,15,4
15/07/2013,22:00,17,15,2
15/07/2013,22:15,20,14,6
15/07/2013,22:30,22,17,5
15/07/2013,22:45,13,9,4
15/07/2013,23:00,25,20,5
15/07/2013,23:15,15,13,2
15/07/2013,23:30,9,7,2
15/07/2013,23:45,9,8,1
16/07/2013,00:00,9,8,1
16/07/2013,00:15,4,3,1
16/07/2013,00:30,6,5,1
16/07/2013,00:45,6,6,0
16/07/2013,01:00,2,2,0
16/07/2013,01:15,2,2,0
16/07/2013,01:30,2,2,0
16/07/2013,01:45,1,1,0
16/07/2013,02:00,1,1,0
16/07/2013,02:15,4,4,0
16/07/2013,02:30,2,2,0
16/07/2013,02:45,1,1,0
16/07/2013,03:00,4,2,2
16/07/2013,03:15,3,1,2
16/07/2013,03:30,0,0,0
16/07/2013,03:45,0,0,0
16/07/2013,04:00,1,1,0
16/07/2013,04:15,5,2,3
16/07/2013,04:30,1,0,1
16/07/2013,04:45,4,2,2
16/07/2013,05:00,5,2,3
16/07/2013,05:15,4,2,2
16/07/2013,05:30,6,4,2
16/07/2013,05:45,15,2,13
16/07/2013,06:00,32,22,10
16/07/2013,06:15,29,12,17
16/07/2013,06:30,42,21,21
16/07/2013,06:45,40,14,26
16/07/2013,07:00,45,14,31
16/07/2013,07:15,58,13,45
16/07/2013,07:30,83,18,65
16/07/2013,07:45,54,15,39
16/07/2013,08:00,101,28,73
16/07/2013,08:15,92,32,60
16/07/2013,08:30,115,24,91
16/07/2013,08:45,78,25,53
16/07/2013,09:00,64,26,38
16/07/2013,09:15,54,11,43
16/07/2013,09:30,43,13,30
16/07/2013,09:45,42,12,30
16/07/2013,10:00,31,11,20
16/07/2013,10:15,37,18,19
16/07/2013,10:30,27,11,16
16/07/2013,10:45,35,18,17
16/07/2013,11:00,35,15,20
16/07/2013,11:15,32,11,21
16/07/2013,11:30,35,23,12
16/07/2013,11:45,27,20,7
16/07/2013,12:00,18,9,9
16/07/2013,12:15,45,25,20
16/07/2013,12:30,30,17,13
16/07/2013,12:45,29,15,14
16/07/2013,13:00,32,21,11
16/07/2013,13:15,43,24,19
16/07/2013,13:30,22,14,8
16/07/2013,13:45,21,10,11
16/07/2013,14:00,36,20,16
16/07/2013,14:15,24,13,11
16/07/2013,14:30,30,15,15
16/07/2013,14:45,33,24,9
16/07/2013,15:00,35,18,17
16/07/2013,15:15,40,20,20
16/07/2013,15:30,42,27,15
16/07/2013,15:45,39,27,12
16/07/2013,16:00,36,18,18
16/07/2013,16:15,53,36,17
16/07/2013,16:30,76,48,28
16/07/2013,16:45,79,60,19
16/07/2013,17:00,102,85,17
16/07/2013,17:15,133,98,35
16/07/2013,17:30,103,84,19
16/07/2013,17:45,103,84,19
16/07/2013,18:00,126,94,32
16/07/2013,18:15,125,96,29
16/07/2013,18:30,98,79,19
16/07/2013,18:45,99,71,28
16/07/2013,19:00,69,54,15
16/07/2013,19:15,71,53,18
16/07/2013,19:30,64,37,27
16/07/2013,19:45,62,42,20
16/07/2013,20:00,50,34,16
16/07/2013,20:15,44,28,16
16/07/2013,20:30,45,30,15
16/07/2013,20:45,31,20,11
16/07/2013,21:00,41,30,11
16/07/2013,21:15,28,24,4
16/07/2013,21:30,28,19,9
16/07/2013,21:45,27,20,7
16/07/2013,22:00,35,28,7
16/07/2013,22:15,29,24,5
16/07/2013,22:30,23,20,3
16/07/2013,22:45,15,8,7
16/07/2013,23:00,17,12,5
16/07/2013,23:15,9,7,2
16/07/2013,23:30,16,6,10
16/07/2013,23:45,9,6,3
17/07/2013,00:00,9,9,0
17/07/2013,00:15,9,6,3
17/07/2013,00:30,4,4,0
17/07/2013,00:45,8,6,2
17/07/2013,01:00,5,4,1
17/07/2013,01:15,2,2,0
17/07/2013,01:30,3,1,2
17/07/2013,01:45,1,1,0
17/07/2013,02:00,2,1,1
17/07/2013,02:15,3,3,0
17/07/2013,02:30,2,2,0
17/07/2013,02:45,1,1,0
17/07/2013,03:00,0,0,0
17/07/2013,03:15,2,0,2
17/07/2013,03:30,1,1,0
17/07/2013,03:45,0,0,0
17/07/2013,04:00,0,0,0
17/07/2013,04:15,1,1,0
17/07/2013,04:30,0,0,0
17/07/2013,04:45,2,0,2
17/07/2013,05:00,5,3,2
17/07/2013,05:15,8,4,4
17/07/2013,05:30,11,6,5
17/07/2013,05:45,14,7,7
17/07/2013,06:00,22,14,8
17/07/2013,06:15,29,18,11
17/07/2013,06:30,25,7,18
17/07/2013,06:45,37,16,21
17/07/2013,07:00,48,17,31
17/07/2013,07:15,64,22,42
17/07/2013,07:30,76,24,52
17/07/2013,07:45,82,18,64
17/07/2013,08:00,91,25,66
17/07/2013,08:15,97,23,74
17/07/2013,08:30,113,34,79
17/07/2013,08:45,108,26,82
17/07/2013,09:00,67,20,47
17/07/2013,09:15,73,22,51
17/07/2013,09:30,79,29,50
17/07/2013,09:45,25,11,14
17/07/2013,10:00,36,13,23
17/07/2013,10:15,40,19,21
17/07/2013,10:30,38,22,16
17/07/2013,10:45,28,14,14
17/07/2013,11:00,40,24,16
17/07/2013,11:15,40,22,18
17/07/2013,11:30,31,19,12
17/07/2013,11:45,36,23,13
17/07/2013,12:00,34,20,14
17/07/2013,12:15,37,21,16
17/07/2013,12:30,38,27,11
17/07/2013,12:45,32,17,15
17/07/2013,13:00,51,24,27
17/07/2013,13:15,34,20,14
17/07/2013,13:30,26,15,11
17/07/2013,13:45,47,28,19
17/07/2013,14:00,36,18,18
17/07/2013,14:15,48,23,25
17/07/2013,14:30,36,20,16
17/07/2013,14:45,37,17,20
17/07/2013,15:00,69,44,25
17/07/2013,15:15,59,35,24
17/07/2013,15:30,48,24,24
17/07/2013,15:45,48,31,17
17/07/2013,16:00,58,33,25
17/07/2013,16:15,64,38,26
17/07/2013,16:30,77,49,28
17/07/2013,16:45,69,48,21
17/07/2013,17:00,113,84,29
17/07/2013,17:15,114,89,25
17/07/2013,17:30,120,89,31
17/07/2013,17:45,138,105,33
17/07/2013,18:00,113,91,22
17/07/2013,18:15,128,96,32
17/07/2013,18:30,131,103,28
17/07/2013,18:45,84,63,21
17/07/2013,19:00,93,58,35
17/07/2013,19:15,66,48,18
17/07/2013,19:30,64,45,19
17/07/2013,19:45,47,31,16
17/07/2013,20:00,59,33,26
17/07/2013,20:15,52,36,16
17/07/2013,20:30,46,35,11
17/07/2013,20:45,32,23,9
17/07/2013,21:00,29,16,13
17/07/2013,21:15,42,27,15
17/07/2013,21:30,24,16,8
17/07/2013,21:45,22,21,1
17/07/2013,22:00,28,23,5
17/07/2013,22:15,23,18,5
17/07/2013,22:30,24,23,1
17/07/2013,22:45,22,19,3
17/07/2013,23:00,13,12,1
17/07/2013,23:15,19,18,1
17/07/2013,23:30,11,11,0
17/07/2013,23:45,12,8,4
18/07/2013,00:00,20,16,4
18/07/2013,00:15,5,4,1
18/07/2013,00:30,7,6,1
18/07/2013,00:45,6,6,0
18/07/2013,01:00,5,4,1
18/07/2013,01:15,2,1,1
18/07/2013,01:30,4,4,0
18/07/2013,01:45,2,2,0
18/07/2013,02:00,10,9,1
18/07/2013,02:15,3,3,0
18/07/2013,02:30,1,0,1
18/07/2013,02:45,1,0,1
18/07/2013,03:00,1,1,0
18/07/2013,03:15,2,2,0
18/07/2013,03:30,3,1,2
18/07/2013,03:45,0,0,0
18/07/2013,04:00,0,0,0
18/07/2013,04:15,0,0,0
18/07/2013,04:30,1,0,1
18/07/2013,04:45,2,1,1
18/07/2013,05:00,5,3,2
18/07/2013,05:15,4,3,1
18/07/2013,05:30,7,3,4
18/07/2013,05:45,9,4,5
18/07/2013,06:00,34,23,11
18/07/2013,06:15,24,9,15
18/07/2013,06:30,38,19,19
18/07/2013,06:45,31,16,15
18/07/2013,07:00,39,7,32
18/07/2013,07:15,54,20,34
18/07/2013,07:30,46,16,30
18/07/2013,07:45,63,11,52
18/07/2013,08:00,83,24,59
18/07/2013,08:15,91,15,76
18/07/2013,08:30,105,27,78
18/07/2013,08:45,79,21,58
18/07/2013,09:00,71,20,51
18/07/2013,09:15,70,17,53
18/07/2013,09:30,51,20,31
18/07/2013,09:45,33,12,21
18/07/2013,10:00,44,18,26
18/07/2013,10:15,38,25,13
18/07/2013,10:30,37,18,19
18/07/2013,10:45,34,15,19
18/07/2013,11:00,37,20,17
18/07/2013,11:15,27,14,13
18/07/2013,11:30,40,30,10
18/07/2013,11:45,38,16,22
18/07/2013,12:00,27,11,16
18/07/2013,12:15,42,29,13
18/07/2013,12:30,24,11,13
18/07/2013,12:45,39,20,19
18/07/2013,13:00,42,23,19
18/07/2013,13:15,53,37,16
18/07/2013,13:30,41,21,20
18/07/2013,13:45,28,17,11
18/07/2013,14:00,41,22,19
18/07/2013,14:15,39,20,19
18/07/2013,14:30,49,27,22
18/07/2013,14:45,38,23,15
18/07/2013,15:00,44,25,19
18/07/2013,15:15,45,33,12
18/07/2013,15:30,40,25,15
18/07/2013,15:45,62,39,23
18/07/2013,16:00,52,22,30
18/07/2013,16:15,75,47,28
18/07/2013,16:30,53,38,15
18/07/2013,16:45,65,42,23
18/07/2013,17:00,84,58,26
18/07/2013,17:15,104,79,25
18/07/2013,17:30,116,87,29
18/07/2013,17:45,108,81,27
18/07/2013,18:00,116,87,29
18/07/2013,18:15,111,93,18
18/07/2013,18:30,90,68,22
18/07/2013,18:45,94,79,15
18/07/2013,19:00,77,60,17
18/07/2013,19:15,75,57,18
18/07/2013,19:30,58,34,24
18/07/2013,19:45,60,51,9
18/07/2013,20:00,52,35,17
18/07/2013,20:15,36,25,11
18/07/2013,20:30,31,21,10
18/07/2013,20:45,27,20,7
18/07/2013,21:00,27,19,8
18/07/2013,21:15,33,16,17
18/07/2013,21:30,37,22,15
18/07/2013,21:45,34,25,9
18/07/2013,22:00,36,20,16
18/07/2013,22:15,38,27,11
18/07/2013,22:30,20,10,10
18/07/2013,22:45,16,13,3
18/07/2013,23:00,22,8,14
18/07/2013,23:15,16,14,2
18/07/2013,23:30,12,6,6
18/07/2013,23:45,13,12,1
19/07/2013,00:00,9,9,0
19/07/2013,00:15,10,9,1
19/07/2013,00:30,11,10,1
19/07/2013,00:45,8,8,0
19/07/2013,01:00,3,2,1
19/07/2013,01:15,3,2,1
19/07/2013,01:30,3,3,0
19/07/2013,01:45,1,1,0
19/07/2013,02:00,3,3,0
19/07/2013,02:15,2,2,0
19/07/2013,02:30,2,1,1
19/07/2013,02:45,2,2,0
19/07/2013,03:00,3,2,1
19/07/2013,03:15,1,1,0
19/07/2013,03:30,2,1,1
19/07/2013,03:45,0,0,0
19/07/2013,04:00,0,0,0
19/07/2013,04:15,1,0,1
19/07/2013,04:30,0,0,0
19/07/2013,04:45,3,2,1
19/07/2013,05:00,1,0,1
19/07/2013,05:15,3,3,0
19/07/2013,05:30,4,1,3
19/07/2013,05:45,10,4,6
19/07/2013,06:00,20,8,12
19/07/2013,06:15,23,12,11
19/07/2013,06:30,24,11,13
19/07/2013,06:45,25,11,14
19/07/2013,07:00,32,10,22
19/07/2013,07:15,52,15,37
19/07/2013,07:30,55,16,39
19/07/2013,07:45,56,16,40
19/07/2013,08:00,66,19,47
19/07/2013,08:15,89,24,65
19/07/2013,08:30,107,24,83
19/07/2013,08:45,65,13,52
19/07/2013,09:00,53,19,34
19/07/2013,09:15,52,17,35
19/07/2013,09:30,55,15,40
19/07/2013,09:45,36,13,23
19/07/2013,10:00,38,15,23
19/07/2013,10:15,36,16,20
19/07/2013,10:30,39,21,18
19/07/2013,10:45,21,13,8
19/07/2013,11:00,30,12,18
19/07/2013,11:15,34,15,19
19/07/2013,11:30,47,33,14
19/07/2013,11:45,29,16,13
19/07/2013,12:00,32,14,18
19/07/2013,12:15,34,21,13
19/07/2013,12:30,54,43,11
19/07/2013,12:45,30,18,12
19/07/2013,13:00,47,27,20
19/07/2013,13:15,37,19,18
19/07/2013,13:30,33,17,16
19/07/2013,13:45,49,30,19
19/07/2013,14:00,33,16,17
19/07/2013,14:15,49,29,20
19/07/2013,14:30,45,24,21
19/07/2013,14:45,41,23,18
19/07/2013,15:00,30,14,16
19/07/2013,15:15,62,36,26
19/07/2013,15:30,46,28,18
19/07/2013,15:45,65,39,26
19/07/2013,16:00,51,30,21
19/07/2013,16:15,63,49,14
19/07/2013,16:30,64,44,20
19/07/2013,16:45,71,39,32
19/07/2013,17:00,104,61,43
19/07/2013,17:15,106,63,43
19/07/2013,17:30,102,74,28
19/07/2013,17:45,74,53,21
19/07/2013,18:00,115,83,32
19/07/2013,18:15,95,80,15
19/07/2013,18:30,90,62,28
19/07/2013,18:45,66,47,19
19/07/2013,19:00,75,61,14
19/07/2013,19:15,51,38,13
19/07/2013,19:30,38,31,7
19/07/2013,19:45,35,25,10
19/07/2013,20:00,26,15,11
19/07/2013,20:15,23,19,4
19/07/2013,20:30,37,32,5
19/07/2013,20:45,26,15,11
19/07/2013,21:00,24,14,10
19/07/2013,21:15,25,12,13
19/07/2013,21:30,27,21,6
19/07/2013,21:45,16,9,7
19/07/2013,22:00,19,14,5
19/07/2013,22:15,11,6,5
19/07/2013,22:30,22,15,7
19/07/2013,22:45,26,21,5
19/07/2013,23:00,26,20,6
19/07/2013,23:15,28,21,7
19/07/2013,23:30,26,23,3
19/07/2013,23:45,11,9,2
20/07/2013,00:00,12,9,3
20/07/2013,00:15,14,12,2
20/07/2013,00:30,9,9,0
20/07/2013,00:45,8,7,1
20/07/2013,01:00,9,8,1
20/07/2013,01:15,8,7,1
20/07/2013,01:30,4,4,0
20/07/2013,01:45,4,4,0
20/07/2013,02:00,6,5,1
20/07/2013,02:15,2,2,0
20/07/2013,02:30,6,6,0
20/07/2013,02:45,1,0,1
20/07/2013,03:00,5,4,1
20/07/2013,03:15,0,0,0
20/07/2013,03:30,1,0,1
20/07/2013,03:45,1,1,0
20/07/2013,04:00,3,3,0
20/07/2013,04:15,0,0,0
20/07/2013,04:30,1,0,1
20/07/2013,04:45,2,2,0
20/07/2013,05:00,2,1,1
20/07/2013,05:15,0,0,0
20/07/2013,05:30,3,3,0
20/07/2013,05:45,2,0,2
20/07/2013,06:00,10,6,4
20/07/2013,06:15,5,1,4
20/07/2013,06:30,7,4,3
20/07/2013,06:45,11,6,5
20/07/2013,07:00,14,11,3
20/07/2013,07:15,19,9,10
20/07/2013,07:30,20,13,7
20/07/2013,07:45,14,5,9
20/07/2013,08:00,26,14,12
20/07/2013,08:15,24,17,7
20/07/2013,08:30,60,43,17
20/07/2013,08:45,31,19,12
20/07/2013,09:00,41,21,20
20/07/2013,09:15,45,25,20
20/07/2013,09:30,58,37,21
20/07/2013,09:45,50,36,14
20/07/2013,10:00,65,40,25
20/07/2013,10:15,64,38,26
20/07/2013,10:30,67,41,26
20/07/2013,10:45,48,33,15
20/07/2013,11:00,54,29,25
20/07/2013,11:15,78,44,34
20/07/2013,11:30,54,32,22
20/07/2013,11:45,84,45,39
20/07/2013,12:00,62,28,34
20/07/2013,12:15,78,54,24
20/07/2013,12:30,72,35,37
20/07/2013,12:45,95,59,36
20/07/2013,13:00,80,39,41
20/07/2013,13:15,80,41,39
20/07/2013,13:30,88,51,37
20/07/2013,13:45,67,30,37
20/07/2013,14:00,89,43,46
20/07/2013,14:15,67,43,24
20/07/2013,14:30,84,43,41
20/07/2013,14:45,82,45,37
20/07/2013,15:00,85,50,35
20/07/2013,15:15,61,34,27
20/07/2013,15:30,68,32,36
20/07/2013,15:45,92,47,45
20/07/2013,16:00,84,38,46
20/07/2013,16:15,66,43,23
20/07/2013,16:30,60,29,31
20/07/2013,16:45,59,40,19
20/07/2013,17:00,68,24,44
20/07/2013,17:15,58,24,34
20/07/2013,17:30,53,37,16
20/07/2013,17:45,57,19,38
20/07/2013,18:00,44,28,16
20/07/2013,18:15,43,23,20
20/07/2013,18:30,34,16,18
20/07/2013,18:45,45,29,16
20/07/2013,19:00,30,15,15
20/07/2013,19:15,30,14,16
20/07/2013,19:30,33,22,11
20/07/2013,19:45,31,23,8
20/07/2013,20:00,37,20,17
20/07/2013,20:15,25,17,8
20/07/2013,20:30,26,16,10
20/07/2013,20:45,19,15,4
20/07/2013,21:00,17,12,5
20/07/2013,21:15,14,13,1
20/07/2013,21:30,15,10,5
20/07/2013,21:45,19,14,5
20/07/2013,22:00,18,15,3
20/07/2013,22:15,13,9,4
20/07/2013,22:30,13,9,4
20/07/2013,22:45,19,13,6
20/07/2013,23:00,11,7,4
20/07/2013,23:15,10,4,6
20/07/2013,23:30,16,10,6
20/07/2013,23:45,10,7,3
21/07/2013,00:00,11,5,6
21/07/2013,00:15,7,3,4
21/07/2013,00:30,8,5,3
21/07/2013,00:45,7,6,1
21/07/2013,01:00,4,4,0
21/07/2013,01:15,10,7,3
21/07/2013,01:30,6,4,2
21/07/2013,01:45,1,0,1
21/07/2013,02:00,4,3,1
21/07/2013,02:15,12,10,2
21/07/2013,02:30,5,5,0
21/07/2013,02:45,3,3,0
21/07/2013,03:00,4,3,1
21/07/2013,03:15,3,3,0
21/07/2013,03:30,2,2,0
21/07/2013,03:45,1,1,0
21/07/2013,04:00,3,2,1
21/07/2013,04:15,1,1,0
21/07/2013,04:30,0,0,0
21/07/2013,04:45,4,2,2
21/07/2013,05:00,4,2,2
21/07/2013,05:15,0,0,0
21/07/2013,05:30,3,1,2
21/07/2013,05:45,2,2,0
21/07/2013,06:00,7,4,3
21/07/2013,06:15,4,3,1
21/07/2013,06:30,10,9,1
21/07/2013,06:45,5,4,1
21/07/2013,07:00,10,5,5
21/07/2013,07:15,13,6,7
21/07/2013,07:30,18,8,10
21/07/2013,07:45,17,13,4
21/07/2013,08:00,24,16,8
21/07/2013,08:15,19,9,10
21/07/2013,08:30,32,20,12
21/07/2013,08:45,33,20,13
21/07/2013,09:00,49,36,13
21/07/2013,09:15,60,41,19
21/07/2013,09:30,59,38,21
21/07/2013,09:45,40,25,15
21/07/2013,10:00,52,37,15
21/07/2013,10:15,64,38,26
21/07/2013,10:30,51,31,20
21/07/2013,10:45,62,33,29
21/07/2013,11:00,90,57,33
21/07/2013,11:15,64,39,25
21/07/2013,11:30,88,70,18
21/07/2013,11:45,59,40,19
21/07/2013,12:00,54,35,19
21/07/2013,12:15,64,37,27
21/07/2013,12:30,68,33,35
21/07/2013,12:45,80,42,38
21/07/2013,13:00,73,35,38
21/07/2013,13:15,76,49,27
21/07/2013,13:30,73,41,32
21/07/2013,13:45,87,47,40
21/07/2013,14:00,68,32,36
21/07/2013,14:15,68,41,27
21/07/2013,14:30,66,25,41
21/07/2013,14:45,61,35,26
21/07/2013,15:00,62,29,33
21/07/2013,15:15,60,31,29
21/07/2013,15:30,71,27,44
21/07/2013,15:45,96,37,59
21/07/2013,16:00,79,50,29
21/07/2013,16:15,69,39,30
21/07/2013,16:30,68,44,24
21/07/2013,16:45,61,24,37
21/07/2013,17:00,69,19,50
21/07/2013,17:15,69,27,42
21/07/2013,17:30,65,33,32
21/07/2013,17:45,42,18,24
21/07/2013,18:00,43,17,26
21/07/2013,18:15,55,25,30
21/07/2013,18:30,39,23,16
21/07/2013,18:45,48,30,18
21/07/2013,19:00,39,23,16
21/07/2013,19:15,34,18,16
21/07/2013,19:30,30,24,6
21/07/2013,19:45,20,13,7
21/07/2013,20:00,25,21,4
21/07/2013,20:15,16,7,9
21/07/2013,20:30,18,8,10
21/07/2013,20:45,15,10,5
21/07/2013,21:00,19,16,3
21/07/2013,21:15,24,15,9
21/07/2013,21:30,21,17,4
21/07/2013,21:45,9,6,3
21/07/2013,22:00,17,9,8
21/07/2013,22:15,18,15,3
21/07/2013,22:30,13,10,3
21/07/2013,22:45,10,6,4
21/07/2013,23:00,8,3,5
21/07/2013,23:15,6,5,1
21/07/2013,23:30,4,2,2
21/07/2013,23:45,10,9,1
22/07/2013,00:00,9,5,4
22/07/2013,00:15,8,6,2
22/07/2013,00:30,5,4,1
22/07/2013,00:45,0,0,0
22/07/2013,01:00,3,2,1
22/07/2013,01:15,2,1,1
22/07/2013,01:30,3,3,0
22/07/2013,01:45,1,1,0
22/07/2013,02:00,1,1,0
22/07/2013,02:15,0,0,0
22/07/2013,02:30,1,1,0
22/07/2013,02:45,1,1,0
22/07/2013,03:00,0,0,0
22/07/2013,03:15,1,0,1
22/07/2013,03:30,1,1,0
22/07/2013,03:45,0,0,0
22/07/2013,04:00,1,1,0
22/07/2013,04:15,1,0,1
22/07/2013,04:30,0,0,0
22/07/2013,04:45,2,0,2
22/07/2013,05:00,5,2,3
22/07/2013,05:15,5,2,3
22/07/2013,05:30,5,1,4
22/07/2013,05:45,6,2,4
22/07/2013,06:00,10,3,7
22/07/2013,06:15,31,9,22
22/07/2013,06:30,25,11,14
22/07/2013,06:45,38,11,27
22/07/2013,07:00,36,5,31
22/07/2013,07:15,53,14,39
22/07/2013,07:30,68,22,46
22/07/2013,07:45,53,18,35
22/07/2013,08:00,66,18,48
22/07/2013,08:15,96,20,76
22/07/2013,08:30,97,24,73
22/07/2013,08:45,75,20,55
22/07/2013,09:00,86,26,60
22/07/2013,09:15,46,15,31
22/07/2013,09:30,58,22,36
22/07/2013,09:45,38,20,18
22/07/2013,10:00,36,16,20
22/07/2013,10:15,38,25,13
22/07/2013,10:30,46,28,18
22/07/2013,10:45,35,24,11
22/07/2013,11:00,26,14,12
22/07/2013,11:15,31,20,11
22/07/2013,11:30,34,18,16
22/07/2013,11:45,31,15,16
22/07/2013,12:00,41,27,14
22/07/2013,12:15,28,20,8
22/07/2013,12:30,39,22,17
22/07/2013,12:45,34,17,17
22/07/2013,13:00,37,17,20
22/07/2013,13:15,28,18,10
22/07/2013,13:30,35,23,12
22/07/2013,13:45,23,13,10
22/07/2013,14:00,33,16,17
22/07/2013,14:15,30,22,8
22/07/2013,14:30,36,26,10
22/07/2013,14:45,34,24,10
22/07/2013,15:00,34,20,14
22/07/2013,15:15,35,20,15
22/07/2013,15:30,47,29,18
22/07/2013,15:45,59,41,18
22/07/2013,16:00,41,25,16
22/07/2013,16:15,61,48,13
22/07/2013,16:30,60,39,21
22/07/2013,16:45,68,40,28
22/07/2013,17:00,78,58,20
22/07/2013,17:15,110,80,30
22/07/2013,17:30,112,86,26
22/07/2013,17:45,108,93,15
22/07/2013,18:00,119,96,23
22/07/2013,18:15,103,84,19
22/07/2013,18:30,102,82,20
22/07/2013,18:45,97,72,25
22/07/2013,19:00,74,60,14
22/07/2013,19:15,42,38,4
22/07/2013,19:30,57,39,18
22/07/2013,19:45,41,27,14
22/07/2013,20:00,34,23,11
22/07/2013,20:15,33,23,10
22/07/2013,20:30,26,20,6
22/07/2013,20:45,25,14,11
22/07/2013,21:00,30,18,12
22/07/2013,21:15,21,16,5
22/07/2013,21:30,25,16,9
22/07/2013,21:45,31,20,11
22/07/2013,22:00,36,27,9
22/07/2013,22:15,21,17,4
22/07/2013,22:30,25,17,8
22/07/2013,22:45,13,13,0
22/07/2013,23:00,19,16,3
22/07/2013,23:15,17,16,1
22/07/2013,23:30,12,11,1
22/07/2013,23:45,9,8,1
23/07/2013,00:00,6,5,1
23/07/2013,00:15,3,3,0
23/07/2013,00:30,3,3,0
23/07/2013,00:45,1,1,0
23/07/2013,01:00,3,3,0
23/07/2013,01:15,4,4,0
23/07/2013,01:30,0,0,0
23/07/2013,01:45,1,1,0
23/07/2013,02:00,3,2,1
23/07/2013,02:15,0,0,0
23/07/2013,02:30,1,1,0
23/07/2013,02:45,0,0,0
23/07/2013,03:00,2,2,0
23/07/2013,03:15,4,2,2
23/07/2013,03:30,1,0,1
23/07/2013,03:45,0,0,0
23/07/2013,04:00,0,0,0
23/07/2013,04:15,0,0,0
23/07/2013,04:30,2,2,0
23/07/2013,04:45,2,0,2
23/07/2013,05:00,5,1,4
23/07/2013,05:15,4,2,2
23/07/2013,05:30,7,5,2
23/07/2013,05:45,14,7,7
23/07/2013,06:00,30,19,11
23/07/2013,06:15,28,10,18
23/07/2013,06:30,43,19,24
23/07/2013,06:45,33,11,22
23/07/2013,07:00,41,14,27
23/07/2013,07:15,64,17,47
23/07/2013,07:30,79,14,65
23/07/2013,07:45,78,20,58
23/07/2013,08:00,103,26,77
23/07/2013,08:15,101,28,73
23/07/2013,08:30,115,30,85
23/07/2013,08:45,81,17,64
23/07/2013,09:00,87,32,55
23/07/2013,09:15,68,20,48
23/07/2013,09:30,42,14,28
23/07/2013,09:45,36,10,26
23/07/2013,10:00,35,20,15
23/07/2013,10:15,45,25,20
23/07/2013,10:30,38,18,20
23/07/2013,10:45,54,25,29
23/07/2013,11:00,60,40,20
23/07/2013,11:15,43,21,22
23/07/2013,11:30,49,27,22
23/07/2013,11:45,29,8,21
23/07/2013,12:00,48,27,21
23/07/2013,12:15,38,12,26
23/07/2013,12:30,51,34,17
23/07/2013,12:45,39,29,10
23/07/2013,13:00,44,19,25
23/07/2013,13:15,34,19,15
23/07/2013,13:30,27,17,10
23/07/2013,13:45,29,15,14
23/07/2013,14:00,39,26,13
23/07/2013,14:15,40,22,18
23/07/2013,14:30,36,23,13
23/07/2013,14:45,57,34,23
23/07/2013,15:00,38,21,17
23/07/2013,15:15,46,32,14
23/07/2013,15:30,49,26,23
23/07/2013,15:45,53,29,24
23/07/2013,16:00,58,30,28
23/07/2013,16:15,59,35,24
23/07/2013,16:30,77,46,31
23/07/2013,16:45,66,42,24
23/07/2013,17:00,91,63,28
23/07/2013,17:15,130,100,30
23/07/2013,17:30,117,94,23
23/07/2013,17:45,124,99,25
23/07/2013,18:00,115,85,30
23/07/2013,18:15,134,114,20
23/07/2013,18:30,121,96,25
23/07/2013,18:45,106,75,31
23/07/2013,19:00,81,61,20
23/07/2013,19:15,93,73,20
23/07/2013,19:30,59,39,20
23/07/2013,19:45,52,38,14
23/07/2013,20:00,50,35,15
23/07/2013,20:15,44,34,10
23/07/2013,20:30,42,26,16
23/07/2013,20:45,48,33,15
23/07/2013,21:00,34,23,11
23/07/2013,21:15,34,24,10
23/07/2013,21:30,29,24,5
23/07/2013,21:45,25,21,4
23/07/2013,22:00,24,19,5
23/07/2013,22:15,32,20,12
23/07/2013,22:30,21,17,4
23/07/2013,22:45,16,10,6
23/07/2013,23:00,12,10,2
23/07/2013,23:15,13,13,0
23/07/2013,23:30,6,5,1
23/07/2013,23:45,8,8,0
24/07/2013,00:00,10,9,1
24/07/2013,00:15,6,6,0
24/07/2013,00:30,4,4,0
24/07/2013,00:45,5,4,1
24/07/2013,01:00,6,5,1
24/07/2013,01:15,4,1,3
24/07/2013,01:30,3,2,1
24/07/2013,01:45,3,2,1
24/07/2013,02:00,2,1,1
24/07/2013,02:15,1,0,1
24/07/2013,02:30,0,0,0
24/07/2013,02:45,1,1,0
24/07/2013,03:00,0,0,0
24/07/2013,03:15,1,0,1
24/07/2013,03:30,1,1,0
24/07/2013,03:45,0,0,0
24/07/2013,04:00,1,0,1
24/07/2013,04:15,2,1,1
24/07/2013,04:30,0,0,0
24/07/2013,04:45,4,2,2
24/07/2013,05:00,7,1,6
24/07/2013,05:15,3,1,2
24/07/2013,05:30,14,8,6
24/07/2013,05:45,10,7,3
24/07/2013,06:00,21,13,8
24/07/2013,06:15,25,14,11
24/07/2013,06:30,31,12,19
24/07/2013,06:45,37,14,23
24/07/2013,07:00,43,12,31
24/07/2013,07:15,80,27,53
24/07/2013,07:30,75,23,52
24/07/2013,07:45,70,22,48
24/07/2013,08:00,74,18,56
24/07/2013,08:15,125,29,96
24/07/2013,08:30,107,24,83
24/07/2013,08:45,83,29,54
24/07/2013,09:00,66,17,49
24/07/2013,09:15,65,21,44
24/07/2013,09:30,74,32,42
24/07/2013,09:45,34,17,17
24/07/2013,10:00,39,17,22
24/07/2013,10:15,50,22,28
24/07/2013,10:30,35,16,19
24/07/2013,10:45,40,19,21
24/07/2013,11:00,30,14,16
24/07/2013,11:15,41,18,23
24/07/2013,11:30,51,27,24
24/07/2013,11:45,38,19,19
24/07/2013,12:00,37,22,15
24/07/2013,12:15,47,31,16
24/07/2013,12:30,36,23,13
24/07/2013,12:45,45,26,19
24/07/2013,13:00,45,18,27
24/07/2013,13:15,47,26,21
24/07/2013,13:30,39,20,19
24/07/2013,13:45,36,26,10
24/07/2013,14:00,43,23,20
24/07/2013,14:15,56,31,25
24/07/2013,14:30,42,20,22
24/07/2013,14:45,36,18,18
24/07/2013,15:00,42,27,15
24/07/2013,15:15,64,41,23
24/07/2013,15:30,46,29,17
24/07/2013,15:45,53,27,26
24/07/2013,16:00,65,35,30
24/07/2013,16:15,57,36,21
24/07/2013,16:30,73,54,19
24/07/2013,16:45,84,56,28
24/07/2013,17:00,105,70,35
24/07/2013,17:15,118,93,25
24/07/2013,17:30,122,86,36
24/07/2013,17:45,129,85,44
24/07/2013,18:00,118,90,28
24/07/2013,18:15,126,98,28
24/07/2013,18:30,118,82,36
24/07/2013,18:45,79,61,18
24/07/2013,19:00,87,63,24
24/07/2013,19:15,64,44,20
24/07/2013,19:30,76,50,26
24/07/2013,19:45,58,40,18
24/07/2013,20:00,65,40,25
24/07/2013,20:15,47,33,14
24/07/2013,20:30,46,28,18
24/07/2013,20:45,43,33,10
24/07/2013,21:00,40,22,18
24/07/2013,21:15,50,28,22
24/07/2013,21:30,42,35,7
24/07/2013,21:45,35,23,12
24/07/2013,22:00,35,31,4
24/07/2013,22:15,24,19,5
24/07/2013,22:30,28,20,8
24/07/2013,22:45,18,14,4
24/07/2013,23:00,13,11,2
24/07/2013,23:15,26,21,5
24/07/2013,23:30,12,10,2
24/07/2013,23:45,15,13,2
25/07/2013,00:00,10,10,0
25/07/2013,00:15,13,11,2
25/07/2013,00:30,7,7,0
25/07/2013,00:45,1,1,0
25/07/2013,01:00,8,6,2
25/07/2013,01:15,4,4,0
25/07/2013,01:30,1,1,0
25/07/2013,01:45,2,1,1
25/07/2013,02:00,5,5,0
25/07/2013,02:15,2,2,0
25/07/2013,02:30,1,1,0
25/07/2013,02:45,0,0,0
25/07/2013,03:00,0,0,0
25/07/2013,03:15,3,2,1
25/07/2013,03:30,0,0,0
25/07/2013,03:45,0,0,0
25/07/2013,04:00,0,0,0
25/07/2013,04:15,0,0,0
25/07/2013,04:30,1,0,1
25/07/2013,04:45,3,1,2
25/07/2013,05:00,4,1,3
25/07/2013,05:15,4,1,3
25/07/2013,05:30,11,6,5
25/07/2013,05:45,9,7,2
25/07/2013,06:00,29,18,11
25/07/2013,06:15,32,12,20
25/07/2013,06:30,42,20,22
25/07/2013,06:45,33,14,19
25/07/2013,07:00,37,10,27
25/07/2013,07:15,60,27,33
25/07/2013,07:30,76,19,57
25/07/2013,07:45,67,13,54
25/07/2013,08:00,79,18,61
25/07/2013,08:15,106,22,84
25/07/2013,08:30,112,29,83
25/07/2013,08:45,71,14,57
25/07/2013,09:00,71,22,49
25/07/2013,09:15,57,19,38
25/07/2013,09:30,48,18,30
25/07/2013,09:45,40,12,28
25/07/2013,10:00,39,12,27
25/07/2013,10:15,34,18,16
25/07/2013,10:30,51,33,18
25/07/2013,10:45,31,20,11
25/07/2013,11:00,38,24,14
25/07/2013,11:15,38,18,20
25/07/2013,11:30,26,14,12
25/07/2013,11:45,38,21,17
25/07/2013,12:00,24,18,6
25/07/2013,12:15,39,18,21
25/07/2013,12:30,34,18,16
25/07/2013,12:45,40,27,13
25/07/2013,13:00,38,22,16
25/07/2013,13:15,29,10,19
25/07/2013,13:30,48,27,21
25/07/2013,13:45,31,16,15
25/07/2013,14:00,36,27,9
25/07/2013,14:15,46,26,20
25/07/2013,14:30,36,21,15
25/07/2013,14:45,41,30,11
25/07/2013,15:00,29,20,9
25/07/2013,15:15,53,35,18
25/07/2013,15:30,50,31,19
25/07/2013,15:45,56,27,29
25/07/2013,16:00,48,30,18
25/07/2013,16:15,66,44,22
25/07/2013,16:30,66,39,27
25/07/2013,16:45,75,56,19
25/07/2013,17:00,99,69,30
25/07/2013,17:15,112,84,28
25/07/2013,17:30,128,102,26
25/07/2013,17:45,138,108,30
25/07/2013,18:00,92,74,18
25/07/2013,18:15,112,83,29
25/07/2013,18:30,98,82,16
25/07/2013,18:45,92,67,25
25/07/2013,19:00,90,73,17
25/07/2013,19:15,72,61,11
25/07/2013,19:30,70,53,17
25/07/2013,19:45,68,49,19
25/07/2013,20:00,47,31,16
25/07/2013,20:15,49,31,18
25/07/2013,20:30,44,23,21
25/07/2013,20:45,37,24,13
25/07/2013,21:00,26,17,9
25/07/2013,21:15,40,20,20
25/07/2013,21:30,45,28,17
25/07/2013,21:45,25,17,8
25/07/2013,22:00,22,10,12
25/07/2013,22:15,29,19,10
25/07/2013,22:30,22,12,10
25/07/2013,22:45,22,20,2
25/07/2013,23:00,23,13,10
25/07/2013,23:15,13,12,1
25/07/2013,23:30,13,11,2
25/07/2013,23:45,12,7,5
26/07/2013,00:00,14,11,3
26/07/2013,00:15,6,5,1
26/07/2013,00:30,12,10,2
26/07/2013,00:45,4,4,0
26/07/2013,01:00,5,4,1
26/07/2013,01:15,3,2,1
26/07/2013,01:30,3,3,0
26/07/2013,01:45,1,0,1
26/07/2013,02:00,4,4,0
26/07/2013,02:15,2,1,1
26/07/2013,02:30,3,3,0
26/07/2013,02:45,3,2,1
26/07/2013,03:00,1,1,0
26/07/2013,03:15,1,0,1
26/07/2013,03:30,1,1,0
26/07/2013,03:45,0,0,0
26/07/2013,04:00,0,0,0
26/07/2013,04:15,3,2,1
26/07/2013,04:30,0,0,0
26/07/2013,04:45,1,0,1
26/07/2013,05:00,4,2,2
26/07/2013,05:15,8,2,6
26/07/2013,05:30,10,3,7
26/07/2013,05:45,8,4,4
26/07/2013,06:00,15,5,10
26/07/2013,06:15,19,10,9
26/07/2013,06:30,23,15,8
26/07/2013,06:45,26,7,19
26/07/2013,07:00,36,13,23
26/07/2013,07:15,51,18,33
26/07/2013,07:30,48,11,37
26/07/2013,07:45,63,18,45
26/07/2013,08:00,61,16,45
26/07/2013,08:15,79,13,66
26/07/2013,08:30,95,20,75
26/07/2013,08:45,72,12,60
26/07/2013,09:00,63,16,47
26/07/2013,09:15,61,28,33
26/07/2013,09:30,50,13,37
26/07/2013,09:45,42,21,21
26/07/2013,10:00,30,11,19
26/07/2013,10:15,62,30,32
26/07/2013,10:30,25,9,16
26/07/2013,10:45,26,16,10
26/07/2013,11:00,29,15,14
26/07/2013,11:15,30,18,12
26/07/2013,11:30,29,13,16
26/07/2013,11:45,31,18,13
26/07/2013,12:00,38,20,18
26/07/2013,12:15,40,22,18
26/07/2013,12:30,35,18,17
26/07/2013,12:45,30,18,12
26/07/2013,13:00,35,18,17
26/07/2013,13:15,42,19,23
26/07/2013,13:30,35,20,15
26/07/2013,13:45,34,22,12
26/07/2013,14:00,51,26,25
26/07/2013,14:15,55,35,20
26/07/2013,14:30,47,29,18
26/07/2013,14:45,43,32,11
26/07/2013,15:00,38,24,14
26/07/2013,15:15,54,33,21
26/07/2013,15:30,47,31,16
26/07/2013,15:45,32,14,18
26/07/2013,16:00,60,37,23
26/07/2013,16:15,66,43,23
26/07/2013,16:30,66,41,25
26/07/2013,16:45,63,38,25
26/07/2013,17:00,93,59,34
26/07/2013,17:15,85,64,21
26/07/2013,17:30,86,69,17
26/07/2013,17:45,101,78,23
26/07/2013,18:00,85,69,16
26/07/2013,18:15,72,56,16
26/07/2013,18:30,85,64,21
26/07/2013,18:45,54,41,13
26/07/2013,19:00,74,51,23
26/07/2013,19:15,48,38,10
26/07/2013,19:30,41,30,11
26/07/2013,19:45,38,24,14
26/07/2013,20:00,31,20,11
26/07/2013,20:15,26,24,2
26/07/2013,20:30,44,28,16
26/07/2013,20:45,21,17,4
26/07/2013,21:00,14,11,3
26/07/2013,21:15,21,15,6
26/07/2013,21:30,30,21,9
26/07/2013,21:45,16,12,4
26/07/2013,22:00,21,15,6
26/07/2013,22:15,20,11,9
26/07/2013,22:30,19,15,4
26/07/2013,22:45,11,8,3
26/07/2013,23:00,19,17,2
26/07/2013,23:15,19,17,2
26/07/2013,23:30,4,2,2
26/07/2013,23:45,11,9,2
27/07/2013,00:00,15,13,2
27/07/2013,00:15,12,10,2
27/07/2013,00:30,13,13,0
27/07/2013,00:45,4,4,0
27/07/2013,01:00,9,9,0
27/07/2013,01:15,5,4,1
27/07/2013,01:30,10,8,2
27/07/2013,01:45,0,0,0
27/07/2013,02:00,11,8,3
27/07/2013,02:15,12,12,0
27/07/2013,02:30,1,0,1
27/07/2013,02:45,4,4,0
27/07/2013,03:00,4,3,1
27/07/2013,03:15,2,2,0
27/07/2013,03:30,0,0,0
27/07/2013,03:45,0,0,0
27/07/2013,04:00,2,2,0
27/07/2013,04:15,0,0,0
27/07/2013,04:30,1,1,0
27/07/2013,04:45,1,0,1
27/07/2013,05:00,1,1,0
27/07/2013,05:15,1,1,0
27/07/2013,05:30,4,2,2
27/07/2013,05:45,2,2,0
27/07/2013,06:00,7,5,2
27/07/2013,06:15,8,4,4
27/07/2013,06:30,7,5,2
27/07/2013,06:45,14,9,5
27/07/2013,07:00,17,11,6
27/07/2013,07:15,14,5,9
27/07/2013,07:30,23,19,4
27/07/2013,07:45,22,18,4
27/07/2013,08:00,30,18,12
27/07/2013,08:15,19,9,10
27/07/2013,08:30,50,35,15
27/07/2013,08:45,41,24,17
27/07/2013,09:00,39,27,12
27/07/2013,09:15,37,18,19
27/07/2013,09:30,61,40,21
27/07/2013,09:45,40,25,15
27/07/2013,10:00,42,22,20
27/07/2013,10:15,47,34,13
27/07/2013,10:30,74,48,26
27/07/2013,10:45,69,43,26
27/07/2013,11:00,60,27,33
27/07/2013,11:15,69,36,33
27/07/2013,11:30,68,31,37
27/07/2013,11:45,68,45,23
27/07/2013,12:00,62,34,28
27/07/2013,12:15,62,40,22
27/07/2013,12:30,67,34,33
27/07/2013,12:45,88,46,42
27/07/2013,13:00,80,45,35
27/07/2013,13:15,80,36,44
27/07/2013,13:30,80,47,33
27/07/2013,13:45,54,17,37
27/07/2013,14:00,91,50,41
27/07/2013,14:15,74,38,36
27/07/2013,14:30,53,22,31
27/07/2013,14:45,59,32,27
27/07/2013,15:00,67,32,35
27/07/2013,15:15,66,37,29
27/07/2013,15:30,59,36,23
27/07/2013,15:45,57,25,32
27/07/2013,16:00,63,33,30
27/07/2013,16:15,69,36,33
27/07/2013,16:30,56,26,30
27/07/2013,16:45,63,31,32
27/07/2013,17:00,60,34,26
27/07/2013,17:15,38,20,18
27/07/2013,17:30,58,23,35
27/07/2013,17:45,47,19,28
27/07/2013,18:00,44,22,22
27/07/2013,18:15,50,24,26
27/07/2013,18:30,38,15,23
27/07/2013,18:45,44,24,20
27/07/2013,19:00,23,12,11
27/07/2013,19:15,23,12,11
27/07/2013,19:30,18,15,3
27/07/2013,19:45,26,12,14
27/07/2013,20:00,22,12,10
27/07/2013,20:15,18,6,12
27/07/2013,20:30,18,10,8
27/07/2013,20:45,17,7,10
27/07/2013,21:00,16,12,4
27/07/2013,21:15,16,10,6
27/07/2013,21:30,10,7,3
27/07/2013,21:45,6,3,3
27/07/2013,22:00,19,15,4
27/07/2013,22:15,18,12,6
27/07/2013,22:30,18,9,9
27/07/2013,22:45,17,12,5
27/07/2013,23:00,11,7,4
27/07/2013,23:15,17,13,4
27/07/2013,23:30,12,5,7
27/07/2013,23:45,13,10,3
28/07/2013,00:00,11,8,3
28/07/2013,00:15,9,7,2
28/07/2013,00:30,8,7,1
28/07/2013,00:45,8,5,3
28/07/2013,01:00,7,6,1
28/07/2013,01:15,9,7,2
28/07/2013,01:30,12,11,1
28/07/2013,01:45,2,2,0
28/07/2013,02:00,6,4,2
28/07/2013,02:15,4,2,2
28/07/2013,02:30,3,3,0
28/07/2013,02:45,5,3,2
28/07/2013,03:00,2,2,0
28/07/2013,03:15,3,3,0
28/07/2013,03:30,5,4,1
28/07/2013,03:45,1,0,1
28/07/2013,04:00,0,0,0
28/07/2013,04:15,2,2,0
28/07/2013,04:30,2,0,2
28/07/2013,04:45,1,1,0
28/07/2013,05:00,1,0,1
28/07/2013,05:15,1,0,1
28/07/2013,05:30,5,2,3
28/07/2013,05:45,5,4,1
28/07/2013,06:00,2,2,0
28/07/2013,06:15,11,7,4
28/07/2013,06:30,7,4,3
28/07/2013,06:45,9,4,5
28/07/2013,07:00,10,6,4
28/07/2013,07:15,15,7,8
28/07/2013,07:30,21,15,6
28/07/2013,07:45,18,13,5
28/07/2013,08:00,16,11,5
28/07/2013,08:15,18,15,3
28/07/2013,08:30,37,16,21
28/07/2013,08:45,32,24,8
28/07/2013,09:00,31,20,11
28/07/2013,09:15,37,23,14
28/07/2013,09:30,40,23,17
28/07/2013,09:45,29,16,13
28/07/2013,10:00,58,38,20
28/07/2013,10:15,46,26,20
28/07/2013,10:30,46,25,21
28/07/2013,10:45,68,29,39
28/07/2013,11:00,53,29,24
28/07/2013,11:15,87,56,31
28/07/2013,11:30,93,50,43
28/07/2013,11:45,76,42,34
28/07/2013,12:00,65,28,37
28/07/2013,12:15,82,40,42
28/07/2013,12:30,89,36,53
28/07/2013,12:45,76,35,41
28/07/2013,13:00,88,49,39
28/07/2013,13:15,81,50,31
28/07/2013,13:30,65,39,26
28/07/2013,13:45,73,37,36
28/07/2013,14:00,72,42,30
28/07/2013,14:15,78,39,39
28/07/2013,14:30,83,40,43
28/07/2013,14:45,62,38,24
28/07/2013,15:00,72,29,43
28/07/2013,15:15,66,38,28
28/07/2013,15:30,57,32,25
28/07/2013,15:45,103,62,41
28/07/2013,16:00,80,46,34
28/07/2013,16:15,87,43,44
28/07/2013,16:30,78,39,39
28/07/2013,16:45,56,24,32
28/07/2013,17:00,43,29,14
28/07/2013,17:15,47,14,33
28/07/2013,17:30,40,24,16
28/07/2013,17:45,37,21,16
28/07/2013,18:00,51,21,30
28/07/2013,18:15,42,26,16
28/07/2013,18:30,51,31,20
28/07/2013,18:45,64,39,25
28/07/2013,19:00,28,18,10
28/07/2013,19:15,35,9,26
28/07/2013,19:30,21,8,13
28/07/2013,19:45,19,11,8
28/07/2013,20:00,12,8,4
28/07/2013,20:15,21,17,4
28/07/2013,20:30,32,17,15
28/07/2013,20:45,25,13,12
28/07/2013,21:00,11,10,1
28/07/2013,21:15,14,9,5
28/07/2013,21:30,7,4,3
28/07/2013,21:45,10,8,2
28/07/2013,22:00,13,12,1
28/07/2013,22:15,15,14,1
28/07/2013,22:30,19,12,7
28/07/2013,22:45,12,8,4
28/07/2013,23:00,5,5,0
28/07/2013,23:15,7,6,1
28/07/2013,23:30,8,7,1
28/07/2013,23:45,4,3,1
29/07/2013,00:00,2,2,0
29/07/2013,00:15,9,9,0
29/07/2013,00:30,4,4,0
29/07/2013,00:45,1,1,0
29/07/2013,01:00,3,3,0
29/07/2013,01:15,2,2,0
29/07/2013,01:30,2,2,0
29/07/2013,01:45,2,2,0
29/07/2013,02:00,0,0,0
29/07/2013,02:15,3,3,0
29/07/2013,02:30,4,4,0
29/07/2013,02:45,3,2,1
29/07/2013,03:00,2,1,1
29/07/2013,03:15,3,2,1
29/07/2013,03:30,0,0,0
29/07/2013,03:45,0,0,0
29/07/2013,04:00,3,3,0
29/07/2013,04:15,0,0,0
29/07/2013,04:30,1,0,1
29/07/2013,04:45,1,0,1
29/07/2013,05:00,4,2,2
29/07/2013,05:15,6,3,3
29/07/2013,05:30,11,3,8
29/07/2013,05:45,5,4,1
29/07/2013,06:00,16,7,9
29/07/2013,06:15,34,10,24
29/07/2013,06:30,20,5,15
29/07/2013,06:45,32,9,23
29/07/2013,07:00,32,9,23
29/07/2013,07:15,65,18,47
29/07/2013,07:30,67,15,52
29/07/2013,07:45,64,16,48
29/07/2013,08:00,83,16,67
29/07/2013,08:15,109,24,85
29/07/2013,08:30,92,21,71
29/07/2013,08:45,87,16,71
29/07/2013,09:00,70,20,50
29/07/2013,09:15,74,23,51
29/07/2013,09:30,52,20,32
29/07/2013,09:45,34,14,20
29/07/2013,10:00,39,14,25
29/07/2013,10:15,36,24,12
29/07/2013,10:30,31,16,15
29/07/2013,10:45,39,17,22
29/07/2013,11:00,31,23,8
29/07/2013,11:15,31,9,22
29/07/2013,11:30,43,29,14
29/07/2013,11:45,46,25,21
29/07/2013,12:00,30,12,18
29/07/2013,12:15,35,23,12
29/07/2013,12:30,39,19,20
29/07/2013,12:45,42,23,19
29/07/2013,13:00,30,19,11
29/07/2013,13:15,37,16,21
29/07/2013,13:30,39,26,13
29/07/2013,13:45,29,17,12
29/07/2013,14:00,32,17,15
29/07/2013,14:15,34,18,16
29/07/2013,14:30,44,24,20
29/07/2013,14:45,43,24,19
29/07/2013,15:00,37,20,17
29/07/2013,15:15,43,22,21
29/07/2013,15:30,58,30,28
29/07/2013,15:45,53,24,29
29/07/2013,16:00,58,42,16
29/07/2013,16:15,54,37,17
29/07/2013,16:30,68,37,31
29/07/2013,16:45,74,46,28
29/07/2013,17:00,93,66,27
29/07/2013,17:15,87,74,13
29/07/2013,17:30,108,86,22
29/07/2013,17:45,115,87,28
29/07/2013,18:00,121,86,35
29/07/2013,18:15,125,103,22
29/07/2013,18:30,104,78,26
29/07/2013,18:45,107,90,17
29/07/2013,19:00,72,52,20
29/07/2013,19:15,67,52,15
29/07/2013,19:30,50,39,11
29/07/2013,19:45,43,32,11
29/07/2013,20:00,40,33,7
29/07/2013,20:15,31,24,7
29/07/2013,20:30,35,26,9
29/07/2013,20:45,30,26,4
29/07/2013,21:00,29,22,7
29/07/2013,21:15,24,20,4
29/07/2013,21:30,32,21,11
29/07/2013,21:45,23,17,6
29/07/2013,22:00,24,16,8
29/07/2013,22:15,28,17,11
29/07/2013,22:30,8,6,2
29/07/2013,22:45,19,16,3
29/07/2013,23:00,10,8,2
29/07/2013,23:15,8,7,1
29/07/2013,23:30,15,13,2
29/07/2013,23:45,7,6,1
30/07/2013,00:00,4,3,1
30/07/2013,00:15,11,10,1
30/07/2013,00:30,2,2,0
30/07/2013,00:45,9,8,1
30/07/2013,01:00,2,1,1
30/07/2013,01:15,1,1,0
30/07/2013,01:30,1,1,0
30/07/2013,01:45,1,1,0
30/07/2013,02:00,2,2,0
30/07/2013,02:15,3,2,1
30/07/2013,02:30,0,0,0
30/07/2013,02:45,0,0,0
30/07/2013,03:00,1,0,1
30/07/2013,03:15,2,1,1
30/07/2013,03:30,1,0,1
30/07/2013,03:45,1,1,0
30/07/2013,04:00,0,0,0
30/07/2013,04:15,0,0,0
30/07/2013,04:30,2,0,2
30/07/2013,04:45,3,1,2
30/07/2013,05:00,5,3,2
30/07/2013,05:15,5,1,4
30/07/2013,05:30,9,2,7
30/07/2013,05:45,12,5,7
30/07/2013,06:00,30,15,15
30/07/2013,06:15,32,11,21
30/07/2013,06:30,42,21,21
30/07/2013,06:45,40,13,27
30/07/2013,07:00,52,15,37
30/07/2013,07:15,69,16,53
30/07/2013,07:30,55,14,41
30/07/2013,07:45,78,17,61
30/07/2013,08:00,91,19,72
30/07/2013,08:15,96,32,64
30/07/2013,08:30,99,16,83
30/07/2013,08:45,71,18,53
30/07/2013,09:00,68,18,50
30/07/2013,09:15,62,17,45
30/07/2013,09:30,44,12,32
30/07/2013,09:45,37,12,25
30/07/2013,10:00,21,9,12
30/07/2013,10:15,47,25,22
30/07/2013,10:30,39,16,23
30/07/2013,10:45,26,13,13
30/07/2013,11:00,32,11,21
30/07/2013,11:15,26,13,13
30/07/2013,11:30,29,13,16
30/07/2013,11:45,35,28,7
30/07/2013,12:00,42,16,26
30/07/2013,12:15,44,24,20
30/07/2013,12:30,36,22,14
30/07/2013,12:45,31,19,12
30/07/2013,13:00,53,28,25
30/07/2013,13:15,45,14,31
30/07/2013,13:30,32,18,14
30/07/2013,13:45,25,14,11
30/07/2013,14:00,36,21,15
30/07/2013,14:15,25,14,11
30/07/2013,14:30,31,18,13
30/07/2013,14:45,45,22,23
30/07/2013,15:00,46,32,14
30/07/2013,15:15,41,27,14
30/07/2013,15:30,53,36,17
30/07/2013,15:45,47,30,17
30/07/2013,16:00,60,35,25
30/07/2013,16:15,63,38,25
30/07/2013,16:30,67,50,17
30/07/2013,16:45,93,56,37
30/07/2013,17:00,94,67,27
30/07/2013,17:15,108,85,23
30/07/2013,17:30,115,90,25
30/07/2013,17:45,113,95,18
30/07/2013,18:00,124,93,31
30/07/2013,18:15,135,107,28
30/07/2013,18:30,124,97,27
30/07/2013,18:45,103,82,21
30/07/2013,19:00,99,67,32
30/07/2013,19:15,71,53,18
30/07/2013,19:30,49,34,15
30/07/2013,19:45,74,53,21
30/07/2013,20:00,55,36,19
30/07/2013,20:15,40,28,12
30/07/2013,20:30,41,22,19
30/07/2013,20:45,37,27,10
30/07/2013,21:00,30,23,7
30/07/2013,21:15,28,19,9
30/07/2013,21:30,35,27,8
30/07/2013,21:45,28,26,2
30/07/2013,22:00,35,26,9
30/07/2013,22:15,22,16,6
30/07/2013,22:30,14,10,4
30/07/2013,22:45,16,11,5
30/07/2013,23:00,15,9,6
30/07/2013,23:15,7,7,0
30/07/2013,23:30,11,8,3
30/07/2013,23:45,7,6,1
31/07/2013,00:00,8,6,2
31/07/2013,00:15,8,5,3
31/07/2013,00:30,10,9,1
31/07/2013,00:45,2,2,0
31/07/2013,01:00,2,2,0
31/07/2013,01:15,6,4,2
31/07/2013,01:30,5,4,1
31/07/2013,01:45,3,3,0
31/07/2013,02:00,2,2,0
31/07/2013,02:15,3,1,2
31/07/2013,02:30,0,0,0
31/07/2013,02:45,4,1,3
31/07/2013,03:00,0,0,0
31/07/2013,03:15,0,0,0
31/07/2013,03:30,3,1,2
31/07/2013,03:45,0,0,0
31/07/2013,04:00,0,0,0
31/07/2013,04:15,2,0,2
31/07/2013,04:30,0,0,0
31/07/2013,04:45,3,1,2
31/07/2013,05:00,4,2,2
31/07/2013,05:15,4,1,3
31/07/2013,05:30,8,5,3
31/07/2013,05:45,13,5,8
31/07/2013,06:00,27,19,8
31/07/2013,06:15,22,6,16
31/07/2013,06:30,24,11,13
31/07/2013,06:45,34,9,25
31/07/2013,07:00,48,15,33
31/07/2013,07:15,38,14,24
31/07/2013,07:30,72,18,54
31/07/2013,07:45,62,14,48
31/07/2013,08:00,73,16,57
31/07/2013,08:15,103,19,84
31/07/2013,08:30,124,26,98
31/07/2013,08:45,80,23,57
31/07/2013,09:00,84,22,62
31/07/2013,09:15,56,20,36
31/07/2013,09:30,56,21,35
31/07/2013,09:45,37,10,27
31/07/2013,10:00,37,15,22
31/07/2013,10:15,63,29,34
31/07/2013,10:30,32,19,13
31/07/2013,10:45,27,17,10
31/07/2013,11:00,36,21,15
31/07/2013,11:15,43,24,19
31/07/2013,11:30,26,16,10
31/07/2013,11:45,39,20,19
31/07/2013,12:00,29,14,15
31/07/2013,12:15,52,20,32
31/07/2013,12:30,29,23,6
31/07/2013,12:45,29,15,14
31/07/2013,13:00,51,24,27
31/07/2013,13:15,52,29,23
31/07/2013,13:30,25,9,16
31/07/2013,13:45,40,15,25
31/07/2013,14:00,34,19,15
31/07/2013,14:15,26,11,15
31/07/2013,14:30,47,25,22
31/07/2013,14:45,35,19,16
31/07/2013,15:00,36,21,15
31/07/2013,15:15,52,26,26
31/07/2013,15:30,65,41,24
31/07/2013,15:45,39,25,14
31/07/2013,16:00,61,40,21
31/07/2013,16:15,61,44,17
31/07/2013,16:30,66,50,16
31/07/2013,16:45,95,57,38
31/07/2013,17:00,100,59,41
31/07/2013,17:15,117,90,27
31/07/2013,17:30,112,78,34
31/07/2013,17:45,121,88,33
31/07/2013,18:00,120,94,26
31/07/2013,18:15,103,85,18
31/07/2013,18:30,153,107,46
31/07/2013,18:45,105,78,27
31/07/2013,19:00,88,67,21
31/07/2013,19:15,86,52,34
31/07/2013,19:30,72,47,25
31/07/2013,19:45,56,39,17
31/07/2013,20:00,57,38,19
31/07/2013,20:15,47,33,14
31/07/2013,20:30,49,36,13
31/07/2013,20:45,27,16,11
31/07/2013,21:00,55,31,24
31/07/2013,21:15,38,27,11
31/07/2013,21:30,45,25,20
31/07/2013,21:45,24,20,4
31/07/2013,22:00,20,18,2
31/07/2013,22:15,36,24,12
31/07/2013,22:30,33,26,7
31/07/2013,22:45,23,21,2
31/07/2013,23:00,24,21,3
31/07/2013,23:15,8,5,3
31/07/2013,23:30,13,9,4
31/07/2013,23:45,14,13,1
01/08/2013,00:00,15,11,4
01/08/2013,00:15,8,8,0
01/08/2013,00:30,10,8,2
01/08/2013,00:45,2,2,0
01/08/2013,01:00,2,2,0
01/08/2013,01:15,2,2,0
01/08/2013,01:30,1,1,0
01/08/2013,01:45,3,1,2
01/08/2013,02:00,2,2,0
01/08/2013,02:15,0,0,0
01/08/2013,02:30,1,1,0
01/08/2013,02:45,0,0,0
01/08/2013,03:00,2,0,2
01/08/2013,03:15,1,1,0
01/08/2013,03:30,1,0,1
01/08/2013,03:45,0,0,0
01/08/2013,04:00,1,1,0
01/08/2013,04:15,1,0,1
01/08/2013,04:30,2,2,0
01/08/2013,04:45,4,1,3
01/08/2013,05:00,4,2,2
01/08/2013,05:15,4,0,4
01/08/2013,05:30,5,1,4
01/08/2013,05:45,9,1,8
01/08/2013,06:00,35,18,17
01/08/2013,06:15,26,12,14
01/08/2013,06:30,28,19,9
01/08/2013,06:45,32,10,22
01/08/2013,07:00,43,15,28
01/08/2013,07:15,51,12,39
01/08/2013,07:30,60,8,52
01/08/2013,07:45,66,17,49
01/08/2013,08:00,88,26,62
01/08/2013,08:15,99,22,77
01/08/2013,08:30,106,24,82
01/08/2013,08:45,65,18,47
01/08/2013,09:00,58,15,43
01/08/2013,09:15,54,19,35
01/08/2013,09:30,45,15,30
01/08/2013,09:45,45,16,29
01/08/2013,10:00,45,19,26
01/08/2013,10:15,33,19,14
01/08/2013,10:30,40,18,22
01/08/2013,10:45,37,21,16
01/08/2013,11:00,37,23,14
01/08/2013,11:15,37,12,25
01/08/2013,11:30,31,17,14
01/08/2013,11:45,27,14,13
01/08/2013,12:00,34,14,20
01/08/2013,12:15,48,27,21
01/08/2013,12:30,53,24,29
01/08/2013,12:45,34,17,17
01/08/2013,13:00,48,25,23
01/08/2013,13:15,29,23,6
01/08/2013,13:30,34,24,10
01/08/2013,13:45,38,21,17
01/08/2013,14:00,35,17,18
01/08/2013,14:15,33,20,13
01/08/2013,14:30,33,18,15
01/08/2013,14:45,39,25,14
01/08/2013,15:00,41,26,15
01/08/2013,15:15,56,33,23
01/08/2013,15:30,44,26,18
01/08/2013,15:45,54,28,26
01/08/2013,16:00,56,37,19
01/08/2013,16:15,61,28,33
01/08/2013,16:30,50,37,13
01/08/2013,16:45,82,53,29
01/08/2013,17:00,79,53,26
01/08/2013,17:15,110,84,26
01/08/2013,17:30,118,83,35
01/08/2013,17:45,119,97,22
01/08/2013,18:00,89,71,18
01/08/2013,18:15,111,81,30
01/08/2013,18:30,106,75,31
01/08/2013,18:45,99,74,25
01/08/2013,19:00,68,50,18
01/08/2013,19:15,76,53,23
01/08/2013,19:30,75,55,20
01/08/2013,19:45,50,33,17
01/08/2013,20:00,62,42,20
01/08/2013,20:15,44,32,12
01/08/2013,20:30,33,18,15
01/08/2013,20:45,38,29,9
01/08/2013,21:00,29,26,3
01/08/2013,21:15,28,21,7
01/08/2013,21:30,23,18,5
01/08/2013,21:45,36,25,11
01/08/2013,22:00,31,21,10
01/08/2013,22:15,26,20,6
01/08/2013,22:30,24,21,3
01/08/2013,22:45,19,17,2
01/08/2013,23:00,18,15,3
01/08/2013,23:15,26,25,1
01/08/2013,23:30,10,8,2
01/08/2013,23:45,18,14,4
02/08/2013,00:00,22,21,1
02/08/2013,00:15,10,8,2
02/08/2013,00:30,7,3,4
02/08/2013,00:45,6,6,0
02/08/2013,01:00,6,5,1
02/08/2013,01:15,5,3,2
02/08/2013,01:30,0,0,0
02/08/2013,01:45,2,2,0
02/08/2013,02:00,2,2,0
02/08/2013,02:15,5,5,0
02/08/2013,02:30,2,2,0
02/08/2013,02:45,2,2,0
02/08/2013,03:00,0,0,0
02/08/2013,03:15,0,0,0
02/08/2013,03:30,1,1,0
02/08/2013,03:45,1,1,0
02/08/2013,04:00,0,0,0
02/08/2013,04:15,0,0,0
02/08/2013,04:30,2,1,1
02/08/2013,04:45,2,1,1
02/08/2013,05:00,6,3,3
02/08/2013,05:15,7,5,2
02/08/2013,05:30,9,5,4
02/08/2013,05:45,17,4,13
02/08/2013,06:00,31,15,16
02/08/2013,06:15,21,14,7
02/08/2013,06:30,19,5,14
02/08/2013,06:45,23,7,16
02/08/2013,07:00,25,8,17
02/08/2013,07:15,55,18,37
02/08/2013,07:30,50,16,34
02/08/2013,07:45,60,14,46
02/08/2013,08:00,77,14,63
02/08/2013,08:15,102,27,75
02/08/2013,08:30,81,21,60
02/08/2013,08:45,65,22,43
02/08/2013,09:00,78,18,60
02/08/2013,09:15,66,14,52
02/08/2013,09:30,53,17,36
02/08/2013,09:45,35,16,19
02/08/2013,10:00,36,17,19
02/08/2013,10:15,36,20,16
02/08/2013,10:30,36,19,17
02/08/2013,10:45,38,22,16
02/08/2013,11:00,30,14,16
02/08/2013,11:15,40,23,17
02/08/2013,11:30,33,13,20
02/08/2013,11:45,44,21,23
02/08/2013,12:00,52,30,22
02/08/2013,12:15,33,22,11
02/08/2013,12:30,52,25,27
02/08/2013,12:45,50,26,24
02/08/2013,13:00,37,19,18
02/08/2013,13:15,40,17,23
02/08/2013,13:30,41,28,13
02/08/2013,13:45,42,25,17
02/08/2013,14:00,54,31,23
02/08/2013,14:15,47,30,17
02/08/2013,14:30,49,37,12
02/08/2013,14:45,39,20,19
02/08/2013,15:00,49,24,25
02/08/2013,15:15,44,25,19
02/08/2013,15:30,64,36,28
02/08/2013,15:45,52,25,27
02/08/2013,16:00,64,38,26
02/08/2013,16:15,47,36,11
02/08/2013,16:30,67,38,29
02/08/2013,16:45,72,43,29
02/08/2013,17:00,69,51,18
02/08/2013,17:15,110,75,35
02/08/2013,17:30,97,74,23
02/08/2013,17:45,78,54,24
02/08/2013,18:00,91,70,21
02/08/2013,18:15,85,66,19
02/08/2013,18:30,97,70,27
02/08/2013,18:45,71,49,22
02/08/2013,19:00,74,48,26
02/08/2013,19:15,61,43,18
02/08/2013,19:30,54,32,22
02/08/2013,19:45,44,30,14
02/08/2013,20:00,21,15,6
02/08/2013,20:15,29,21,8
02/08/2013,20:30,34,22,12
02/08/2013,20:45,23,15,8
02/08/2013,21:00,22,13,9
02/08/2013,21:15,40,28,12
02/08/2013,21:30,32,18,14
02/08/2013,21:45,23,20,3
02/08/2013,22:00,20,15,5
02/08/2013,22:15,22,20,2
02/08/2013,22:30,16,13,3
02/08/2013,22:45,24,18,6
02/08/2013,23:00,19,10,9
02/08/2013,23:15,34,13,21
02/08/2013,23:30,20,7,13
02/08/2013,23:45,27,12,15
03/08/2013,00:00,30,11,19
03/08/2013,00:15,30,10,20
03/08/2013,00:30,15,13,2
03/08/2013,00:45,10,9,1
03/08/2013,01:00,11,8,3
03/08/2013,01:15,6,4,2
03/08/2013,01:30,5,5,0
03/08/2013,01:45,2,1,1
03/08/2013,02:00,8,6,2
03/08/2013,02:15,9,9,0
03/08/2013,02:30,6,6,0
03/08/2013,02:45,2,2,0
03/08/2013,03:00,4,4,0
03/08/2013,03:15,1,1,0
03/08/2013,03:30,0,0,0
03/08/2013,03:45,0,0,0
03/08/2013,04:00,1,1,0
03/08/2013,04:15,1,0,1
03/08/2013,04:30,1,0,1
03/08/2013,04:45,2,1,1
03/08/2013,05:00,3,3,0
03/08/2013,05:15,3,0,3
03/08/2013,05:30,6,2,4
03/08/2013,05:45,1,1,0
03/08/2013,06:00,4,2,2
03/08/2013,06:15,6,3,3
03/08/2013,06:30,6,3,3
03/08/2013,06:45,6,3,3
03/08/2013,07:00,14,9,5
03/08/2013,07:15,16,12,4
03/08/2013,07:30,26,15,11
03/08/2013,07:45,14,8,6
03/08/2013,08:00,16,13,3
03/08/2013,08:15,29,11,18
03/08/2013,08:30,48,34,14
03/08/2013,08:45,40,24,16
03/08/2013,09:00,45,31,14
03/08/2013,09:15,46,25,21
03/08/2013,09:30,44,28,16
03/08/2013,09:45,55,33,22
03/08/2013,10:00,53,35,18
03/08/2013,10:15,76,47,29
03/08/2013,10:30,77,58,19
03/08/2013,10:45,42,26,16
03/08/2013,11:00,90,51,39
03/08/2013,11:15,63,33,30
03/08/2013,11:30,57,25,32
03/08/2013,11:45,73,39,34
03/08/2013,12:00,71,35,36
03/08/2013,12:15,85,52,33
03/08/2013,12:30,61,37,24
03/08/2013,12:45,51,25,26
03/08/2013,13:00,107,51,56
03/08/2013,13:15,77,51,26
03/08/2013,13:30,61,32,29
03/08/2013,13:45,71,37,34
03/08/2013,14:00,80,44,36
03/08/2013,14:15,77,42,35
03/08/2013,14:30,76,41,35
03/08/2013,14:45,82,37,45
03/08/2013,15:00,65,29,36
03/08/2013,15:15,72,33,39
03/08/2013,15:30,73,35,38
03/08/2013,15:45,71,35,36
03/08/2013,16:00,74,37,37
03/08/2013,16:15,75,30,45
03/08/2013,16:30,63,35,28
03/08/2013,16:45,67,24,43
03/08/2013,17:00,61,32,29
03/08/2013,17:15,101,55,46
03/08/2013,17:30,49,23,26
03/08/2013,17:45,51,26,25
03/08/2013,18:00,43,25,18
03/08/2013,18:15,67,30,37
03/08/2013,18:30,49,27,22
03/08/2013,18:45,47,18,29
03/08/2013,19:00,33,21,12
03/08/2013,19:15,34,17,17
03/08/2013,19:30,36,20,16
03/08/2013,19:45,37,18,19
03/08/2013,20:00,26,13,13
03/08/2013,20:15,28,14,14
03/08/2013,20:30,23,13,10
03/08/2013,20:45,19,8,11
03/08/2013,21:00,22,13,9
03/08/2013,21:15,12,4,8
03/08/2013,21:30,16,11,5
03/08/2013,21:45,16,15,1
03/08/2013,22:00,22,14,8
03/08/2013,22:15,19,14,5
03/08/2013,22:30,19,12,7
03/08/2013,22:45,22,19,3
03/08/2013,23:00,21,17,4
03/08/2013,23:15,19,14,5
03/08/2013,23:30,12,10,2
03/08/2013,23:45,22,13,9
04/08/2013,00:00,20,10,10
04/08/2013,00:15,8,6,2
04/08/2013,00:30,13,10,3
04/08/2013,00:45,6,3,3
04/08/2013,01:00,5,4,1
04/08/2013,01:15,9,8,1
04/08/2013,01:30,11,9,2
04/08/2013,01:45,3,2,1
04/08/2013,02:00,3,3,0
04/08/2013,02:15,13,10,3
04/08/2013,02:30,1,1,0
04/08/2013,02:45,1,1,0
04/08/2013,03:00,1,1,0
04/08/2013,03:15,9,6,3
04/08/2013,03:30,2,2,0
04/08/2013,03:45,6,5,1
04/08/2013,04:00,1,1,0
04/08/2013,04:15,1,0,1
04/08/2013,04:30,0,0,0
04/08/2013,04:45,0,0,0
04/08/2013,05:00,2,0,2
04/08/2013,05:15,4,2,2
04/08/2013,05:30,0,0,0
04/08/2013,05:45,3,1,2
04/08/2013,06:00,7,6,1
04/08/2013,06:15,5,2,3
04/08/2013,06:30,10,7,3
04/08/2013,06:45,6,1,5
04/08/2013,07:00,17,12,5
04/08/2013,07:15,14,8,6
04/08/2013,07:30,19,12,7
04/08/2013,07:45,22,16,6
04/08/2013,08:00,20,12,8
04/08/2013,08:15,10,7,3
04/08/2013,08:30,25,15,10
04/08/2013,08:45,20,10,10
04/08/2013,09:00,21,15,6
04/08/2013,09:15,40,27,13
04/08/2013,09:30,37,20,17
04/08/2013,09:45,47,39,8
04/08/2013,10:00,51,31,20
04/08/2013,10:15,67,39,28
04/08/2013,10:30,55,37,18
04/08/2013,10:45,69,49,20
04/08/2013,11:00,69,44,25
04/08/2013,11:15,76,51,25
04/08/2013,11:30,101,52,49
04/08/2013,11:45,75,45,30
04/08/2013,12:00,73,54,19
04/08/2013,12:15,96,50,46
04/08/2013,12:30,82,49,33
04/08/2013,12:45,67,39,28
04/08/2013,13:00,71,35,36
04/08/2013,13:15,70,47,23
04/08/2013,13:30,68,39,29
04/08/2013,13:45,74,50,24
04/08/2013,14:00,101,51,50
04/08/2013,14:15,59,34,25
04/08/2013,14:30,77,41,36
04/08/2013,14:45,84,45,39
04/08/2013,15:00,86,48,38
04/08/2013,15:15,65,40,25
04/08/2013,15:30,69,36,33
04/08/2013,15:45,83,39,44
04/08/2013,16:00,70,36,34
04/08/2013,16:15,74,27,47
04/08/2013,16:30,62,29,33
04/08/2013,16:45,50,24,26
04/08/2013,17:00,52,28,24
04/08/2013,17:15,62,28,34
04/08/2013,17:30,58,21,37
04/08/2013,17:45,57,27,30
04/08/2013,18:00,54,20,34
04/08/2013,18:15,43,28,15
04/08/2013,18:30,65,30,35
04/08/2013,18:45,53,27,26
04/08/2013,19:00,31,23,8
04/08/2013,19:15,23,14,9
04/08/2013,19:30,21,10,11
04/08/2013,19:45,25,18,7
04/08/2013,20:00,24,14,10
04/08/2013,20:15,20,13,7
04/08/2013,20:30,17,10,7
04/08/2013,20:45,13,12,1
04/08/2013,21:00,21,13,8
04/08/2013,21:15,15,10,5
04/08/2013,21:30,21,14,7
04/08/2013,21:45,13,7,6
04/08/2013,22:00,13,6,7
04/08/2013,22:15,9,6,3
04/08/2013,22:30,12,9,3
04/08/2013,22:45,15,10,5
04/08/2013,23:00,5,4,1
04/08/2013,23:15,13,10,3
04/08/2013,23:30,4,2,2
04/08/2013,23:45,5,4,1
05/08/2013,00:00,7,4,3
05/08/2013,00:15,8,8,0
05/08/2013,00:30,2,2,0
05/08/2013,00:45,5,5,0
05/08/2013,01:00,3,3,0
05/08/2013,01:15,1,1,0
05/08/2013,01:30,0,0,0
05/08/2013,01:45,0,0,0
05/08/2013,02:00,2,2,0
05/08/2013,02:15,2,2,0
05/08/2013,02:30,0,0,0
05/08/2013,02:45,2,2,0
05/08/2013,03:00,3,2,1
05/08/2013,03:15,1,0,1
05/08/2013,03:30,0,0,0
05/08/2013,03:45,0,0,0
05/08/2013,04:00,1,0,1
05/08/2013,04:15,0,0,0
05/08/2013,04:30,1,0,1
05/08/2013,04:45,1,0,1
05/08/2013,05:00,6,2,4
05/08/2013,05:15,2,1,1
05/08/2013,05:30,9,4,5
05/08/2013,05:45,9,5,4
05/08/2013,06:00,15,4,11
05/08/2013,06:15,15,7,8
05/08/2013,06:30,33,13,20
05/08/2013,06:45,24,10,14
05/08/2013,07:00,38,12,26
05/08/2013,07:15,58,17,41
05/08/2013,07:30,37,9,28
05/08/2013,07:45,68,14,54
05/08/2013,08:00,63,17,46
05/08/2013,08:15,77,19,58
05/08/2013,08:30,107,27,80
05/08/2013,08:45,81,20,61
05/08/2013,09:00,63,29,34
05/08/2013,09:15,57,14,43
05/08/2013,09:30,45,18,27
05/08/2013,09:45,38,11,27
05/08/2013,10:00,30,12,18
05/08/2013,10:15,37,15,22
05/08/2013,10:30,25,7,18
05/08/2013,10:45,27,20,7
05/08/2013,11:00,23,9,14
05/08/2013,11:15,29,17,12
05/08/2013,11:30,41,25,16
05/08/2013,11:45,23,10,13
05/08/2013,12:00,18,8,10
05/08/2013,12:15,31,26,5
05/08/2013,12:30,31,17,14
05/08/2013,12:45,27,18,9
05/08/2013,13:00,21,10,11
05/08/2013,13:15,35,13,22
05/08/2013,13:30,29,11,18
05/08/2013,13:45,38,23,15
05/08/2013,14:00,41,29,12
05/08/2013,14:15,26,18,8
05/08/2013,14:30,31,14,17
05/08/2013,14:45,35,21,14
05/08/2013,15:00,27,16,11
05/08/2013,15:15,33,16,17
05/08/2013,15:30,44,24,20
05/08/2013,15:45,28,17,11
05/08/2013,16:00,61,45,16
05/08/2013,16:15,72,40,32
05/08/2013,16:30,68,43,25
05/08/2013,16:45,77,54,23
05/08/2013,17:00,82,49,33
05/08/2013,17:15,94,66,28
05/08/2013,17:30,122,99,23
05/08/2013,17:45,99,75,24
05/08/2013,18:00,104,89,15
05/08/2013,18:15,118,92,26
05/08/2013,18:30,111,78,33
05/08/2013,18:45,103,79,24
05/08/2013,19:00,82,66,16
05/08/2013,19:15,61,44,17
05/08/2013,19:30,64,49,15
05/08/2013,19:45,41,26,15
05/08/2013,20:00,52,39,13
05/08/2013,20:15,37,25,12
05/08/2013,20:30,28,19,9
05/08/2013,20:45,21,17,4
05/08/2013,21:00,29,14,15
05/08/2013,21:15,34,23,11
05/08/2013,21:30,30,26,4
05/08/2013,21:45,19,12,7
05/08/2013,22:00,24,21,3
05/08/2013,22:15,13,12,1
05/08/2013,22:30,15,13,2
05/08/2013,22:45,25,24,1
05/08/2013,23:00,22,18,4
05/08/2013,23:15,13,6,7
05/08/2013,23:30,8,5,3
05/08/2013,23:45,7,6,1
06/08/2013,00:00,8,7,1
06/08/2013,00:15,8,6,2
06/08/2013,00:30,7,7,0
06/08/2013,00:45,4,3,1
06/08/2013,01:00,1,1,0
06/08/2013,01:15,3,3,0
06/08/2013,01:30,1,1,0
06/08/2013,01:45,0,0,0
06/08/2013,02:00,2,2,0
06/08/2013,02:15,2,2,0
06/08/2013,02:30,4,2,2
06/08/2013,02:45,1,1,0
06/08/2013,03:00,0,0,0
06/08/2013,03:15,2,1,1
06/08/2013,03:30,4,1,3
06/08/2013,03:45,0,0,0
06/08/2013,04:00,0,0,0
06/08/2013,04:15,0,0,0
06/08/2013,04:30,2,1,1
06/08/2013,04:45,1,0,1
06/08/2013,05:00,5,1,4
06/08/2013,05:15,4,3,1
06/08/2013,05:30,7,3,4
06/08/2013,05:45,8,3,5
06/08/2013,06:00,24,19,5
06/08/2013,06:15,22,14,8
06/08/2013,06:30,32,13,19
06/08/2013,06:45,32,9,23
06/08/2013,07:00,47,11,36
06/08/2013,07:15,66,16,50
06/08/2013,07:30,69,17,52
06/08/2013,07:45,65,12,53
06/08/2013,08:00,106,34,72
06/08/2013,08:15,114,32,82
06/08/2013,08:30,104,32,72
06/08/2013,08:45,81,17,64
06/08/2013,09:00,65,14,51
06/08/2013,09:15,65,23,42
06/08/2013,09:30,55,19,36
06/08/2013,09:45,46,17,29
06/08/2013,10:00,43,17,26
06/08/2013,10:15,43,24,19
06/08/2013,10:30,31,16,15
06/08/2013,10:45,16,9,7
06/08/2013,11:00,32,17,15
06/08/2013,11:15,59,33,26
06/08/2013,11:30,43,33,10
06/08/2013,11:45,27,14,13
06/08/2013,12:00,30,8,22
06/08/2013,12:15,37,16,21
06/08/2013,12:30,47,35,12
06/08/2013,12:45,47,21,26
06/08/2013,13:00,36,19,17
06/08/2013,13:15,21,11,10
06/08/2013,13:30,40,17,23
06/08/2013,13:45,41,15,26
06/08/2013,14:00,46,24,22
06/08/2013,14:15,59,39,20
06/08/2013,14:30,49,26,23
06/08/2013,14:45,42,21,21
06/08/2013,15:00,44,25,19
06/08/2013,15:15,67,37,30
06/08/2013,15:30,57,27,30
06/08/2013,15:45,34,22,12
06/08/2013,16:00,74,42,32
06/08/2013,16:15,56,42,14
06/08/2013,16:30,76,46,30
06/08/2013,16:45,64,42,22
06/08/2013,17:00,102,56,46
06/08/2013,17:15,101,69,32
06/08/2013,17:30,127,96,31
06/08/2013,17:45,125,93,32
06/08/2013,18:00,116,98,18
06/08/2013,18:15,124,97,27
06/08/2013,18:30,95,70,25
06/08/2013,18:45,106,78,28
06/08/2013,19:00,80,63,17
06/08/2013,19:15,83,63,20
06/08/2013,19:30,51,35,16
06/08/2013,19:45,49,34,15
06/08/2013,20:00,52,39,13
06/08/2013,20:15,47,35,12
06/08/2013,20:30,48,33,15
06/08/2013,20:45,42,29,13
06/08/2013,21:00,27,18,9
06/08/2013,21:15,30,22,8
06/08/2013,21:30,31,25,6
06/08/2013,21:45,26,20,6
06/08/2013,22:00,20,13,7
06/08/2013,22:15,30,27,3
06/08/2013,22:30,33,18,15
06/08/2013,22:45,27,20,7
06/08/2013,23:00,22,16,6
06/08/2013,23:15,14,12,2
06/08/2013,23:30,3,3,0
06/08/2013,23:45,10,10,0
07/08/2013,00:00,11,11,0
07/08/2013,00:15,5,5,0
07/08/2013,00:30,7,6,1
07/08/2013,00:45,2,2,0
07/08/2013,01:00,1,1,0
07/08/2013,01:15,3,3,0
07/08/2013,01:30,4,2,2
07/08/2013,01:45,1,1,0
07/08/2013,02:00,2,2,0
07/08/2013,02:15,3,3,0
07/08/2013,02:30,4,4,0
07/08/2013,02:45,0,0,0
07/08/2013,03:00,0,0,0
07/08/2013,03:15,1,0,1
07/08/2013,03:30,2,0,2
07/08/2013,03:45,1,1,0
07/08/2013,04:00,0,0,0
07/08/2013,04:15,1,0,1
07/08/2013,04:30,0,0,0
07/08/2013,04:45,2,1,1
07/08/2013,05:00,3,1,2
07/08/2013,05:15,5,3,2
07/08/2013,05:30,5,4,1
07/08/2013,05:45,14,9,5
07/08/2013,06:00,15,5,10
07/08/2013,06:15,21,7,14
07/08/2013,06:30,36,23,13
07/08/2013,06:45,28,5,23
07/08/2013,07:00,52,18,34
07/08/2013,07:15,68,23,45
07/08/2013,07:30,81,19,62
07/08/2013,07:45,75,19,56
07/08/2013,08:00,88,24,64
07/08/2013,08:15,106,33,73
07/08/2013,08:30,126,38,88
07/08/2013,08:45,77,20,57
07/08/2013,09:00,69,23,46
07/08/2013,09:15,63,24,39
07/08/2013,09:30,65,22,43
07/08/2013,09:45,40,21,19
07/08/2013,10:00,29,7,22
07/08/2013,10:15,36,16,20
07/08/2013,10:30,29,15,14
07/08/2013,10:45,37,18,19
07/08/2013,11:00,26,15,11
07/08/2013,11:15,31,21,10
07/08/2013,11:30,38,20,18
07/08/2013,11:45,22,12,10
07/08/2013,12:00,39,17,22
07/08/2013,12:15,29,11,18
07/08/2013,12:30,27,14,13
07/08/2013,12:45,30,16,14
07/08/2013,13:00,36,19,17
07/08/2013,13:15,37,20,17
07/08/2013,13:30,51,34,17
07/08/2013,13:45,33,19,14
07/08/2013,14:00,33,19,14
07/08/2013,14:15,34,23,11
07/08/2013,14:30,43,21,22
07/08/2013,14:45,27,15,12
07/08/2013,15:00,46,26,20
07/08/2013,15:15,50,32,18
07/08/2013,15:30,47,26,21
07/08/2013,15:45,43,26,17
07/08/2013,16:00,53,27,26
07/08/2013,16:15,62,36,26
07/08/2013,16:30,63,34,29
07/08/2013,16:45,75,44,31
07/08/2013,17:00,109,76,33
07/08/2013,17:15,130,92,38
07/08/2013,17:30,120,79,41
07/08/2013,17:45,116,84,32
07/08/2013,18:00,120,95,25
07/08/2013,18:15,127,94,33
07/08/2013,18:30,124,93,31
07/08/2013,18:45,91,74,17
07/08/2013,19:00,97,66,31
07/08/2013,19:15,83,60,23
07/08/2013,19:30,65,41,24
07/08/2013,19:45,50,29,21
07/08/2013,20:00,52,30,22
07/08/2013,20:15,28,16,12
07/08/2013,20:30,39,28,11
07/08/2013,20:45,33,28,5
07/08/2013,21:00,28,19,9
07/08/2013,21:15,46,23,23
07/08/2013,21:30,32,25,7
07/08/2013,21:45,27,26,1
07/08/2013,22:00,38,30,8
07/08/2013,22:15,33,31,2
07/08/2013,22:30,22,16,6
07/08/2013,22:45,15,13,2
07/08/2013,23:00,15,8,7
07/08/2013,23:15,21,19,2
07/08/2013,23:30,14,12,2
07/08/2013,23:45,9,8,1
08/08/2013,00:00,6,5,1
08/08/2013,00:15,13,12,1
08/08/2013,00:30,4,4,0
08/08/2013,00:45,8,7,1
08/08/2013,01:00,8,7,1
08/08/2013,01:15,3,1,2
08/08/2013,01:30,8,8,0
08/08/2013,01:45,0,0,0
08/08/2013,02:00,3,3,0
08/08/2013,02:15,5,3,2
08/08/2013,02:30,4,4,0
08/08/2013,02:45,3,3,0
08/08/2013,03:00,0,0,0
08/08/2013,03:15,1,0,1
08/08/2013,03:30,0,0,0
08/08/2013,03:45,1,0,1
08/08/2013,04:00,0,0,0
08/08/2013,04:15,1,0,1
08/08/2013,04:30,0,0,0
08/08/2013,04:45,5,2,3
08/08/2013,05:00,3,0,3
08/08/2013,05:15,8,7,1
08/08/2013,05:30,4,0,4
08/08/2013,05:45,8,3,5
08/08/2013,06:00,30,20,10
08/08/2013,06:15,35,21,14
08/08/2013,06:30,25,14,11
08/08/2013,06:45,23,5,18
08/08/2013,07:00,32,12,20
08/08/2013,07:15,48,13,35
08/08/2013,07:30,45,16,29
08/08/2013,07:45,63,18,45
08/08/2013,08:00,52,9,43
08/08/2013,08:15,73,18,55
08/08/2013,08:30,81,18,63
08/08/2013,08:45,56,18,38
08/08/2013,09:00,50,13,37
08/08/2013,09:15,50,21,29
08/08/2013,09:30,57,20,37
08/08/2013,09:45,41,9,32
08/08/2013,10:00,29,14,15
08/08/2013,10:15,31,17,14
08/08/2013,10:30,36,26,10
08/08/2013,10:45,32,19,13
08/08/2013,11:00,24,11,13
08/08/2013,11:15,32,14,18
08/08/2013,11:30,36,15,21
08/08/2013,11:45,27,10,17
08/08/2013,12:00,30,19,11
08/08/2013,12:15,41,29,12
08/08/2013,12:30,57,27,30
08/08/2013,12:45,45,32,13
08/08/2013,13:00,40,21,19
08/08/2013,13:15,43,23,20
08/08/2013,13:30,36,23,13
08/08/2013,13:45,29,15,14
08/08/2013,14:00,32,13,19
08/08/2013,14:15,42,21,21
08/08/2013,14:30,49,24,25
08/08/2013,14:45,39,21,18
08/08/2013,15:00,41,25,16
08/08/2013,15:15,52,30,22
08/08/2013,15:30,60,39,21
08/08/2013,15:45,52,33,19
08/08/2013,16:00,59,35,24
08/08/2013,16:15,68,37,31
08/08/2013,16:30,72,44,28
08/08/2013,16:45,71,41,30
08/08/2013,17:00,65,41,24
08/08/2013,17:15,102,71,31
08/08/2013,17:30,94,66,28
08/08/2013,17:45,105,74,31
08/08/2013,18:00,81,51,30
08/08/2013,18:15,108,84,24
08/08/2013,18:30,94,79,15
08/08/2013,18:45,79,58,21
08/08/2013,19:00,86,67,19
08/08/2013,19:15,65,49,16
08/08/2013,19:30,58,39,19
08/08/2013,19:45,48,31,17
08/08/2013,20:00,43,33,10
08/08/2013,20:15,52,37,15
08/08/2013,20:30,47,31,16
08/08/2013,20:45,29,15,14
08/08/2013,21:00,37,26,11
08/08/2013,21:15,33,21,12
08/08/2013,21:30,42,26,16
08/08/2013,21:45,44,25,19
08/08/2013,22:00,35,20,15
08/08/2013,22:15,28,18,10
08/08/2013,22:30,20,18,2
08/08/2013,22:45,33,19,14
08/08/2013,23:00,16,11,5
08/08/2013,23:15,15,12,3
08/08/2013,23:30,15,15,0
08/08/2013,23:45,14,13,1
09/08/2013,00:00,11,9,2
09/08/2013,00:15,19,14,5
09/08/2013,00:30,7,4,3
09/08/2013,00:45,7,6,1
09/08/2013,01:00,4,2,2
09/08/2013,01:15,6,5,1
09/08/2013,01:30,5,4,1
09/08/2013,01:45,0,0,0
09/08/2013,02:00,4,4,0
09/08/2013,02:15,1,1,0
09/08/2013,02:30,2,2,0
09/08/2013,02:45,2,2,0
09/08/2013,03:00,0,0,0
09/08/2013,03:15,3,1,2
09/08/2013,03:30,0,0,0
09/08/2013,03:45,1,0,1
09/08/2013,04:00,0,0,0
09/08/2013,04:15,1,0,1
09/08/2013,04:30,0,0,0
09/08/2013,04:45,1,1,0
09/08/2013,05:00,6,4,2
09/08/2013,05:15,4,1,3
09/08/2013,05:30,7,4,3
09/08/2013,05:45,8,3,5
09/08/2013,06:00,18,9,9
09/08/2013,06:15,28,11,17
09/08/2013,06:30,19,9,10
09/08/2013,06:45,17,6,11
09/08/2013,07:00,31,9,22
09/08/2013,07:15,49,20,29
09/08/2013,07:30,49,12,37
09/08/2013,07:45,65,20,45
09/08/2013,08:00,68,22,46
09/08/2013,08:15,99,31,68
09/08/2013,08:30,99,36,63
09/08/2013,08:45,60,20,40
09/08/2013,09:00,75,29,46
09/08/2013,09:15,63,32,31
09/08/2013,09:30,65,30,35
09/08/2013,09:45,38,14,24
09/08/2013,10:00,39,14,25
09/08/2013,10:15,43,22,21
09/08/2013,10:30,42,22,20
09/08/2013,10:45,37,19,18
09/08/2013,11:00,56,41,15
09/08/2013,11:15,55,42,13
09/08/2013,11:30,57,35,22
09/08/2013,11:45,68,47,21
09/08/2013,12:00,53,36,17
09/08/2013,12:15,74,58,16
09/08/2013,12:30,72,58,14
09/08/2013,12:45,60,51,9
09/08/2013,13:00,63,44,19
09/08/2013,13:15,72,57,15
09/08/2013,13:30,79,63,16
09/08/2013,13:45,89,66,23
09/08/2013,14:00,93,78,15
09/08/2013,14:15,105,98,7
09/08/2013,14:30,107,83,24
09/08/2013,14:45,103,80,23
09/08/2013,15:00,92,74,18
09/08/2013,15:15,72,58,14
09/08/2013,15:30,116,89,27
09/08/2013,15:45,114,84,30
09/08/2013,16:00,95,84,11
09/08/2013,16:15,95,72,23
09/08/2013,16:30,100,73,27
09/08/2013,16:45,102,79,23
09/08/2013,17:00,118,87,31
09/08/2013,17:15,113,94,19
09/08/2013,17:30,118,86,32
09/08/2013,17:45,120,96,24
09/08/2013,18:00,115,90,25
09/08/2013,18:15,115,88,27
09/08/2013,18:30,109,88,21
09/08/2013,18:45,73,54,19
09/08/2013,19:00,76,55,21
09/08/2013,19:15,72,58,14
09/08/2013,19:30,42,29,13
09/08/2013,19:45,58,33,25
09/08/2013,20:00,39,21,18
09/08/2013,20:15,64,30,34
09/08/2013,20:30,43,17,26
09/08/2013,20:45,44,24,20
09/08/2013,21:00,45,13,32
09/08/2013,21:15,63,15,48
09/08/2013,21:30,70,21,49
09/08/2013,21:45,92,17,75
09/08/2013,22:00,118,15,103
09/08/2013,22:15,210,15,195
09/08/2013,22:30,293,19,274
09/08/2013,22:45,199,15,184
09/08/2013,23:00,69,10,59
09/08/2013,23:15,27,12,15
09/08/2013,23:30,20,6,14
09/08/2013,23:45,27,14,13
10/08/2013,00:00,13,5,8
10/08/2013,00:15,17,10,7
10/08/2013,00:30,20,12,8
10/08/2013,00:45,13,8,5
10/08/2013,01:00,12,6,6
10/08/2013,01:15,5,3,2
10/08/2013,01:30,3,2,1
10/08/2013,01:45,3,3,0
10/08/2013,02:00,10,7,3
10/08/2013,02:15,1,1,0
10/08/2013,02:30,1,1,0
10/08/2013,02:45,5,5,0
10/08/2013,03:00,1,0,1
10/08/2013,03:15,6,4,2
10/08/2013,03:30,1,1,0
10/08/2013,03:45,2,0,2
10/08/2013,04:00,2,2,0
10/08/2013,04:15,4,3,1
10/08/2013,04:30,1,0,1
10/08/2013,04:45,1,0,1
10/08/2013,05:00,1,1,0
10/08/2013,05:15,1,0,1
10/08/2013,05:30,2,2,0
10/08/2013,05:45,2,0,2
10/08/2013,06:00,5,3,2
10/08/2013,06:15,6,3,3
10/08/2013,06:30,9,7,2
10/08/2013,06:45,9,6,3
10/08/2013,07:00,14,9,5
10/08/2013,07:15,18,10,8
10/08/2013,07:30,25,16,9
10/08/2013,07:45,28,18,10
10/08/2013,08:00,29,21,8
10/08/2013,08:15,26,16,10
10/08/2013,08:30,47,24,23
10/08/2013,08:45,49,36,13
10/08/2013,09:00,55,31,24
10/08/2013,09:15,47,35,12
10/08/2013,09:30,56,36,20
10/08/2013,09:45,49,28,21
10/08/2013,10:00,38,21,17
10/08/2013,10:15,48,29,19
10/08/2013,10:30,57,34,23
10/08/2013,10:45,58,42,16
10/08/2013,11:00,86,62,24
10/08/2013,11:15,80,50,30
10/08/2013,11:30,116,73,43
10/08/2013,11:45,113,84,29
10/08/2013,12:00,95,74,21
10/08/2013,12:15,88,61,27
10/08/2013,12:30,104,81,23
10/08/2013,12:45,162,115,47
10/08/2013,13:00,129,102,27
10/08/2013,13:15,140,112,28
10/08/2013,13:30,186,158,28
10/08/2013,13:45,188,149,39
10/08/2013,14:00,118,93,25
10/08/2013,14:15,131,82,49
10/08/2013,14:30,136,101,35
10/08/2013,14:45,99,79,20
10/08/2013,15:00,123,97,26
10/08/2013,15:15,126,84,42
10/08/2013,15:30,117,86,31
10/08/2013,15:45,84,65,19
10/08/2013,16:00,109,82,27
10/08/2013,16:15,80,57,23
10/08/2013,16:30,118,74,44
10/08/2013,16:45,108,62,46
10/08/2013,17:00,78,38,40
10/08/2013,17:15,83,56,27
10/08/2013,17:30,68,45,23
10/08/2013,17:45,78,51,27
10/08/2013,18:00,70,35,35
10/08/2013,18:15,62,37,25
10/08/2013,18:30,51,20,31
10/08/2013,18:45,34,19,15
10/08/2013,19:00,42,21,21
10/08/2013,19:15,40,23,17
10/08/2013,19:30,42,18,24
10/08/2013,19:45,40,11,29
10/08/2013,20:00,50,14,36
10/08/2013,20:15,32,17,15
10/08/2013,20:30,32,9,23
10/08/2013,20:45,30,10,20
10/08/2013,21:00,34,6,28
10/08/2013,21:15,57,10,47
10/08/2013,21:30,72,8,64
10/08/2013,21:45,160,12,148
10/08/2013,22:00,173,5,168
10/08/2013,22:15,319,11,308
10/08/2013,22:30,263,22,241
10/08/2013,22:45,115,13,102
10/08/2013,23:00,54,10,44
10/08/2013,23:15,31,9,22
10/08/2013,23:30,23,10,13
10/08/2013,23:45,19,4,15
11/08/2013,00:00,14,6,8
11/08/2013,00:15,13,10,3
11/08/2013,00:30,18,12,6
11/08/2013,00:45,16,13,3
11/08/2013,01:00,17,9,8
11/08/2013,01:15,14,9,5
11/08/2013,01:30,10,5,5
11/08/2013,01:45,0,0,0
11/08/2013,02:00,5,4,1
11/08/2013,02:15,8,8,0
11/08/2013,02:30,4,1,3
11/08/2013,02:45,1,1,0
11/08/2013,03:00,2,2,0
11/08/2013,03:15,3,3,0
11/08/2013,03:30,4,2,2
11/08/2013,03:45,0,0,0
11/08/2013,04:00,1,1,0
11/08/2013,04:15,1,1,0
11/08/2013,04:30,0,0,0
11/08/2013,04:45,2,1,1
11/08/2013,05:00,2,0,2
11/08/2013,05:15,1,1,0
11/08/2013,05:30,6,2,4
11/08/2013,05:45,4,1,3
11/08/2013,06:00,4,3,1
11/08/2013,06:15,6,2,4
11/08/2013,06:30,11,8,3
11/08/2013,06:45,7,3,4
11/08/2013,07:00,11,5,6
11/08/2013,07:15,11,6,5
11/08/2013,07:30,11,7,4
11/08/2013,07:45,14,10,4
11/08/2013,08:00,24,21,3
11/08/2013,08:15,24,14,10
11/08/2013,08:30,42,25,17
11/08/2013,08:45,27,20,7
11/08/2013,09:00,42,24,18
11/08/2013,09:15,32,19,13
11/08/2013,09:30,56,36,20
11/08/2013,09:45,57,41,16
11/08/2013,10:00,69,45,24
11/08/2013,10:15,66,38,28
11/08/2013,10:30,59,34,25
11/08/2013,10:45,43,28,15
11/08/2013,11:00,73,52,21
11/08/2013,11:15,69,58,11
11/08/2013,11:30,107,69,38
11/08/2013,11:45,119,88,31
11/08/2013,12:00,84,60,24
11/08/2013,12:15,94,58,36
11/08/2013,12:30,132,108,24
11/08/2013,12:45,139,107,32
11/08/2013,13:00,97,68,29
11/08/2013,13:15,133,103,30
11/08/2013,13:30,174,137,37
11/08/2013,13:45,153,120,33
11/08/2013,14:00,141,113,28
11/08/2013,14:15,127,96,31
11/08/2013,14:30,116,91,25
11/08/2013,14:45,110,90,20
11/08/2013,15:00,128,90,38
11/08/2013,15:15,110,89,21
11/08/2013,15:30,113,81,32
11/08/2013,15:45,122,85,37
11/08/2013,16:00,79,55,24
11/08/2013,16:15,89,50,39
11/08/2013,16:30,76,46,30
11/08/2013,16:45,97,46,51
11/08/2013,17:00,84,46,38
11/08/2013,17:15,75,39,36
11/08/2013,17:30,61,32,29
11/08/2013,17:45,54,26,28
11/08/2013,18:00,55,25,30
11/08/2013,18:15,55,36,19
11/08/2013,18:30,27,14,13
11/08/2013,18:45,44,22,22
11/08/2013,19:00,52,21,31
11/08/2013,19:15,53,23,30
11/08/2013,19:30,48,12,36
11/08/2013,19:45,76,26,50
11/08/2013,20:00,51,18,33
11/08/2013,20:15,40,7,33
11/08/2013,20:30,52,13,39
11/08/2013,20:45,71,11,60
11/08/2013,21:00,90,15,75
11/08/2013,21:15,98,11,87
11/08/2013,21:30,131,12,119
11/08/2013,21:45,276,17,259
11/08/2013,22:00,271,12,259
11/08/2013,22:15,93,12,81
11/08/2013,22:30,43,7,36
11/08/2013,22:45,28,3,25
11/08/2013,23:00,15,4,11
11/08/2013,23:15,18,8,10
11/08/2013,23:30,12,3,9
11/08/2013,23:45,7,3,4
12/08/2013,00:00,8,4,4
12/08/2013,00:15,8,8,0
12/08/2013,00:30,4,3,1
12/08/2013,00:45,1,0,1
12/08/2013,01:00,4,4,0
12/08/2013,01:15,3,3,0
12/08/2013,01:30,4,0,4
12/08/2013,01:45,2,1,1
12/08/2013,02:00,5,3,2
12/08/2013,02:15,3,3,0
12/08/2013,02:30,1,1,0
12/08/2013,02:45,1,1,0
12/08/2013,03:00,2,2,0
12/08/2013,03:15,2,0,2
12/08/2013,03:30,1,0,1
12/08/2013,03:45,0,0,0
12/08/2013,04:00,1,1,0
12/08/2013,04:15,0,0,0
12/08/2013,04:30,0,0,0
12/08/2013,04:45,2,0,2
12/08/2013,05:00,8,1,7
12/08/2013,05:15,4,2,2
12/08/2013,05:30,7,2,5
12/08/2013,05:45,13,5,8
12/08/2013,06:00,18,10,8
12/08/2013,06:15,26,10,16
12/08/2013,06:30,31,13,18
12/08/2013,06:45,27,7,20
12/08/2013,07:00,46,13,33
12/08/2013,07:15,47,13,34
12/08/2013,07:30,49,19,30
12/08/2013,07:45,76,18,58
12/08/2013,08:00,72,20,52
12/08/2013,08:15,103,25,78
12/08/2013,08:30,106,20,86
12/08/2013,08:45,82,16,66
12/08/2013,09:00,61,22,39
12/08/2013,09:15,61,17,44
12/08/2013,09:30,46,20,26
12/08/2013,09:45,45,21,24
12/08/2013,10:00,32,16,16
12/08/2013,10:15,39,20,19
12/08/2013,10:30,39,17,22
12/08/2013,10:45,27,18,9
12/08/2013,11:00,16,10,6
12/08/2013,11:15,37,19,18
12/08/2013,11:30,35,19,16
12/08/2013,11:45,32,15,17
12/08/2013,12:00,25,12,13
12/08/2013,12:15,24,16,8
12/08/2013,12:30,25,16,9
12/08/2013,12:45,29,18,11
12/08/2013,13:00,30,20,10
12/08/2013,13:15,24,11,13
12/08/2013,13:30,52,38,14
12/08/2013,13:45,43,24,19
12/08/2013,14:00,37,21,16
12/08/2013,14:15,39,24,15
12/08/2013,14:30,49,30,19
12/08/2013,14:45,35,23,12
12/08/2013,15:00,40,27,13
12/08/2013,15:15,51,31,20
12/08/2013,15:30,52,39,13
12/08/2013,15:45,47,27,20
12/08/2013,16:00,48,29,19
12/08/2013,16:15,76,44,32
12/08/2013,16:30,79,50,29
12/08/2013,16:45,58,37,21
12/08/2013,17:00,94,64,30
12/08/2013,17:15,97,73,24
12/08/2013,17:30,119,93,26
12/08/2013,17:45,110,84,26
12/08/2013,18:00,108,83,25
12/08/2013,18:15,109,86,23
12/08/2013,18:30,106,84,22
12/08/2013,18:45,111,83,28
12/08/2013,19:00,74,55,19
12/08/2013,19:15,77,63,14
12/08/2013,19:30,59,36,23
12/08/2013,19:45,58,41,17
12/08/2013,20:00,44,28,16
12/08/2013,20:15,49,33,16
12/08/2013,20:30,33,22,11
12/08/2013,20:45,30,21,9
12/08/2013,21:00,23,20,3
12/08/2013,21:15,26,21,5
12/08/2013,21:30,25,15,10
12/08/2013,21:45,27,25,2
12/08/2013,22:00,26,20,6
12/08/2013,22:15,13,9,4
12/08/2013,22:30,17,14,3
12/08/2013,22:45,22,18,4
12/08/2013,23:00,11,11,0
12/08/2013,23:15,7,6,1
12/08/2013,23:30,6,5,1
12/08/2013,23:45,8,5,3
13/08/2013,00:00,4,4,0
13/08/2013,00:15,9,8,1
13/08/2013,00:30,5,5,0
13/08/2013,00:45,3,3,0
13/08/2013,01:00,6,6,0
13/08/2013,01:15,3,3,0
13/08/2013,01:30,1,1,0
13/08/2013,01:45,0,0,0
13/08/2013,02:00,3,2,1
13/08/2013,02:15,1,1,0
13/08/2013,02:30,0,0,0
13/08/2013,02:45,0,0,0
13/08/2013,03:00,1,1,0
13/08/2013,03:15,3,0,3
13/08/2013,03:30,1,0,1
13/08/2013,03:45,0,0,0
13/08/2013,04:00,0,0,0
13/08/2013,04:15,0,0,0
13/08/2013,04:30,2,1,1
13/08/2013,04:45,2,0,2
13/08/2013,05:00,6,2,4
13/08/2013,05:15,11,5,6
13/08/2013,05:30,7,5,2
13/08/2013,05:45,12,5,7
13/08/2013,06:00,28,17,11
13/08/2013,06:15,33,11,22
13/08/2013,06:30,47,19,28
13/08/2013,06:45,34,11,23
13/08/2013,07:00,42,13,29
13/08/2013,07:15,73,21,52
13/08/2013,07:30,75,27,48
13/08/2013,07:45,105,22,83
13/08/2013,08:00,98,33,65
13/08/2013,08:15,118,30,88
13/08/2013,08:30,133,29,104
13/08/2013,08:45,83,20,63
13/08/2013,09:00,60,20,40
13/08/2013,09:15,71,33,38
13/08/2013,09:30,69,26,43
13/08/2013,09:45,59,25,34
13/08/2013,10:00,41,19,22
13/08/2013,10:15,43,16,27
13/08/2013,10:30,43,22,21
13/08/2013,10:45,58,34,24
13/08/2013,11:00,53,24,29
13/08/2013,11:15,42,22,20
13/08/2013,11:30,42,20,22
13/08/2013,11:45,38,19,19
13/08/2013,12:00,31,16,15
13/08/2013,12:15,54,27,27
13/08/2013,12:30,54,36,18
13/08/2013,12:45,41,18,23
13/08/2013,13:00,35,21,14
13/08/2013,13:15,37,20,17
13/08/2013,13:30,48,29,19
13/08/2013,13:45,28,18,10
13/08/2013,14:00,41,24,17
13/08/2013,14:15,41,22,19
13/08/2013,14:30,45,28,17
13/08/2013,14:45,51,28,23
13/08/2013,15:00,57,25,32
13/08/2013,15:15,51,39,12
13/08/2013,15:30,58,35,23
13/08/2013,15:45,53,35,18
13/08/2013,16:00,72,42,30
13/08/2013,16:15,72,47,25
13/08/2013,16:30,93,54,39
13/08/2013,16:45,89,62,27
13/08/2013,17:00,117,70,47
13/08/2013,17:15,118,88,30
13/08/2013,17:30,127,94,33
13/08/2013,17:45,151,105,46
13/08/2013,18:00,154,116,38
13/08/2013,18:15,151,110,41
13/08/2013,18:30,118,91,27
13/08/2013,18:45,101,59,42
13/08/2013,19:00,89,63,26
13/08/2013,19:15,96,73,23
13/08/2013,19:30,77,49,28
13/08/2013,19:45,73,55,18
13/08/2013,20:00,50,33,17
13/08/2013,20:15,46,31,15
13/08/2013,20:30,42,26,16
13/08/2013,20:45,43,27,16
13/08/2013,21:00,29,15,14
13/08/2013,21:15,34,23,11
13/08/2013,21:30,34,24,10
13/08/2013,21:45,38,29,9
13/08/2013,22:00,26,18,8
13/08/2013,22:15,20,16,4
13/08/2013,22:30,27,23,4
13/08/2013,22:45,26,16,10
13/08/2013,23:00,14,8,6
13/08/2013,23:15,15,12,3
13/08/2013,23:30,15,8,7
13/08/2013,23:45,12,8,4
14/08/2013,00:00,11,10,1
14/08/2013,00:15,5,3,2
14/08/2013,00:30,6,5,1
14/08/2013,00:45,11,9,2
14/08/2013,01:00,2,1,1
14/08/2013,01:15,6,6,0
14/08/2013,01:30,2,0,2
14/08/2013,01:45,0,0,0
14/08/2013,02:00,5,5,0
14/08/2013,02:15,3,3,0
14/08/2013,02:30,0,0,0
14/08/2013,02:45,1,1,0
14/08/2013,03:00,0,0,0
14/08/2013,03:15,3,2,1
14/08/2013,03:30,1,0,1
14/08/2013,03:45,0,0,0
14/08/2013,04:00,0,0,0
14/08/2013,04:15,0,0,0
14/08/2013,04:30,1,1,0
14/08/2013,04:45,1,0,1
14/08/2013,05:00,3,1,2
14/08/2013,05:15,7,4,3
14/08/2013,05:30,8,2,6
14/08/2013,05:45,8,1,7
14/08/2013,06:00,23,16,7
14/08/2013,06:15,23,10,13
14/08/2013,06:30,29,14,15
14/08/2013,06:45,32,12,20
14/08/2013,07:00,52,15,37
14/08/2013,07:15,51,14,37
14/08/2013,07:30,77,28,49
14/08/2013,07:45,88,27,61
14/08/2013,08:00,84,23,61
14/08/2013,08:15,92,24,68
14/08/2013,08:30,125,39,86
14/08/2013,08:45,76,19,57
14/08/2013,09:00,84,18,66
14/08/2013,09:15,56,20,36
14/08/2013,09:30,57,25,32
14/08/2013,09:45,59,26,33
14/08/2013,10:00,35,12,23
14/08/2013,10:15,39,16,23
14/08/2013,10:30,54,28,26
14/08/2013,10:45,44,19,25
14/08/2013,11:00,36,19,17
14/08/2013,11:15,42,27,15
14/08/2013,11:30,35,16,19
14/08/2013,11:45,41,23,18
14/08/2013,12:00,43,22,21
14/08/2013,12:15,36,21,15
14/08/2013,12:30,45,28,17
14/08/2013,12:45,27,11,16
14/08/2013,13:00,48,23,25
14/08/2013,13:15,34,19,15
14/08/2013,13:30,49,23,26
14/08/2013,13:45,42,25,17
14/08/2013,14:00,28,18,10
14/08/2013,14:15,48,31,17
14/08/2013,14:30,49,25,24
14/08/2013,14:45,37,19,18
14/08/2013,15:00,55,27,28
14/08/2013,15:15,43,30,13
14/08/2013,15:30,49,25,24
14/08/2013,15:45,47,24,23
14/08/2013,16:00,57,38,19
14/08/2013,16:15,86,53,33
14/08/2013,16:30,83,47,36
14/08/2013,16:45,64,44,20
14/08/2013,17:00,86,63,23
14/08/2013,17:15,105,79,26
14/08/2013,17:30,121,94,27
14/08/2013,17:45,114,83,31
14/08/2013,18:00,124,89,35
14/08/2013,18:15,116,94,22
14/08/2013,18:30,122,108,14
14/08/2013,18:45,105,80,25
14/08/2013,19:00,68,48,20
14/08/2013,19:15,62,48,14
14/08/2013,19:30,53,37,16
14/08/2013,19:45,61,41,20
14/08/2013,20:00,58,28,30
14/08/2013,20:15,40,28,12
14/08/2013,20:30,38,19,19
14/08/2013,20:45,25,18,7
14/08/2013,21:00,53,25,28
14/08/2013,21:15,31,29,2
14/08/2013,21:30,35,26,9
14/08/2013,21:45,41,31,10
14/08/2013,22:00,30,22,8
14/08/2013,22:15,23,19,4
14/08/2013,22:30,22,17,5
14/08/2013,22:45,26,22,4
14/08/2013,23:00,28,23,5
14/08/2013,23:15,18,13,5
14/08/2013,23:30,15,15,0
14/08/2013,23:45,9,8,1
15/08/2013,00:00,10,9,1
15/08/2013,00:15,9,7,2
15/08/2013,00:30,13,12,1
15/08/2013,00:45,10,6,4
15/08/2013,01:00,2,2,0
15/08/2013,01:15,2,2,0
15/08/2013,01:30,2,2,0
15/08/2013,01:45,1,0,1
15/08/2013,02:00,6,6,0
15/08/2013,02:15,7,7,0
15/08/2013,02:30,4,3,1
15/08/2013,02:45,1,1,0
15/08/2013,03:00,0,0,0
15/08/2013,03:15,3,2,1
15/08/2013,03:30,1,0,1
15/08/2013,03:45,0,0,0
15/08/2013,04:00,0,0,0
15/08/2013,04:15,1,0,1
15/08/2013,04:30,1,1,0
15/08/2013,04:45,3,0,3
15/08/2013,05:00,5,2,3
15/08/2013,05:15,4,3,1
15/08/2013,05:30,8,5,3
15/08/2013,05:45,7,2,5
15/08/2013,06:00,40,28,12
15/08/2013,06:15,25,9,16
15/08/2013,06:30,38,17,21
15/08/2013,06:45,25,7,18
15/08/2013,07:00,61,21,40
15/08/2013,07:15,54,20,34
15/08/2013,07:30,72,21,51
15/08/2013,07:45,80,17,63
15/08/2013,08:00,98,17,81
15/08/2013,08:15,115,31,84
15/08/2013,08:30,109,25,84
15/08/2013,08:45,75,16,59
15/08/2013,09:00,74,18,56
15/08/2013,09:15,56,22,34
15/08/2013,09:30,46,15,31
15/08/2013,09:45,34,17,17
15/08/2013,10:00,43,14,29
15/08/2013,10:15,47,24,23
15/08/2013,10:30,44,20,24
15/08/2013,10:45,29,16,13
15/08/2013,11:00,45,25,20
15/08/2013,11:15,32,16,16
15/08/2013,11:30,37,18,19
15/08/2013,11:45,36,19,17
15/08/2013,12:00,39,18,21
15/08/2013,12:15,28,21,7
15/08/2013,12:30,39,24,15
15/08/2013,12:45,29,21,8
15/08/2013,13:00,30,22,8
15/08/2013,13:15,40,18,22
15/08/2013,13:30,41,20,21
15/08/2013,13:45,26,8,18
15/08/2013,14:00,34,18,16
15/08/2013,14:15,47,23,24
15/08/2013,14:30,29,19,10
15/08/2013,14:45,39,20,19
15/08/2013,15:00,39,26,13
15/08/2013,15:15,40,25,15
15/08/2013,15:30,70,44,26
15/08/2013,15:45,40,22,18
15/08/2013,16:00,50,31,19
15/08/2013,16:15,71,45,26
15/08/2013,16:30,59,37,22
15/08/2013,16:45,82,63,19
15/08/2013,17:00,87,51,36
15/08/2013,17:15,107,80,27
15/08/2013,17:30,123,93,30
15/08/2013,17:45,106,79,27
15/08/2013,18:00,122,89,33
15/08/2013,18:15,117,91,26
15/08/2013,18:30,126,94,32
15/08/2013,18:45,92,72,20
15/08/2013,19:00,68,44,24
15/08/2013,19:15,75,49,26
15/08/2013,19:30,58,38,20
15/08/2013,19:45,56,31,25
15/08/2013,20:00,61,47,14
15/08/2013,20:15,47,31,16
15/08/2013,20:30,40,28,12
15/08/2013,20:45,30,23,7
15/08/2013,21:00,34,22,12
15/08/2013,21:15,35,29,6
15/08/2013,21:30,33,22,11
15/08/2013,21:45,21,14,7
15/08/2013,22:00,49,35,14
15/08/2013,22:15,30,24,6
15/08/2013,22:30,35,25,10
15/08/2013,22:45,21,15,6
15/08/2013,23:00,14,13,1
15/08/2013,23:15,26,24,2
15/08/2013,23:30,20,13,7
15/08/2013,23:45,14,12,2
16/08/2013,00:00,14,11,3
16/08/2013,00:15,7,7,0
16/08/2013,00:30,9,9,0
16/08/2013,00:45,6,4,2
16/08/2013,01:00,6,5,1
16/08/2013,01:15,3,2,1
16/08/2013,01:30,5,5,0
16/08/2013,01:45,1,1,0
16/08/2013,02:00,2,1,1
16/08/2013,02:15,6,4,2
16/08/2013,02:30,1,1,0
16/08/2013,02:45,2,2,0
16/08/2013,03:00,3,3,0
16/08/2013,03:15,2,1,1
16/08/2013,03:30,0,0,0
16/08/2013,03:45,2,2,0
16/08/2013,04:00,0,0,0
16/08/2013,04:15,0,0,0
16/08/2013,04:30,1,0,1
16/08/2013,04:45,0,0,0
16/08/2013,05:00,4,1,3
16/08/2013,05:15,5,2,3
16/08/2013,05:30,5,3,2
16/08/2013,05:45,5,2,3
16/08/2013,06:00,16,9,7
16/08/2013,06:15,29,15,14
16/08/2013,06:30,35,13,22
16/08/2013,06:45,32,13,19
16/08/2013,07:00,34,16,18
16/08/2013,07:15,44,16,28
16/08/2013,07:30,54,22,32
16/08/2013,07:45,49,8,41
16/08/2013,08:00,63,17,46
16/08/2013,08:15,100,27,73
16/08/2013,08:30,103,31,72
16/08/2013,08:45,64,16,48
16/08/2013,09:00,57,13,44
16/08/2013,09:15,44,10,34
16/08/2013,09:30,67,25,42
16/08/2013,09:45,49,25,24
16/08/2013,10:00,35,18,17
16/08/2013,10:15,41,23,18
16/08/2013,10:30,58,32,26
16/08/2013,10:45,39,25,14
16/08/2013,11:00,57,27,30
16/08/2013,11:15,44,19,25
16/08/2013,11:30,43,28,15
16/08/2013,11:45,36,17,19
16/08/2013,12:00,36,16,20
16/08/2013,12:15,52,31,21
16/08/2013,12:30,43,24,19
16/08/2013,12:45,48,29,19
16/08/2013,13:00,46,19,27
16/08/2013,13:15,48,27,21
16/08/2013,13:30,33,20,13
16/08/2013,13:45,34,21,13
16/08/2013,14:00,41,14,27
16/08/2013,14:15,44,28,16
16/08/2013,14:30,63,37,26
16/08/2013,14:45,57,35,22
16/08/2013,15:00,32,14,18
16/08/2013,15:15,41,21,20
16/08/2013,15:30,53,27,26
16/08/2013,15:45,50,30,20
16/08/2013,16:00,67,51,16
16/08/2013,16:15,75,51,24
16/08/2013,16:30,94,59,35
16/08/2013,16:45,92,55,37
16/08/2013,17:00,83,52,31
16/08/2013,17:15,107,68,39
16/08/2013,17:30,99,74,25
16/08/2013,17:45,94,68,26
16/08/2013,18:00,92,69,23
16/08/2013,18:15,70,54,16
16/08/2013,18:30,70,47,23
16/08/2013,18:45,84,56,28
16/08/2013,19:00,73,56,17
16/08/2013,19:15,50,42,8
16/08/2013,19:30,46,34,12
16/08/2013,19:45,42,28,14
16/08/2013,20:00,39,27,12
16/08/2013,20:15,40,23,17
16/08/2013,20:30,29,17,12
16/08/2013,20:45,26,17,9
16/08/2013,21:00,27,17,10
16/08/2013,21:15,24,18,6
16/08/2013,21:30,35,22,13
16/08/2013,21:45,26,16,10
16/08/2013,22:00,18,16,2
16/08/2013,22:15,15,9,6
16/08/2013,22:30,18,17,1
16/08/2013,22:45,18,15,3
16/08/2013,23:00,12,11,1
16/08/2013,23:15,10,9,1
16/08/2013,23:30,23,16,7
16/08/2013,23:45,23,18,5
17/08/2013,00:00,13,9,4
17/08/2013,00:15,8,6,2
17/08/2013,00:30,10,9,1
17/08/2013,00:45,16,14,2
17/08/2013,01:00,4,3,1
17/08/2013,01:15,10,8,2
17/08/2013,01:30,6,6,0
17/08/2013,01:45,2,2,0
17/08/2013,02:00,8,8,0
17/08/2013,02:15,5,4,1
17/08/2013,02:30,4,2,2
17/08/2013,02:45,3,3,0
17/08/2013,03:00,0,0,0
17/08/2013,03:15,6,6,0
17/08/2013,03:30,2,2,0
17/08/2013,03:45,0,0,0
17/08/2013,04:00,1,0,1
17/08/2013,04:15,3,1,2
17/08/2013,04:30,3,3,0
17/08/2013,04:45,2,2,0
17/08/2013,05:00,1,1,0
17/08/2013,05:15,1,0,1
17/08/2013,05:30,5,3,2
17/08/2013,05:45,6,6,0
17/08/2013,06:00,2,1,1
17/08/2013,06:15,10,5,5
17/08/2013,06:30,10,5,5
17/08/2013,06:45,9,5,4
17/08/2013,07:00,11,5,6
17/08/2013,07:15,8,5,3
17/08/2013,07:30,13,8,5
17/08/2013,07:45,17,14,3
17/08/2013,08:00,34,22,12
17/08/2013,08:15,23,13,10
17/08/2013,08:30,33,20,13
17/08/2013,08:45,35,21,14
17/08/2013,09:00,71,48,23
17/08/2013,09:15,45,18,27
17/08/2013,09:30,52,32,20
17/08/2013,09:45,56,32,24
17/08/2013,10:00,52,31,21
17/08/2013,10:15,63,33,30
17/08/2013,10:30,59,35,24
17/08/2013,10:45,62,45,17
17/08/2013,11:00,65,36,29
17/08/2013,11:15,64,30,34
17/08/2013,11:30,83,43,40
17/08/2013,11:45,86,47,39
17/08/2013,12:00,60,31,29
17/08/2013,12:15,87,48,39
17/08/2013,12:30,107,44,63
17/08/2013,12:45,64,31,33
17/08/2013,13:00,65,34,31
17/08/2013,13:15,55,30,25
17/08/2013,13:30,85,44,41
17/08/2013,13:45,56,33,23
17/08/2013,14:00,78,44,34
17/08/2013,14:15,69,36,33
17/08/2013,14:30,52,34,18
17/08/2013,14:45,87,55,32
17/08/2013,15:00,74,37,37
17/08/2013,15:15,93,49,44
17/08/2013,15:30,69,29,40
17/08/2013,15:45,48,28,20
17/08/2013,16:00,70,39,31
17/08/2013,16:15,64,38,26
17/08/2013,16:30,47,28,19
17/08/2013,16:45,53,25,28
17/08/2013,17:00,76,38,38
17/08/2013,17:15,58,36,22
17/08/2013,17:30,48,21,27
17/08/2013,17:45,68,35,33
17/08/2013,18:00,63,22,41
17/08/2013,18:15,60,32,28
17/08/2013,18:30,54,25,29
17/08/2013,18:45,40,20,20
17/08/2013,19:00,54,30,24
17/08/2013,19:15,30,14,16
17/08/2013,19:30,30,17,13
17/08/2013,19:45,26,16,10
17/08/2013,20:00,23,15,8
17/08/2013,20:15,23,14,9
17/08/2013,20:30,21,14,7
17/08/2013,20:45,19,14,5
17/08/2013,21:00,13,9,4
17/08/2013,21:15,19,14,5
17/08/2013,21:30,26,15,11
17/08/2013,21:45,21,14,7
17/08/2013,22:00,12,11,1
17/08/2013,22:15,22,13,9
17/08/2013,22:30,11,7,4
17/08/2013,22:45,14,13,1
17/08/2013,23:00,12,9,3
17/08/2013,23:15,15,11,4
17/08/2013,23:30,15,12,3
17/08/2013,23:45,26,20,6
18/08/2013,00:00,18,14,4
18/08/2013,00:15,14,11,3
18/08/2013,00:30,8,6,2
18/08/2013,00:45,17,13,4
18/08/2013,01:00,5,5,0
18/08/2013,01:15,6,6,0
18/08/2013,01:30,5,4,1
18/08/2013,01:45,3,1,2
18/08/2013,02:00,5,5,0
18/08/2013,02:15,2,2,0
18/08/2013,02:30,6,4,2
18/08/2013,02:45,5,4,1
18/08/2013,03:00,3,2,1
18/08/2013,03:15,0,0,0
18/08/2013,03:30,2,2,0
18/08/2013,03:45,1,1,0
18/08/2013,04:00,1,1,0
18/08/2013,04:15,0,0,0
18/08/2013,04:30,1,0,1
18/08/2013,04:45,2,2,0
18/08/2013,05:00,2,0,2
18/08/2013,05:15,3,1,2
18/08/2013,05:30,2,0,2
18/08/2013,05:45,3,3,0
18/08/2013,06:00,4,1,3
18/08/2013,06:15,5,2,3
18/08/2013,06:30,2,2,0
18/08/2013,06:45,14,10,4
18/08/2013,07:00,14,8,6
18/08/2013,07:15,9,5,4
18/08/2013,07:30,30,18,12
18/08/2013,07:45,20,13,7
18/08/2013,08:00,14,8,6
18/08/2013,08:15,28,16,12
18/08/2013,08:30,36,21,15
18/08/2013,08:45,31,19,12
18/08/2013,09:00,49,32,17
18/08/2013,09:15,35,18,17
18/08/2013,09:30,85,55,30
18/08/2013,09:45,57,36,21
18/08/2013,10:00,65,34,31
18/08/2013,10:15,78,51,27
18/08/2013,10:30,76,43,33
18/08/2013,10:45,93,62,31
18/08/2013,11:00,108,70,38
18/08/2013,11:15,92,62,30
18/08/2013,11:30,94,62,32
18/08/2013,11:45,124,79,45
18/08/2013,12:00,127,71,56
18/08/2013,12:15,127,79,48
18/08/2013,12:30,97,56,41
18/08/2013,12:45,103,59,44
18/08/2013,13:00,80,43,37
18/08/2013,13:15,95,47,48
18/08/2013,13:30,94,65,29
18/08/2013,13:45,97,51,46
18/08/2013,14:00,116,53,63
18/08/2013,14:15,123,67,56
18/08/2013,14:30,109,49,60
18/08/2013,14:45,99,53,46
18/08/2013,15:00,91,55,36
18/08/2013,15:15,112,47,65
18/08/2013,15:30,94,36,58
18/08/2013,15:45,80,40,40
18/08/2013,16:00,126,60,66
18/08/2013,16:15,100,49,51
18/08/2013,16:30,101,39,62
18/08/2013,16:45,89,38,51
18/08/2013,17:00,64,27,37
18/08/2013,17:15,94,36,58
18/08/2013,17:30,67,30,37
18/08/2013,17:45,101,40,61
18/08/2013,18:00,71,36,35
18/08/2013,18:15,40,20,20
18/08/2013,18:30,58,33,25
18/08/2013,18:45,45,23,22
18/08/2013,19:00,42,18,24
18/08/2013,19:15,38,25,13
18/08/2013,19:30,28,12,16
18/08/2013,19:45,40,22,18
18/08/2013,20:00,16,10,6
18/08/2013,20:15,22,11,11
18/08/2013,20:30,26,16,10
18/08/2013,20:45,20,14,6
18/08/2013,21:00,22,17,5
18/08/2013,21:15,22,16,6
18/08/2013,21:30,22,13,9
18/08/2013,21:45,15,14,1
18/08/2013,22:00,23,14,9
18/08/2013,22:15,26,16,10
18/08/2013,22:30,12,10,2
18/08/2013,22:45,18,10,8
18/08/2013,23:00,10,7,3
18/08/2013,23:15,3,2,1
18/08/2013,23:30,6,4,2
18/08/2013,23:45,10,8,2
19/08/2013,00:00,8,7,1
19/08/2013,00:15,6,3,3
19/08/2013,00:30,1,0,1
19/08/2013,00:45,4,4,0
19/08/2013,01:00,3,2,1
19/08/2013,01:15,2,1,1
19/08/2013,01:30,3,3,0
19/08/2013,01:45,1,1,0
19/08/2013,02:00,6,6,0
19/08/2013,02:15,7,6,1
19/08/2013,02:30,2,2,0
19/08/2013,02:45,3,1,2
19/08/2013,03:00,1,1,0
19/08/2013,03:15,1,0,1
19/08/2013,03:30,0,0,0
19/08/2013,03:45,1,0,1
19/08/2013,04:00,0,0,0
19/08/2013,04:15,0,0,0
19/08/2013,04:30,0,0,0
19/08/2013,04:45,1,0,1
19/08/2013,05:00,3,1,2
19/08/2013,05:15,13,6,7
19/08/2013,05:30,7,3,4
19/08/2013,05:45,8,3,5
19/08/2013,06:00,15,8,7
19/08/2013,06:15,22,10,12
19/08/2013,06:30,30,14,16
19/08/2013,06:45,30,12,18
19/08/2013,07:00,53,17,36
19/08/2013,07:15,67,21,46
19/08/2013,07:30,57,14,43
19/08/2013,07:45,64,24,40
19/08/2013,08:00,87,23,64
19/08/2013,08:15,95,24,71
19/08/2013,08:30,115,28,87
19/08/2013,08:45,74,25,49
19/08/2013,09:00,83,22,61
19/08/2013,09:15,61,21,40
19/08/2013,09:30,63,24,39
19/08/2013,09:45,40,14,26
19/08/2013,10:00,30,15,15
19/08/2013,10:15,45,30,15
19/08/2013,10:30,43,29,14
19/08/2013,10:45,38,24,14
19/08/2013,11:00,29,19,10
19/08/2013,11:15,37,17,20
19/08/2013,11:30,43,26,17
19/08/2013,11:45,32,12,20
19/08/2013,12:00,39,22,17
19/08/2013,12:15,24,14,10
19/08/2013,12:30,76,44,32
19/08/2013,12:45,58,38,20
19/08/2013,13:00,31,21,10
19/08/2013,13:15,55,37,18
19/08/2013,13:30,41,25,16
19/08/2013,13:45,41,24,17
19/08/2013,14:00,39,23,16
19/08/2013,14:15,48,29,19
19/08/2013,14:30,42,18,24
19/08/2013,14:45,33,17,16
19/08/2013,15:00,48,26,22
19/08/2013,15:15,45,27,18
19/08/2013,15:30,46,28,18
19/08/2013,15:45,60,37,23
19/08/2013,16:00,51,25,26
19/08/2013,16:15,62,37,25
19/08/2013,16:30,78,55,23
19/08/2013,16:45,92,67,25
19/08/2013,17:00,80,52,28
19/08/2013,17:15,110,82,28
19/08/2013,17:30,118,89,29
19/08/2013,17:45,135,107,28
19/08/2013,18:00,124,85,39
19/08/2013,18:15,121,93,28
19/08/2013,18:30,98,80,18
19/08/2013,18:45,95,68,27
19/08/2013,19:00,69,54,15
19/08/2013,19:15,72,50,22
19/08/2013,19:30,64,55,9
19/08/2013,19:45,38,24,14
19/08/2013,20:00,41,35,6
19/08/2013,20:15,37,30,7
19/08/2013,20:30,29,18,11
19/08/2013,20:45,33,28,5
19/08/2013,21:00,21,13,8
19/08/2013,21:15,18,13,5
19/08/2013,21:30,21,15,6
19/08/2013,21:45,21,17,4
19/08/2013,22:00,19,12,7
19/08/2013,22:15,17,14,3
19/08/2013,22:30,20,17,3
19/08/2013,22:45,24,21,3
19/08/2013,23:00,7,6,1
19/08/2013,23:15,10,9,1
19/08/2013,23:30,7,7,0
19/08/2013,23:45,6,4,2
