Date,,cmcrmgh,cmcrmgh_Cyclist,cmcrmgh_Pedestrian
14/11/2012,00:00,0,0,0
14/11/2012,00:15,0,0,0
14/11/2012,00:30,0,0,0
14/11/2012,00:45,0,0,0
14/11/2012,01:00,0,0,0
14/11/2012,01:15,0,0,0
14/11/2012,01:30,0,0,0
14/11/2012,01:45,0,0,0
14/11/2012,02:00,0,0,0
14/11/2012,02:15,0,0,0
14/11/2012,02:30,0,0,0
14/11/2012,02:45,0,0,0
14/11/2012,03:00,1,1,0
14/11/2012,03:15,0,0,0
14/11/2012,03:30,0,0,0
14/11/2012,03:45,0,0,0
14/11/2012,04:00,0,0,0
14/11/2012,04:15,0,0,0
14/11/2012,04:30,0,0,0
14/11/2012,04:45,0,0,0
14/11/2012,05:00,0,0,0
14/11/2012,05:15,1,0,1
14/11/2012,05:30,1,0,1
14/11/2012,05:45,1,1,0
14/11/2012,06:00,1,0,1
14/11/2012,06:15,7,2,5
14/11/2012,06:30,5,1,4
14/11/2012,06:45,9,2,7
14/11/2012,07:00,11,1,10
14/11/2012,07:15,10,2,8
14/11/2012,07:30,19,6,13
14/11/2012,07:45,23,15,8
14/11/2012,08:00,26,15,11
14/11/2012,08:15,29,14,15
14/11/2012,08:30,23,8,15
14/11/2012,08:45,22,8,14
14/11/2012,09:00,15,5,10
14/11/2012,09:15,14,2,12
14/11/2012,09:30,14,1,13
14/11/2012,09:45,13,4,9
14/11/2012,10:00,16,3,13
14/11/2012,10:15,27,8,19
14/11/2012,10:30,13,4,9
14/11/2012,10:45,13,4,9
14/11/2012,11:00,18,3,15
14/11/2012,11:15,17,5,12
14/11/2012,11:30,16,3,13
14/11/2012,11:45,7,2,5
14/11/2012,12:00,6,2,4
14/11/2012,12:15,8,1,7
14/11/2012,12:30,24,8,16
14/11/2012,12:45,14,9,5
14/11/2012,13:00,17,7,10
14/11/2012,13:15,18,4,14
14/11/2012,13:30,34,20,14
14/11/2012,13:45,25,12,13
14/11/2012,14:00,23,10,13
14/11/2012,14:15,34,10,24
14/11/2012,14:30,14,3,11
14/11/2012,14:45,19,5,14
14/11/2012,15:00,20,7,13
14/11/2012,15:15,38,13,25
14/11/2012,15:30,38,15,23
14/11/2012,15:45,34,15,19
14/11/2012,16:00,45,8,37
14/11/2012,16:15,32,8,24
14/11/2012,16:30,24,7,17
14/11/2012,16:45,20,10,10
14/11/2012,17:00,20,8,12
14/11/2012,17:15,21,10,11
14/11/2012,17:30,15,2,13
14/11/2012,17:45,9,5,4
14/11/2012,18:00,5,3,2
14/11/2012,18:15,6,3,3
14/11/2012,18:30,12,11,1
14/11/2012,18:45,3,3,0
14/11/2012,19:00,2,1,1
14/11/2012,19:15,8,6,2
14/11/2012,19:30,2,2,0
14/11/2012,19:45,3,3,0
14/11/2012,20:00,2,2,0
14/11/2012,20:15,2,2,0
14/11/2012,20:30,4,0,4
14/11/2012,20:45,0,0,0
14/11/2012,21:00,0,0,0
14/11/2012,21:15,1,1,0
14/11/2012,21:30,0,0,0
14/11/2012,21:45,1,1,0
14/11/2012,22:00,0,0,0
14/11/2012,22:15,1,1,0
14/11/2012,22:30,3,1,2
14/11/2012,22:45,0,0,0
14/11/2012,23:00,0,0,0
14/11/2012,23:15,0,0,0
14/11/2012,23:30,0,0,0
14/11/2012,23:45,0,0,0
15/11/2012,00:00,0,0,0
15/11/2012,00:15,0,0,0
15/11/2012,00:30,0,0,0
15/11/2012,00:45,0,0,0
15/11/2012,01:00,0,0,0
15/11/2012,01:15,0,0,0
15/11/2012,01:30,0,0,0
15/11/2012,01:45,0,0,0
15/11/2012,02:00,0,0,0
15/11/2012,02:15,0,0,0
15/11/2012,02:30,0,0,0
15/11/2012,02:45,0,0,0
15/11/2012,03:00,1,0,1
15/11/2012,03:15,0,0,0
15/11/2012,03:30,0,0,0
15/11/2012,03:45,0,0,0
15/11/2012,04:00,0,0,0
15/11/2012,04:15,0,0,0
15/11/2012,04:30,0,0,0
15/11/2012,04:45,1,1,0
15/11/2012,05:00,0,0,0
15/11/2012,05:15,1,0,1
15/11/2012,05:30,0,0,0
15/11/2012,05:45,2,0,2
15/11/2012,06:00,0,0,0
15/11/2012,06:15,1,1,0
15/11/2012,06:30,9,0,9
15/11/2012,06:45,5,0,5
15/11/2012,07:00,11,3,8
15/11/2012,07:15,26,3,23
15/11/2012,07:30,14,7,7
15/11/2012,07:45,19,11,8
15/11/2012,08:00,23,12,11
15/11/2012,08:15,19,11,8
15/11/2012,08:30,18,2,16
15/11/2012,08:45,20,3,17
15/11/2012,09:00,26,9,17
15/11/2012,09:15,11,4,7
15/11/2012,09:30,12,5,7
15/11/2012,09:45,17,4,13
15/11/2012,10:00,16,6,10
15/11/2012,10:15,21,4,17
15/11/2012,10:30,9,1,8
15/11/2012,10:45,13,2,11
15/11/2012,11:00,19,6,13
15/11/2012,11:15,20,5,15
15/11/2012,11:30,12,3,9
15/11/2012,11:45,13,6,7
15/11/2012,12:00,7,2,5
15/11/2012,12:15,4,3,1
15/11/2012,12:30,14,12,2
15/11/2012,12:45,13,1,12
15/11/2012,13:00,20,3,17
15/11/2012,13:15,19,4,15
15/11/2012,13:30,28,5,23
15/11/2012,13:45,10,2,8
15/11/2012,14:00,14,4,10
15/11/2012,14:15,15,7,8
15/11/2012,14:30,25,13,12
15/11/2012,14:45,13,8,5
15/11/2012,15:00,16,6,10
15/11/2012,15:15,20,8,12
15/11/2012,15:30,22,8,14
15/11/2012,15:45,33,18,15
15/11/2012,16:00,15,4,11
15/11/2012,16:15,18,8,10
15/11/2012,16:30,15,7,8
15/11/2012,16:45,10,6,4
15/11/2012,17:00,18,10,8
15/11/2012,17:15,6,4,2
15/11/2012,17:30,6,3,3
15/11/2012,17:45,9,7,2
15/11/2012,18:00,2,1,1
15/11/2012,18:15,9,8,1
15/11/2012,18:30,5,4,1
15/11/2012,18:45,12,10,2
15/11/2012,19:00,8,8,0
15/11/2012,19:15,3,2,1
15/11/2012,19:30,0,0,0
15/11/2012,19:45,0,0,0
15/11/2012,20:00,3,3,0
15/11/2012,20:15,0,0,0
15/11/2012,20:30,0,0,0
15/11/2012,20:45,0,0,0
15/11/2012,21:00,2,2,0
15/11/2012,21:15,0,0,0
15/11/2012,21:30,2,1,1
15/11/2012,21:45,0,0,0
15/11/2012,22:00,0,0,0
15/11/2012,22:15,0,0,0
15/11/2012,22:30,0,0,0
15/11/2012,22:45,1,0,1
15/11/2012,23:00,0,0,0
15/11/2012,23:15,1,1,0
15/11/2012,23:30,0,0,0
15/11/2012,23:45,0,0,0
16/11/2012,00:00,0,0,0
16/11/2012,00:15,0,0,0
16/11/2012,00:30,0,0,0
16/11/2012,00:45,0,0,0
16/11/2012,01:00,0,0,0
16/11/2012,01:15,0,0,0
16/11/2012,01:30,0,0,0
16/11/2012,01:45,0,0,0
16/11/2012,02:00,0,0,0
16/11/2012,02:15,0,0,0
16/11/2012,02:30,0,0,0
16/11/2012,02:45,0,0,0
16/11/2012,03:00,0,0,0
16/11/2012,03:15,0,0,0
16/11/2012,03:30,0,0,0
16/11/2012,03:45,0,0,0
16/11/2012,04:00,0,0,0
16/11/2012,04:15,0,0,0
16/11/2012,04:30,1,0,1
16/11/2012,04:45,0,0,0
16/11/2012,05:00,0,0,0
16/11/2012,05:15,0,0,0
16/11/2012,05:30,1,1,0
16/11/2012,05:45,0,0,0
16/11/2012,06:00,1,0,1
16/11/2012,06:15,3,1,2
16/11/2012,06:30,2,0,2
16/11/2012,06:45,8,1,7
16/11/2012,07:00,7,2,5
16/11/2012,07:15,1,0,1
16/11/2012,07:30,4,1,3
16/11/2012,07:45,9,7,2
16/11/2012,08:00,6,2,4
16/11/2012,08:15,6,4,2
16/11/2012,08:30,8,4,4
16/11/2012,08:45,3,0,3
16/11/2012,09:00,2,2,0
16/11/2012,09:15,3,1,2
16/11/2012,09:30,2,0,2
16/11/2012,09:45,6,4,2
16/11/2012,10:00,8,0,8
16/11/2012,10:15,6,1,5
16/11/2012,10:30,7,1,6
16/11/2012,10:45,5,2,3
16/11/2012,11:00,9,0,9
16/11/2012,11:15,3,0,3
16/11/2012,11:30,11,4,7
16/11/2012,11:45,5,1,4
16/11/2012,12:00,10,3,7
16/11/2012,12:15,6,2,4
16/11/2012,12:30,11,1,10
16/11/2012,12:45,5,2,3
16/11/2012,13:00,6,2,4
16/11/2012,13:15,10,3,7
16/11/2012,13:30,6,2,4
16/11/2012,13:45,5,1,4
16/11/2012,14:00,3,1,2
16/11/2012,14:15,5,2,3
16/11/2012,14:30,1,0,1
16/11/2012,14:45,3,3,0
16/11/2012,15:00,3,2,1
16/11/2012,15:15,3,1,2
16/11/2012,15:30,5,2,3
16/11/2012,15:45,8,7,1
16/11/2012,16:00,0,0,0
16/11/2012,16:15,2,2,0
16/11/2012,16:30,2,2,0
16/11/2012,16:45,2,0,2
16/11/2012,17:00,2,1,1
16/11/2012,17:15,7,7,0
16/11/2012,17:30,3,1,2
16/11/2012,17:45,2,2,0
16/11/2012,18:00,0,0,0
16/11/2012,18:15,2,1,1
16/11/2012,18:30,1,1,0
16/11/2012,18:45,1,1,0
16/11/2012,19:00,0,0,0
16/11/2012,19:15,0,0,0
16/11/2012,19:30,0,0,0
16/11/2012,19:45,0,0,0
16/11/2012,20:00,1,1,0
16/11/2012,20:15,0,0,0
16/11/2012,20:30,0,0,0
16/11/2012,20:45,0,0,0
16/11/2012,21:00,0,0,0
16/11/2012,21:15,0,0,0
16/11/2012,21:30,0,0,0
16/11/2012,21:45,0,0,0
16/11/2012,22:00,0,0,0
16/11/2012,22:15,0,0,0
16/11/2012,22:30,0,0,0
16/11/2012,22:45,0,0,0
16/11/2012,23:00,0,0,0
16/11/2012,23:15,0,0,0
16/11/2012,23:30,0,0,0
16/11/2012,23:45,0,0,0
17/11/2012,00:00,0,0,0
17/11/2012,00:15,0,0,0
17/11/2012,00:30,1,1,0
17/11/2012,00:45,0,0,0
17/11/2012,01:00,0,0,0
17/11/2012,01:15,0,0,0
17/11/2012,01:30,0,0,0
17/11/2012,01:45,0,0,0
17/11/2012,02:00,0,0,0
17/11/2012,02:15,0,0,0
17/11/2012,02:30,0,0,0
17/11/2012,02:45,0,0,0
17/11/2012,03:00,0,0,0
17/11/2012,03:15,0,0,0
17/11/2012,03:30,0,0,0
17/11/2012,03:45,0,0,0
17/11/2012,04:00,0,0,0
17/11/2012,04:15,0,0,0
17/11/2012,04:30,0,0,0
17/11/2012,04:45,0,0,0
17/11/2012,05:00,0,0,0
17/11/2012,05:15,0,0,0
17/11/2012,05:30,0,0,0
17/11/2012,05:45,0,0,0
17/11/2012,06:00,0,0,0
17/11/2012,06:15,0,0,0
17/11/2012,06:30,0,0,0
17/11/2012,06:45,2,0,2
17/11/2012,07:00,2,0,2
17/11/2012,07:15,4,2,2
17/11/2012,07:30,9,2,7
17/11/2012,07:45,1,0,1
17/11/2012,08:00,3,0,3
17/11/2012,08:15,5,0,5
17/11/2012,08:30,4,0,4
17/11/2012,08:45,7,0,7
17/11/2012,09:00,4,0,4
17/11/2012,09:15,8,1,7
17/11/2012,09:30,6,3,3
17/11/2012,09:45,22,3,19
17/11/2012,10:00,16,3,13
17/11/2012,10:15,18,1,17
17/11/2012,10:30,16,3,13
17/11/2012,10:45,22,5,17
17/11/2012,11:00,29,7,22
17/11/2012,11:15,18,3,15
17/11/2012,11:30,18,7,11
17/11/2012,11:45,12,1,11
17/11/2012,12:00,18,2,16
17/11/2012,12:15,27,10,17
17/11/2012,12:30,24,7,17
17/11/2012,12:45,15,7,8
17/11/2012,13:00,19,0,19
17/11/2012,13:15,20,5,15
17/11/2012,13:30,17,7,10
17/11/2012,13:45,19,7,12
17/11/2012,14:00,32,9,23
17/11/2012,14:15,34,9,25
17/11/2012,14:30,25,4,21
17/11/2012,14:45,36,21,15
17/11/2012,15:00,12,4,8
17/11/2012,15:15,9,4,5
17/11/2012,15:30,3,1,2
17/11/2012,15:45,10,3,7
17/11/2012,16:00,11,3,8
17/11/2012,16:15,14,3,11
17/11/2012,16:30,13,2,11
17/11/2012,16:45,10,0,10
17/11/2012,17:00,6,4,2
17/11/2012,17:15,5,1,4
17/11/2012,17:30,0,0,0
17/11/2012,17:45,1,0,1
17/11/2012,18:00,0,0,0
17/11/2012,18:15,1,1,0
17/11/2012,18:30,0,0,0
17/11/2012,18:45,0,0,0
17/11/2012,19:00,0,0,0
17/11/2012,19:15,0,0,0
17/11/2012,19:30,0,0,0
17/11/2012,19:45,0,0,0
17/11/2012,20:00,0,0,0
17/11/2012,20:15,1,0,1
17/11/2012,20:30,1,0,1
17/11/2012,20:45,0,0,0
17/11/2012,21:00,0,0,0
17/11/2012,21:15,0,0,0
17/11/2012,21:30,0,0,0
17/11/2012,21:45,0,0,0
17/11/2012,22:00,0,0,0
17/11/2012,22:15,1,0,1
17/11/2012,22:30,0,0,0
17/11/2012,22:45,0,0,0
17/11/2012,23:00,0,0,0
17/11/2012,23:15,0,0,0
17/11/2012,23:30,0,0,0
17/11/2012,23:45,1,0,1
18/11/2012,00:00,0,0,0
18/11/2012,00:15,0,0,0
18/11/2012,00:30,0,0,0
18/11/2012,00:45,0,0,0
18/11/2012,01:00,0,0,0
18/11/2012,01:15,0,0,0
18/11/2012,01:30,0,0,0
18/11/2012,01:45,0,0,0
18/11/2012,02:00,0,0,0
18/11/2012,02:15,0,0,0
18/11/2012,02:30,0,0,0
18/11/2012,02:45,0,0,0
18/11/2012,03:00,0,0,0
18/11/2012,03:15,0,0,0
18/11/2012,03:30,0,0,0
18/11/2012,03:45,0,0,0
18/11/2012,04:00,0,0,0
18/11/2012,04:15,0,0,0
18/11/2012,04:30,0,0,0
18/11/2012,04:45,0,0,0
18/11/2012,05:00,0,0,0
18/11/2012,05:15,0,0,0
18/11/2012,05:30,0,0,0
18/11/2012,05:45,0,0,0
18/11/2012,06:00,0,0,0
18/11/2012,06:15,1,0,1
18/11/2012,06:30,1,0,1
18/11/2012,06:45,4,0,4
18/11/2012,07:00,4,3,1
18/11/2012,07:15,3,1,2
18/11/2012,07:30,8,0,8
18/11/2012,07:45,7,0,7
18/11/2012,08:00,10,4,6
18/11/2012,08:15,16,2,14
18/11/2012,08:30,13,4,9
18/11/2012,08:45,21,4,17
18/11/2012,09:00,24,7,17
18/11/2012,09:15,19,7,12
18/11/2012,09:30,19,4,15
18/11/2012,09:45,19,4,15
18/11/2012,10:00,22,5,17
18/11/2012,10:15,25,0,25
18/11/2012,10:30,33,4,29
18/11/2012,10:45,17,5,12
18/11/2012,11:00,28,11,17
18/11/2012,11:15,22,4,18
18/11/2012,11:30,33,5,28
18/11/2012,11:45,35,13,22
18/11/2012,12:00,31,18,13
18/11/2012,12:15,39,19,20
18/11/2012,12:30,30,12,18
18/11/2012,12:45,25,12,13
18/11/2012,13:00,35,10,25
18/11/2012,13:15,30,15,15
18/11/2012,13:30,28,13,15
18/11/2012,13:45,27,10,17
18/11/2012,14:00,21,9,12
18/11/2012,14:15,15,8,7
18/11/2012,14:30,42,27,15
18/11/2012,14:45,26,17,9
18/11/2012,15:00,14,4,10
18/11/2012,15:15,31,12,19
18/11/2012,15:30,33,18,15
18/11/2012,15:45,21,7,14
18/11/2012,16:00,23,5,18
18/11/2012,16:15,23,12,11
18/11/2012,16:30,21,6,15
18/11/2012,16:45,17,4,13
18/11/2012,17:00,18,11,7
18/11/2012,17:15,8,4,4
18/11/2012,17:30,1,0,1
18/11/2012,17:45,1,0,1
18/11/2012,18:00,3,3,0
18/11/2012,18:15,1,1,0
18/11/2012,18:30,2,0,2
18/11/2012,18:45,1,1,0
18/11/2012,19:00,2,0,2
18/11/2012,19:15,0,0,0
18/11/2012,19:30,0,0,0
18/11/2012,19:45,0,0,0
18/11/2012,20:00,0,0,0
18/11/2012,20:15,0,0,0
18/11/2012,20:30,0,0,0
18/11/2012,20:45,1,0,1
18/11/2012,21:00,2,0,2
18/11/2012,21:15,0,0,0
18/11/2012,21:30,2,0,2
18/11/2012,21:45,1,0,1
18/11/2012,22:00,0,0,0
18/11/2012,22:15,1,0,1
18/11/2012,22:30,0,0,0
18/11/2012,22:45,0,0,0
18/11/2012,23:00,0,0,0
18/11/2012,23:15,0,0,0
18/11/2012,23:30,1,1,0
18/11/2012,23:45,0,0,0
19/11/2012,00:00,0,0,0
19/11/2012,00:15,0,0,0
19/11/2012,00:30,0,0,0
19/11/2012,00:45,0,0,0
19/11/2012,01:00,0,0,0
19/11/2012,01:15,0,0,0
19/11/2012,01:30,0,0,0
19/11/2012,01:45,0,0,0
19/11/2012,02:00,0,0,0
19/11/2012,02:15,0,0,0
19/11/2012,02:30,0,0,0
19/11/2012,02:45,0,0,0
19/11/2012,03:00,0,0,0
19/11/2012,03:15,0,0,0
19/11/2012,03:30,0,0,0
19/11/2012,03:45,0,0,0
19/11/2012,04:00,0,0,0
19/11/2012,04:15,0,0,0
19/11/2012,04:30,0,0,0
19/11/2012,04:45,0,0,0
19/11/2012,05:00,0,0,0
19/11/2012,05:15,0,0,0
19/11/2012,05:30,0,0,0
19/11/2012,05:45,1,0,1
19/11/2012,06:00,2,0,2
19/11/2012,06:15,5,2,3
19/11/2012,06:30,11,2,9
19/11/2012,06:45,7,3,4
19/11/2012,07:00,6,1,5
19/11/2012,07:15,11,3,8
19/11/2012,07:30,15,7,8
19/11/2012,07:45,14,4,10
19/11/2012,08:00,20,16,4
19/11/2012,08:15,23,8,15
19/11/2012,08:30,10,3,7
19/11/2012,08:45,26,5,21
19/11/2012,09:00,21,7,14
19/11/2012,09:15,14,3,11
19/11/2012,09:30,24,5,19
19/11/2012,09:45,12,0,12
19/11/2012,10:00,26,1,25
19/11/2012,10:15,20,5,15
19/11/2012,10:30,16,2,14
19/11/2012,10:45,15,2,13
19/11/2012,11:00,21,7,14
19/11/2012,11:15,16,2,14
19/11/2012,11:30,14,2,12
19/11/2012,11:45,7,0,7
19/11/2012,12:00,15,4,11
19/11/2012,12:15,18,4,14
19/11/2012,12:30,20,7,13
19/11/2012,12:45,19,3,16
19/11/2012,13:00,19,10,9
19/11/2012,13:15,16,5,11
19/11/2012,13:30,19,9,10
19/11/2012,13:45,25,7,18
19/11/2012,14:00,9,2,7
19/11/2012,14:15,18,6,12
19/11/2012,14:30,13,4,9
19/11/2012,14:45,12,5,7
19/11/2012,15:00,19,5,14
19/11/2012,15:15,16,4,12
19/11/2012,15:30,19,13,6
19/11/2012,15:45,32,22,10
19/11/2012,16:00,14,4,10
19/11/2012,16:15,12,6,6
19/11/2012,16:30,18,5,13
19/11/2012,16:45,17,6,11
19/11/2012,17:00,15,8,7
19/11/2012,17:15,6,5,1
19/11/2012,17:30,11,5,6
19/11/2012,17:45,9,7,2
19/11/2012,18:00,6,2,4
19/11/2012,18:15,8,5,3
19/11/2012,18:30,2,2,0
19/11/2012,18:45,6,6,0
19/11/2012,19:00,5,5,0
19/11/2012,19:15,2,1,1
19/11/2012,19:30,4,3,1
19/11/2012,19:45,4,3,1
19/11/2012,20:00,4,3,1
19/11/2012,20:15,1,1,0
19/11/2012,20:30,1,1,0
19/11/2012,20:45,1,1,0
19/11/2012,21:00,1,0,1
19/11/2012,21:15,3,0,3
19/11/2012,21:30,1,0,1
19/11/2012,21:45,0,0,0
19/11/2012,22:00,1,1,0
19/11/2012,22:15,0,0,0
19/11/2012,22:30,0,0,0
19/11/2012,22:45,1,1,0
19/11/2012,23:00,0,0,0
19/11/2012,23:15,0,0,0
19/11/2012,23:30,0,0,0
19/11/2012,23:45,0,0,0
20/11/2012,00:00,0,0,0
20/11/2012,00:15,1,0,1
20/11/2012,00:30,0,0,0
20/11/2012,00:45,0,0,0
20/11/2012,01:00,0,0,0
20/11/2012,01:15,0,0,0
20/11/2012,01:30,0,0,0
20/11/2012,01:45,0,0,0
20/11/2012,02:00,0,0,0
20/11/2012,02:15,0,0,0
20/11/2012,02:30,0,0,0
20/11/2012,02:45,0,0,0
20/11/2012,03:00,0,0,0
20/11/2012,03:15,0,0,0
20/11/2012,03:30,0,0,0
20/11/2012,03:45,1,0,1
20/11/2012,04:00,0,0,0
20/11/2012,04:15,0,0,0
20/11/2012,04:30,0,0,0
20/11/2012,04:45,0,0,0
20/11/2012,05:00,0,0,0
20/11/2012,05:15,1,0,1
20/11/2012,05:30,0,0,0
20/11/2012,05:45,0,0,0
20/11/2012,06:00,1,1,0
20/11/2012,06:15,0,0,0
20/11/2012,06:30,5,1,4
20/11/2012,06:45,4,1,3
20/11/2012,07:00,6,2,4
20/11/2012,07:15,3,2,1
20/11/2012,07:30,9,3,6
20/11/2012,07:45,7,2,5
20/11/2012,08:00,12,6,6
20/11/2012,08:15,8,4,4
20/11/2012,08:30,4,0,4
20/11/2012,08:45,7,3,4
20/11/2012,09:00,7,3,4
20/11/2012,09:15,8,1,7
20/11/2012,09:30,6,1,5
20/11/2012,09:45,9,1,8
20/11/2012,10:00,9,2,7
20/11/2012,10:15,8,0,8
20/11/2012,10:30,10,1,9
20/11/2012,10:45,9,0,9
20/11/2012,11:00,6,1,5
20/11/2012,11:15,2,0,2
20/11/2012,11:30,7,0,7
20/11/2012,11:45,7,1,6
20/11/2012,12:00,10,2,8
20/11/2012,12:15,4,1,3
20/11/2012,12:30,4,1,3
20/11/2012,12:45,9,1,8
20/11/2012,13:00,3,0,3
20/11/2012,13:15,2,0,2
20/11/2012,13:30,5,0,5
20/11/2012,13:45,3,1,2
20/11/2012,14:00,3,0,3
20/11/2012,14:15,3,1,2
20/11/2012,14:30,3,0,3
20/11/2012,14:45,1,0,1
20/11/2012,15:00,5,0,5
20/11/2012,15:15,5,2,3
20/11/2012,15:30,6,4,2
20/11/2012,15:45,14,9,5
20/11/2012,16:00,8,3,5
20/11/2012,16:15,3,0,3
20/11/2012,16:30,2,1,1
20/11/2012,16:45,3,0,3
20/11/2012,17:00,6,2,4
20/11/2012,17:15,3,2,1
20/11/2012,17:30,0,0,0
20/11/2012,17:45,7,4,3
20/11/2012,18:00,0,0,0
20/11/2012,18:15,6,6,0
20/11/2012,18:30,3,3,0
20/11/2012,18:45,4,4,0
20/11/2012,19:00,5,3,2
20/11/2012,19:15,3,3,0
20/11/2012,19:30,0,0,0
20/11/2012,19:45,2,2,0
20/11/2012,20:00,2,2,0
20/11/2012,20:15,1,1,0
20/11/2012,20:30,0,0,0
20/11/2012,20:45,0,0,0
20/11/2012,21:00,0,0,0
20/11/2012,21:15,0,0,0
20/11/2012,21:30,0,0,0
20/11/2012,21:45,0,0,0
20/11/2012,22:00,0,0,0
20/11/2012,22:15,0,0,0
20/11/2012,22:30,0,0,0
20/11/2012,22:45,0,0,0
20/11/2012,23:00,0,0,0
20/11/2012,23:15,0,0,0
20/11/2012,23:30,0,0,0
20/11/2012,23:45,0,0,0
21/11/2012,00:00,0,0,0
21/11/2012,00:15,0,0,0
21/11/2012,00:30,0,0,0
21/11/2012,00:45,1,1,0
21/11/2012,01:00,0,0,0
21/11/2012,01:15,0,0,0
21/11/2012,01:30,0,0,0
21/11/2012,01:45,0,0,0
21/11/2012,02:00,0,0,0
21/11/2012,02:15,0,0,0
21/11/2012,02:30,0,0,0
21/11/2012,02:45,0,0,0
21/11/2012,03:00,0,0,0
21/11/2012,03:15,0,0,0
21/11/2012,03:30,0,0,0
21/11/2012,03:45,0,0,0
21/11/2012,04:00,0,0,0
21/11/2012,04:15,0,0,0
21/11/2012,04:30,0,0,0
21/11/2012,04:45,0,0,0
21/11/2012,05:00,0,0,0
21/11/2012,05:15,0,0,0
21/11/2012,05:30,0,0,0
21/11/2012,05:45,0,0,0
21/11/2012,06:00,0,0,0
21/11/2012,06:15,2,0,2
21/11/2012,06:30,3,0,3
21/11/2012,06:45,3,2,1
21/11/2012,07:00,8,2,6
21/11/2012,07:15,6,0,6
21/11/2012,07:30,16,2,14
21/11/2012,07:45,5,1,4
21/11/2012,08:00,8,2,6
21/11/2012,08:15,6,0,6
21/11/2012,08:30,11,4,7
21/11/2012,08:45,16,2,14
21/11/2012,09:00,17,1,16
21/11/2012,09:15,16,2,14
21/11/2012,09:30,19,3,16
21/11/2012,09:45,17,2,15
21/11/2012,10:00,22,9,13
21/11/2012,10:15,36,10,26
21/11/2012,10:30,17,2,15
21/11/2012,10:45,24,6,18
21/11/2012,11:00,26,6,20
21/11/2012,11:15,18,3,15
21/11/2012,11:30,20,5,15
21/11/2012,11:45,15,1,14
21/11/2012,12:00,17,10,7
21/11/2012,12:15,14,4,10
21/11/2012,12:30,12,6,6
21/11/2012,12:45,10,2,8
21/11/2012,13:00,12,1,11
21/11/2012,13:15,18,7,11
21/11/2012,13:30,41,15,26
21/11/2012,13:45,11,10,1
21/11/2012,14:00,18,6,12
21/11/2012,14:15,13,8,5
21/11/2012,14:30,23,9,14
21/11/2012,14:45,10,1,9
21/11/2012,15:00,17,4,13
21/11/2012,15:15,15,7,8
21/11/2012,15:30,29,11,18
21/11/2012,15:45,34,15,19
21/11/2012,16:00,21,8,13
21/11/2012,16:15,39,20,19
21/11/2012,16:30,32,12,20
21/11/2012,16:45,13,3,10
21/11/2012,17:00,23,8,15
21/11/2012,17:15,19,8,11
21/11/2012,17:30,14,5,9
21/11/2012,17:45,9,2,7
21/11/2012,18:00,3,1,2
21/11/2012,18:15,2,1,1
21/11/2012,18:30,1,0,1
21/11/2012,18:45,1,1,0
21/11/2012,19:00,1,1,0
21/11/2012,19:15,1,0,1
21/11/2012,19:30,0,0,0
21/11/2012,19:45,0,0,0
21/11/2012,20:00,0,0,0
21/11/2012,20:15,0,0,0
21/11/2012,20:30,0,0,0
21/11/2012,20:45,0,0,0
21/11/2012,21:00,1,1,0
21/11/2012,21:15,1,0,1
21/11/2012,21:30,1,0,1
21/11/2012,21:45,5,1,4
21/11/2012,22:00,8,1,7
21/11/2012,22:15,3,0,3
21/11/2012,22:30,0,0,0
21/11/2012,22:45,0,0,0
21/11/2012,23:00,1,0,1
21/11/2012,23:15,1,0,1
21/11/2012,23:30,0,0,0
21/11/2012,23:45,0,0,0
22/11/2012,00:00,0,0,0
22/11/2012,00:15,0,0,0
22/11/2012,00:30,0,0,0
22/11/2012,00:45,0,0,0
22/11/2012,01:00,0,0,0
22/11/2012,01:15,0,0,0
22/11/2012,01:30,0,0,0
22/11/2012,01:45,0,0,0
22/11/2012,02:00,0,0,0
22/11/2012,02:15,0,0,0
22/11/2012,02:30,0,0,0
22/11/2012,02:45,0,0,0
22/11/2012,03:00,0,0,0
22/11/2012,03:15,0,0,0
22/11/2012,03:30,0,0,0
22/11/2012,03:45,0,0,0
22/11/2012,04:00,0,0,0
22/11/2012,04:15,0,0,0
22/11/2012,04:30,0,0,0
22/11/2012,04:45,0,0,0
22/11/2012,05:00,0,0,0
22/11/2012,05:15,2,1,1
22/11/2012,05:30,0,0,0
22/11/2012,05:45,1,0,1
22/11/2012,06:00,0,0,0
22/11/2012,06:15,1,0,1
22/11/2012,06:30,4,1,3
22/11/2012,06:45,2,0,2
22/11/2012,07:00,8,1,7
22/11/2012,07:15,5,0,5
22/11/2012,07:30,3,0,3
22/11/2012,07:45,9,1,8
22/11/2012,08:00,13,4,9
22/11/2012,08:15,13,7,6
22/11/2012,08:30,14,5,9
22/11/2012,08:45,12,1,11
22/11/2012,09:00,27,3,24
22/11/2012,09:15,48,10,38
22/11/2012,09:30,19,5,14
22/11/2012,09:45,28,8,20
22/11/2012,10:00,33,9,24
22/11/2012,10:15,54,20,34
22/11/2012,10:30,29,9,20
22/11/2012,10:45,33,10,23
22/11/2012,11:00,55,16,39
22/11/2012,11:15,38,20,18
22/11/2012,11:30,37,12,25
22/11/2012,11:45,47,19,28
22/11/2012,12:00,47,16,31
22/11/2012,12:15,58,24,34
22/11/2012,12:30,42,18,24
22/11/2012,12:45,37,9,28
22/11/2012,13:00,48,16,32
22/11/2012,13:15,37,15,22
22/11/2012,13:30,18,6,12
22/11/2012,13:45,20,6,14
22/11/2012,14:00,37,19,18
22/11/2012,14:15,30,12,18
22/11/2012,14:30,26,4,22
22/11/2012,14:45,19,7,12
22/11/2012,15:00,20,9,11
22/11/2012,15:15,26,10,16
22/11/2012,15:30,22,10,12
22/11/2012,15:45,18,4,14
22/11/2012,16:00,18,9,9
22/11/2012,16:15,12,7,5
22/11/2012,16:30,15,3,12
22/11/2012,16:45,7,2,5
22/11/2012,17:00,1,0,1
22/11/2012,17:15,5,3,2
22/11/2012,17:30,1,0,1
22/11/2012,17:45,0,0,0
22/11/2012,18:00,0,0,0
22/11/2012,18:15,0,0,0
22/11/2012,18:30,1,0,1
22/11/2012,18:45,0,0,0
22/11/2012,19:00,0,0,0
22/11/2012,19:15,0,0,0
22/11/2012,19:30,0,0,0
22/11/2012,19:45,1,1,0
22/11/2012,20:00,0,0,0
22/11/2012,20:15,0,0,0
22/11/2012,20:30,0,0,0
22/11/2012,20:45,0,0,0
22/11/2012,21:00,2,0,2
22/11/2012,21:15,0,0,0
22/11/2012,21:30,1,0,1
22/11/2012,21:45,1,0,1
22/11/2012,22:00,0,0,0
22/11/2012,22:15,0,0,0
22/11/2012,22:30,0,0,0
22/11/2012,22:45,0,0,0
22/11/2012,23:00,1,0,1
22/11/2012,23:15,0,0,0
22/11/2012,23:30,0,0,0
22/11/2012,23:45,0,0,0
23/11/2012,00:00,0,0,0
23/11/2012,00:15,0,0,0
23/11/2012,00:30,0,0,0
23/11/2012,00:45,0,0,0
23/11/2012,01:00,0,0,0
23/11/2012,01:15,0,0,0
23/11/2012,01:30,0,0,0
23/11/2012,01:45,0,0,0
23/11/2012,02:00,0,0,0
23/11/2012,02:15,0,0,0
23/11/2012,02:30,0,0,0
23/11/2012,02:45,0,0,0
23/11/2012,03:00,0,0,0
23/11/2012,03:15,0,0,0
23/11/2012,03:30,0,0,0
23/11/2012,03:45,0,0,0
23/11/2012,04:00,0,0,0
23/11/2012,04:15,0,0,0
23/11/2012,04:30,0,0,0
23/11/2012,04:45,0,0,0
23/11/2012,05:00,0,0,0
23/11/2012,05:15,0,0,0
23/11/2012,05:30,0,0,0
23/11/2012,05:45,0,0,0
23/11/2012,06:00,0,0,0
23/11/2012,06:15,2,0,2
23/11/2012,06:30,0,0,0
23/11/2012,06:45,6,2,4
23/11/2012,07:00,2,0,2
23/11/2012,07:15,4,0,4
23/11/2012,07:30,8,1,7
23/11/2012,07:45,8,1,7
23/11/2012,08:00,6,0,6
23/11/2012,08:15,8,2,6
23/11/2012,08:30,13,0,13
23/11/2012,08:45,10,1,9
23/11/2012,09:00,20,8,12
23/11/2012,09:15,16,5,11
23/11/2012,09:30,15,4,11
23/11/2012,09:45,23,10,13
23/11/2012,10:00,23,9,14
23/11/2012,10:15,25,3,22
23/11/2012,10:30,24,8,16
23/11/2012,10:45,24,7,17
23/11/2012,11:00,26,6,20
23/11/2012,11:15,30,10,20
23/11/2012,11:30,44,20,24
23/11/2012,11:45,28,13,15
23/11/2012,12:00,25,9,16
23/11/2012,12:15,30,13,17
23/11/2012,12:30,38,16,22
23/11/2012,12:45,24,8,16
23/11/2012,13:00,18,8,10
23/11/2012,13:15,21,14,7
23/11/2012,13:30,34,18,16
23/11/2012,13:45,12,6,6
23/11/2012,14:00,42,18,24
23/11/2012,14:15,26,12,14
23/11/2012,14:30,39,20,19
23/11/2012,14:45,47,32,15
23/11/2012,15:00,43,16,27
23/11/2012,15:15,26,9,17
23/11/2012,15:30,40,18,22
23/11/2012,15:45,29,10,19
23/11/2012,16:00,30,11,19
23/11/2012,16:15,37,21,16
23/11/2012,16:30,25,15,10
23/11/2012,16:45,23,15,8
23/11/2012,17:00,15,6,9
23/11/2012,17:15,13,10,3
23/11/2012,17:30,5,1,4
23/11/2012,17:45,3,2,1
23/11/2012,18:00,2,0,2
23/11/2012,18:15,2,1,1
23/11/2012,18:30,1,1,0
23/11/2012,18:45,5,3,2
23/11/2012,19:00,2,0,2
23/11/2012,19:15,2,1,1
23/11/2012,19:30,1,1,0
23/11/2012,19:45,4,1,3
23/11/2012,20:00,1,0,1
23/11/2012,20:15,0,0,0
23/11/2012,20:30,0,0,0
23/11/2012,20:45,0,0,0
23/11/2012,21:00,1,0,1
23/11/2012,21:15,1,0,1
23/11/2012,21:30,0,0,0
23/11/2012,21:45,0,0,0
23/11/2012,22:00,0,0,0
23/11/2012,22:15,0,0,0
23/11/2012,22:30,0,0,0
23/11/2012,22:45,0,0,0
23/11/2012,23:00,0,0,0
23/11/2012,23:15,1,1,0
23/11/2012,23:30,0,0,0
23/11/2012,23:45,0,0,0
24/11/2012,00:00,0,0,0
24/11/2012,00:15,0,0,0
24/11/2012,00:30,0,0,0
24/11/2012,00:45,0,0,0
24/11/2012,01:00,0,0,0
24/11/2012,01:15,0,0,0
24/11/2012,01:30,0,0,0
24/11/2012,01:45,0,0,0
24/11/2012,02:00,0,0,0
24/11/2012,02:15,0,0,0
24/11/2012,02:30,1,1,0
24/11/2012,02:45,0,0,0
24/11/2012,03:00,0,0,0
24/11/2012,03:15,0,0,0
24/11/2012,03:30,0,0,0
24/11/2012,03:45,0,0,0
24/11/2012,04:00,0,0,0
24/11/2012,04:15,0,0,0
24/11/2012,04:30,0,0,0
24/11/2012,04:45,0,0,0
24/11/2012,05:00,0,0,0
24/11/2012,05:15,0,0,0
24/11/2012,05:30,0,0,0
24/11/2012,05:45,0,0,0
24/11/2012,06:00,0,0,0
24/11/2012,06:15,0,0,0
24/11/2012,06:30,2,0,2
24/11/2012,06:45,3,2,1
24/11/2012,07:00,2,0,2
24/11/2012,07:15,5,0,5
24/11/2012,07:30,2,0,2
24/11/2012,07:45,7,0,7
24/11/2012,08:00,5,0,5
24/11/2012,08:15,17,0,17
24/11/2012,08:30,17,3,14
24/11/2012,08:45,24,6,18
24/11/2012,09:00,20,10,10
24/11/2012,09:15,34,4,30
24/11/2012,09:30,13,0,13
24/11/2012,09:45,31,10,21
24/11/2012,10:00,18,6,12
24/11/2012,10:15,28,9,19
24/11/2012,10:30,42,14,28
24/11/2012,10:45,23,8,15
24/11/2012,11:00,19,8,11
24/11/2012,11:15,33,13,20
24/11/2012,11:30,40,21,19
24/11/2012,11:45,39,24,15
24/11/2012,12:00,26,10,16
24/11/2012,12:15,15,6,9
24/11/2012,12:30,35,21,14
24/11/2012,12:45,34,22,12
24/11/2012,13:00,36,18,18
24/11/2012,13:15,33,21,12
24/11/2012,13:30,30,14,16
24/11/2012,13:45,36,23,13
24/11/2012,14:00,32,20,12
24/11/2012,14:15,22,15,7
24/11/2012,14:30,30,11,19
24/11/2012,14:45,40,20,20
24/11/2012,15:00,23,15,8
24/11/2012,15:15,46,27,19
24/11/2012,15:30,34,14,20
24/11/2012,15:45,35,11,24
24/11/2012,16:00,27,13,14
24/11/2012,16:15,57,26,31
24/11/2012,16:30,53,14,39
24/11/2012,16:45,21,10,11
24/11/2012,17:00,10,5,5
24/11/2012,17:15,6,2,4
24/11/2012,17:30,5,2,3
24/11/2012,17:45,1,1,0
24/11/2012,18:00,1,0,1
24/11/2012,18:15,2,1,1
24/11/2012,18:30,0,0,0
24/11/2012,18:45,1,1,0
24/11/2012,19:00,0,0,0
24/11/2012,19:15,0,0,0
24/11/2012,19:30,0,0,0
24/11/2012,19:45,0,0,0
24/11/2012,20:00,2,2,0
24/11/2012,20:15,2,1,1
24/11/2012,20:30,0,0,0
24/11/2012,20:45,1,1,0
24/11/2012,21:00,1,1,0
24/11/2012,21:15,1,1,0
24/11/2012,21:30,0,0,0
24/11/2012,21:45,0,0,0
24/11/2012,22:00,0,0,0
24/11/2012,22:15,0,0,0
24/11/2012,22:30,62,0,62
24/11/2012,22:45,0,0,0
24/11/2012,23:00,0,0,0
24/11/2012,23:15,0,0,0
24/11/2012,23:30,0,0,0
24/11/2012,23:45,0,0,0
25/11/2012,00:00,0,0,0
25/11/2012,00:15,0,0,0
25/11/2012,00:30,0,0,0
25/11/2012,00:45,0,0,0
25/11/2012,01:00,0,0,0
25/11/2012,01:15,0,0,0
25/11/2012,01:30,0,0,0
25/11/2012,01:45,1,0,1
25/11/2012,02:00,0,0,0
25/11/2012,02:15,0,0,0
25/11/2012,02:30,0,0,0
25/11/2012,02:45,0,0,0
25/11/2012,03:00,0,0,0
25/11/2012,03:15,0,0,0
25/11/2012,03:30,0,0,0
25/11/2012,03:45,0,0,0
25/11/2012,04:00,0,0,0
25/11/2012,04:15,2,0,2
25/11/2012,04:30,0,0,0
25/11/2012,04:45,0,0,0
25/11/2012,05:00,1,0,1
25/11/2012,05:15,0,0,0
25/11/2012,05:30,1,0,1
25/11/2012,05:45,0,0,0
25/11/2012,06:00,0,0,0
25/11/2012,06:15,0,0,0
25/11/2012,06:30,1,0,1
25/11/2012,06:45,1,0,1
25/11/2012,07:00,4,0,4
25/11/2012,07:15,4,0,4
25/11/2012,07:30,4,3,1
25/11/2012,07:45,6,0,6
25/11/2012,08:00,8,0,8
25/11/2012,08:15,11,2,9
25/11/2012,08:30,12,6,6
25/11/2012,08:45,24,4,20
25/11/2012,09:00,16,5,11
25/11/2012,09:15,18,5,13
25/11/2012,09:30,26,7,19
25/11/2012,09:45,13,3,10
25/11/2012,10:00,18,5,13
25/11/2012,10:15,34,11,23
25/11/2012,10:30,31,6,25
25/11/2012,10:45,22,10,12
25/11/2012,11:00,16,8,8
25/11/2012,11:15,22,11,11
25/11/2012,11:30,17,10,7
25/11/2012,11:45,26,15,11
25/11/2012,12:00,20,8,12
25/11/2012,12:15,13,2,11
25/11/2012,12:30,32,15,17
25/11/2012,12:45,28,8,20
25/11/2012,13:00,20,12,8
25/11/2012,13:15,17,9,8
25/11/2012,13:30,45,27,18
25/11/2012,13:45,23,16,7
25/11/2012,14:00,25,10,15
25/11/2012,14:15,35,15,20
25/11/2012,14:30,45,23,22
25/11/2012,14:45,47,27,20
25/11/2012,15:00,52,25,27
25/11/2012,15:15,58,29,29
25/11/2012,15:30,46,24,22
25/11/2012,15:45,46,19,27
25/11/2012,16:00,42,18,24
25/11/2012,16:15,36,17,19
25/11/2012,16:30,21,9,12
25/11/2012,16:45,24,15,9
25/11/2012,17:00,19,5,14
25/11/2012,17:15,8,4,4
25/11/2012,17:30,7,2,5
25/11/2012,17:45,6,1,5
25/11/2012,18:00,0,0,0
25/11/2012,18:15,1,1,0
25/11/2012,18:30,2,1,1
25/11/2012,18:45,0,0,0
25/11/2012,19:00,1,0,1
25/11/2012,19:15,0,0,0
25/11/2012,19:30,0,0,0
25/11/2012,19:45,0,0,0
25/11/2012,20:00,1,0,1
25/11/2012,20:15,0,0,0
25/11/2012,20:30,0,0,0
25/11/2012,20:45,1,0,1
25/11/2012,21:00,1,1,0
25/11/2012,21:15,1,0,1
25/11/2012,21:30,1,0,1
25/11/2012,21:45,0,0,0
25/11/2012,22:00,0,0,0
25/11/2012,22:15,0,0,0
25/11/2012,22:30,0,0,0
25/11/2012,22:45,0,0,0
25/11/2012,23:00,0,0,0
25/11/2012,23:15,0,0,0
25/11/2012,23:30,0,0,0
25/11/2012,23:45,0,0,0
26/11/2012,00:00,1,0,1
26/11/2012,00:15,0,0,0
26/11/2012,00:30,1,0,1
26/11/2012,00:45,0,0,0
26/11/2012,01:00,0,0,0
26/11/2012,01:15,0,0,0
26/11/2012,01:30,0,0,0
26/11/2012,01:45,0,0,0
26/11/2012,02:00,0,0,0
26/11/2012,02:15,1,0,1
26/11/2012,02:30,0,0,0
26/11/2012,02:45,0,0,0
26/11/2012,03:00,0,0,0
26/11/2012,03:15,0,0,0
26/11/2012,03:30,0,0,0
26/11/2012,03:45,0,0,0
26/11/2012,04:00,0,0,0
26/11/2012,04:15,0,0,0
26/11/2012,04:30,0,0,0
26/11/2012,04:45,0,0,0
26/11/2012,05:00,0,0,0
26/11/2012,05:15,0,0,0
26/11/2012,05:30,0,0,0
26/11/2012,05:45,1,0,1
26/11/2012,06:00,2,0,2
26/11/2012,06:15,4,2,2
26/11/2012,06:30,6,0,6
26/11/2012,06:45,6,1,5
26/11/2012,07:00,6,1,5
26/11/2012,07:15,10,4,6
26/11/2012,07:30,14,7,7
26/11/2012,07:45,11,8,3
26/11/2012,08:00,29,23,6
26/11/2012,08:15,16,9,7
26/11/2012,08:30,18,5,13
26/11/2012,08:45,14,3,11
26/11/2012,09:00,16,6,10
26/11/2012,09:15,6,1,5
26/11/2012,09:30,15,4,11
26/11/2012,09:45,12,5,7
26/11/2012,10:00,10,1,9
26/11/2012,10:15,15,1,14
26/11/2012,10:30,11,2,9
26/11/2012,10:45,11,5,6
26/11/2012,11:00,7,3,4
26/11/2012,11:15,14,5,9
26/11/2012,11:30,6,2,4
26/11/2012,11:45,14,6,8
26/11/2012,12:00,8,2,6
26/11/2012,12:15,6,0,6
26/11/2012,12:30,26,10,16
26/11/2012,12:45,9,5,4
26/11/2012,13:00,11,3,8
26/11/2012,13:15,13,3,10
26/11/2012,13:30,22,5,17
26/11/2012,13:45,11,4,7
26/11/2012,14:00,18,6,12
26/11/2012,14:15,21,7,14
26/11/2012,14:30,22,8,14
26/11/2012,14:45,29,7,22
26/11/2012,15:00,23,5,18
26/11/2012,15:15,23,8,15
26/11/2012,15:30,26,11,15
26/11/2012,15:45,27,16,11
26/11/2012,16:00,21,15,6
26/11/2012,16:15,16,7,9
26/11/2012,16:30,19,6,13
26/11/2012,16:45,13,3,10
26/11/2012,17:00,14,5,9
26/11/2012,17:15,17,10,7
26/11/2012,17:30,13,6,7
26/11/2012,17:45,9,6,3
26/11/2012,18:00,6,2,4
26/11/2012,18:15,8,3,5
26/11/2012,18:30,9,9,0
26/11/2012,18:45,9,7,2
26/11/2012,19:00,10,9,1
26/11/2012,19:15,0,0,0
26/11/2012,19:30,2,1,1
26/11/2012,19:45,0,0,0
26/11/2012,20:00,6,4,2
26/11/2012,20:15,4,0,4
26/11/2012,20:30,0,0,0
26/11/2012,20:45,0,0,0
26/11/2012,21:00,2,1,1
26/11/2012,21:15,1,1,0
26/11/2012,21:30,0,0,0
26/11/2012,21:45,0,0,0
26/11/2012,22:00,2,1,1
26/11/2012,22:15,0,0,0
26/11/2012,22:30,2,0,2
26/11/2012,22:45,1,0,1
26/11/2012,23:00,1,1,0
26/11/2012,23:15,0,0,0
26/11/2012,23:30,0,0,0
26/11/2012,23:45,0,0,0
27/11/2012,00:00,2,1,1
27/11/2012,00:15,0,0,0
27/11/2012,00:30,0,0,0
27/11/2012,00:45,0,0,0
27/11/2012,01:00,0,0,0
27/11/2012,01:15,0,0,0
27/11/2012,01:30,0,0,0
27/11/2012,01:45,0,0,0
27/11/2012,02:00,0,0,0
27/11/2012,02:15,0,0,0
27/11/2012,02:30,0,0,0
27/11/2012,02:45,0,0,0
27/11/2012,03:00,0,0,0
27/11/2012,03:15,0,0,0
27/11/2012,03:30,0,0,0
27/11/2012,03:45,0,0,0
27/11/2012,04:00,0,0,0
27/11/2012,04:15,0,0,0
27/11/2012,04:30,0,0,0
27/11/2012,04:45,0,0,0
27/11/2012,05:00,1,1,0
27/11/2012,05:15,1,0,1
27/11/2012,05:30,0,0,0
27/11/2012,05:45,2,0,2
27/11/2012,06:00,0,0,0
27/11/2012,06:15,5,3,2
27/11/2012,06:30,5,2,3
27/11/2012,06:45,7,3,4
27/11/2012,07:00,10,2,8
27/11/2012,07:15,7,2,5
27/11/2012,07:30,14,2,12
27/11/2012,07:45,23,15,8
27/11/2012,08:00,28,20,8
27/11/2012,08:15,21,12,9
27/11/2012,08:30,16,5,11
27/11/2012,08:45,10,2,8
27/11/2012,09:00,15,5,10
27/11/2012,09:15,19,7,12
27/11/2012,09:30,11,3,8
27/11/2012,09:45,11,4,7
27/11/2012,10:00,8,1,7
27/11/2012,10:15,10,4,6
27/11/2012,10:30,21,2,19
27/11/2012,10:45,22,0,22
27/11/2012,11:00,20,8,12
27/11/2012,11:15,10,7,3
27/11/2012,11:30,13,4,9
27/11/2012,11:45,6,3,3
27/11/2012,12:00,7,3,4
27/11/2012,12:15,12,4,8
27/11/2012,12:30,19,9,10
27/11/2012,12:45,15,2,13
27/11/2012,13:00,12,5,7
27/11/2012,13:15,14,6,8
27/11/2012,13:30,15,6,9
27/11/2012,13:45,12,6,6
27/11/2012,14:00,20,8,12
27/11/2012,14:15,21,6,15
27/11/2012,14:30,15,5,10
27/11/2012,14:45,14,4,10
27/11/2012,15:00,11,4,7
27/11/2012,15:15,16,8,8
27/11/2012,15:30,8,5,3
27/11/2012,15:45,36,22,14
27/11/2012,16:00,15,7,8
27/11/2012,16:15,20,6,14
27/11/2012,16:30,16,7,9
27/11/2012,16:45,20,7,13
27/11/2012,17:00,12,4,8
27/11/2012,17:15,21,11,10
27/11/2012,17:30,11,6,5
27/11/2012,17:45,14,7,7
27/11/2012,18:00,7,3,4
27/11/2012,18:15,5,5,0
27/11/2012,18:30,7,6,1
27/11/2012,18:45,7,6,1
27/11/2012,19:00,7,4,3
27/11/2012,19:15,3,1,2
27/11/2012,19:30,1,0,1
27/11/2012,19:45,0,0,0
27/11/2012,20:00,1,1,0
27/11/2012,20:15,2,2,0
27/11/2012,20:30,0,0,0
27/11/2012,20:45,1,0,1
27/11/2012,21:00,1,1,0
27/11/2012,21:15,0,0,0
27/11/2012,21:30,0,0,0
27/11/2012,21:45,1,1,0
27/11/2012,22:00,1,1,0
27/11/2012,22:15,0,0,0
27/11/2012,22:30,0,0,0
27/11/2012,22:45,0,0,0
27/11/2012,23:00,0,0,0
27/11/2012,23:15,0,0,0
27/11/2012,23:30,0,0,0
27/11/2012,23:45,0,0,0
28/11/2012,00:00,0,0,0
28/11/2012,00:15,0,0,0
28/11/2012,00:30,0,0,0
28/11/2012,00:45,0,0,0
28/11/2012,01:00,0,0,0
28/11/2012,01:15,0,0,0
28/11/2012,01:30,1,0,1
28/11/2012,01:45,0,0,0
28/11/2012,02:00,0,0,0
28/11/2012,02:15,0,0,0
28/11/2012,02:30,0,0,0
28/11/2012,02:45,0,0,0
28/11/2012,03:00,1,0,1
28/11/2012,03:15,0,0,0
28/11/2012,03:30,0,0,0
28/11/2012,03:45,0,0,0
28/11/2012,04:00,0,0,0
28/11/2012,04:15,0,0,0
28/11/2012,04:30,0,0,0
28/11/2012,04:45,0,0,0
28/11/2012,05:00,0,0,0
28/11/2012,05:15,0,0,0
28/11/2012,05:30,1,0,1
28/11/2012,05:45,0,0,0
28/11/2012,06:00,0,0,0
28/11/2012,06:15,2,1,1
28/11/2012,06:30,2,0,2
28/11/2012,06:45,7,2,5
28/11/2012,07:00,2,0,2
28/11/2012,07:15,2,1,1
28/11/2012,07:30,3,2,1
28/11/2012,07:45,1,0,1
28/11/2012,08:00,0,0,0
28/11/2012,08:15,0,0,0
28/11/2012,08:30,1,1,0
28/11/2012,08:45,4,2,2
28/11/2012,09:00,3,3,0
28/11/2012,09:15,2,0,2
28/11/2012,09:30,2,2,0
28/11/2012,09:45,0,0,0
28/11/2012,10:00,1,1,0
28/11/2012,10:15,1,0,1
28/11/2012,10:30,2,2,0
28/11/2012,10:45,0,0,0
28/11/2012,11:00,0,0,0
28/11/2012,11:15,0,0,0
28/11/2012,11:30,1,0,1
28/11/2012,11:45,0,0,0
28/11/2012,12:00,9,0,9
28/11/2012,12:15,6,2,4
28/11/2012,12:30,6,0,6
28/11/2012,12:45,10,0,10
28/11/2012,13:00,6,0,6
28/11/2012,13:15,2,0,2
28/11/2012,13:30,11,1,10
28/11/2012,13:45,8,0,8
28/11/2012,14:00,4,0,4
28/11/2012,14:15,3,2,1
28/11/2012,14:30,5,0,5
28/11/2012,14:45,7,1,6
28/11/2012,15:00,15,2,13
28/11/2012,15:15,7,2,5
28/11/2012,15:30,10,1,9
28/11/2012,15:45,4,0,4
28/11/2012,16:00,8,4,4
28/11/2012,16:15,14,4,10
28/11/2012,16:30,6,0,6
28/11/2012,16:45,12,0,12
28/11/2012,17:00,7,1,6
28/11/2012,17:15,6,1,5
28/11/2012,17:30,4,1,3
28/11/2012,17:45,4,2,2
28/11/2012,18:00,0,0,0
28/11/2012,18:15,7,4,3
28/11/2012,18:30,3,1,2
28/11/2012,18:45,5,2,3
28/11/2012,19:00,3,1,2
28/11/2012,19:15,2,1,1
28/11/2012,19:30,0,0,0
28/11/2012,19:45,1,0,1
28/11/2012,20:00,1,0,1
28/11/2012,20:15,2,0,2
28/11/2012,20:30,2,0,2
28/11/2012,20:45,0,0,0
28/11/2012,21:00,2,1,1
28/11/2012,21:15,1,0,1
28/11/2012,21:30,1,0,1
28/11/2012,21:45,0,0,0
28/11/2012,22:00,0,0,0
28/11/2012,22:15,0,0,0
28/11/2012,22:30,0,0,0
28/11/2012,22:45,0,0,0
28/11/2012,23:00,1,0,1
28/11/2012,23:15,0,0,0
28/11/2012,23:30,0,0,0
28/11/2012,23:45,0,0,0
29/11/2012,00:00,0,0,0
29/11/2012,00:15,0,0,0
29/11/2012,00:30,0,0,0
29/11/2012,00:45,0,0,0
29/11/2012,01:00,0,0,0
29/11/2012,01:15,0,0,0
29/11/2012,01:30,0,0,0
29/11/2012,01:45,0,0,0
29/11/2012,02:00,0,0,0
29/11/2012,02:15,0,0,0
29/11/2012,02:30,0,0,0
29/11/2012,02:45,0,0,0
29/11/2012,03:00,0,0,0
29/11/2012,03:15,0,0,0
29/11/2012,03:30,0,0,0
29/11/2012,03:45,0,0,0
29/11/2012,04:00,0,0,0
29/11/2012,04:15,0,0,0
29/11/2012,04:30,0,0,0
29/11/2012,04:45,0,0,0
29/11/2012,05:00,0,0,0
29/11/2012,05:15,1,0,1
29/11/2012,05:30,0,0,0
29/11/2012,05:45,0,0,0
29/11/2012,06:00,1,0,1
29/11/2012,06:15,2,2,0
29/11/2012,06:30,6,0,6
29/11/2012,06:45,6,0,6
29/11/2012,07:00,6,2,4
29/11/2012,07:15,10,0,10
29/11/2012,07:30,12,3,9
29/11/2012,07:45,13,6,7
29/11/2012,08:00,16,9,7
29/11/2012,08:15,25,6,19
29/11/2012,08:30,16,2,14
29/11/2012,08:45,18,2,16
29/11/2012,09:00,20,4,16
29/11/2012,09:15,18,3,15
29/11/2012,09:30,10,2,8
29/11/2012,09:45,6,1,5
29/11/2012,10:00,9,3,6
29/11/2012,10:15,10,2,8
29/11/2012,10:30,10,2,8
29/11/2012,10:45,7,3,4
29/11/2012,11:00,7,0,7
29/11/2012,11:15,6,4,2
29/11/2012,11:30,2,1,1
29/11/2012,11:45,1,0,1
29/11/2012,12:00,5,0,5
29/11/2012,12:15,1,0,1
29/11/2012,12:30,6,1,5
29/11/2012,12:45,9,1,8
29/11/2012,13:00,3,2,1
29/11/2012,13:15,4,3,1
29/11/2012,13:30,3,0,3
29/11/2012,13:45,8,2,6
29/11/2012,14:00,2,1,1
29/11/2012,14:15,4,1,3
29/11/2012,14:30,5,2,3
29/11/2012,14:45,7,4,3
29/11/2012,15:00,7,3,4
29/11/2012,15:15,7,2,5
29/11/2012,15:30,8,2,6
29/11/2012,15:45,12,7,5
29/11/2012,16:00,6,4,2
29/11/2012,16:15,3,3,0
29/11/2012,16:30,4,2,2
29/11/2012,16:45,2,1,1
29/11/2012,17:00,9,5,4
29/11/2012,17:15,6,4,2
29/11/2012,17:30,0,0,0
29/11/2012,17:45,2,1,1
29/11/2012,18:00,2,1,1
29/11/2012,18:15,2,2,0
29/11/2012,18:30,3,3,0
29/11/2012,18:45,4,4,0
29/11/2012,19:00,2,2,0
29/11/2012,19:15,1,1,0
29/11/2012,19:30,0,0,0
29/11/2012,19:45,0,0,0
29/11/2012,20:00,0,0,0
29/11/2012,20:15,0,0,0
29/11/2012,20:30,0,0,0
29/11/2012,20:45,1,1,0
29/11/2012,21:00,2,1,1
29/11/2012,21:15,0,0,0
29/11/2012,21:30,0,0,0
29/11/2012,21:45,0,0,0
29/11/2012,22:00,0,0,0
29/11/2012,22:15,2,2,0
29/11/2012,22:30,0,0,0
29/11/2012,22:45,1,1,0
29/11/2012,23:00,2,2,0
29/11/2012,23:15,0,0,0
29/11/2012,23:30,3,3,0
29/11/2012,23:45,2,2,0
30/11/2012,00:00,0,0,0
30/11/2012,00:15,0,0,0
30/11/2012,00:30,2,2,0
30/11/2012,00:45,0,0,0
30/11/2012,01:00,0,0,0
30/11/2012,01:15,2,2,0
30/11/2012,01:30,0,0,0
30/11/2012,01:45,0,0,0
30/11/2012,02:00,0,0,0
30/11/2012,02:15,0,0,0
30/11/2012,02:30,1,1,0
30/11/2012,02:45,0,0,0
30/11/2012,03:00,1,1,0
30/11/2012,03:15,1,1,0
30/11/2012,03:30,0,0,0
30/11/2012,03:45,0,0,0
30/11/2012,04:00,0,0,0
30/11/2012,04:15,0,0,0
30/11/2012,04:30,0,0,0
30/11/2012,04:45,1,1,0
30/11/2012,05:00,0,0,0
30/11/2012,05:15,0,0,0
30/11/2012,05:30,0,0,0
30/11/2012,05:45,0,0,0
30/11/2012,06:00,0,0,0
30/11/2012,06:15,4,3,1
30/11/2012,06:30,1,0,1
30/11/2012,06:45,1,1,0
30/11/2012,07:00,2,2,0
30/11/2012,07:15,1,0,1
30/11/2012,07:30,4,3,1
30/11/2012,07:45,1,0,1
30/11/2012,08:00,2,0,2
30/11/2012,08:15,1,1,0
30/11/2012,08:30,1,0,1
30/11/2012,08:45,1,1,0
30/11/2012,09:00,2,0,2
30/11/2012,09:15,0,0,0
30/11/2012,09:30,2,0,2
30/11/2012,09:45,1,1,0
30/11/2012,10:00,3,1,2
30/11/2012,10:15,1,0,1
30/11/2012,10:30,2,1,1
30/11/2012,10:45,0,0,0
30/11/2012,11:00,3,0,3
30/11/2012,11:15,1,1,0
30/11/2012,11:30,1,0,1
30/11/2012,11:45,2,1,1
30/11/2012,12:00,0,0,0
30/11/2012,12:15,2,0,2
30/11/2012,12:30,3,1,2
30/11/2012,12:45,3,0,3
30/11/2012,13:00,7,1,6
30/11/2012,13:15,8,0,8
30/11/2012,13:30,7,2,5
30/11/2012,13:45,5,2,3
30/11/2012,14:00,7,1,6
30/11/2012,14:15,5,1,4
30/11/2012,14:30,5,1,4
30/11/2012,14:45,10,4,6
30/11/2012,15:00,4,0,4
30/11/2012,15:15,4,1,3
30/11/2012,15:30,7,1,6
30/11/2012,15:45,4,2,2
30/11/2012,16:00,9,4,5
30/11/2012,16:15,5,4,1
30/11/2012,16:30,4,1,3
30/11/2012,16:45,3,1,2
30/11/2012,17:00,2,1,1
30/11/2012,17:15,3,1,2
30/11/2012,17:30,2,1,1
30/11/2012,17:45,5,4,1
30/11/2012,18:00,2,1,1
30/11/2012,18:15,0,0,0
30/11/2012,18:30,1,1,0
30/11/2012,18:45,1,1,0
30/11/2012,19:00,2,2,0
30/11/2012,19:15,0,0,0
30/11/2012,19:30,0,0,0
30/11/2012,19:45,0,0,0
30/11/2012,20:00,1,1,0
30/11/2012,20:15,0,0,0
30/11/2012,20:30,0,0,0
30/11/2012,20:45,0,0,0
30/11/2012,21:00,0,0,0
30/11/2012,21:15,1,1,0
30/11/2012,21:30,0,0,0
30/11/2012,21:45,1,1,0
30/11/2012,22:00,1,1,0
30/11/2012,22:15,3,0,3
30/11/2012,22:30,2,1,1
30/11/2012,22:45,4,2,2
30/11/2012,23:00,0,0,0
30/11/2012,23:15,0,0,0
30/11/2012,23:30,0,0,0
30/11/2012,23:45,0,0,0
01/12/2012,00:00,0,0,0
01/12/2012,00:15,0,0,0
01/12/2012,00:30,0,0,0
01/12/2012,00:45,0,0,0
01/12/2012,01:00,0,0,0
01/12/2012,01:15,0,0,0
01/12/2012,01:30,0,0,0
01/12/2012,01:45,0,0,0
01/12/2012,02:00,0,0,0
01/12/2012,02:15,0,0,0
01/12/2012,02:30,2,2,0
01/12/2012,02:45,0,0,0
01/12/2012,03:00,0,0,0
01/12/2012,03:15,1,1,0
01/12/2012,03:30,0,0,0
01/12/2012,03:45,0,0,0
01/12/2012,04:00,0,0,0
01/12/2012,04:15,0,0,0
01/12/2012,04:30,0,0,0
01/12/2012,04:45,0,0,0
01/12/2012,05:00,0,0,0
01/12/2012,05:15,0,0,0
01/12/2012,05:30,0,0,0
01/12/2012,05:45,0,0,0
01/12/2012,06:00,0,0,0
01/12/2012,06:15,0,0,0
01/12/2012,06:30,0,0,0
01/12/2012,06:45,0,0,0
01/12/2012,07:00,2,0,2
01/12/2012,07:15,2,1,1
01/12/2012,07:30,1,0,1
01/12/2012,07:45,1,0,1
01/12/2012,08:00,3,0,3
01/12/2012,08:15,4,0,4
01/12/2012,08:30,16,3,13
01/12/2012,08:45,6,1,5
01/12/2012,09:00,10,5,5
01/12/2012,09:15,6,2,4
01/12/2012,09:30,12,6,6
01/12/2012,09:45,8,0,8
01/12/2012,10:00,8,2,6
01/12/2012,10:15,17,1,16
01/12/2012,10:30,6,2,4
01/12/2012,10:45,8,3,5
01/12/2012,11:00,1,0,1
01/12/2012,11:15,5,1,4
01/12/2012,11:30,7,0,7
01/12/2012,11:45,10,6,4
01/12/2012,12:00,10,3,7
01/12/2012,12:15,12,2,10
01/12/2012,12:30,12,1,11
01/12/2012,12:45,9,3,6
01/12/2012,13:00,18,4,14
01/12/2012,13:15,19,9,10
01/12/2012,13:30,26,10,16
01/12/2012,13:45,21,2,19
01/12/2012,14:00,12,2,10
01/12/2012,14:15,18,3,15
01/12/2012,14:30,6,2,4
01/12/2012,14:45,17,8,9
01/12/2012,15:00,13,5,8
01/12/2012,15:15,13,0,13
01/12/2012,15:30,20,7,13
01/12/2012,15:45,8,2,6
01/12/2012,16:00,12,2,10
01/12/2012,16:15,4,0,4
01/12/2012,16:30,6,3,3
01/12/2012,16:45,7,5,2
01/12/2012,17:00,6,2,4
01/12/2012,17:15,1,0,1
01/12/2012,17:30,1,0,1
01/12/2012,17:45,0,0,0
01/12/2012,18:00,0,0,0
01/12/2012,18:15,1,1,0
01/12/2012,18:30,0,0,0
01/12/2012,18:45,3,3,0
01/12/2012,19:00,3,2,1
01/12/2012,19:15,0,0,0
01/12/2012,19:30,0,0,0
01/12/2012,19:45,0,0,0
01/12/2012,20:00,0,0,0
01/12/2012,20:15,0,0,0
01/12/2012,20:30,0,0,0
01/12/2012,20:45,0,0,0
01/12/2012,21:00,0,0,0
01/12/2012,21:15,0,0,0
01/12/2012,21:30,0,0,0
01/12/2012,21:45,1,0,1
01/12/2012,22:00,1,0,1
01/12/2012,22:15,0,0,0
01/12/2012,22:30,0,0,0
01/12/2012,22:45,0,0,0
01/12/2012,23:00,0,0,0
01/12/2012,23:15,0,0,0
01/12/2012,23:30,0,0,0
01/12/2012,23:45,0,0,0
02/12/2012,00:00,1,0,1
02/12/2012,00:15,0,0,0
02/12/2012,00:30,0,0,0
02/12/2012,00:45,0,0,0
02/12/2012,01:00,0,0,0
02/12/2012,01:15,0,0,0
02/12/2012,01:30,0,0,0
02/12/2012,01:45,1,1,0
02/12/2012,02:00,0,0,0
02/12/2012,02:15,0,0,0
02/12/2012,02:30,0,0,0
02/12/2012,02:45,1,1,0
02/12/2012,03:00,0,0,0
02/12/2012,03:15,0,0,0
02/12/2012,03:30,0,0,0
02/12/2012,03:45,0,0,0
02/12/2012,04:00,0,0,0
02/12/2012,04:15,0,0,0
02/12/2012,04:30,0,0,0
02/12/2012,04:45,0,0,0
02/12/2012,05:00,0,0,0
02/12/2012,05:15,0,0,0
02/12/2012,05:30,0,0,0
02/12/2012,05:45,0,0,0
02/12/2012,06:00,0,0,0
02/12/2012,06:15,1,1,0
02/12/2012,06:30,0,0,0
02/12/2012,06:45,0,0,0
02/12/2012,07:00,0,0,0
02/12/2012,07:15,0,0,0
02/12/2012,07:30,1,1,0
02/12/2012,07:45,3,3,0
02/12/2012,08:00,2,0,2
02/12/2012,08:15,1,0,1
02/12/2012,08:30,1,0,1
02/12/2012,08:45,0,0,0
02/12/2012,09:00,2,1,1
02/12/2012,09:15,3,3,0
02/12/2012,09:30,3,0,3
02/12/2012,09:45,3,2,1
02/12/2012,10:00,2,1,1
02/12/2012,10:15,7,0,7
02/12/2012,10:30,11,0,11
02/12/2012,10:45,4,0,4
02/12/2012,11:00,7,0,7
02/12/2012,11:15,2,0,2
02/12/2012,11:30,9,0,9
02/12/2012,11:45,22,8,14
02/12/2012,12:00,22,6,16
02/12/2012,12:15,21,1,20
02/12/2012,12:30,18,5,13
02/12/2012,12:45,17,5,12
02/12/2012,13:00,23,4,19
02/12/2012,13:15,21,6,15
02/12/2012,13:30,26,3,23
02/12/2012,13:45,49,16,33
02/12/2012,14:00,39,9,30
02/12/2012,14:15,31,7,24
02/12/2012,14:30,58,11,47
02/12/2012,14:45,38,11,27
02/12/2012,15:00,58,12,46
02/12/2012,15:15,46,10,36
02/12/2012,15:30,50,12,38
02/12/2012,15:45,50,14,36
02/12/2012,16:00,40,9,31
02/12/2012,16:15,26,4,22
02/12/2012,16:30,21,5,16
02/12/2012,16:45,24,5,19
02/12/2012,17:00,9,2,7
02/12/2012,17:15,7,0,7
02/12/2012,17:30,3,1,2
02/12/2012,17:45,7,4,3
02/12/2012,18:00,1,0,1
02/12/2012,18:15,2,2,0
02/12/2012,18:30,0,0,0
02/12/2012,18:45,0,0,0
02/12/2012,19:00,1,1,0
02/12/2012,19:15,0,0,0
02/12/2012,19:30,0,0,0
02/12/2012,19:45,4,0,4
02/12/2012,20:00,1,1,0
02/12/2012,20:15,1,1,0
02/12/2012,20:30,0,0,0
02/12/2012,20:45,0,0,0
02/12/2012,21:00,0,0,0
02/12/2012,21:15,0,0,0
02/12/2012,21:30,0,0,0
02/12/2012,21:45,0,0,0
02/12/2012,22:00,1,0,1
02/12/2012,22:15,0,0,0
02/12/2012,22:30,0,0,0
02/12/2012,22:45,3,1,2
02/12/2012,23:00,1,0,1
02/12/2012,23:15,0,0,0
02/12/2012,23:30,0,0,0
02/12/2012,23:45,1,1,0
03/12/2012,00:00,0,0,0
03/12/2012,00:15,0,0,0
03/12/2012,00:30,0,0,0
03/12/2012,00:45,0,0,0
03/12/2012,01:00,0,0,0
03/12/2012,01:15,0,0,0
03/12/2012,01:30,0,0,0
03/12/2012,01:45,0,0,0
03/12/2012,02:00,0,0,0
03/12/2012,02:15,0,0,0
03/12/2012,02:30,0,0,0
03/12/2012,02:45,0,0,0
03/12/2012,03:00,0,0,0
03/12/2012,03:15,0,0,0
03/12/2012,03:30,0,0,0
03/12/2012,03:45,0,0,0
03/12/2012,04:00,0,0,0
03/12/2012,04:15,1,1,0
03/12/2012,04:30,0,0,0
03/12/2012,04:45,0,0,0
03/12/2012,05:00,0,0,0
03/12/2012,05:15,0,0,0
03/12/2012,05:30,1,0,1
03/12/2012,05:45,1,0,1
03/12/2012,06:00,2,1,1
03/12/2012,06:15,1,1,0
03/12/2012,06:30,3,0,3
03/12/2012,06:45,5,1,4
03/12/2012,07:00,8,0,8
03/12/2012,07:15,8,1,7
03/12/2012,07:30,20,5,15
03/12/2012,07:45,18,9,9
03/12/2012,08:00,26,19,7
03/12/2012,08:15,18,7,11
03/12/2012,08:30,15,6,9
03/12/2012,08:45,15,2,13
03/12/2012,09:00,17,4,13
03/12/2012,09:15,16,1,15
03/12/2012,09:30,17,2,15
03/12/2012,09:45,18,1,17
03/12/2012,10:00,18,7,11
03/12/2012,10:15,20,5,15
03/12/2012,10:30,22,2,20
03/12/2012,10:45,10,1,9
03/12/2012,11:00,22,8,14
03/12/2012,11:15,16,5,11
03/12/2012,11:30,17,2,15
03/12/2012,11:45,12,1,11
03/12/2012,12:00,17,5,12
03/12/2012,12:15,13,2,11
03/12/2012,12:30,23,8,15
03/12/2012,12:45,20,7,13
03/12/2012,13:00,15,3,12
03/12/2012,13:15,15,3,12
03/12/2012,13:30,22,1,21
03/12/2012,13:45,16,5,11
03/12/2012,14:00,22,5,17
03/12/2012,14:15,15,6,9
03/12/2012,14:30,21,11,10
03/12/2012,14:45,16,5,11
03/12/2012,15:00,22,8,14
03/12/2012,15:15,18,9,9
03/12/2012,15:30,22,7,15
03/12/2012,15:45,29,20,9
03/12/2012,16:00,25,9,16
03/12/2012,16:15,22,9,13
03/12/2012,16:30,25,7,18
03/12/2012,16:45,12,3,9
03/12/2012,17:00,21,9,12
03/12/2012,17:15,10,5,5
03/12/2012,17:30,9,4,5
03/12/2012,17:45,8,5,3
03/12/2012,18:00,9,2,7
03/12/2012,18:15,8,5,3
03/12/2012,18:30,6,6,0
03/12/2012,18:45,9,9,0
03/12/2012,19:00,5,3,2
03/12/2012,19:15,2,2,0
03/12/2012,19:30,0,0,0
03/12/2012,19:45,0,0,0
03/12/2012,20:00,2,1,1
03/12/2012,20:15,1,1,0
03/12/2012,20:30,2,1,1
03/12/2012,20:45,2,1,1
03/12/2012,21:00,1,1,0
03/12/2012,21:15,2,0,2
03/12/2012,21:30,1,0,1
03/12/2012,21:45,1,1,0
03/12/2012,22:00,0,0,0
03/12/2012,22:15,2,2,0
03/12/2012,22:30,1,1,0
03/12/2012,22:45,1,0,1
03/12/2012,23:00,0,0,0
03/12/2012,23:15,0,0,0
03/12/2012,23:30,0,0,0
03/12/2012,23:45,0,0,0
04/12/2012,00:00,0,0,0
04/12/2012,00:15,0,0,0
04/12/2012,00:30,1,1,0
04/12/2012,00:45,0,0,0
04/12/2012,01:00,0,0,0
04/12/2012,01:15,0,0,0
04/12/2012,01:30,0,0,0
04/12/2012,01:45,0,0,0
04/12/2012,02:00,0,0,0
04/12/2012,02:15,0,0,0
04/12/2012,02:30,0,0,0
04/12/2012,02:45,0,0,0
04/12/2012,03:00,1,1,0
04/12/2012,03:15,0,0,0
04/12/2012,03:30,0,0,0
04/12/2012,03:45,0,0,0
04/12/2012,04:00,0,0,0
04/12/2012,04:15,0,0,0
04/12/2012,04:30,0,0,0
04/12/2012,04:45,0,0,0
04/12/2012,05:00,0,0,0
04/12/2012,05:15,1,0,1
04/12/2012,05:30,0,0,0
04/12/2012,05:45,0,0,0
04/12/2012,06:00,1,0,1
04/12/2012,06:15,1,0,1
04/12/2012,06:30,7,0,7
04/12/2012,06:45,2,0,2
04/12/2012,07:00,5,2,3
04/12/2012,07:15,7,1,6
04/12/2012,07:30,17,9,8
04/12/2012,07:45,11,4,7
04/12/2012,08:00,24,18,6
04/12/2012,08:15,23,7,16
04/12/2012,08:30,12,2,10
04/12/2012,08:45,13,0,13
04/12/2012,09:00,13,3,10
04/12/2012,09:15,11,1,10
04/12/2012,09:30,16,3,13
04/12/2012,09:45,24,7,17
04/12/2012,10:00,12,4,8
04/12/2012,10:15,10,1,9
04/12/2012,10:30,11,1,10
04/12/2012,10:45,8,1,7
04/12/2012,11:00,7,1,6
04/12/2012,11:15,17,4,13
04/12/2012,11:30,11,2,9
04/12/2012,11:45,14,6,8
04/12/2012,12:00,6,1,5
04/12/2012,12:15,10,1,9
04/12/2012,12:30,14,7,7
04/12/2012,12:45,7,1,6
04/12/2012,13:00,17,4,13
04/12/2012,13:15,19,6,13
04/12/2012,13:30,17,5,12
04/12/2012,13:45,11,3,8
04/12/2012,14:00,15,4,11
04/12/2012,14:15,11,2,9
04/12/2012,14:30,16,8,8
04/12/2012,14:45,7,2,5
04/12/2012,15:00,11,6,5
04/12/2012,15:15,8,2,6
04/12/2012,15:30,33,22,11
04/12/2012,15:45,28,19,9
04/12/2012,16:00,11,1,10
04/12/2012,16:15,12,4,8
04/12/2012,16:30,8,2,6
04/12/2012,16:45,14,6,8
04/12/2012,17:00,26,19,7
04/12/2012,17:15,11,3,8
04/12/2012,17:30,6,1,5
04/12/2012,17:45,6,6,0
04/12/2012,18:00,3,1,2
04/12/2012,18:15,7,5,2
04/12/2012,18:30,3,3,0
04/12/2012,18:45,8,7,1
04/12/2012,19:00,6,6,0
04/12/2012,19:15,0,0,0
04/12/2012,19:30,0,0,0
04/12/2012,19:45,0,0,0
04/12/2012,20:00,4,4,0
04/12/2012,20:15,0,0,0
04/12/2012,20:30,0,0,0
04/12/2012,20:45,0,0,0
04/12/2012,21:00,0,0,0
04/12/2012,21:15,1,1,0
04/12/2012,21:30,2,2,0
04/12/2012,21:45,0,0,0
04/12/2012,22:00,0,0,0
04/12/2012,22:15,0,0,0
04/12/2012,22:30,0,0,0
04/12/2012,22:45,0,0,0
04/12/2012,23:00,0,0,0
04/12/2012,23:15,0,0,0
04/12/2012,23:30,0,0,0
04/12/2012,23:45,0,0,0
05/12/2012,00:00,0,0,0
05/12/2012,00:15,0,0,0
05/12/2012,00:30,0,0,0
05/12/2012,00:45,0,0,0
05/12/2012,01:00,0,0,0
05/12/2012,01:15,0,0,0
05/12/2012,01:30,0,0,0
05/12/2012,01:45,0,0,0
05/12/2012,02:00,0,0,0
05/12/2012,02:15,0,0,0
05/12/2012,02:30,0,0,0
05/12/2012,02:45,0,0,0
05/12/2012,03:00,0,0,0
05/12/2012,03:15,0,0,0
05/12/2012,03:30,0,0,0
05/12/2012,03:45,0,0,0
05/12/2012,04:00,0,0,0
05/12/2012,04:15,0,0,0
05/12/2012,04:30,0,0,0
05/12/2012,04:45,0,0,0
05/12/2012,05:00,0,0,0
05/12/2012,05:15,0,0,0
05/12/2012,05:30,0,0,0
05/12/2012,05:45,1,0,1
05/12/2012,06:00,1,0,1
05/12/2012,06:15,1,0,1
05/12/2012,06:30,3,0,3
05/12/2012,06:45,3,1,2
05/12/2012,07:00,4,1,3
05/12/2012,07:15,3,1,2
05/12/2012,07:30,6,1,5
05/12/2012,07:45,3,0,3
05/12/2012,08:00,5,1,4
05/12/2012,08:15,7,5,2
05/12/2012,08:30,4,1,3
05/12/2012,08:45,6,1,5
05/12/2012,09:00,7,2,5
05/12/2012,09:15,5,1,4
05/12/2012,09:30,2,1,1
05/12/2012,09:45,1,0,1
05/12/2012,10:00,5,0,5
05/12/2012,10:15,12,1,11
05/12/2012,10:30,8,0,8
05/12/2012,10:45,14,2,12
05/12/2012,11:00,4,2,2
05/12/2012,11:15,6,0,6
05/12/2012,11:30,3,0,3
05/12/2012,11:45,4,0,4
05/12/2012,12:00,3,0,3
05/12/2012,12:15,5,1,4
05/12/2012,12:30,5,0,5
05/12/2012,12:45,2,0,2
05/12/2012,13:00,3,1,2
05/12/2012,13:15,4,1,3
05/12/2012,13:30,5,0,5
05/12/2012,13:45,9,1,8
05/12/2012,14:00,5,1,4
05/12/2012,14:15,9,1,8
05/12/2012,14:30,5,1,4
05/12/2012,14:45,9,4,5
05/12/2012,15:00,10,1,9
05/12/2012,15:15,15,3,12
05/12/2012,15:30,11,2,9
05/12/2012,15:45,6,2,4
05/12/2012,16:00,12,2,10
05/12/2012,16:15,8,1,7
05/12/2012,16:30,8,0,8
05/12/2012,16:45,10,1,9
05/12/2012,17:00,11,1,10
05/12/2012,17:15,9,4,5
05/12/2012,17:30,3,0,3
05/12/2012,17:45,2,1,1
05/12/2012,18:00,5,3,2
05/12/2012,18:15,3,2,1
05/12/2012,18:30,1,1,0
05/12/2012,18:45,3,3,0
05/12/2012,19:00,2,2,0
05/12/2012,19:15,0,0,0
05/12/2012,19:30,1,0,1
05/12/2012,19:45,0,0,0
05/12/2012,20:00,2,1,1
05/12/2012,20:15,0,0,0
05/12/2012,20:30,0,0,0
05/12/2012,20:45,0,0,0
05/12/2012,21:00,3,3,0
05/12/2012,21:15,0,0,0
05/12/2012,21:30,0,0,0
05/12/2012,21:45,1,0,1
05/12/2012,22:00,0,0,0
05/12/2012,22:15,0,0,0
05/12/2012,22:30,0,0,0
05/12/2012,22:45,0,0,0
05/12/2012,23:00,0,0,0
05/12/2012,23:15,0,0,0
05/12/2012,23:30,0,0,0
05/12/2012,23:45,0,0,0
06/12/2012,00:00,0,0,0
06/12/2012,00:15,0,0,0
06/12/2012,00:30,0,0,0
06/12/2012,00:45,0,0,0
06/12/2012,01:00,0,0,0
06/12/2012,01:15,0,0,0
06/12/2012,01:30,0,0,0
06/12/2012,01:45,0,0,0
06/12/2012,02:00,0,0,0
06/12/2012,02:15,0,0,0
06/12/2012,02:30,0,0,0
06/12/2012,02:45,0,0,0
06/12/2012,03:00,0,0,0
06/12/2012,03:15,0,0,0
06/12/2012,03:30,0,0,0
06/12/2012,03:45,0,0,0
06/12/2012,04:00,0,0,0
06/12/2012,04:15,0,0,0
06/12/2012,04:30,0,0,0
06/12/2012,04:45,0,0,0
06/12/2012,05:00,2,0,2
06/12/2012,05:15,0,0,0
06/12/2012,05:30,0,0,0
06/12/2012,05:45,1,0,1
06/12/2012,06:00,5,3,2
06/12/2012,06:15,5,1,4
06/12/2012,06:30,7,0,7
06/12/2012,06:45,12,4,8
06/12/2012,07:00,17,2,15
06/12/2012,07:15,9,2,7
06/12/2012,07:30,18,11,7
06/12/2012,07:45,18,17,1
06/12/2012,08:00,18,12,6
06/12/2012,08:15,15,3,12
06/12/2012,08:30,13,4,9
06/12/2012,08:45,18,5,13
06/12/2012,09:00,23,3,20
06/12/2012,09:15,14,5,9
06/12/2012,09:30,12,3,9
06/12/2012,09:45,9,2,7
06/12/2012,10:00,20,4,16
06/12/2012,10:15,19,3,16
06/12/2012,10:30,20,3,17
06/12/2012,10:45,16,1,15
06/12/2012,11:00,14,4,10
06/12/2012,11:15,12,4,8
06/12/2012,11:30,12,4,8
06/12/2012,11:45,13,3,10
06/12/2012,12:00,5,1,4
06/12/2012,12:15,8,2,6
06/12/2012,12:30,20,6,14
06/12/2012,12:45,16,5,11
06/12/2012,13:00,16,3,13
06/12/2012,13:15,10,3,7
06/12/2012,13:30,14,3,11
06/12/2012,13:45,14,6,8
06/12/2012,14:00,11,5,6
06/12/2012,14:15,8,4,4
06/12/2012,14:30,8,4,4
06/12/2012,14:45,13,8,5
06/12/2012,15:00,9,2,7
06/12/2012,15:15,28,15,13
06/12/2012,15:30,30,16,14
06/12/2012,15:45,22,9,13
06/12/2012,16:00,16,5,11
06/12/2012,16:15,14,1,13
06/12/2012,16:30,26,14,12
06/12/2012,16:45,28,19,9
06/12/2012,17:00,28,18,10
06/12/2012,17:15,7,4,3
06/12/2012,17:30,7,3,4
06/12/2012,17:45,6,3,3
06/12/2012,18:00,9,9,0
06/12/2012,18:15,4,2,2
06/12/2012,18:30,8,7,1
06/12/2012,18:45,2,2,0
06/12/2012,19:00,4,4,0
06/12/2012,19:15,1,0,1
06/12/2012,19:30,0,0,0
06/12/2012,19:45,3,3,0
06/12/2012,20:00,1,1,0
06/12/2012,20:15,1,1,0
06/12/2012,20:30,0,0,0
06/12/2012,20:45,3,3,0
06/12/2012,21:00,1,0,1
06/12/2012,21:15,0,0,0
06/12/2012,21:30,1,1,0
06/12/2012,21:45,0,0,0
06/12/2012,22:00,2,2,0
06/12/2012,22:15,1,1,0
06/12/2012,22:30,0,0,0
06/12/2012,22:45,0,0,0
06/12/2012,23:00,0,0,0
06/12/2012,23:15,0,0,0
06/12/2012,23:30,0,0,0
06/12/2012,23:45,0,0,0
07/12/2012,00:00,0,0,0
07/12/2012,00:15,0,0,0
07/12/2012,00:30,0,0,0
07/12/2012,00:45,0,0,0
07/12/2012,01:00,0,0,0
07/12/2012,01:15,0,0,0
07/12/2012,01:30,0,0,0
07/12/2012,01:45,0,0,0
07/12/2012,02:00,0,0,0
07/12/2012,02:15,0,0,0
07/12/2012,02:30,0,0,0
07/12/2012,02:45,0,0,0
07/12/2012,03:00,0,0,0
07/12/2012,03:15,0,0,0
07/12/2012,03:30,0,0,0
07/12/2012,03:45,0,0,0
07/12/2012,04:00,0,0,0
07/12/2012,04:15,0,0,0
07/12/2012,04:30,0,0,0
07/12/2012,04:45,0,0,0
07/12/2012,05:00,0,0,0
07/12/2012,05:15,2,0,2
07/12/2012,05:30,0,0,0
07/12/2012,05:45,1,0,1
07/12/2012,06:00,2,1,1
07/12/2012,06:15,6,0,6
07/12/2012,06:30,6,4,2
07/12/2012,06:45,8,1,7
07/12/2012,07:00,8,4,4
07/12/2012,07:15,15,6,9
07/12/2012,07:30,13,10,3
07/12/2012,07:45,13,9,4
07/12/2012,08:00,17,13,4
07/12/2012,08:15,18,2,16
07/12/2012,08:30,14,1,13
07/12/2012,08:45,19,11,8
07/12/2012,09:00,21,4,17
07/12/2012,09:15,27,4,23
07/12/2012,09:30,13,2,11
07/12/2012,09:45,11,3,8
07/12/2012,10:00,6,2,4
07/12/2012,10:15,15,3,12
07/12/2012,10:30,17,4,13
07/12/2012,10:45,17,9,8
07/12/2012,11:00,16,4,12
07/12/2012,11:15,16,2,14
07/12/2012,11:30,14,4,10
07/12/2012,11:45,18,9,9
07/12/2012,12:00,17,7,10
07/12/2012,12:15,14,2,12
07/12/2012,12:30,13,6,7
07/12/2012,12:45,11,3,8
07/12/2012,13:00,5,0,5
07/12/2012,13:15,11,6,5
07/12/2012,13:30,12,5,7
07/12/2012,13:45,10,3,7
07/12/2012,14:00,12,4,8
07/12/2012,14:15,17,4,13
07/12/2012,14:30,18,7,11
07/12/2012,14:45,24,13,11
07/12/2012,15:00,24,11,13
07/12/2012,15:15,21,7,14
07/12/2012,15:30,32,16,16
07/12/2012,15:45,19,8,11
07/12/2012,16:00,28,11,17
07/12/2012,16:15,15,5,10
07/12/2012,16:30,12,0,12
07/12/2012,16:45,7,0,7
07/12/2012,17:00,12,6,6
07/12/2012,17:15,11,2,9
07/12/2012,17:30,8,3,5
07/12/2012,17:45,1,0,1
07/12/2012,18:00,5,4,1
07/12/2012,18:15,1,1,0
07/12/2012,18:30,7,7,0
07/12/2012,18:45,5,5,0
07/12/2012,19:00,1,1,0
07/12/2012,19:15,2,0,2
07/12/2012,19:30,0,0,0
07/12/2012,19:45,4,4,0
07/12/2012,20:00,1,1,0
07/12/2012,20:15,1,1,0
07/12/2012,20:30,1,0,1
07/12/2012,20:45,1,1,0
07/12/2012,21:00,4,1,3
07/12/2012,21:15,0,0,0
07/12/2012,21:30,0,0,0
07/12/2012,21:45,1,1,0
07/12/2012,22:00,1,1,0
07/12/2012,22:15,0,0,0
07/12/2012,22:30,0,0,0
07/12/2012,22:45,0,0,0
07/12/2012,23:00,0,0,0
07/12/2012,23:15,0,0,0
07/12/2012,23:30,0,0,0
07/12/2012,23:45,0,0,0
08/12/2012,00:00,0,0,0
08/12/2012,00:15,0,0,0
08/12/2012,00:30,0,0,0
08/12/2012,00:45,0,0,0
08/12/2012,01:00,0,0,0
08/12/2012,01:15,0,0,0
08/12/2012,01:30,0,0,0
08/12/2012,01:45,0,0,0
08/12/2012,02:00,0,0,0
08/12/2012,02:15,0,0,0
08/12/2012,02:30,0,0,0
08/12/2012,02:45,0,0,0
08/12/2012,03:00,0,0,0
08/12/2012,03:15,0,0,0
08/12/2012,03:30,0,0,0
08/12/2012,03:45,0,0,0
08/12/2012,04:00,0,0,0
08/12/2012,04:15,0,0,0
08/12/2012,04:30,0,0,0
08/12/2012,04:45,0,0,0
08/12/2012,05:00,0,0,0
08/12/2012,05:15,0,0,0
08/12/2012,05:30,0,0,0
08/12/2012,05:45,2,0,2
08/12/2012,06:00,0,0,0
08/12/2012,06:15,0,0,0
08/12/2012,06:30,1,1,0
08/12/2012,06:45,5,2,3
08/12/2012,07:00,9,1,8
08/12/2012,07:15,9,1,8
08/12/2012,07:30,7,1,6
08/12/2012,07:45,10,3,7
08/12/2012,08:00,14,3,11
08/12/2012,08:15,11,2,9
08/12/2012,08:30,18,5,13
08/12/2012,08:45,28,1,27
08/12/2012,09:00,23,7,16
08/12/2012,09:15,18,1,17
08/12/2012,09:30,18,8,10
08/12/2012,09:45,24,6,18
08/12/2012,10:00,23,7,16
08/12/2012,10:15,29,7,22
08/12/2012,10:30,17,8,9
08/12/2012,10:45,28,4,24
08/12/2012,11:00,19,5,14
08/12/2012,11:15,25,4,21
08/12/2012,11:30,23,5,18
08/12/2012,11:45,24,10,14
08/12/2012,12:00,20,9,11
08/12/2012,12:15,18,9,9
08/12/2012,12:30,15,5,10
08/12/2012,12:45,18,3,15
08/12/2012,13:00,14,6,8
08/12/2012,13:15,21,6,15
08/12/2012,13:30,27,13,14
08/12/2012,13:45,13,7,6
08/12/2012,14:00,25,10,15
08/12/2012,14:15,25,12,13
08/12/2012,14:30,20,8,12
08/12/2012,14:45,21,14,7
08/12/2012,15:00,18,7,11
08/12/2012,15:15,25,10,15
08/12/2012,15:30,26,9,17
08/12/2012,15:45,12,3,9
08/12/2012,16:00,20,9,11
08/12/2012,16:15,19,10,9
08/12/2012,16:30,17,6,11
08/12/2012,16:45,4,1,3
08/12/2012,17:00,8,0,8
08/12/2012,17:15,4,2,2
08/12/2012,17:30,2,1,1
08/12/2012,17:45,3,3,0
08/12/2012,18:00,0,0,0
08/12/2012,18:15,3,2,1
08/12/2012,18:30,0,0,0
08/12/2012,18:45,0,0,0
08/12/2012,19:00,0,0,0
08/12/2012,19:15,0,0,0
08/12/2012,19:30,1,1,0
08/12/2012,19:45,0,0,0
08/12/2012,20:00,0,0,0
08/12/2012,20:15,0,0,0
08/12/2012,20:30,0,0,0
08/12/2012,20:45,0,0,0
08/12/2012,21:00,0,0,0
08/12/2012,21:15,2,0,2
08/12/2012,21:30,0,0,0
08/12/2012,21:45,0,0,0
08/12/2012,22:00,1,0,1
08/12/2012,22:15,0,0,0
08/12/2012,22:30,0,0,0
08/12/2012,22:45,0,0,0
08/12/2012,23:00,0,0,0
08/12/2012,23:15,0,0,0
08/12/2012,23:30,0,0,0
08/12/2012,23:45,0,0,0
09/12/2012,00:00,0,0,0
09/12/2012,00:15,1,1,0
09/12/2012,00:30,0,0,0
09/12/2012,00:45,0,0,0
09/12/2012,01:00,0,0,0
09/12/2012,01:15,0,0,0
09/12/2012,01:30,0,0,0
09/12/2012,01:45,0,0,0
09/12/2012,02:00,0,0,0
09/12/2012,02:15,0,0,0
09/12/2012,02:30,0,0,0
09/12/2012,02:45,0,0,0
09/12/2012,03:00,0,0,0
09/12/2012,03:15,0,0,0
09/12/2012,03:30,0,0,0
09/12/2012,03:45,0,0,0
09/12/2012,04:00,0,0,0
09/12/2012,04:15,0,0,0
09/12/2012,04:30,0,0,0
09/12/2012,04:45,0,0,0
09/12/2012,05:00,0,0,0
09/12/2012,05:15,0,0,0
09/12/2012,05:30,0,0,0
09/12/2012,05:45,0,0,0
09/12/2012,06:00,1,0,1
09/12/2012,06:15,1,0,1
09/12/2012,06:30,7,2,5
09/12/2012,06:45,2,0,2
09/12/2012,07:00,3,0,3
09/12/2012,07:15,5,0,5
09/12/2012,07:30,7,2,5
09/12/2012,07:45,9,0,9
09/12/2012,08:00,11,3,8
09/12/2012,08:15,11,4,7
09/12/2012,08:30,14,2,12
09/12/2012,08:45,16,2,14
09/12/2012,09:00,10,1,9
09/12/2012,09:15,11,3,8
09/12/2012,09:30,24,6,18
09/12/2012,09:45,25,5,20
09/12/2012,10:00,31,12,19
09/12/2012,10:15,26,9,17
09/12/2012,10:30,19,5,14
09/12/2012,10:45,25,7,18
09/12/2012,11:00,38,6,32
09/12/2012,11:15,27,14,13
09/12/2012,11:30,21,7,14
09/12/2012,11:45,38,11,27
09/12/2012,12:00,18,9,9
09/12/2012,12:15,41,16,25
09/12/2012,12:30,45,8,37
09/12/2012,12:45,32,10,22
09/12/2012,13:00,47,9,38
09/12/2012,13:15,33,13,20
09/12/2012,13:30,23,14,9
09/12/2012,13:45,31,24,7
09/12/2012,14:00,30,9,21
09/12/2012,14:15,24,12,12
09/12/2012,14:30,23,9,14
09/12/2012,14:45,21,8,13
09/12/2012,15:00,25,14,11
09/12/2012,15:15,27,9,18
09/12/2012,15:30,46,23,23
09/12/2012,15:45,32,13,19
09/12/2012,16:00,23,6,17
09/12/2012,16:15,24,8,16
09/12/2012,16:30,27,6,21
09/12/2012,16:45,14,4,10
09/12/2012,17:00,5,1,4
09/12/2012,17:15,5,0,5
09/12/2012,17:30,7,3,4
09/12/2012,17:45,2,2,0
09/12/2012,18:00,1,1,0
09/12/2012,18:15,0,0,0
09/12/2012,18:30,2,2,0
09/12/2012,18:45,0,0,0
09/12/2012,19:00,0,0,0
09/12/2012,19:15,0,0,0
09/12/2012,19:30,4,3,1
09/12/2012,19:45,0,0,0
09/12/2012,20:00,1,1,0
09/12/2012,20:15,0,0,0
09/12/2012,20:30,0,0,0
09/12/2012,20:45,0,0,0
09/12/2012,21:00,0,0,0
09/12/2012,21:15,0,0,0
09/12/2012,21:30,0,0,0
09/12/2012,21:45,0,0,0
09/12/2012,22:00,0,0,0
09/12/2012,22:15,0,0,0
09/12/2012,22:30,0,0,0
09/12/2012,22:45,0,0,0
09/12/2012,23:00,0,0,0
09/12/2012,23:15,0,0,0
09/12/2012,23:30,1,0,1
09/12/2012,23:45,0,0,0
10/12/2012,00:00,1,1,0
10/12/2012,00:15,0,0,0
10/12/2012,00:30,0,0,0
10/12/2012,00:45,0,0,0
10/12/2012,01:00,0,0,0
10/12/2012,01:15,0,0,0
10/12/2012,01:30,0,0,0
10/12/2012,01:45,0,0,0
10/12/2012,02:00,0,0,0
10/12/2012,02:15,0,0,0
10/12/2012,02:30,0,0,0
10/12/2012,02:45,0,0,0
10/12/2012,03:00,0,0,0
10/12/2012,03:15,0,0,0
10/12/2012,03:30,0,0,0
10/12/2012,03:45,0,0,0
10/12/2012,04:00,0,0,0
10/12/2012,04:15,0,0,0
10/12/2012,04:30,0,0,0
10/12/2012,04:45,0,0,0
10/12/2012,05:00,0,0,0
10/12/2012,05:15,0,0,0
10/12/2012,05:30,0,0,0
10/12/2012,05:45,4,1,3
10/12/2012,06:00,3,2,1
10/12/2012,06:15,6,0,6
10/12/2012,06:30,6,0,6
10/12/2012,06:45,11,3,8
10/12/2012,07:00,9,2,7
10/12/2012,07:15,18,10,8
10/12/2012,07:30,18,12,6
10/12/2012,07:45,23,18,5
10/12/2012,08:00,26,13,13
10/12/2012,08:15,17,6,11
10/12/2012,08:30,10,0,10
10/12/2012,08:45,23,12,11
10/12/2012,09:00,19,5,14
10/12/2012,09:15,11,4,7
10/12/2012,09:30,14,5,9
10/12/2012,09:45,15,7,8
10/12/2012,10:00,13,1,12
10/12/2012,10:15,12,3,9
10/12/2012,10:30,15,1,14
10/12/2012,10:45,21,3,18
10/12/2012,11:00,22,3,19
10/12/2012,11:15,19,7,12
10/12/2012,11:30,17,4,13
10/12/2012,11:45,12,3,9
10/12/2012,12:00,10,2,8
10/12/2012,12:15,11,2,9
10/12/2012,12:30,13,2,11
10/12/2012,12:45,17,5,12
10/12/2012,13:00,14,4,10
10/12/2012,13:15,13,2,11
10/12/2012,13:30,16,4,12
10/12/2012,13:45,14,8,6
10/12/2012,14:00,19,6,13
10/12/2012,14:15,22,13,9
10/12/2012,14:30,15,5,10
10/12/2012,14:45,17,8,9
10/12/2012,15:00,20,8,12
10/12/2012,15:15,19,9,10
10/12/2012,15:30,37,15,22
10/12/2012,15:45,23,7,16
10/12/2012,16:00,18,9,9
10/12/2012,16:15,27,11,16
10/12/2012,16:30,16,5,11
10/12/2012,16:45,12,4,8
10/12/2012,17:00,12,10,2
10/12/2012,17:15,4,3,1
10/12/2012,17:30,10,6,4
10/12/2012,17:45,4,3,1
10/12/2012,18:00,9,8,1
10/12/2012,18:15,1,0,1
10/12/2012,18:30,10,9,1
10/12/2012,18:45,1,1,0
10/12/2012,19:00,6,5,1
10/12/2012,19:15,0,0,0
10/12/2012,19:30,1,0,1
10/12/2012,19:45,1,1,0
10/12/2012,20:00,3,2,1
10/12/2012,20:15,0,0,0
10/12/2012,20:30,2,2,0
10/12/2012,20:45,0,0,0
10/12/2012,21:00,1,0,1
10/12/2012,21:15,0,0,0
10/12/2012,21:30,0,0,0
10/12/2012,21:45,2,2,0
10/12/2012,22:00,1,1,0
10/12/2012,22:15,0,0,0
10/12/2012,22:30,3,1,2
10/12/2012,22:45,0,0,0
10/12/2012,23:00,0,0,0
10/12/2012,23:15,0,0,0
10/12/2012,23:30,0,0,0
10/12/2012,23:45,0,0,0
11/12/2012,00:00,0,0,0
11/12/2012,00:15,0,0,0
11/12/2012,00:30,0,0,0
11/12/2012,00:45,1,1,0
11/12/2012,01:00,0,0,0
11/12/2012,01:15,0,0,0
11/12/2012,01:30,0,0,0
11/12/2012,01:45,0,0,0
11/12/2012,02:00,0,0,0
11/12/2012,02:15,0,0,0
11/12/2012,02:30,0,0,0
11/12/2012,02:45,0,0,0
11/12/2012,03:00,0,0,0
11/12/2012,03:15,0,0,0
11/12/2012,03:30,0,0,0
11/12/2012,03:45,0,0,0
11/12/2012,04:00,0,0,0
11/12/2012,04:15,0,0,0
11/12/2012,04:30,0,0,0
11/12/2012,04:45,0,0,0
11/12/2012,05:00,0,0,0
11/12/2012,05:15,0,0,0
11/12/2012,05:30,0,0,0
11/12/2012,05:45,1,0,1
11/12/2012,06:00,3,1,2
11/12/2012,06:15,7,1,6
11/12/2012,06:30,6,1,5
11/12/2012,06:45,10,3,7
11/12/2012,07:00,7,1,6
11/12/2012,07:15,17,10,7
11/12/2012,07:30,13,9,4
11/12/2012,07:45,24,18,6
11/12/2012,08:00,20,14,6
11/12/2012,08:15,9,1,8
11/12/2012,08:30,16,3,13
11/12/2012,08:45,27,8,19
11/12/2012,09:00,12,2,10
11/12/2012,09:15,14,4,10
11/12/2012,09:30,15,4,11
11/12/2012,09:45,20,3,17
11/12/2012,10:00,4,1,3
11/12/2012,10:15,9,2,7
11/12/2012,10:30,15,5,10
11/12/2012,10:45,13,6,7
11/12/2012,11:00,9,2,7
11/12/2012,11:15,11,3,8
11/12/2012,11:30,6,1,5
11/12/2012,11:45,21,2,19
11/12/2012,12:00,19,4,15
11/12/2012,12:15,11,2,9
11/12/2012,12:30,7,1,6
11/12/2012,12:45,12,3,9
11/12/2012,13:00,9,5,4
11/12/2012,13:15,23,7,16
11/12/2012,13:30,15,4,11
11/12/2012,13:45,14,10,4
11/12/2012,14:00,8,5,3
11/12/2012,14:15,20,11,9
11/12/2012,14:30,18,7,11
11/12/2012,14:45,15,6,9
11/12/2012,15:00,11,1,10
11/12/2012,15:15,30,13,17
11/12/2012,15:30,24,11,13
11/12/2012,15:45,21,8,13
11/12/2012,16:00,8,3,5
11/12/2012,16:15,13,4,9
11/12/2012,16:30,13,8,5
11/12/2012,16:45,32,29,3
11/12/2012,17:00,18,15,3
11/12/2012,17:15,5,3,2
11/12/2012,17:30,7,5,2
11/12/2012,17:45,4,0,4
11/12/2012,18:00,4,3,1
11/12/2012,18:15,5,4,1
11/12/2012,18:30,7,7,0
11/12/2012,18:45,2,1,1
11/12/2012,19:00,7,7,0
11/12/2012,19:15,1,1,0
11/12/2012,19:30,0,0,0
11/12/2012,19:45,7,5,2
11/12/2012,20:00,0,0,0
11/12/2012,20:15,0,0,0
11/12/2012,20:30,2,2,0
11/12/2012,20:45,0,0,0
11/12/2012,21:00,2,1,1
11/12/2012,21:15,1,1,0
11/12/2012,21:30,0,0,0
11/12/2012,21:45,0,0,0
11/12/2012,22:00,1,1,0
11/12/2012,22:15,0,0,0
11/12/2012,22:30,0,0,0
11/12/2012,22:45,0,0,0
11/12/2012,23:00,0,0,0
11/12/2012,23:15,0,0,0
11/12/2012,23:30,0,0,0
11/12/2012,23:45,0,0,0
12/12/2012,00:00,0,0,0
12/12/2012,00:15,0,0,0
12/12/2012,00:30,0,0,0
12/12/2012,00:45,0,0,0
12/12/2012,01:00,0,0,0
12/12/2012,01:15,0,0,0
12/12/2012,01:30,0,0,0
12/12/2012,01:45,0,0,0
12/12/2012,02:00,0,0,0
12/12/2012,02:15,0,0,0
12/12/2012,02:30,0,0,0
12/12/2012,02:45,0,0,0
12/12/2012,03:00,0,0,0
12/12/2012,03:15,0,0,0
12/12/2012,03:30,0,0,0
12/12/2012,03:45,0,0,0
12/12/2012,04:00,0,0,0
12/12/2012,04:15,0,0,0
12/12/2012,04:30,0,0,0
12/12/2012,04:45,0,0,0
12/12/2012,05:00,0,0,0
12/12/2012,05:15,2,0,2
12/12/2012,05:30,3,0,3
12/12/2012,05:45,1,0,1
12/12/2012,06:00,1,1,0
12/12/2012,06:15,3,0,3
12/12/2012,06:30,5,3,2
12/12/2012,06:45,5,0,5
12/12/2012,07:00,7,2,5
12/12/2012,07:15,10,4,6
12/12/2012,07:30,11,5,6
12/12/2012,07:45,14,8,6
12/12/2012,08:00,12,7,5
12/12/2012,08:15,13,1,12
12/12/2012,08:30,14,3,11
12/12/2012,08:45,19,4,15
12/12/2012,09:00,12,1,11
12/12/2012,09:15,40,3,37
12/12/2012,09:30,14,3,11
12/12/2012,09:45,18,0,18
12/12/2012,10:00,18,6,12
12/12/2012,10:15,11,1,10
12/12/2012,10:30,20,4,16
12/12/2012,10:45,17,3,14
12/12/2012,11:00,23,4,19
12/12/2012,11:15,12,2,10
12/12/2012,11:30,15,3,12
12/12/2012,11:45,17,8,9
12/12/2012,12:00,14,4,10
12/12/2012,12:15,25,10,15
12/12/2012,12:30,25,7,18
12/12/2012,12:45,18,5,13
12/12/2012,13:00,22,3,19
12/12/2012,13:15,22,11,11
12/12/2012,13:30,10,3,7
12/12/2012,13:45,8,4,4
12/12/2012,14:00,6,1,5
12/12/2012,14:15,12,0,12
12/12/2012,14:30,13,3,10
12/12/2012,14:45,15,2,13
12/12/2012,15:00,19,8,11
12/12/2012,15:15,13,4,9
12/12/2012,15:30,17,4,13
12/12/2012,15:45,11,3,8
12/12/2012,16:00,16,5,11
12/12/2012,16:15,4,3,1
12/12/2012,16:30,16,6,10
12/12/2012,16:45,16,11,5
12/12/2012,17:00,11,4,7
12/12/2012,17:15,4,0,4
12/12/2012,17:30,4,4,0
12/12/2012,17:45,4,2,2
12/12/2012,18:00,0,0,0
12/12/2012,18:15,4,3,1
12/12/2012,18:30,4,4,0
12/12/2012,18:45,5,2,3
12/12/2012,19:00,5,1,4
12/12/2012,19:15,4,2,2
12/12/2012,19:30,2,1,1
12/12/2012,19:45,3,3,0
12/12/2012,20:00,0,0,0
12/12/2012,20:15,0,0,0
12/12/2012,20:30,0,0,0
12/12/2012,20:45,1,1,0
12/12/2012,21:00,1,1,0
12/12/2012,21:15,0,0,0
12/12/2012,21:30,0,0,0
12/12/2012,21:45,0,0,0
12/12/2012,22:00,2,2,0
12/12/2012,22:15,0,0,0
12/12/2012,22:30,0,0,0
12/12/2012,22:45,0,0,0
12/12/2012,23:00,0,0,0
12/12/2012,23:15,0,0,0
12/12/2012,23:30,0,0,0
12/12/2012,23:45,0,0,0
13/12/2012,00:00,0,0,0
13/12/2012,00:15,0,0,0
13/12/2012,00:30,0,0,0
13/12/2012,00:45,0,0,0
13/12/2012,01:00,0,0,0
13/12/2012,01:15,0,0,0
13/12/2012,01:30,0,0,0
13/12/2012,01:45,0,0,0
13/12/2012,02:00,0,0,0
13/12/2012,02:15,0,0,0
13/12/2012,02:30,0,0,0
13/12/2012,02:45,0,0,0
13/12/2012,03:00,0,0,0
13/12/2012,03:15,0,0,0
13/12/2012,03:30,0,0,0
13/12/2012,03:45,0,0,0
13/12/2012,04:00,0,0,0
13/12/2012,04:15,0,0,0
13/12/2012,04:30,0,0,0
13/12/2012,04:45,0,0,0
13/12/2012,05:00,1,0,1
13/12/2012,05:15,1,0,1
13/12/2012,05:30,1,0,1
13/12/2012,05:45,5,1,4
13/12/2012,06:00,4,2,2
13/12/2012,06:15,5,1,4
13/12/2012,06:30,6,1,5
13/12/2012,06:45,7,0,7
13/12/2012,07:00,14,2,12
13/12/2012,07:15,7,4,3
13/12/2012,07:30,13,3,10
13/12/2012,07:45,15,10,5
13/12/2012,08:00,20,15,5
13/12/2012,08:15,20,2,18
13/12/2012,08:30,18,2,16
13/12/2012,08:45,14,6,8
13/12/2012,09:00,23,6,17
13/12/2012,09:15,10,4,6
13/12/2012,09:30,17,1,16
13/12/2012,09:45,13,0,13
13/12/2012,10:00,11,0,11
13/12/2012,10:15,16,1,15
13/12/2012,10:30,12,2,10
13/12/2012,10:45,22,4,18
13/12/2012,11:00,12,1,11
13/12/2012,11:15,18,8,10
13/12/2012,11:30,9,2,7
13/12/2012,11:45,14,4,10
13/12/2012,12:00,12,6,6
13/12/2012,12:15,19,4,15
13/12/2012,12:30,10,2,8
13/12/2012,12:45,21,5,16
13/12/2012,13:00,21,8,13
13/12/2012,13:15,20,2,18
13/12/2012,13:30,18,6,12
13/12/2012,13:45,12,4,8
13/12/2012,14:00,11,4,7
13/12/2012,14:15,20,7,13
13/12/2012,14:30,16,7,9
13/12/2012,14:45,7,2,5
13/12/2012,15:00,17,5,12
13/12/2012,15:15,32,18,14
13/12/2012,15:30,29,14,15
13/12/2012,15:45,10,5,5
13/12/2012,16:00,14,6,8
13/12/2012,16:15,11,5,6
13/12/2012,16:30,12,9,3
13/12/2012,16:45,20,14,6
13/12/2012,17:00,13,9,4
13/12/2012,17:15,4,1,3
13/12/2012,17:30,9,6,3
13/12/2012,17:45,8,5,3
13/12/2012,18:00,4,4,0
13/12/2012,18:15,8,6,2
13/12/2012,18:30,6,5,1
13/12/2012,18:45,4,4,0
13/12/2012,19:00,7,7,0
13/12/2012,19:15,2,2,0
13/12/2012,19:30,0,0,0
13/12/2012,19:45,2,1,1
13/12/2012,20:00,1,0,1
13/12/2012,20:15,0,0,0
13/12/2012,20:30,1,1,0
13/12/2012,20:45,3,1,2
13/12/2012,21:00,1,0,1
13/12/2012,21:15,0,0,0
13/12/2012,21:30,0,0,0
13/12/2012,21:45,1,1,0
13/12/2012,22:00,2,2,0
13/12/2012,22:15,1,0,1
13/12/2012,22:30,1,0,1
13/12/2012,22:45,3,0,3
13/12/2012,23:00,0,0,0
13/12/2012,23:15,0,0,0
13/12/2012,23:30,0,0,0
13/12/2012,23:45,0,0,0
14/12/2012,00:00,0,0,0
14/12/2012,00:15,0,0,0
14/12/2012,00:30,0,0,0
14/12/2012,00:45,0,0,0
14/12/2012,01:00,0,0,0
14/12/2012,01:15,0,0,0
14/12/2012,01:30,0,0,0
14/12/2012,01:45,0,0,0
14/12/2012,02:00,0,0,0
14/12/2012,02:15,0,0,0
14/12/2012,02:30,0,0,0
14/12/2012,02:45,0,0,0
14/12/2012,03:00,0,0,0
14/12/2012,03:15,0,0,0
14/12/2012,03:30,1,1,0
14/12/2012,03:45,0,0,0
14/12/2012,04:00,0,0,0
14/12/2012,04:15,0,0,0
14/12/2012,04:30,0,0,0
14/12/2012,04:45,0,0,0
14/12/2012,05:00,1,1,0
14/12/2012,05:15,1,1,0
14/12/2012,05:30,1,0,1
14/12/2012,05:45,1,0,1
14/12/2012,06:00,3,1,2
14/12/2012,06:15,6,1,5
14/12/2012,06:30,3,0,3
14/12/2012,06:45,5,0,5
14/12/2012,07:00,4,2,2
14/12/2012,07:15,7,3,4
14/12/2012,07:30,13,6,7
14/12/2012,07:45,8,4,4
14/12/2012,08:00,16,12,4
14/12/2012,08:15,8,1,7
14/12/2012,08:30,12,3,9
14/12/2012,08:45,12,3,9
14/12/2012,09:00,9,3,6
14/12/2012,09:15,7,2,5
14/12/2012,09:30,12,2,10
14/12/2012,09:45,8,2,6
14/12/2012,10:00,9,0,9
14/12/2012,10:15,10,1,9
14/12/2012,10:30,11,4,7
14/12/2012,10:45,8,2,6
14/12/2012,11:00,8,2,6
14/12/2012,11:15,8,5,3
14/12/2012,11:30,12,7,5
14/12/2012,11:45,5,1,4
14/12/2012,12:00,3,2,1
14/12/2012,12:15,4,3,1
14/12/2012,12:30,5,1,4
14/12/2012,12:45,6,0,6
14/12/2012,13:00,4,1,3
14/12/2012,13:15,7,2,5
14/12/2012,13:30,7,5,2
14/12/2012,13:45,5,2,3
14/12/2012,14:00,7,4,3
14/12/2012,14:15,13,6,7
14/12/2012,14:30,10,3,7
14/12/2012,14:45,11,3,8
14/12/2012,15:00,11,8,3
14/12/2012,15:15,5,4,1
14/12/2012,15:30,6,6,0
14/12/2012,15:45,3,3,0
14/12/2012,16:00,6,2,4
14/12/2012,16:15,10,2,8
14/12/2012,16:30,8,1,7
14/12/2012,16:45,9,2,7
14/12/2012,17:00,10,8,2
14/12/2012,17:15,3,1,2
14/12/2012,17:30,4,1,3
14/12/2012,17:45,6,6,0
14/12/2012,18:00,0,0,0
14/12/2012,18:15,4,4,0
14/12/2012,18:30,5,5,0
14/12/2012,18:45,4,1,3
14/12/2012,19:00,3,3,0
14/12/2012,19:15,2,2,0
14/12/2012,19:30,1,1,0
14/12/2012,19:45,0,0,0
14/12/2012,20:00,1,1,0
14/12/2012,20:15,0,0,0
14/12/2012,20:30,0,0,0
14/12/2012,20:45,0,0,0
14/12/2012,21:00,0,0,0
14/12/2012,21:15,0,0,0
14/12/2012,21:30,0,0,0
14/12/2012,21:45,0,0,0
14/12/2012,22:00,2,1,1
14/12/2012,22:15,0,0,0
14/12/2012,22:30,1,0,1
14/12/2012,22:45,0,0,0
14/12/2012,23:00,2,0,2
14/12/2012,23:15,0,0,0
14/12/2012,23:30,0,0,0
14/12/2012,23:45,0,0,0
15/12/2012,00:00,0,0,0
15/12/2012,00:15,0,0,0
15/12/2012,00:30,0,0,0
15/12/2012,00:45,0,0,0
15/12/2012,01:00,0,0,0
15/12/2012,01:15,0,0,0
15/12/2012,01:30,0,0,0
15/12/2012,01:45,0,0,0
15/12/2012,02:00,0,0,0
15/12/2012,02:15,0,0,0
15/12/2012,02:30,0,0,0
15/12/2012,02:45,0,0,0
15/12/2012,03:00,0,0,0
15/12/2012,03:15,0,0,0
15/12/2012,03:30,0,0,0
15/12/2012,03:45,0,0,0
15/12/2012,04:00,0,0,0
15/12/2012,04:15,0,0,0
15/12/2012,04:30,0,0,0
15/12/2012,04:45,0,0,0
15/12/2012,05:00,0,0,0
15/12/2012,05:15,0,0,0
15/12/2012,05:30,0,0,0
15/12/2012,05:45,1,0,1
15/12/2012,06:00,1,0,1
15/12/2012,06:15,2,0,2
15/12/2012,06:30,5,1,4
15/12/2012,06:45,2,0,2
15/12/2012,07:00,2,1,1
15/12/2012,07:15,5,0,5
15/12/2012,07:30,8,0,8
15/12/2012,07:45,9,0,9
15/12/2012,08:00,10,3,7
15/12/2012,08:15,7,1,6
15/12/2012,08:30,13,2,11
15/12/2012,08:45,32,7,25
15/12/2012,09:00,16,3,13
15/12/2012,09:15,17,5,12
15/12/2012,09:30,14,2,12
15/12/2012,09:45,27,9,18
15/12/2012,10:00,20,7,13
15/12/2012,10:15,12,0,12
15/12/2012,10:30,22,10,12
15/12/2012,10:45,16,6,10
15/12/2012,11:00,27,13,14
15/12/2012,11:15,24,10,14
15/12/2012,11:30,13,0,13
15/12/2012,11:45,13,9,4
15/12/2012,12:00,10,1,9
15/12/2012,12:15,14,6,8
15/12/2012,12:30,13,3,10
15/12/2012,12:45,5,1,4
15/12/2012,13:00,1,0,1
15/12/2012,13:15,0,0,0
15/12/2012,13:30,2,1,1
15/12/2012,13:45,3,1,2
15/12/2012,14:00,1,0,1
15/12/2012,14:15,5,1,4
15/12/2012,14:30,2,1,1
15/12/2012,14:45,2,1,1
15/12/2012,15:00,1,0,1
15/12/2012,15:15,3,1,2
15/12/2012,15:30,1,0,1
15/12/2012,15:45,2,1,1
15/12/2012,16:00,1,0,1
15/12/2012,16:15,3,1,2
15/12/2012,16:30,3,0,3
15/12/2012,16:45,6,3,3
15/12/2012,17:00,3,2,1
15/12/2012,17:15,0,0,0
15/12/2012,17:30,0,0,0
15/12/2012,17:45,0,0,0
15/12/2012,18:00,2,2,0
15/12/2012,18:15,0,0,0
15/12/2012,18:30,2,2,0
15/12/2012,18:45,0,0,0
15/12/2012,19:00,0,0,0
15/12/2012,19:15,0,0,0
15/12/2012,19:30,0,0,0
15/12/2012,19:45,0,0,0
15/12/2012,20:00,0,0,0
15/12/2012,20:15,0,0,0
15/12/2012,20:30,0,0,0
15/12/2012,20:45,0,0,0
15/12/2012,21:00,1,0,1
15/12/2012,21:15,1,0,1
15/12/2012,21:30,0,0,0
15/12/2012,21:45,1,0,1
15/12/2012,22:00,0,0,0
15/12/2012,22:15,0,0,0
15/12/2012,22:30,1,0,1
15/12/2012,22:45,0,0,0
15/12/2012,23:00,0,0,0
15/12/2012,23:15,0,0,0
15/12/2012,23:30,0,0,0
15/12/2012,23:45,0,0,0
16/12/2012,00:00,0,0,0
16/12/2012,00:15,0,0,0
16/12/2012,00:30,0,0,0
16/12/2012,00:45,0,0,0
16/12/2012,01:00,0,0,0
16/12/2012,01:15,0,0,0
16/12/2012,01:30,0,0,0
16/12/2012,01:45,0,0,0
16/12/2012,02:00,0,0,0
16/12/2012,02:15,0,0,0
16/12/2012,02:30,0,0,0
16/12/2012,02:45,0,0,0
16/12/2012,03:00,0,0,0
16/12/2012,03:15,0,0,0
16/12/2012,03:30,0,0,0
16/12/2012,03:45,0,0,0
16/12/2012,04:00,0,0,0
16/12/2012,04:15,0,0,0
16/12/2012,04:30,0,0,0
16/12/2012,04:45,0,0,0
16/12/2012,05:00,0,0,0
16/12/2012,05:15,0,0,0
16/12/2012,05:30,0,0,0
16/12/2012,05:45,0,0,0
16/12/2012,06:00,0,0,0
16/12/2012,06:15,0,0,0
16/12/2012,06:30,1,1,0
16/12/2012,06:45,2,1,1
16/12/2012,07:00,3,0,3
16/12/2012,07:15,4,0,4
16/12/2012,07:30,9,3,6
16/12/2012,07:45,12,2,10
16/12/2012,08:00,4,1,3
16/12/2012,08:15,7,2,5
16/12/2012,08:30,12,3,9
16/12/2012,08:45,12,3,9
16/12/2012,09:00,12,3,9
16/12/2012,09:15,13,5,8
16/12/2012,09:30,17,3,14
16/12/2012,09:45,17,2,15
16/12/2012,10:00,13,0,13
16/12/2012,10:15,9,1,8
16/12/2012,10:30,17,8,9
16/12/2012,10:45,11,2,9
16/12/2012,11:00,5,2,3
16/12/2012,11:15,11,3,8
16/12/2012,11:30,17,2,15
16/12/2012,11:45,12,6,6
16/12/2012,12:00,15,3,12
16/12/2012,12:15,5,1,4
16/12/2012,12:30,8,2,6
16/12/2012,12:45,84,7,77
16/12/2012,13:00,49,2,47
16/12/2012,13:15,331,1,330
16/12/2012,13:30,55,1,54
16/12/2012,13:45,3,1,2
16/12/2012,14:00,3,0,3
16/12/2012,14:15,1,0,1
16/12/2012,14:30,3,0,3
16/12/2012,14:45,5,3,2
16/12/2012,15:00,5,4,1
16/12/2012,15:15,4,3,1
16/12/2012,15:30,3,1,2
16/12/2012,15:45,2,0,2
16/12/2012,16:00,6,4,2
16/12/2012,16:15,9,3,6
16/12/2012,16:30,3,3,0
16/12/2012,16:45,4,2,2
16/12/2012,17:00,4,2,2
16/12/2012,17:15,1,1,0
16/12/2012,17:30,0,0,0
16/12/2012,17:45,0,0,0
16/12/2012,18:00,2,2,0
16/12/2012,18:15,0,0,0
16/12/2012,18:30,0,0,0
16/12/2012,18:45,1,1,0
16/12/2012,19:00,0,0,0
16/12/2012,19:15,1,1,0
16/12/2012,19:30,0,0,0
16/12/2012,19:45,0,0,0
16/12/2012,20:00,0,0,0
16/12/2012,20:15,1,0,1
16/12/2012,20:30,0,0,0
16/12/2012,20:45,0,0,0
16/12/2012,21:00,1,0,1
16/12/2012,21:15,0,0,0
16/12/2012,21:30,0,0,0
16/12/2012,21:45,0,0,0
16/12/2012,22:00,1,0,1
16/12/2012,22:15,0,0,0
16/12/2012,22:30,0,0,0
16/12/2012,22:45,0,0,0
16/12/2012,23:00,0,0,0
16/12/2012,23:15,0,0,0
16/12/2012,23:30,0,0,0
16/12/2012,23:45,0,0,0
17/12/2012,00:00,0,0,0
17/12/2012,00:15,0,0,0
17/12/2012,00:30,0,0,0
17/12/2012,00:45,0,0,0
17/12/2012,01:00,0,0,0
17/12/2012,01:15,0,0,0
17/12/2012,01:30,0,0,0
17/12/2012,01:45,0,0,0
17/12/2012,02:00,0,0,0
17/12/2012,02:15,0,0,0
17/12/2012,02:30,0,0,0
17/12/2012,02:45,0,0,0
17/12/2012,03:00,0,0,0
17/12/2012,03:15,0,0,0
17/12/2012,03:30,0,0,0
17/12/2012,03:45,0,0,0
17/12/2012,04:00,0,0,0
17/12/2012,04:15,0,0,0
17/12/2012,04:30,0,0,0
17/12/2012,04:45,0,0,0
17/12/2012,05:00,0,0,0
17/12/2012,05:15,0,0,0
17/12/2012,05:30,0,0,0
17/12/2012,05:45,0,0,0
17/12/2012,06:00,3,1,2
17/12/2012,06:15,5,2,3
17/12/2012,06:30,2,2,0
17/12/2012,06:45,4,2,2
17/12/2012,07:00,0,0,0
17/12/2012,07:15,10,4,6
17/12/2012,07:30,5,2,3
17/12/2012,07:45,7,4,3
17/12/2012,08:00,11,4,7
17/12/2012,08:15,13,2,11
17/12/2012,08:30,16,3,13
17/12/2012,08:45,10,3,7
17/12/2012,09:00,7,0,7
17/12/2012,09:15,10,2,8
17/12/2012,09:30,4,1,3
17/12/2012,09:45,14,0,14
17/12/2012,10:00,15,4,11
17/12/2012,10:15,11,1,10
17/12/2012,10:30,13,2,11
17/12/2012,10:45,18,2,16
17/12/2012,11:00,14,2,12
17/12/2012,11:15,10,1,9
17/12/2012,11:30,19,5,14
17/12/2012,11:45,15,4,11
17/12/2012,12:00,4,2,2
17/12/2012,12:15,6,1,5
17/12/2012,12:30,10,1,9
17/12/2012,12:45,13,2,11
17/12/2012,13:00,6,0,6
17/12/2012,13:15,12,4,8
17/12/2012,13:30,11,0,11
17/12/2012,13:45,3,0,3
17/12/2012,14:00,11,3,8
17/12/2012,14:15,21,4,17
17/12/2012,14:30,10,0,10
17/12/2012,14:45,15,6,9
17/12/2012,15:00,12,3,9
17/12/2012,15:15,11,4,7
17/12/2012,15:30,16,6,10
17/12/2012,15:45,14,1,13
17/12/2012,16:00,13,3,10
17/12/2012,16:15,17,4,13
17/12/2012,16:30,12,1,11
17/12/2012,16:45,10,3,7
17/12/2012,17:00,12,5,7
17/12/2012,17:15,3,1,2
17/12/2012,17:30,10,5,5
17/12/2012,17:45,3,2,1
17/12/2012,18:00,3,3,0
17/12/2012,18:15,4,2,2
17/12/2012,18:30,2,2,0
17/12/2012,18:45,3,1,2
17/12/2012,19:00,4,4,0
17/12/2012,19:15,1,0,1
17/12/2012,19:30,1,0,1
17/12/2012,19:45,0,0,0
17/12/2012,20:00,2,1,1
17/12/2012,20:15,3,2,1
17/12/2012,20:30,2,0,2
17/12/2012,20:45,0,0,0
17/12/2012,21:00,0,0,0
17/12/2012,21:15,1,1,0
17/12/2012,21:30,1,0,1
17/12/2012,21:45,2,1,1
17/12/2012,22:00,0,0,0
17/12/2012,22:15,0,0,0
17/12/2012,22:30,1,0,1
17/12/2012,22:45,0,0,0
17/12/2012,23:00,0,0,0
17/12/2012,23:15,0,0,0
17/12/2012,23:30,0,0,0
17/12/2012,23:45,0,0,0
18/12/2012,00:00,0,0,0
18/12/2012,00:15,0,0,0
18/12/2012,00:30,1,1,0
18/12/2012,00:45,0,0,0
18/12/2012,01:00,0,0,0
18/12/2012,01:15,0,0,0
18/12/2012,01:30,0,0,0
18/12/2012,01:45,0,0,0
18/12/2012,02:00,0,0,0
18/12/2012,02:15,0,0,0
18/12/2012,02:30,0,0,0
18/12/2012,02:45,0,0,0
18/12/2012,03:00,0,0,0
18/12/2012,03:15,0,0,0
18/12/2012,03:30,0,0,0
18/12/2012,03:45,0,0,0
18/12/2012,04:00,0,0,0
18/12/2012,04:15,0,0,0
18/12/2012,04:30,0,0,0
18/12/2012,04:45,0,0,0
18/12/2012,05:00,1,0,1
18/12/2012,05:15,1,1,0
18/12/2012,05:30,2,0,2
18/12/2012,05:45,0,0,0
18/12/2012,06:00,1,1,0
18/12/2012,06:15,5,0,5
18/12/2012,06:30,10,1,9
18/12/2012,06:45,7,4,3
18/12/2012,07:00,6,1,5
18/12/2012,07:15,8,5,3
18/12/2012,07:30,5,4,1
18/12/2012,07:45,20,12,8
18/12/2012,08:00,14,9,5
18/12/2012,08:15,19,6,13
18/12/2012,08:30,15,0,15
18/12/2012,08:45,17,4,13
18/12/2012,09:00,13,2,11
18/12/2012,09:15,9,1,8
18/12/2012,09:30,17,4,13
18/12/2012,09:45,18,0,18
18/12/2012,10:00,14,1,13
18/12/2012,10:15,20,2,18
18/12/2012,10:30,15,4,11
18/12/2012,10:45,27,7,20
18/12/2012,11:00,24,8,16
18/12/2012,11:15,9,2,7
18/12/2012,11:30,4,1,3
18/12/2012,11:45,8,1,7
18/12/2012,12:00,17,7,10
18/12/2012,12:15,17,6,11
18/12/2012,12:30,8,2,6
18/12/2012,12:45,36,3,33
18/12/2012,13:00,16,6,10
18/12/2012,13:15,7,1,6
18/12/2012,13:30,16,4,12
18/12/2012,13:45,21,7,14
18/12/2012,14:00,13,2,11
18/12/2012,14:15,25,7,18
18/12/2012,14:30,26,12,14
18/12/2012,14:45,19,4,15
18/12/2012,15:00,16,6,10
18/12/2012,15:15,16,2,14
18/12/2012,15:30,24,14,10
18/12/2012,15:45,21,7,14
18/12/2012,16:00,17,5,12
18/12/2012,16:15,15,5,10
18/12/2012,16:30,8,4,4
18/12/2012,16:45,16,5,11
18/12/2012,17:00,11,6,5
18/12/2012,17:15,8,3,5
18/12/2012,17:30,8,6,2
18/12/2012,17:45,7,3,4
18/12/2012,18:00,10,7,3
18/12/2012,18:15,7,6,1
18/12/2012,18:30,9,8,1
18/12/2012,18:45,1,1,0
18/12/2012,19:00,3,3,0
18/12/2012,19:15,1,0,1
18/12/2012,19:30,2,0,2
18/12/2012,19:45,1,1,0
18/12/2012,20:00,0,0,0
18/12/2012,20:15,0,0,0
18/12/2012,20:30,1,1,0
18/12/2012,20:45,4,4,0
18/12/2012,21:00,1,1,0
18/12/2012,21:15,0,0,0
18/12/2012,21:30,0,0,0
18/12/2012,21:45,0,0,0
18/12/2012,22:00,2,2,0
18/12/2012,22:15,0,0,0
18/12/2012,22:30,0,0,0
18/12/2012,22:45,0,0,0
18/12/2012,23:00,0,0,0
18/12/2012,23:15,0,0,0
18/12/2012,23:30,0,0,0
18/12/2012,23:45,0,0,0
19/12/2012,00:00,0,0,0
19/12/2012,00:15,0,0,0
19/12/2012,00:30,0,0,0
19/12/2012,00:45,1,1,0
19/12/2012,01:00,0,0,0
19/12/2012,01:15,0,0,0
19/12/2012,01:30,0,0,0
19/12/2012,01:45,0,0,0
19/12/2012,02:00,0,0,0
19/12/2012,02:15,0,0,0
19/12/2012,02:30,0,0,0
19/12/2012,02:45,0,0,0
19/12/2012,03:00,0,0,0
19/12/2012,03:15,0,0,0
19/12/2012,03:30,0,0,0
19/12/2012,03:45,0,0,0
19/12/2012,04:00,0,0,0
19/12/2012,04:15,0,0,0
19/12/2012,04:30,0,0,0
19/12/2012,04:45,0,0,0
19/12/2012,05:00,0,0,0
19/12/2012,05:15,1,1,0
19/12/2012,05:30,0,0,0
19/12/2012,05:45,1,1,0
19/12/2012,06:00,1,0,1
19/12/2012,06:15,7,4,3
19/12/2012,06:30,5,1,4
19/12/2012,06:45,6,3,3
19/12/2012,07:00,8,1,7
19/12/2012,07:15,9,1,8
19/12/2012,07:30,9,5,4
19/12/2012,07:45,11,6,5
19/12/2012,08:00,17,7,10
19/12/2012,08:15,16,11,5
19/12/2012,08:30,12,1,11
19/12/2012,08:45,24,5,19
19/12/2012,09:00,11,2,9
19/12/2012,09:15,7,2,5
19/12/2012,09:30,16,6,10
19/12/2012,09:45,11,4,7
19/12/2012,10:00,13,2,11
19/12/2012,10:15,8,0,8
19/12/2012,10:30,11,3,8
19/12/2012,10:45,16,3,13
19/12/2012,11:00,15,3,12
19/12/2012,11:15,14,2,12
19/12/2012,11:30,20,1,19
19/12/2012,11:45,10,3,7
19/12/2012,12:00,8,2,6
19/12/2012,12:15,8,0,8
19/12/2012,12:30,11,5,6
19/12/2012,12:45,9,1,8
19/12/2012,13:00,14,3,11
19/12/2012,13:15,17,3,14
19/12/2012,13:30,23,11,12
19/12/2012,13:45,14,5,9
19/12/2012,14:00,11,5,6
19/12/2012,14:15,16,5,11
19/12/2012,14:30,17,4,13
19/12/2012,14:45,44,10,34
19/12/2012,15:00,27,13,14
19/12/2012,15:15,18,2,16
19/12/2012,15:30,37,4,33
19/12/2012,15:45,14,2,12
19/12/2012,16:00,14,3,11
19/12/2012,16:15,13,3,10
19/12/2012,16:30,11,4,7
19/12/2012,16:45,11,3,8
19/12/2012,17:00,7,1,6
19/12/2012,17:15,9,7,2
19/12/2012,17:30,6,3,3
19/12/2012,17:45,4,3,1
19/12/2012,18:00,6,4,2
19/12/2012,18:15,5,2,3
19/12/2012,18:30,9,7,2
19/12/2012,18:45,19,2,17
19/12/2012,19:00,2,1,1
19/12/2012,19:15,3,3,0
19/12/2012,19:30,0,0,0
19/12/2012,19:45,1,0,1
19/12/2012,20:00,4,4,0
19/12/2012,20:15,4,4,0
19/12/2012,20:30,2,2,0
19/12/2012,20:45,0,0,0
19/12/2012,21:00,0,0,0
19/12/2012,21:15,0,0,0
19/12/2012,21:30,2,2,0
19/12/2012,21:45,0,0,0
19/12/2012,22:00,0,0,0
19/12/2012,22:15,0,0,0
19/12/2012,22:30,0,0,0
19/12/2012,22:45,0,0,0
19/12/2012,23:00,0,0,0
19/12/2012,23:15,0,0,0
19/12/2012,23:30,0,0,0
19/12/2012,23:45,0,0,0
20/12/2012,00:00,2,2,0
20/12/2012,00:15,0,0,0
20/12/2012,00:30,0,0,0
20/12/2012,00:45,0,0,0
20/12/2012,01:00,0,0,0
20/12/2012,01:15,0,0,0
20/12/2012,01:30,0,0,0
20/12/2012,01:45,0,0,0
20/12/2012,02:00,0,0,0
20/12/2012,02:15,0,0,0
20/12/2012,02:30,0,0,0
20/12/2012,02:45,0,0,0
20/12/2012,03:00,0,0,0
20/12/2012,03:15,0,0,0
20/12/2012,03:30,0,0,0
20/12/2012,03:45,0,0,0
20/12/2012,04:00,0,0,0
20/12/2012,04:15,0,0,0
20/12/2012,04:30,0,0,0
20/12/2012,04:45,0,0,0
20/12/2012,05:00,0,0,0
20/12/2012,05:15,2,1,1
20/12/2012,05:30,1,0,1
20/12/2012,05:45,1,0,1
20/12/2012,06:00,0,0,0
20/12/2012,06:15,2,1,1
20/12/2012,06:30,9,1,8
20/12/2012,06:45,5,2,3
20/12/2012,07:00,5,2,3
20/12/2012,07:15,10,0,10
20/12/2012,07:30,6,0,6
20/12/2012,07:45,12,4,8
20/12/2012,08:00,11,8,3
20/12/2012,08:15,7,3,4
20/12/2012,08:30,11,4,7
20/12/2012,08:45,11,2,9
20/12/2012,09:00,14,5,9
20/12/2012,09:15,12,4,8
20/12/2012,09:30,7,0,7
20/12/2012,09:45,13,4,9
20/12/2012,10:00,14,1,13
20/12/2012,10:15,5,0,5
20/12/2012,10:30,10,5,5
20/12/2012,10:45,13,4,9
20/12/2012,11:00,12,4,8
20/12/2012,11:15,4,1,3
20/12/2012,11:30,16,3,13
20/12/2012,11:45,5,0,5
20/12/2012,12:00,7,3,4
20/12/2012,12:15,15,9,6
20/12/2012,12:30,6,1,5
20/12/2012,12:45,4,1,3
20/12/2012,13:00,10,4,6
20/12/2012,13:15,17,3,14
20/12/2012,13:30,11,1,10
20/12/2012,13:45,14,5,9
20/12/2012,14:00,5,2,3
20/12/2012,14:15,5,2,3
20/12/2012,14:30,10,3,7
20/12/2012,14:45,6,1,5
20/12/2012,15:00,7,2,5
20/12/2012,15:15,11,4,7
20/12/2012,15:30,4,0,4
20/12/2012,15:45,11,5,6
20/12/2012,16:00,3,2,1
20/12/2012,16:15,7,3,4
20/12/2012,16:30,8,2,6
20/12/2012,16:45,2,1,1
20/12/2012,17:00,4,1,3
20/12/2012,17:15,4,3,1
20/12/2012,17:30,5,1,4
20/12/2012,17:45,6,5,1
20/12/2012,18:00,2,1,1
20/12/2012,18:15,5,5,0
20/12/2012,18:30,5,3,2
20/12/2012,18:45,4,4,0
20/12/2012,19:00,0,0,0
20/12/2012,19:15,6,4,2
20/12/2012,19:30,1,0,1
20/12/2012,19:45,0,0,0
20/12/2012,20:00,2,2,0
20/12/2012,20:15,0,0,0
20/12/2012,20:30,0,0,0
20/12/2012,20:45,1,1,0
20/12/2012,21:00,0,0,0
20/12/2012,21:15,1,1,0
20/12/2012,21:30,0,0,0
20/12/2012,21:45,0,0,0
20/12/2012,22:00,0,0,0
20/12/2012,22:15,0,0,0
20/12/2012,22:30,0,0,0
20/12/2012,22:45,0,0,0
20/12/2012,23:00,0,0,0
20/12/2012,23:15,0,0,0
20/12/2012,23:30,0,0,0
20/12/2012,23:45,0,0,0
21/12/2012,00:00,0,0,0
21/12/2012,00:15,0,0,0
21/12/2012,00:30,0,0,0
21/12/2012,00:45,0,0,0
21/12/2012,01:00,0,0,0
21/12/2012,01:15,1,1,0
21/12/2012,01:30,0,0,0
21/12/2012,01:45,0,0,0
21/12/2012,02:00,0,0,0
21/12/2012,02:15,0,0,0
21/12/2012,02:30,0,0,0
21/12/2012,02:45,0,0,0
21/12/2012,03:00,0,0,0
21/12/2012,03:15,0,0,0
21/12/2012,03:30,0,0,0
21/12/2012,03:45,0,0,0
21/12/2012,04:00,0,0,0
21/12/2012,04:15,0,0,0
21/12/2012,04:30,0,0,0
21/12/2012,04:45,0,0,0
21/12/2012,05:00,1,1,0
21/12/2012,05:15,0,0,0
21/12/2012,05:30,0,0,0
21/12/2012,05:45,1,0,1
21/12/2012,06:00,0,0,0
21/12/2012,06:15,3,2,1
21/12/2012,06:30,0,0,0
21/12/2012,06:45,1,1,0
21/12/2012,07:00,1,1,0
21/12/2012,07:15,1,0,1
21/12/2012,07:30,2,0,2
21/12/2012,07:45,0,0,0
21/12/2012,08:00,0,0,0
21/12/2012,08:15,4,1,3
21/12/2012,08:30,6,1,5
21/12/2012,08:45,0,0,0
21/12/2012,09:00,2,1,1
21/12/2012,09:15,1,1,0
21/12/2012,09:30,1,0,1
21/12/2012,09:45,2,0,2
21/12/2012,10:00,3,1,2
21/12/2012,10:15,3,1,2
21/12/2012,10:30,4,0,4
21/12/2012,10:45,1,1,0
21/12/2012,11:00,3,1,2
21/12/2012,11:15,1,0,1
21/12/2012,11:30,0,0,0
21/12/2012,11:45,0,0,0
21/12/2012,12:00,1,1,0
21/12/2012,12:15,4,1,3
21/12/2012,12:30,1,0,1
21/12/2012,12:45,1,0,1
21/12/2012,13:00,1,0,1
21/12/2012,13:15,1,0,1
21/12/2012,13:30,1,0,1
21/12/2012,13:45,1,0,1
21/12/2012,14:00,2,1,1
21/12/2012,14:15,5,0,5
21/12/2012,14:30,4,0,4
21/12/2012,14:45,3,1,2
21/12/2012,15:00,2,0,2
21/12/2012,15:15,1,1,0
21/12/2012,15:30,1,0,1
21/12/2012,15:45,1,1,0
21/12/2012,16:00,2,1,1
21/12/2012,16:15,4,4,0
21/12/2012,16:30,0,0,0
21/12/2012,16:45,3,0,3
21/12/2012,17:00,0,0,0
21/12/2012,17:15,3,0,3
21/12/2012,17:30,1,1,0
21/12/2012,17:45,3,2,1
21/12/2012,18:00,1,0,1
21/12/2012,18:15,1,1,0
21/12/2012,18:30,1,0,1
21/12/2012,18:45,0,0,0
21/12/2012,19:00,0,0,0
21/12/2012,19:15,0,0,0
21/12/2012,19:30,2,0,2
21/12/2012,19:45,0,0,0
21/12/2012,20:00,2,2,0
21/12/2012,20:15,0,0,0
21/12/2012,20:30,2,2,0
21/12/2012,20:45,0,0,0
21/12/2012,21:00,2,0,2
21/12/2012,21:15,2,0,2
21/12/2012,21:30,0,0,0
21/12/2012,21:45,0,0,0
21/12/2012,22:00,1,1,0
21/12/2012,22:15,0,0,0
21/12/2012,22:30,2,1,1
21/12/2012,22:45,0,0,0
21/12/2012,23:00,1,1,0
21/12/2012,23:15,0,0,0
21/12/2012,23:30,0,0,0
21/12/2012,23:45,0,0,0
22/12/2012,00:00,0,0,0
22/12/2012,00:15,0,0,0
22/12/2012,00:30,0,0,0
22/12/2012,00:45,0,0,0
22/12/2012,01:00,2,2,0
22/12/2012,01:15,1,0,1
22/12/2012,01:30,0,0,0
22/12/2012,01:45,0,0,0
22/12/2012,02:00,0,0,0
22/12/2012,02:15,0,0,0
22/12/2012,02:30,0,0,0
22/12/2012,02:45,0,0,0
22/12/2012,03:00,1,0,1
22/12/2012,03:15,0,0,0
22/12/2012,03:30,0,0,0
22/12/2012,03:45,0,0,0
22/12/2012,04:00,0,0,0
22/12/2012,04:15,2,2,0
22/12/2012,04:30,1,0,1
22/12/2012,04:45,0,0,0
22/12/2012,05:00,0,0,0
22/12/2012,05:15,0,0,0
22/12/2012,05:30,0,0,0
22/12/2012,05:45,0,0,0
22/12/2012,06:00,0,0,0
22/12/2012,06:15,0,0,0
22/12/2012,06:30,1,1,0
22/12/2012,06:45,0,0,0
22/12/2012,07:00,0,0,0
22/12/2012,07:15,0,0,0
22/12/2012,07:30,1,0,1
22/12/2012,07:45,1,0,1
22/12/2012,08:00,1,0,1
22/12/2012,08:15,2,0,2
22/12/2012,08:30,3,0,3
22/12/2012,08:45,1,1,0
22/12/2012,09:00,4,1,3
22/12/2012,09:15,7,0,7
22/12/2012,09:30,3,0,3
22/12/2012,09:45,7,2,5
22/12/2012,10:00,5,1,4
22/12/2012,10:15,8,0,8
22/12/2012,10:30,15,2,13
22/12/2012,10:45,19,4,15
22/12/2012,11:00,30,6,24
22/12/2012,11:15,34,6,28
22/12/2012,11:30,12,4,8
22/12/2012,11:45,22,5,17
22/12/2012,12:00,20,5,15
22/12/2012,12:15,18,2,16
22/12/2012,12:30,12,0,12
22/12/2012,12:45,24,6,18
22/12/2012,13:00,17,2,15
22/12/2012,13:15,29,9,20
22/12/2012,13:30,22,1,21
22/12/2012,13:45,28,12,16
22/12/2012,14:00,18,5,13
22/12/2012,14:15,17,5,12
22/12/2012,14:30,10,6,4
22/12/2012,14:45,15,3,12
22/12/2012,15:00,4,1,3
22/12/2012,15:15,7,1,6
22/12/2012,15:30,3,0,3
22/12/2012,15:45,6,3,3
22/12/2012,16:00,8,2,6
22/12/2012,16:15,6,1,5
22/12/2012,16:30,10,1,9
22/12/2012,16:45,14,4,10
22/12/2012,17:00,5,1,4
22/12/2012,17:15,7,0,7
22/12/2012,17:30,4,0,4
22/12/2012,17:45,0,0,0
22/12/2012,18:00,1,0,1
22/12/2012,18:15,0,0,0
22/12/2012,18:30,0,0,0
22/12/2012,18:45,2,2,0
22/12/2012,19:00,0,0,0
22/12/2012,19:15,0,0,0
22/12/2012,19:30,0,0,0
22/12/2012,19:45,0,0,0
22/12/2012,20:00,0,0,0
22/12/2012,20:15,2,2,0
22/12/2012,20:30,1,1,0
22/12/2012,20:45,0,0,0
22/12/2012,21:00,0,0,0
22/12/2012,21:15,0,0,0
22/12/2012,21:30,0,0,0
22/12/2012,21:45,1,0,1
22/12/2012,22:00,0,0,0
22/12/2012,22:15,1,0,1
22/12/2012,22:30,0,0,0
22/12/2012,22:45,0,0,0
22/12/2012,23:00,0,0,0
22/12/2012,23:15,0,0,0
22/12/2012,23:30,0,0,0
22/12/2012,23:45,0,0,0
23/12/2012,00:00,0,0,0
23/12/2012,00:15,0,0,0
23/12/2012,00:30,0,0,0
23/12/2012,00:45,2,2,0
23/12/2012,01:00,0,0,0
23/12/2012,01:15,0,0,0
23/12/2012,01:30,0,0,0
23/12/2012,01:45,1,1,0
23/12/2012,02:00,0,0,0
23/12/2012,02:15,0,0,0
23/12/2012,02:30,0,0,0
23/12/2012,02:45,0,0,0
23/12/2012,03:00,0,0,0
23/12/2012,03:15,0,0,0
23/12/2012,03:30,0,0,0
23/12/2012,03:45,0,0,0
23/12/2012,04:00,0,0,0
23/12/2012,04:15,0,0,0
23/12/2012,04:30,0,0,0
23/12/2012,04:45,0,0,0
23/12/2012,05:00,0,0,0
23/12/2012,05:15,0,0,0
23/12/2012,05:30,2,1,1
23/12/2012,05:45,0,0,0
23/12/2012,06:00,0,0,0
23/12/2012,06:15,2,2,0
23/12/2012,06:30,0,0,0
23/12/2012,06:45,0,0,0
23/12/2012,07:00,0,0,0
23/12/2012,07:15,0,0,0
23/12/2012,07:30,2,2,0
23/12/2012,07:45,0,0,0
23/12/2012,08:00,0,0,0
23/12/2012,08:15,1,0,1
23/12/2012,08:30,2,1,1
23/12/2012,08:45,1,0,1
23/12/2012,09:00,3,3,0
23/12/2012,09:15,0,0,0
23/12/2012,09:30,0,0,0
23/12/2012,09:45,0,0,0
23/12/2012,10:00,2,2,0
23/12/2012,10:15,3,1,2
23/12/2012,10:30,1,1,0
23/12/2012,10:45,0,0,0
23/12/2012,11:00,0,0,0
23/12/2012,11:15,1,0,1
23/12/2012,11:30,0,0,0
23/12/2012,11:45,0,0,0
23/12/2012,12:00,1,1,0
23/12/2012,12:15,0,0,0
23/12/2012,12:30,0,0,0
23/12/2012,12:45,0,0,0
23/12/2012,13:00,1,1,0
23/12/2012,13:15,0,0,0
23/12/2012,13:30,1,0,1
23/12/2012,13:45,2,0,2
23/12/2012,14:00,6,0,6
23/12/2012,14:15,3,1,2
23/12/2012,14:30,4,1,3
23/12/2012,14:45,3,0,3
23/12/2012,15:00,2,0,2
23/12/2012,15:15,0,0,0
23/12/2012,15:30,3,1,2
23/12/2012,15:45,3,0,3
23/12/2012,16:00,1,0,1
23/12/2012,16:15,3,0,3
23/12/2012,16:30,10,5,5
23/12/2012,16:45,17,4,13
23/12/2012,17:00,7,2,5
23/12/2012,17:15,10,2,8
23/12/2012,17:30,11,0,11
23/12/2012,17:45,5,2,3
23/12/2012,18:00,1,0,1
23/12/2012,18:15,2,0,2
23/12/2012,18:30,0,0,0
23/12/2012,18:45,0,0,0
23/12/2012,19:00,0,0,0
23/12/2012,19:15,4,1,3
23/12/2012,19:30,0,0,0
23/12/2012,19:45,2,1,1
23/12/2012,20:00,0,0,0
23/12/2012,20:15,0,0,0
23/12/2012,20:30,2,0,2
23/12/2012,20:45,0,0,0
23/12/2012,21:00,1,0,1
23/12/2012,21:15,2,1,1
23/12/2012,21:30,0,0,0
23/12/2012,21:45,1,0,1
23/12/2012,22:00,0,0,0
23/12/2012,22:15,1,0,1
23/12/2012,22:30,0,0,0
23/12/2012,22:45,0,0,0
23/12/2012,23:00,0,0,0
23/12/2012,23:15,0,0,0
23/12/2012,23:30,0,0,0
23/12/2012,23:45,0,0,0
24/12/2012,00:00,0,0,0
24/12/2012,00:15,0,0,0
24/12/2012,00:30,0,0,0
24/12/2012,00:45,0,0,0
24/12/2012,01:00,0,0,0
24/12/2012,01:15,2,2,0
24/12/2012,01:30,2,0,2
24/12/2012,01:45,0,0,0
24/12/2012,02:00,0,0,0
24/12/2012,02:15,0,0,0
24/12/2012,02:30,5,4,1
24/12/2012,02:45,1,0,1
24/12/2012,03:00,0,0,0
24/12/2012,03:15,4,3,1
24/12/2012,03:30,0,0,0
24/12/2012,03:45,0,0,0
24/12/2012,04:00,0,0,0
24/12/2012,04:15,0,0,0
24/12/2012,04:30,0,0,0
24/12/2012,04:45,0,0,0
24/12/2012,05:00,0,0,0
24/12/2012,05:15,0,0,0
24/12/2012,05:30,0,0,0
24/12/2012,05:45,0,0,0
24/12/2012,06:00,0,0,0
24/12/2012,06:15,0,0,0
24/12/2012,06:30,1,0,1
24/12/2012,06:45,0,0,0
24/12/2012,07:00,4,0,4
24/12/2012,07:15,5,0,5
24/12/2012,07:30,11,1,10
24/12/2012,07:45,3,1,2
24/12/2012,08:00,12,4,8
24/12/2012,08:15,7,0,7
24/12/2012,08:30,20,5,15
24/12/2012,08:45,15,2,13
24/12/2012,09:00,14,1,13
24/12/2012,09:15,23,5,18
24/12/2012,09:30,16,4,12
24/12/2012,09:45,27,5,22
24/12/2012,10:00,28,3,25
24/12/2012,10:15,41,11,30
24/12/2012,10:30,38,9,29
24/12/2012,10:45,43,18,25
24/12/2012,11:00,43,7,36
24/12/2012,11:15,33,11,22
24/12/2012,11:30,32,3,29
24/12/2012,11:45,28,5,23
24/12/2012,12:00,44,8,36
24/12/2012,12:15,40,10,30
24/12/2012,12:30,42,11,31
24/12/2012,12:45,56,20,36
24/12/2012,13:00,50,20,30
24/12/2012,13:15,43,12,31
24/12/2012,13:30,38,12,26
24/12/2012,13:45,57,17,40
24/12/2012,14:00,36,10,26
24/12/2012,14:15,38,13,25
24/12/2012,14:30,38,7,31
24/12/2012,14:45,41,15,26
24/12/2012,15:00,41,20,21
24/12/2012,15:15,29,15,14
24/12/2012,15:30,28,7,21
24/12/2012,15:45,30,9,21
24/12/2012,16:00,16,2,14
24/12/2012,16:15,16,11,5
24/12/2012,16:30,6,3,3
24/12/2012,16:45,3,3,0
24/12/2012,17:00,3,2,1
24/12/2012,17:15,6,6,0
24/12/2012,17:30,1,1,0
24/12/2012,17:45,0,0,0
24/12/2012,18:00,1,1,0
24/12/2012,18:15,0,0,0
24/12/2012,18:30,0,0,0
24/12/2012,18:45,0,0,0
24/12/2012,19:00,0,0,0
24/12/2012,19:15,0,0,0
24/12/2012,19:30,0,0,0
24/12/2012,19:45,1,1,0
24/12/2012,20:00,3,3,0
24/12/2012,20:15,0,0,0
24/12/2012,20:30,0,0,0
24/12/2012,20:45,0,0,0
24/12/2012,21:00,0,0,0
24/12/2012,21:15,1,0,1
24/12/2012,21:30,0,0,0
24/12/2012,21:45,0,0,0
24/12/2012,22:00,0,0,0
24/12/2012,22:15,0,0,0
24/12/2012,22:30,1,0,1
24/12/2012,22:45,0,0,0
24/12/2012,23:00,0,0,0
24/12/2012,23:15,0,0,0
24/12/2012,23:30,0,0,0
24/12/2012,23:45,0,0,0
25/12/2012,00:00,1,1,0
25/12/2012,00:15,0,0,0
25/12/2012,00:30,0,0,0
25/12/2012,00:45,2,1,1
25/12/2012,01:00,0,0,0
25/12/2012,01:15,0,0,0
25/12/2012,01:30,0,0,0
25/12/2012,01:45,0,0,0
25/12/2012,02:00,0,0,0
25/12/2012,02:15,0,0,0
25/12/2012,02:30,0,0,0
25/12/2012,02:45,0,0,0
25/12/2012,03:00,0,0,0
25/12/2012,03:15,0,0,0
25/12/2012,03:30,1,0,1
25/12/2012,03:45,0,0,0
25/12/2012,04:00,0,0,0
25/12/2012,04:15,0,0,0
25/12/2012,04:30,0,0,0
25/12/2012,04:45,0,0,0
25/12/2012,05:00,0,0,0
25/12/2012,05:15,0,0,0
25/12/2012,05:30,0,0,0
25/12/2012,05:45,0,0,0
25/12/2012,06:00,0,0,0
25/12/2012,06:15,0,0,0
25/12/2012,06:30,0,0,0
25/12/2012,06:45,0,0,0
25/12/2012,07:00,0,0,0
25/12/2012,07:15,1,0,1
25/12/2012,07:30,0,0,0
25/12/2012,07:45,3,0,3
25/12/2012,08:00,4,2,2
25/12/2012,08:15,1,0,1
25/12/2012,08:30,4,1,3
25/12/2012,08:45,4,1,3
25/12/2012,09:00,8,0,8
25/12/2012,09:15,8,1,7
25/12/2012,09:30,8,2,6
25/12/2012,09:45,7,1,6
25/12/2012,10:00,6,0,6
25/12/2012,10:15,9,5,4
25/12/2012,10:30,9,3,6
25/12/2012,10:45,16,4,12
25/12/2012,11:00,8,1,7
25/12/2012,11:15,20,1,19
25/12/2012,11:30,10,7,3
25/12/2012,11:45,6,0,6
25/12/2012,12:00,8,1,7
25/12/2012,12:15,6,0,6
25/12/2012,12:30,2,0,2
25/12/2012,12:45,6,1,5
25/12/2012,13:00,7,5,2
25/12/2012,13:15,5,2,3
25/12/2012,13:30,4,2,2
25/12/2012,13:45,2,0,2
25/12/2012,14:00,3,0,3
25/12/2012,14:15,2,2,0
25/12/2012,14:30,0,0,0
25/12/2012,14:45,2,1,1
25/12/2012,15:00,0,0,0
25/12/2012,15:15,0,0,0
25/12/2012,15:30,0,0,0
25/12/2012,15:45,5,0,5
25/12/2012,16:00,0,0,0
25/12/2012,16:15,1,0,1
25/12/2012,16:30,3,0,3
25/12/2012,16:45,1,0,1
25/12/2012,17:00,0,0,0
25/12/2012,17:15,0,0,0
25/12/2012,17:30,1,0,1
25/12/2012,17:45,0,0,0
25/12/2012,18:00,0,0,0
25/12/2012,18:15,0,0,0
25/12/2012,18:30,0,0,0
25/12/2012,18:45,1,1,0
25/12/2012,19:00,0,0,0
25/12/2012,19:15,0,0,0
25/12/2012,19:30,0,0,0
25/12/2012,19:45,0,0,0
25/12/2012,20:00,0,0,0
25/12/2012,20:15,0,0,0
25/12/2012,20:30,0,0,0
25/12/2012,20:45,0,0,0
25/12/2012,21:00,1,0,1
25/12/2012,21:15,4,1,3
25/12/2012,21:30,0,0,0
25/12/2012,21:45,0,0,0
25/12/2012,22:00,0,0,0
25/12/2012,22:15,0,0,0
25/12/2012,22:30,0,0,0
25/12/2012,22:45,0,0,0
25/12/2012,23:00,0,0,0
25/12/2012,23:15,0,0,0
25/12/2012,23:30,0,0,0
25/12/2012,23:45,0,0,0
26/12/2012,00:00,0,0,0
26/12/2012,00:15,0,0,0
26/12/2012,00:30,0,0,0
26/12/2012,00:45,0,0,0
26/12/2012,01:00,0,0,0
26/12/2012,01:15,0,0,0
26/12/2012,01:30,0,0,0
26/12/2012,01:45,0,0,0
26/12/2012,02:00,0,0,0
26/12/2012,02:15,0,0,0
26/12/2012,02:30,0,0,0
26/12/2012,02:45,0,0,0
26/12/2012,03:00,0,0,0
26/12/2012,03:15,0,0,0
26/12/2012,03:30,0,0,0
26/12/2012,03:45,0,0,0
26/12/2012,04:00,0,0,0
26/12/2012,04:15,0,0,0
26/12/2012,04:30,0,0,0
26/12/2012,04:45,0,0,0
26/12/2012,05:00,0,0,0
26/12/2012,05:15,0,0,0
26/12/2012,05:30,0,0,0
26/12/2012,05:45,0,0,0
26/12/2012,06:00,0,0,0
26/12/2012,06:15,2,0,2
26/12/2012,06:30,0,0,0
26/12/2012,06:45,0,0,0
26/12/2012,07:00,0,0,0
26/12/2012,07:15,2,0,2
26/12/2012,07:30,4,1,3
26/12/2012,07:45,7,0,7
26/12/2012,08:00,7,1,6
26/12/2012,08:15,1,0,1
26/12/2012,08:30,3,2,1
26/12/2012,08:45,3,1,2
26/12/2012,09:00,0,0,0
26/12/2012,09:15,0,0,0
26/12/2012,09:30,3,2,1
26/12/2012,09:45,4,1,3
26/12/2012,10:00,7,2,5
26/12/2012,10:15,8,1,7
26/12/2012,10:30,11,1,10
26/12/2012,10:45,16,2,14
26/12/2012,11:00,11,0,11
26/12/2012,11:15,14,1,13
26/12/2012,11:30,6,2,4
26/12/2012,11:45,13,6,7
26/12/2012,12:00,11,2,9
26/12/2012,12:15,19,7,12
26/12/2012,12:30,13,2,11
26/12/2012,12:45,15,1,14
26/12/2012,13:00,22,2,20
26/12/2012,13:15,27,2,25
26/12/2012,13:30,18,1,17
26/12/2012,13:45,17,1,16
26/12/2012,14:00,17,2,15
26/12/2012,14:15,25,6,19
26/12/2012,14:30,24,3,21
26/12/2012,14:45,23,6,17
26/12/2012,15:00,25,2,23
26/12/2012,15:15,35,4,31
26/12/2012,15:30,27,5,22
26/12/2012,15:45,14,1,13
26/12/2012,16:00,32,11,21
26/12/2012,16:15,35,12,23
26/12/2012,16:30,19,5,14
26/12/2012,16:45,23,8,15
26/12/2012,17:00,17,7,10
26/12/2012,17:15,11,1,10
26/12/2012,17:30,7,3,4
26/12/2012,17:45,3,0,3
26/12/2012,18:00,2,0,2
26/12/2012,18:15,0,0,0
26/12/2012,18:30,4,2,2
26/12/2012,18:45,1,1,0
26/12/2012,19:00,0,0,0
26/12/2012,19:15,2,1,1
26/12/2012,19:30,3,3,0
26/12/2012,19:45,3,3,0
26/12/2012,20:00,0,0,0
26/12/2012,20:15,0,0,0
26/12/2012,20:30,0,0,0
26/12/2012,20:45,0,0,0
26/12/2012,21:00,0,0,0
26/12/2012,21:15,0,0,0
26/12/2012,21:30,0,0,0
26/12/2012,21:45,1,1,0
26/12/2012,22:00,0,0,0
26/12/2012,22:15,0,0,0
26/12/2012,22:30,0,0,0
26/12/2012,22:45,0,0,0
26/12/2012,23:00,0,0,0
26/12/2012,23:15,0,0,0
26/12/2012,23:30,0,0,0
26/12/2012,23:45,0,0,0
27/12/2012,00:00,0,0,0
27/12/2012,00:15,0,0,0
27/12/2012,00:30,0,0,0
27/12/2012,00:45,0,0,0
27/12/2012,01:00,0,0,0
27/12/2012,01:15,0,0,0
27/12/2012,01:30,0,0,0
27/12/2012,01:45,0,0,0
27/12/2012,02:00,0,0,0
27/12/2012,02:15,0,0,0
27/12/2012,02:30,0,0,0
27/12/2012,02:45,0,0,0
27/12/2012,03:00,0,0,0
27/12/2012,03:15,0,0,0
27/12/2012,03:30,0,0,0
27/12/2012,03:45,0,0,0
27/12/2012,04:00,0,0,0
27/12/2012,04:15,0,0,0
27/12/2012,04:30,0,0,0
27/12/2012,04:45,0,0,0
27/12/2012,05:00,1,1,0
27/12/2012,05:15,1,0,1
27/12/2012,05:30,1,0,1
27/12/2012,05:45,0,0,0
27/12/2012,06:00,2,1,1
27/12/2012,06:15,0,0,0
27/12/2012,06:30,1,0,1
27/12/2012,06:45,1,1,0
27/12/2012,07:00,4,2,2
27/12/2012,07:15,13,2,11
27/12/2012,07:30,5,0,5
27/12/2012,07:45,2,1,1
27/12/2012,08:00,14,3,11
27/12/2012,08:15,5,0,5
27/12/2012,08:30,16,5,11
27/12/2012,08:45,14,7,7
27/12/2012,09:00,20,1,19
27/12/2012,09:15,28,2,26
27/12/2012,09:30,34,10,24
27/12/2012,09:45,18,5,13
27/12/2012,10:00,10,0,10
27/12/2012,10:15,32,3,29
27/12/2012,10:30,18,2,16
27/12/2012,10:45,22,7,15
27/12/2012,11:00,21,5,16
27/12/2012,11:15,35,10,25
27/12/2012,11:30,29,6,23
27/12/2012,11:45,20,7,13
27/12/2012,12:00,35,18,17
27/12/2012,12:15,25,5,20
27/12/2012,12:30,27,10,17
27/12/2012,12:45,55,17,38
27/12/2012,13:00,34,6,28
27/12/2012,13:15,26,8,18
27/12/2012,13:30,39,8,31
27/12/2012,13:45,38,13,25
27/12/2012,14:00,33,10,23
27/12/2012,14:15,27,7,20
27/12/2012,14:30,38,13,25
27/12/2012,14:45,27,5,22
27/12/2012,15:00,35,15,20
27/12/2012,15:15,35,11,24
27/12/2012,15:30,51,16,35
27/12/2012,15:45,41,15,26
27/12/2012,16:00,26,6,20
27/12/2012,16:15,27,13,14
27/12/2012,16:30,12,2,10
27/12/2012,16:45,11,1,10
27/12/2012,17:00,10,1,9
27/12/2012,17:15,14,6,8
27/12/2012,17:30,9,3,6
27/12/2012,17:45,4,3,1
27/12/2012,18:00,1,0,1
27/12/2012,18:15,0,0,0
27/12/2012,18:30,4,2,2
27/12/2012,18:45,2,2,0
27/12/2012,19:00,0,0,0
27/12/2012,19:15,2,2,0
27/12/2012,19:30,2,0,2
27/12/2012,19:45,0,0,0
27/12/2012,20:00,0,0,0
27/12/2012,20:15,1,1,0
27/12/2012,20:30,1,0,1
27/12/2012,20:45,0,0,0
27/12/2012,21:00,0,0,0
27/12/2012,21:15,0,0,0
27/12/2012,21:30,1,0,1
27/12/2012,21:45,0,0,0
27/12/2012,22:00,2,0,2
27/12/2012,22:15,0,0,0
27/12/2012,22:30,0,0,0
27/12/2012,22:45,0,0,0
27/12/2012,23:00,1,0,1
27/12/2012,23:15,0,0,0
27/12/2012,23:30,1,0,1
27/12/2012,23:45,0,0,0
28/12/2012,00:00,0,0,0
28/12/2012,00:15,0,0,0
28/12/2012,00:30,1,0,1
28/12/2012,00:45,0,0,0
28/12/2012,01:00,1,1,0
28/12/2012,01:15,0,0,0
28/12/2012,01:30,0,0,0
28/12/2012,01:45,0,0,0
28/12/2012,02:00,0,0,0
28/12/2012,02:15,0,0,0
28/12/2012,02:30,0,0,0
28/12/2012,02:45,0,0,0
28/12/2012,03:00,0,0,0
28/12/2012,03:15,0,0,0
28/12/2012,03:30,0,0,0
28/12/2012,03:45,0,0,0
28/12/2012,04:00,0,0,0
28/12/2012,04:15,0,0,0
28/12/2012,04:30,0,0,0
28/12/2012,04:45,0,0,0
28/12/2012,05:00,0,0,0
28/12/2012,05:15,2,2,0
28/12/2012,05:30,0,0,0
28/12/2012,05:45,1,0,1
28/12/2012,06:00,0,0,0
28/12/2012,06:15,1,1,0
28/12/2012,06:30,2,0,2
28/12/2012,06:45,0,0,0
28/12/2012,07:00,2,1,1
28/12/2012,07:15,7,0,7
28/12/2012,07:30,5,0,5
28/12/2012,07:45,5,1,4
28/12/2012,08:00,10,1,9
28/12/2012,08:15,3,2,1
28/12/2012,08:30,3,3,0
28/12/2012,08:45,12,2,10
28/12/2012,09:00,9,1,8
28/12/2012,09:15,17,10,7
28/12/2012,09:30,16,3,13
28/12/2012,09:45,12,1,11
28/12/2012,10:00,10,1,9
28/12/2012,10:15,15,4,11
28/12/2012,10:30,17,6,11
28/12/2012,10:45,13,4,9
28/12/2012,11:00,13,4,9
28/12/2012,11:15,12,4,8
28/12/2012,11:30,9,2,7
28/12/2012,11:45,12,2,10
28/12/2012,12:00,20,8,12
28/12/2012,12:15,9,0,9
28/12/2012,12:30,7,1,6
28/12/2012,12:45,9,2,7
28/12/2012,13:00,24,8,16
28/12/2012,13:15,13,2,11
28/12/2012,13:30,8,0,8
28/12/2012,13:45,10,4,6
28/12/2012,14:00,6,3,3
28/12/2012,14:15,7,3,4
28/12/2012,14:30,12,3,9
28/12/2012,14:45,12,1,11
28/12/2012,15:00,8,1,7
28/12/2012,15:15,12,2,10
28/12/2012,15:30,9,1,8
28/12/2012,15:45,12,3,9
28/12/2012,16:00,4,0,4
28/12/2012,16:15,10,2,8
28/12/2012,16:30,13,2,11
28/12/2012,16:45,12,0,12
28/12/2012,17:00,12,5,7
28/12/2012,17:15,5,2,3
28/12/2012,17:30,2,2,0
28/12/2012,17:45,4,3,1
28/12/2012,18:00,0,0,0
28/12/2012,18:15,1,1,0
28/12/2012,18:30,1,1,0
28/12/2012,18:45,1,1,0
28/12/2012,19:00,0,0,0
28/12/2012,19:15,0,0,0
28/12/2012,19:30,0,0,0
28/12/2012,19:45,0,0,0
28/12/2012,20:00,0,0,0
28/12/2012,20:15,1,1,0
28/12/2012,20:30,0,0,0
28/12/2012,20:45,0,0,0
28/12/2012,21:00,0,0,0
28/12/2012,21:15,1,0,1
28/12/2012,21:30,0,0,0
28/12/2012,21:45,0,0,0
28/12/2012,22:00,1,0,1
28/12/2012,22:15,0,0,0
28/12/2012,22:30,0,0,0
28/12/2012,22:45,0,0,0
28/12/2012,23:00,0,0,0
28/12/2012,23:15,0,0,0
28/12/2012,23:30,2,0,2
28/12/2012,23:45,0,0,0
29/12/2012,00:00,0,0,0
29/12/2012,00:15,0,0,0
29/12/2012,00:30,0,0,0
29/12/2012,00:45,0,0,0
29/12/2012,01:00,0,0,0
29/12/2012,01:15,0,0,0
29/12/2012,01:30,0,0,0
29/12/2012,01:45,0,0,0
29/12/2012,02:00,0,0,0
29/12/2012,02:15,0,0,0
29/12/2012,02:30,0,0,0
29/12/2012,02:45,0,0,0
29/12/2012,03:00,0,0,0
29/12/2012,03:15,0,0,0
29/12/2012,03:30,0,0,0
29/12/2012,03:45,0,0,0
29/12/2012,04:00,0,0,0
29/12/2012,04:15,0,0,0
29/12/2012,04:30,0,0,0
29/12/2012,04:45,0,0,0
29/12/2012,05:00,0,0,0
29/12/2012,05:15,0,0,0
29/12/2012,05:30,0,0,0
29/12/2012,05:45,0,0,0
29/12/2012,06:00,0,0,0
29/12/2012,06:15,0,0,0
29/12/2012,06:30,1,0,1
29/12/2012,06:45,0,0,0
29/12/2012,07:00,0,0,0
29/12/2012,07:15,3,1,2
29/12/2012,07:30,2,0,2
29/12/2012,07:45,10,0,10
29/12/2012,08:00,8,0,8
29/12/2012,08:15,7,0,7
29/12/2012,08:30,9,0,9
29/12/2012,08:45,10,1,9
29/12/2012,09:00,16,1,15
29/12/2012,09:15,28,3,25
29/12/2012,09:30,6,0,6
29/12/2012,09:45,16,2,14
29/12/2012,10:00,14,2,12
29/12/2012,10:15,19,4,15
29/12/2012,10:30,18,1,17
29/12/2012,10:45,18,1,17
29/12/2012,11:00,21,3,18
29/12/2012,11:15,20,7,13
29/12/2012,11:30,15,3,12
29/12/2012,11:45,22,2,20
29/12/2012,12:00,21,7,14
29/12/2012,12:15,23,6,17
29/12/2012,12:30,29,10,19
29/12/2012,12:45,27,3,24
29/12/2012,13:00,29,7,22
29/12/2012,13:15,26,11,15
29/12/2012,13:30,21,5,16
29/12/2012,13:45,27,6,21
29/12/2012,14:00,18,4,14
29/12/2012,14:15,26,12,14
29/12/2012,14:30,25,8,17
29/12/2012,14:45,28,7,21
29/12/2012,15:00,25,8,17
29/12/2012,15:15,29,11,18
29/12/2012,15:30,23,7,16
29/12/2012,15:45,26,3,23
29/12/2012,16:00,38,11,27
29/12/2012,16:15,24,8,16
29/12/2012,16:30,20,7,13
29/12/2012,16:45,17,4,13
29/12/2012,17:00,10,4,6
29/12/2012,17:15,3,1,2
29/12/2012,17:30,7,3,4
29/12/2012,17:45,3,1,2
29/12/2012,18:00,1,0,1
29/12/2012,18:15,2,1,1
29/12/2012,18:30,1,0,1
29/12/2012,18:45,0,0,0
29/12/2012,19:00,0,0,0
29/12/2012,19:15,0,0,0
29/12/2012,19:30,0,0,0
29/12/2012,19:45,0,0,0
29/12/2012,20:00,0,0,0
29/12/2012,20:15,0,0,0
29/12/2012,20:30,0,0,0
29/12/2012,20:45,0,0,0
29/12/2012,21:00,0,0,0
29/12/2012,21:15,1,0,1
29/12/2012,21:30,0,0,0
29/12/2012,21:45,0,0,0
29/12/2012,22:00,0,0,0
29/12/2012,22:15,1,1,0
29/12/2012,22:30,1,1,0
29/12/2012,22:45,1,0,1
29/12/2012,23:00,0,0,0
29/12/2012,23:15,0,0,0
29/12/2012,23:30,0,0,0
29/12/2012,23:45,0,0,0
30/12/2012,00:00,0,0,0
30/12/2012,00:15,0,0,0
30/12/2012,00:30,0,0,0
30/12/2012,00:45,0,0,0
30/12/2012,01:00,0,0,0
30/12/2012,01:15,0,0,0
30/12/2012,01:30,0,0,0
30/12/2012,01:45,0,0,0
30/12/2012,02:00,0,0,0
30/12/2012,02:15,0,0,0
30/12/2012,02:30,0,0,0
30/12/2012,02:45,0,0,0
30/12/2012,03:00,0,0,0
30/12/2012,03:15,0,0,0
30/12/2012,03:30,0,0,0
30/12/2012,03:45,0,0,0
30/12/2012,04:00,0,0,0
30/12/2012,04:15,0,0,0
30/12/2012,04:30,0,0,0
30/12/2012,04:45,0,0,0
30/12/2012,05:00,0,0,0
30/12/2012,05:15,0,0,0
30/12/2012,05:30,0,0,0
30/12/2012,05:45,0,0,0
30/12/2012,06:00,1,0,1
30/12/2012,06:15,0,0,0
30/12/2012,06:30,0,0,0
30/12/2012,06:45,2,0,2
30/12/2012,07:00,3,1,2
30/12/2012,07:15,5,2,3
30/12/2012,07:30,7,1,6
30/12/2012,07:45,3,1,2
30/12/2012,08:00,6,0,6
30/12/2012,08:15,12,3,9
30/12/2012,08:30,8,0,8
30/12/2012,08:45,6,2,4
30/12/2012,09:00,14,4,10
30/12/2012,09:15,14,5,9
30/12/2012,09:30,13,5,8
30/12/2012,09:45,14,2,12
30/12/2012,10:00,29,6,23
30/12/2012,10:15,21,6,15
30/12/2012,10:30,20,6,14
30/12/2012,10:45,16,6,10
30/12/2012,11:00,28,9,19
30/12/2012,11:15,32,9,23
30/12/2012,11:30,25,4,21
30/12/2012,11:45,32,15,17
30/12/2012,12:00,14,4,10
30/12/2012,12:15,23,7,16
30/12/2012,12:30,33,9,24
30/12/2012,12:45,28,10,18
30/12/2012,13:00,46,8,38
30/12/2012,13:15,30,8,22
30/12/2012,13:30,30,7,23
30/12/2012,13:45,29,11,18
30/12/2012,14:00,28,8,20
30/12/2012,14:15,28,12,16
30/12/2012,14:30,26,11,15
30/12/2012,14:45,28,13,15
30/12/2012,15:00,59,22,37
30/12/2012,15:15,23,5,18
30/12/2012,15:30,46,18,28
30/12/2012,15:45,34,9,25
30/12/2012,16:00,41,11,30
30/12/2012,16:15,37,14,23
30/12/2012,16:30,15,7,8
30/12/2012,16:45,12,4,8
30/12/2012,17:00,11,1,10
30/12/2012,17:15,11,2,9
30/12/2012,17:30,8,2,6
30/12/2012,17:45,4,1,3
30/12/2012,18:00,0,0,0
30/12/2012,18:15,0,0,0
30/12/2012,18:30,2,1,1
30/12/2012,18:45,2,2,0
30/12/2012,19:00,1,0,1
30/12/2012,19:15,1,0,1
30/12/2012,19:30,1,1,0
30/12/2012,19:45,0,0,0
30/12/2012,20:00,1,1,0
30/12/2012,20:15,1,0,1
30/12/2012,20:30,0,0,0
30/12/2012,20:45,0,0,0
30/12/2012,21:00,0,0,0
30/12/2012,21:15,1,0,1
30/12/2012,21:30,0,0,0
30/12/2012,21:45,0,0,0
30/12/2012,22:00,3,0,3
30/12/2012,22:15,0,0,0
30/12/2012,22:30,3,0,3
30/12/2012,22:45,0,0,0
30/12/2012,23:00,0,0,0
30/12/2012,23:15,0,0,0
30/12/2012,23:30,0,0,0
30/12/2012,23:45,0,0,0
31/12/2012,00:00,0,0,0
31/12/2012,00:15,0,0,0
31/12/2012,00:30,0,0,0
31/12/2012,00:45,0,0,0
31/12/2012,01:00,0,0,0
31/12/2012,01:15,0,0,0
31/12/2012,01:30,0,0,0
31/12/2012,01:45,0,0,0
31/12/2012,02:00,0,0,0
31/12/2012,02:15,0,0,0
31/12/2012,02:30,0,0,0
31/12/2012,02:45,0,0,0
31/12/2012,03:00,0,0,0
31/12/2012,03:15,0,0,0
31/12/2012,03:30,0,0,0
31/12/2012,03:45,0,0,0
31/12/2012,04:00,0,0,0
31/12/2012,04:15,0,0,0
31/12/2012,04:30,0,0,0
31/12/2012,04:45,0,0,0
31/12/2012,05:00,0,0,0
31/12/2012,05:15,0,0,0
31/12/2012,05:30,1,0,1
31/12/2012,05:45,0,0,0
31/12/2012,06:00,0,0,0
31/12/2012,06:15,0,0,0
31/12/2012,06:30,4,1,3
31/12/2012,06:45,0,0,0
31/12/2012,07:00,1,0,1
31/12/2012,07:15,7,0,7
31/12/2012,07:30,7,1,6
31/12/2012,07:45,4,0,4
31/12/2012,08:00,5,1,4
31/12/2012,08:15,3,0,3
31/12/2012,08:30,9,0,9
31/12/2012,08:45,7,0,7
31/12/2012,09:00,8,2,6
31/12/2012,09:15,13,4,9
31/12/2012,09:30,10,3,7
31/12/2012,09:45,27,4,23
31/12/2012,10:00,12,0,12
31/12/2012,10:15,17,7,10
31/12/2012,10:30,19,4,15
31/12/2012,10:45,16,4,12
31/12/2012,11:00,17,1,16
31/12/2012,11:15,25,3,22
31/12/2012,11:30,21,1,20
31/12/2012,11:45,19,7,12
31/12/2012,12:00,20,7,13
31/12/2012,12:15,20,5,15
31/12/2012,12:30,21,5,16
31/12/2012,12:45,25,6,19
31/12/2012,13:00,13,6,7
31/12/2012,13:15,23,13,10
31/12/2012,13:30,22,11,11
31/12/2012,13:45,20,3,17
31/12/2012,14:00,35,17,18
31/12/2012,14:15,26,3,23
31/12/2012,14:30,28,11,17
31/12/2012,14:45,22,5,17
31/12/2012,15:00,31,8,23
31/12/2012,15:15,29,12,17
31/12/2012,15:30,26,7,19
31/12/2012,15:45,23,8,15
31/12/2012,16:00,38,5,33
31/12/2012,16:15,28,12,16
31/12/2012,16:30,16,1,15
31/12/2012,16:45,5,1,4
31/12/2012,17:00,9,3,6
31/12/2012,17:15,4,2,2
31/12/2012,17:30,2,1,1
31/12/2012,17:45,1,0,1
31/12/2012,18:00,0,0,0
31/12/2012,18:15,0,0,0
31/12/2012,18:30,0,0,0
31/12/2012,18:45,0,0,0
31/12/2012,19:00,0,0,0
31/12/2012,19:15,1,1,0
31/12/2012,19:30,1,1,0
31/12/2012,19:45,1,1,0
31/12/2012,20:00,0,0,0
31/12/2012,20:15,0,0,0
31/12/2012,20:30,0,0,0
31/12/2012,20:45,0,0,0
31/12/2012,21:00,0,0,0
31/12/2012,21:15,0,0,0
31/12/2012,21:30,0,0,0
31/12/2012,21:45,0,0,0
31/12/2012,22:00,0,0,0
31/12/2012,22:15,0,0,0
31/12/2012,22:30,0,0,0
31/12/2012,22:45,0,0,0
31/12/2012,23:00,0,0,0
31/12/2012,23:15,0,0,0
31/12/2012,23:30,0,0,0
31/12/2012,23:45,0,0,0
01/01/2013,00:00,0,0,0
01/01/2013,00:15,0,0,0
01/01/2013,00:30,0,0,0
01/01/2013,00:45,0,0,0
01/01/2013,01:00,0,0,0
01/01/2013,01:15,0,0,0
01/01/2013,01:30,1,0,1
01/01/2013,01:45,0,0,0
01/01/2013,02:00,0,0,0
01/01/2013,02:15,0,0,0
01/01/2013,02:30,0,0,0
01/01/2013,02:45,0,0,0
01/01/2013,03:00,0,0,0
01/01/2013,03:15,0,0,0
01/01/2013,03:30,0,0,0
01/01/2013,03:45,1,1,0
01/01/2013,04:00,0,0,0
01/01/2013,04:15,0,0,0
01/01/2013,04:30,0,0,0
01/01/2013,04:45,0,0,0
01/01/2013,05:00,2,1,1
01/01/2013,05:15,0,0,0
01/01/2013,05:30,0,0,0
01/01/2013,05:45,0,0,0
01/01/2013,06:00,0,0,0
01/01/2013,06:15,1,0,1
01/01/2013,06:30,0,0,0
01/01/2013,06:45,1,1,0
01/01/2013,07:00,2,0,2
01/01/2013,07:15,1,0,1
01/01/2013,07:30,6,0,6
01/01/2013,07:45,4,0,4
01/01/2013,08:00,4,1,3
01/01/2013,08:15,2,0,2
01/01/2013,08:30,2,1,1
01/01/2013,08:45,7,0,7
01/01/2013,09:00,7,2,5
01/01/2013,09:15,12,1,11
01/01/2013,09:30,19,3,16
01/01/2013,09:45,17,3,14
01/01/2013,10:00,20,2,18
01/01/2013,10:15,15,4,11
01/01/2013,10:30,21,6,15
01/01/2013,10:45,30,9,21
01/01/2013,11:00,37,10,27
01/01/2013,11:15,30,8,22
01/01/2013,11:30,39,10,29
01/01/2013,11:45,39,16,23
01/01/2013,12:00,32,12,20
01/01/2013,12:15,38,8,30
01/01/2013,12:30,34,9,25
01/01/2013,12:45,47,23,24
01/01/2013,13:00,31,10,21
01/01/2013,13:15,33,15,18
01/01/2013,13:30,52,21,31
01/01/2013,13:45,41,17,24
01/01/2013,14:00,42,22,20
01/01/2013,14:15,28,9,19
01/01/2013,14:30,39,18,21
01/01/2013,14:45,31,7,24
01/01/2013,15:00,51,18,33
01/01/2013,15:15,36,9,27
01/01/2013,15:30,31,4,27
01/01/2013,15:45,53,13,40
01/01/2013,16:00,30,11,19
01/01/2013,16:15,21,4,17
01/01/2013,16:30,19,4,15
01/01/2013,16:45,9,1,8
01/01/2013,17:00,15,6,9
01/01/2013,17:15,5,3,2
01/01/2013,17:30,1,1,0
01/01/2013,17:45,4,2,2
01/01/2013,18:00,1,1,0
01/01/2013,18:15,0,0,0
01/01/2013,18:30,0,0,0
01/01/2013,18:45,0,0,0
01/01/2013,19:00,1,1,0
01/01/2013,19:15,1,0,1
01/01/2013,19:30,2,2,0
01/01/2013,19:45,3,2,1
01/01/2013,20:00,0,0,0
01/01/2013,20:15,0,0,0
01/01/2013,20:30,0,0,0
01/01/2013,20:45,0,0,0
01/01/2013,21:00,0,0,0
01/01/2013,21:15,0,0,0
01/01/2013,21:30,0,0,0
01/01/2013,21:45,0,0,0
01/01/2013,22:00,0,0,0
01/01/2013,22:15,1,1,0
01/01/2013,22:30,0,0,0
01/01/2013,22:45,0,0,0
01/01/2013,23:00,0,0,0
01/01/2013,23:15,0,0,0
01/01/2013,23:30,2,0,2
01/01/2013,23:45,0,0,0
02/01/2013,00:00,1,1,0
02/01/2013,00:15,0,0,0
02/01/2013,00:30,0,0,0
02/01/2013,00:45,0,0,0
02/01/2013,01:00,0,0,0
02/01/2013,01:15,0,0,0
02/01/2013,01:30,0,0,0
02/01/2013,01:45,0,0,0
02/01/2013,02:00,0,0,0
02/01/2013,02:15,0,0,0
02/01/2013,02:30,0,0,0
02/01/2013,02:45,0,0,0
02/01/2013,03:00,0,0,0
02/01/2013,03:15,0,0,0
02/01/2013,03:30,0,0,0
02/01/2013,03:45,0,0,0
02/01/2013,04:00,0,0,0
02/01/2013,04:15,0,0,0
02/01/2013,04:30,0,0,0
02/01/2013,04:45,0,0,0
02/01/2013,05:00,0,0,0
02/01/2013,05:15,0,0,0
02/01/2013,05:30,0,0,0
02/01/2013,05:45,0,0,0
02/01/2013,06:00,1,0,1
02/01/2013,06:15,1,0,1
02/01/2013,06:30,2,1,1
02/01/2013,06:45,5,2,3
02/01/2013,07:00,4,0,4
02/01/2013,07:15,5,1,4
02/01/2013,07:30,11,2,9
02/01/2013,07:45,8,5,3
02/01/2013,08:00,3,1,2
02/01/2013,08:15,12,1,11
02/01/2013,08:30,11,4,7
02/01/2013,08:45,15,3,12
02/01/2013,09:00,13,4,9
02/01/2013,09:15,12,0,12
02/01/2013,09:30,5,2,3
02/01/2013,09:45,12,1,11
02/01/2013,10:00,13,2,11
02/01/2013,10:15,16,4,12
02/01/2013,10:30,13,2,11
02/01/2013,10:45,21,6,15
02/01/2013,11:00,15,0,15
02/01/2013,11:15,16,3,13
02/01/2013,11:30,29,4,25
02/01/2013,11:45,22,8,14
02/01/2013,12:00,11,4,7
02/01/2013,12:15,18,10,8
02/01/2013,12:30,12,2,10
02/01/2013,12:45,15,7,8
02/01/2013,13:00,22,8,14
02/01/2013,13:15,17,9,8
02/01/2013,13:30,9,1,8
02/01/2013,13:45,24,7,17
02/01/2013,14:00,10,5,5
02/01/2013,14:15,21,11,10
02/01/2013,14:30,19,4,15
02/01/2013,14:45,34,11,23
02/01/2013,15:00,33,17,16
02/01/2013,15:15,20,7,13
02/01/2013,15:30,26,10,16
02/01/2013,15:45,28,12,16
02/01/2013,16:00,20,11,9
02/01/2013,16:15,18,3,15
02/01/2013,16:30,16,5,11
02/01/2013,16:45,17,5,12
02/01/2013,17:00,12,3,9
02/01/2013,17:15,5,4,1
02/01/2013,17:30,10,7,3
02/01/2013,17:45,5,1,4
02/01/2013,18:00,2,2,0
02/01/2013,18:15,2,2,0
02/01/2013,18:30,9,8,1
02/01/2013,18:45,1,0,1
02/01/2013,19:00,3,3,0
02/01/2013,19:15,2,0,2
02/01/2013,19:30,1,1,0
02/01/2013,19:45,0,0,0
02/01/2013,20:00,1,0,1
02/01/2013,20:15,0,0,0
02/01/2013,20:30,0,0,0
02/01/2013,20:45,0,0,0
02/01/2013,21:00,1,0,1
02/01/2013,21:15,0,0,0
02/01/2013,21:30,0,0,0
02/01/2013,21:45,0,0,0
02/01/2013,22:00,1,1,0
02/01/2013,22:15,0,0,0
02/01/2013,22:30,0,0,0
02/01/2013,22:45,0,0,0
02/01/2013,23:00,0,0,0
02/01/2013,23:15,0,0,0
02/01/2013,23:30,1,0,1
02/01/2013,23:45,0,0,0
03/01/2013,00:00,0,0,0
03/01/2013,00:15,0,0,0
03/01/2013,00:30,1,1,0
03/01/2013,00:45,0,0,0
03/01/2013,01:00,0,0,0
03/01/2013,01:15,0,0,0
03/01/2013,01:30,0,0,0
03/01/2013,01:45,0,0,0
03/01/2013,02:00,0,0,0
03/01/2013,02:15,0,0,0
03/01/2013,02:30,0,0,0
03/01/2013,02:45,0,0,0
03/01/2013,03:00,0,0,0
03/01/2013,03:15,0,0,0
03/01/2013,03:30,0,0,0
03/01/2013,03:45,0,0,0
03/01/2013,04:00,0,0,0
03/01/2013,04:15,0,0,0
03/01/2013,04:30,0,0,0
03/01/2013,04:45,0,0,0
03/01/2013,05:00,1,0,1
03/01/2013,05:15,0,0,0
03/01/2013,05:30,1,0,1
03/01/2013,05:45,1,0,1
03/01/2013,06:00,0,0,0
03/01/2013,06:15,2,0,2
03/01/2013,06:30,4,2,2
03/01/2013,06:45,7,1,6
03/01/2013,07:00,9,1,8
03/01/2013,07:15,6,2,4
03/01/2013,07:30,7,3,4
03/01/2013,07:45,6,4,2
03/01/2013,08:00,4,1,3
03/01/2013,08:15,9,4,5
03/01/2013,08:30,9,2,7
03/01/2013,08:45,12,4,8
03/01/2013,09:00,13,1,12
03/01/2013,09:15,5,1,4
03/01/2013,09:30,13,4,9
03/01/2013,09:45,15,4,11
03/01/2013,10:00,17,3,14
03/01/2013,10:15,17,3,14
03/01/2013,10:30,18,8,10
03/01/2013,10:45,12,1,11
03/01/2013,11:00,6,3,3
03/01/2013,11:15,24,7,17
03/01/2013,11:30,23,2,21
03/01/2013,11:45,11,6,5
03/01/2013,12:00,5,3,2
03/01/2013,12:15,12,6,6
03/01/2013,12:30,23,10,13
03/01/2013,12:45,8,3,5
03/01/2013,13:00,20,5,15
03/01/2013,13:15,33,7,26
03/01/2013,13:30,19,4,15
03/01/2013,13:45,18,7,11
03/01/2013,14:00,11,4,7
03/01/2013,14:15,18,6,12
03/01/2013,14:30,16,6,10
03/01/2013,14:45,21,6,15
03/01/2013,15:00,25,11,14
03/01/2013,15:15,21,6,15
03/01/2013,15:30,21,7,14
03/01/2013,15:45,11,2,9
03/01/2013,16:00,9,3,6
03/01/2013,16:15,10,3,7
03/01/2013,16:30,12,2,10
03/01/2013,16:45,12,3,9
03/01/2013,17:00,17,8,9
03/01/2013,17:15,4,3,1
03/01/2013,17:30,16,9,7
03/01/2013,17:45,4,3,1
03/01/2013,18:00,6,5,1
03/01/2013,18:15,5,5,0
03/01/2013,18:30,9,7,2
03/01/2013,18:45,2,2,0
03/01/2013,19:00,2,0,2
03/01/2013,19:15,1,1,0
03/01/2013,19:30,0,0,0
03/01/2013,19:45,1,1,0
03/01/2013,20:00,2,2,0
03/01/2013,20:15,1,1,0
03/01/2013,20:30,0,0,0
03/01/2013,20:45,0,0,0
03/01/2013,21:00,2,0,2
03/01/2013,21:15,0,0,0
03/01/2013,21:30,1,0,1
03/01/2013,21:45,1,0,1
03/01/2013,22:00,1,0,1
03/01/2013,22:15,2,1,1
03/01/2013,22:30,0,0,0
03/01/2013,22:45,0,0,0
03/01/2013,23:00,0,0,0
03/01/2013,23:15,0,0,0
03/01/2013,23:30,1,0,1
03/01/2013,23:45,0,0,0
04/01/2013,00:00,0,0,0
04/01/2013,00:15,1,0,1
04/01/2013,00:30,1,1,0
04/01/2013,00:45,0,0,0
04/01/2013,01:00,0,0,0
04/01/2013,01:15,0,0,0
04/01/2013,01:30,0,0,0
04/01/2013,01:45,0,0,0
04/01/2013,02:00,0,0,0
04/01/2013,02:15,0,0,0
04/01/2013,02:30,0,0,0
04/01/2013,02:45,0,0,0
04/01/2013,03:00,0,0,0
04/01/2013,03:15,0,0,0
04/01/2013,03:30,0,0,0
04/01/2013,03:45,0,0,0
04/01/2013,04:00,0,0,0
04/01/2013,04:15,0,0,0
04/01/2013,04:30,0,0,0
04/01/2013,04:45,0,0,0
04/01/2013,05:00,0,0,0
04/01/2013,05:15,1,0,1
04/01/2013,05:30,0,0,0
04/01/2013,05:45,0,0,0
04/01/2013,06:00,2,1,1
04/01/2013,06:15,5,0,5
04/01/2013,06:30,2,1,1
04/01/2013,06:45,4,2,2
04/01/2013,07:00,2,0,2
04/01/2013,07:15,8,4,4
04/01/2013,07:30,3,0,3
04/01/2013,07:45,4,2,2
04/01/2013,08:00,7,1,6
04/01/2013,08:15,7,0,7
04/01/2013,08:30,11,2,9
04/01/2013,08:45,9,3,6
04/01/2013,09:00,8,0,8
04/01/2013,09:15,13,5,8
04/01/2013,09:30,9,2,7
04/01/2013,09:45,18,7,11
04/01/2013,10:00,23,8,15
04/01/2013,10:15,17,2,15
04/01/2013,10:30,20,4,16
04/01/2013,10:45,11,1,10
04/01/2013,11:00,22,7,15
04/01/2013,11:15,11,1,10
04/01/2013,11:30,16,4,12
04/01/2013,11:45,16,4,12
04/01/2013,12:00,8,2,6
04/01/2013,12:15,25,5,20
04/01/2013,12:30,32,13,19
04/01/2013,12:45,41,20,21
04/01/2013,13:00,10,1,9
04/01/2013,13:15,28,8,20
04/01/2013,13:30,26,4,22
04/01/2013,13:45,20,7,13
04/01/2013,14:00,26,9,17
04/01/2013,14:15,19,4,15
04/01/2013,14:30,22,7,15
04/01/2013,14:45,20,6,14
04/01/2013,15:00,25,12,13
04/01/2013,15:15,25,8,17
04/01/2013,15:30,29,13,16
04/01/2013,15:45,29,16,13
04/01/2013,16:00,19,10,9
04/01/2013,16:15,22,7,15
04/01/2013,16:30,18,5,13
04/01/2013,16:45,12,2,10
04/01/2013,17:00,12,5,7
04/01/2013,17:15,2,0,2
04/01/2013,17:30,12,9,3
04/01/2013,17:45,4,3,1
04/01/2013,18:00,2,1,1
04/01/2013,18:15,3,3,0
04/01/2013,18:30,2,1,1
04/01/2013,18:45,0,0,0
04/01/2013,19:00,2,1,1
04/01/2013,19:15,0,0,0
04/01/2013,19:30,0,0,0
04/01/2013,19:45,1,1,0
04/01/2013,20:00,1,1,0
04/01/2013,20:15,0,0,0
04/01/2013,20:30,0,0,0
04/01/2013,20:45,1,0,1
04/01/2013,21:00,0,0,0
04/01/2013,21:15,0,0,0
04/01/2013,21:30,0,0,0
04/01/2013,21:45,0,0,0
04/01/2013,22:00,2,2,0
04/01/2013,22:15,0,0,0
04/01/2013,22:30,0,0,0
04/01/2013,22:45,0,0,0
04/01/2013,23:00,0,0,0
04/01/2013,23:15,0,0,0
04/01/2013,23:30,0,0,0
04/01/2013,23:45,0,0,0
05/01/2013,00:00,0,0,0
05/01/2013,00:15,0,0,0
05/01/2013,00:30,0,0,0
05/01/2013,00:45,0,0,0
05/01/2013,01:00,0,0,0
05/01/2013,01:15,0,0,0
05/01/2013,01:30,0,0,0
05/01/2013,01:45,0,0,0
05/01/2013,02:00,0,0,0
05/01/2013,02:15,0,0,0
05/01/2013,02:30,0,0,0
05/01/2013,02:45,0,0,0
05/01/2013,03:00,0,0,0
05/01/2013,03:15,0,0,0
05/01/2013,03:30,0,0,0
05/01/2013,03:45,0,0,0
05/01/2013,04:00,0,0,0
05/01/2013,04:15,0,0,0
05/01/2013,04:30,0,0,0
05/01/2013,04:45,0,0,0
05/01/2013,05:00,0,0,0
05/01/2013,05:15,0,0,0
05/01/2013,05:30,0,0,0
05/01/2013,05:45,1,0,1
05/01/2013,06:00,1,0,1
05/01/2013,06:15,5,2,3
05/01/2013,06:30,0,0,0
05/01/2013,06:45,3,0,3
05/01/2013,07:00,3,1,2
05/01/2013,07:15,9,3,6
05/01/2013,07:30,11,0,11
05/01/2013,07:45,4,1,3
05/01/2013,08:00,7,0,7
05/01/2013,08:15,5,0,5
05/01/2013,08:30,9,2,7
05/01/2013,08:45,24,1,23
05/01/2013,09:00,16,1,15
05/01/2013,09:15,16,4,12
05/01/2013,09:30,13,3,10
05/01/2013,09:45,19,2,17
05/01/2013,10:00,24,9,15
05/01/2013,10:15,20,3,17
05/01/2013,10:30,22,8,14
05/01/2013,10:45,27,10,17
05/01/2013,11:00,29,11,18
05/01/2013,11:15,24,7,17
05/01/2013,11:30,27,7,20
05/01/2013,11:45,41,21,20
05/01/2013,12:00,36,18,18
05/01/2013,12:15,24,11,13
05/01/2013,12:30,17,5,12
05/01/2013,12:45,18,8,10
05/01/2013,13:00,19,7,12
05/01/2013,13:15,12,1,11
05/01/2013,13:30,21,10,11
05/01/2013,13:45,25,6,19
05/01/2013,14:00,38,13,25
05/01/2013,14:15,8,2,6
05/01/2013,14:30,7,4,3
05/01/2013,14:45,5,4,1
05/01/2013,15:00,11,10,1
05/01/2013,15:15,2,1,1
05/01/2013,15:30,3,1,2
05/01/2013,15:45,4,1,3
05/01/2013,16:00,2,1,1
05/01/2013,16:15,1,0,1
05/01/2013,16:30,1,1,0
05/01/2013,16:45,0,0,0
05/01/2013,17:00,0,0,0
05/01/2013,17:15,1,0,1
05/01/2013,17:30,0,0,0
05/01/2013,17:45,0,0,0
05/01/2013,18:00,1,1,0
05/01/2013,18:15,0,0,0
05/01/2013,18:30,1,1,0
05/01/2013,18:45,0,0,0
05/01/2013,19:00,0,0,0
05/01/2013,19:15,1,0,1
05/01/2013,19:30,0,0,0
05/01/2013,19:45,0,0,0
05/01/2013,20:00,0,0,0
05/01/2013,20:15,0,0,0
05/01/2013,20:30,0,0,0
05/01/2013,20:45,1,0,1
05/01/2013,21:00,0,0,0
05/01/2013,21:15,0,0,0
05/01/2013,21:30,1,0,1
05/01/2013,21:45,0,0,0
05/01/2013,22:00,0,0,0
05/01/2013,22:15,0,0,0
05/01/2013,22:30,0,0,0
05/01/2013,22:45,0,0,0
05/01/2013,23:00,0,0,0
05/01/2013,23:15,0,0,0
05/01/2013,23:30,0,0,0
05/01/2013,23:45,0,0,0
06/01/2013,00:00,1,0,1
06/01/2013,00:15,0,0,0
06/01/2013,00:30,0,0,0
06/01/2013,00:45,0,0,0
06/01/2013,01:00,0,0,0
06/01/2013,01:15,0,0,0
06/01/2013,01:30,0,0,0
06/01/2013,01:45,0,0,0
06/01/2013,02:00,0,0,0
06/01/2013,02:15,0,0,0
06/01/2013,02:30,0,0,0
06/01/2013,02:45,0,0,0
06/01/2013,03:00,0,0,0
06/01/2013,03:15,0,0,0
06/01/2013,03:30,0,0,0
06/01/2013,03:45,0,0,0
06/01/2013,04:00,0,0,0
06/01/2013,04:15,0,0,0
06/01/2013,04:30,0,0,0
06/01/2013,04:45,0,0,0
06/01/2013,05:00,0,0,0
06/01/2013,05:15,0,0,0
06/01/2013,05:30,0,0,0
06/01/2013,05:45,0,0,0
06/01/2013,06:00,1,0,1
06/01/2013,06:15,0,0,0
06/01/2013,06:30,0,0,0
06/01/2013,06:45,3,0,3
06/01/2013,07:00,3,0,3
06/01/2013,07:15,3,0,3
06/01/2013,07:30,4,0,4
06/01/2013,07:45,8,0,8
06/01/2013,08:00,10,0,10
06/01/2013,08:15,10,0,10
06/01/2013,08:30,6,0,6
06/01/2013,08:45,7,0,7
06/01/2013,09:00,8,2,6
06/01/2013,09:15,12,2,10
06/01/2013,09:30,11,4,7
06/01/2013,09:45,13,4,9
06/01/2013,10:00,11,1,10
06/01/2013,10:15,12,5,7
06/01/2013,10:30,21,9,12
06/01/2013,10:45,24,8,16
06/01/2013,11:00,17,4,13
06/01/2013,11:15,21,7,14
06/01/2013,11:30,19,4,15
06/01/2013,11:45,25,6,19
06/01/2013,12:00,18,2,16
06/01/2013,12:15,9,2,7
06/01/2013,12:30,19,9,10
06/01/2013,12:45,20,4,16
06/01/2013,13:00,21,3,18
06/01/2013,13:15,22,5,17
06/01/2013,13:30,26,8,18
06/01/2013,13:45,19,5,14
06/01/2013,14:00,30,8,22
06/01/2013,14:15,23,2,21
06/01/2013,14:30,23,7,16
06/01/2013,14:45,25,10,15
06/01/2013,15:00,26,5,21
06/01/2013,15:15,30,12,18
06/01/2013,15:30,20,8,12
06/01/2013,15:45,28,9,19
06/01/2013,16:00,21,5,16
06/01/2013,16:15,20,2,18
06/01/2013,16:30,23,3,20
06/01/2013,16:45,18,5,13
06/01/2013,17:00,15,5,10
06/01/2013,17:15,10,3,7
06/01/2013,17:30,4,1,3
06/01/2013,17:45,2,1,1
06/01/2013,18:00,1,1,0
06/01/2013,18:15,0,0,0
06/01/2013,18:30,1,0,1
06/01/2013,18:45,4,2,2
06/01/2013,19:00,2,1,1
06/01/2013,19:15,0,0,0
06/01/2013,19:30,2,1,1
06/01/2013,19:45,0,0,0
06/01/2013,20:00,0,0,0
06/01/2013,20:15,0,0,0
06/01/2013,20:30,0,0,0
06/01/2013,20:45,0,0,0
06/01/2013,21:00,0,0,0
06/01/2013,21:15,0,0,0
06/01/2013,21:30,0,0,0
06/01/2013,21:45,0,0,0
06/01/2013,22:00,0,0,0
06/01/2013,22:15,0,0,0
06/01/2013,22:30,0,0,0
06/01/2013,22:45,0,0,0
06/01/2013,23:00,0,0,0
06/01/2013,23:15,0,0,0
06/01/2013,23:30,0,0,0
06/01/2013,23:45,0,0,0
07/01/2013,00:00,0,0,0
07/01/2013,00:15,1,1,0
07/01/2013,00:30,0,0,0
07/01/2013,00:45,0,0,0
07/01/2013,01:00,0,0,0
07/01/2013,01:15,0,0,0
07/01/2013,01:30,0,0,0
07/01/2013,01:45,0,0,0
07/01/2013,02:00,0,0,0
07/01/2013,02:15,0,0,0
07/01/2013,02:30,0,0,0
07/01/2013,02:45,0,0,0
07/01/2013,03:00,0,0,0
07/01/2013,03:15,0,0,0
07/01/2013,03:30,0,0,0
07/01/2013,03:45,0,0,0
07/01/2013,04:00,0,0,0
07/01/2013,04:15,0,0,0
07/01/2013,04:30,0,0,0
07/01/2013,04:45,0,0,0
07/01/2013,05:00,0,0,0
07/01/2013,05:15,1,1,0
07/01/2013,05:30,0,0,0
07/01/2013,05:45,0,0,0
07/01/2013,06:00,2,0,2
07/01/2013,06:15,8,1,7
07/01/2013,06:30,3,0,3
07/01/2013,06:45,7,1,6
07/01/2013,07:00,9,1,8
07/01/2013,07:15,7,3,4
07/01/2013,07:30,8,2,6
07/01/2013,07:45,19,16,3
07/01/2013,08:00,17,12,5
07/01/2013,08:15,7,2,5
07/01/2013,08:30,9,3,6
07/01/2013,08:45,13,6,7
07/01/2013,09:00,7,2,5
07/01/2013,09:15,11,2,9
07/01/2013,09:30,10,1,9
07/01/2013,09:45,14,0,14
07/01/2013,10:00,10,2,8
07/01/2013,10:15,4,0,4
07/01/2013,10:30,6,0,6
07/01/2013,10:45,9,1,8
07/01/2013,11:00,12,2,10
07/01/2013,11:15,16,7,9
07/01/2013,11:30,22,6,16
07/01/2013,11:45,11,2,9
07/01/2013,12:00,19,10,9
07/01/2013,12:15,9,3,6
07/01/2013,12:30,12,4,8
07/01/2013,12:45,11,4,7
07/01/2013,13:00,12,4,8
07/01/2013,13:15,14,6,8
07/01/2013,13:30,17,7,10
07/01/2013,13:45,25,8,17
07/01/2013,14:00,16,8,8
07/01/2013,14:15,14,2,12
07/01/2013,14:30,14,7,7
07/01/2013,14:45,17,5,12
07/01/2013,15:00,21,7,14
07/01/2013,15:15,18,8,10
07/01/2013,15:30,21,6,15
07/01/2013,15:45,22,9,13
07/01/2013,16:00,20,6,14
07/01/2013,16:15,16,5,11
07/01/2013,16:30,16,4,12
07/01/2013,16:45,14,2,12
07/01/2013,17:00,20,8,12
07/01/2013,17:15,12,4,8
07/01/2013,17:30,13,7,6
07/01/2013,17:45,4,4,0
07/01/2013,18:00,7,5,2
07/01/2013,18:15,6,4,2
07/01/2013,18:30,13,11,2
07/01/2013,18:45,0,0,0
07/01/2013,19:00,4,4,0
07/01/2013,19:15,0,0,0
07/01/2013,19:30,0,0,0
07/01/2013,19:45,5,3,2
07/01/2013,20:00,0,0,0
07/01/2013,20:15,3,0,3
07/01/2013,20:30,1,0,1
07/01/2013,20:45,0,0,0
07/01/2013,21:00,1,0,1
07/01/2013,21:15,0,0,0
07/01/2013,21:30,0,0,0
07/01/2013,21:45,1,1,0
07/01/2013,22:00,0,0,0
07/01/2013,22:15,1,1,0
07/01/2013,22:30,0,0,0
07/01/2013,22:45,0,0,0
07/01/2013,23:00,0,0,0
07/01/2013,23:15,0,0,0
07/01/2013,23:30,0,0,0
07/01/2013,23:45,0,0,0
08/01/2013,00:00,0,0,0
08/01/2013,00:15,0,0,0
08/01/2013,00:30,0,0,0
08/01/2013,00:45,0,0,0
08/01/2013,01:00,1,1,0
08/01/2013,01:15,0,0,0
08/01/2013,01:30,0,0,0
08/01/2013,01:45,0,0,0
08/01/2013,02:00,0,0,0
08/01/2013,02:15,0,0,0
08/01/2013,02:30,0,0,0
08/01/2013,02:45,0,0,0
08/01/2013,03:00,0,0,0
08/01/2013,03:15,0,0,0
08/01/2013,03:30,0,0,0
08/01/2013,03:45,0,0,0
08/01/2013,04:00,0,0,0
08/01/2013,04:15,0,0,0
08/01/2013,04:30,0,0,0
08/01/2013,04:45,0,0,0
08/01/2013,05:00,1,1,0
08/01/2013,05:15,1,0,1
08/01/2013,05:30,0,0,0
08/01/2013,05:45,2,0,2
08/01/2013,06:00,3,0,3
08/01/2013,06:15,5,1,4
08/01/2013,06:30,5,3,2
08/01/2013,06:45,7,3,4
08/01/2013,07:00,2,0,2
08/01/2013,07:15,9,5,4
08/01/2013,07:30,8,4,4
08/01/2013,07:45,21,15,6
08/01/2013,08:00,26,16,10
08/01/2013,08:15,21,6,15
08/01/2013,08:30,14,1,13
08/01/2013,08:45,13,6,7
08/01/2013,09:00,8,2,6
08/01/2013,09:15,5,1,4
08/01/2013,09:30,6,0,6
08/01/2013,09:45,21,3,18
08/01/2013,10:00,21,8,13
08/01/2013,10:15,37,6,31
08/01/2013,10:30,16,2,14
08/01/2013,10:45,23,5,18
08/01/2013,11:00,18,8,10
08/01/2013,11:15,14,3,11
08/01/2013,11:30,24,4,20
08/01/2013,11:45,22,5,17
08/01/2013,12:00,13,3,10
08/01/2013,12:15,11,0,11
08/01/2013,12:30,13,3,10
08/01/2013,12:45,14,2,12
08/01/2013,13:00,18,9,9
08/01/2013,13:15,32,11,21
08/01/2013,13:30,21,5,16
08/01/2013,13:45,15,5,10
08/01/2013,14:00,19,7,12
08/01/2013,14:15,13,5,8
08/01/2013,14:30,16,6,10
08/01/2013,14:45,30,8,22
08/01/2013,15:00,22,7,15
08/01/2013,15:15,41,27,14
08/01/2013,15:30,36,16,20
08/01/2013,15:45,25,7,18
08/01/2013,16:00,23,10,13
08/01/2013,16:15,25,5,20
08/01/2013,16:30,18,6,12
08/01/2013,16:45,19,7,12
08/01/2013,17:00,26,15,11
08/01/2013,17:15,10,2,8
08/01/2013,17:30,12,10,2
08/01/2013,17:45,2,2,0
08/01/2013,18:00,2,2,0
08/01/2013,18:15,9,9,0
08/01/2013,18:30,10,10,0
08/01/2013,18:45,3,2,1
08/01/2013,19:00,3,3,0
08/01/2013,19:15,1,1,0
08/01/2013,19:30,1,0,1
08/01/2013,19:45,2,2,0
08/01/2013,20:00,0,0,0
08/01/2013,20:15,1,1,0
08/01/2013,20:30,1,1,0
08/01/2013,20:45,0,0,0
08/01/2013,21:00,0,0,0
08/01/2013,21:15,0,0,0
08/01/2013,21:30,0,0,0
08/01/2013,21:45,1,0,1
08/01/2013,22:00,2,2,0
08/01/2013,22:15,1,0,1
08/01/2013,22:30,0,0,0
08/01/2013,22:45,0,0,0
08/01/2013,23:00,0,0,0
08/01/2013,23:15,0,0,0
08/01/2013,23:30,0,0,0
08/01/2013,23:45,0,0,0
09/01/2013,00:00,0,0,0
09/01/2013,00:15,0,0,0
09/01/2013,00:30,0,0,0
09/01/2013,00:45,0,0,0
09/01/2013,01:00,0,0,0
09/01/2013,01:15,0,0,0
09/01/2013,01:30,0,0,0
09/01/2013,01:45,0,0,0
09/01/2013,02:00,0,0,0
09/01/2013,02:15,0,0,0
09/01/2013,02:30,0,0,0
09/01/2013,02:45,1,1,0
09/01/2013,03:00,0,0,0
09/01/2013,03:15,0,0,0
09/01/2013,03:30,0,0,0
09/01/2013,03:45,0,0,0
09/01/2013,04:00,0,0,0
09/01/2013,04:15,0,0,0
09/01/2013,04:30,0,0,0
09/01/2013,04:45,0,0,0
09/01/2013,05:00,1,1,0
09/01/2013,05:15,2,1,1
09/01/2013,05:30,0,0,0
09/01/2013,05:45,2,0,2
09/01/2013,06:00,3,1,2
09/01/2013,06:15,5,2,3
09/01/2013,06:30,6,1,5
09/01/2013,06:45,8,4,4
09/01/2013,07:00,9,2,7
09/01/2013,07:15,11,4,7
09/01/2013,07:30,9,6,3
09/01/2013,07:45,15,7,8
09/01/2013,08:00,25,17,8
09/01/2013,08:15,9,3,6
09/01/2013,08:30,4,1,3
09/01/2013,08:45,12,5,7
09/01/2013,09:00,20,9,11
09/01/2013,09:15,12,0,12
09/01/2013,09:30,15,2,13
09/01/2013,09:45,13,1,12
09/01/2013,10:00,12,1,11
09/01/2013,10:15,12,3,9
09/01/2013,10:30,16,3,13
09/01/2013,10:45,16,4,12
09/01/2013,11:00,19,3,16
09/01/2013,11:15,13,4,9
09/01/2013,11:30,11,1,10
09/01/2013,11:45,14,2,12
09/01/2013,12:00,16,4,12
09/01/2013,12:15,10,4,6
09/01/2013,12:30,7,1,6
09/01/2013,12:45,13,2,11
09/01/2013,13:00,15,2,13
09/01/2013,13:15,27,10,17
09/01/2013,13:30,12,3,9
09/01/2013,13:45,9,5,4
09/01/2013,14:00,6,3,3
09/01/2013,14:15,9,5,4
09/01/2013,14:30,6,5,1
09/01/2013,14:45,3,1,2
09/01/2013,15:00,3,2,1
09/01/2013,15:15,16,13,3
09/01/2013,15:30,8,5,3
09/01/2013,15:45,6,4,2
09/01/2013,16:00,7,6,1
09/01/2013,16:15,8,1,7
09/01/2013,16:30,10,1,9
09/01/2013,16:45,9,3,6
09/01/2013,17:00,12,6,6
09/01/2013,17:15,8,2,6
09/01/2013,17:30,9,7,2
09/01/2013,17:45,5,1,4
09/01/2013,18:00,4,3,1
09/01/2013,18:15,7,7,0
09/01/2013,18:30,11,11,0
09/01/2013,18:45,1,0,1
09/01/2013,19:00,3,3,0
09/01/2013,19:15,1,0,1
09/01/2013,19:30,3,1,2
09/01/2013,19:45,0,0,0
09/01/2013,20:00,2,0,2
09/01/2013,20:15,0,0,0
09/01/2013,20:30,1,1,0
09/01/2013,20:45,1,1,0
09/01/2013,21:00,0,0,0
09/01/2013,21:15,1,1,0
09/01/2013,21:30,0,0,0
09/01/2013,21:45,0,0,0
09/01/2013,22:00,1,1,0
09/01/2013,22:15,1,1,0
09/01/2013,22:30,0,0,0
09/01/2013,22:45,0,0,0
09/01/2013,23:00,0,0,0
09/01/2013,23:15,0,0,0
09/01/2013,23:30,0,0,0
09/01/2013,23:45,0,0,0
10/01/2013,00:00,0,0,0
10/01/2013,00:15,0,0,0
10/01/2013,00:30,0,0,0
10/01/2013,00:45,0,0,0
10/01/2013,01:00,0,0,0
10/01/2013,01:15,0,0,0
10/01/2013,01:30,0,0,0
10/01/2013,01:45,0,0,0
10/01/2013,02:00,0,0,0
10/01/2013,02:15,0,0,0
10/01/2013,02:30,0,0,0
10/01/2013,02:45,2,0,2
10/01/2013,03:00,0,0,0
10/01/2013,03:15,1,0,1
10/01/2013,03:30,0,0,0
10/01/2013,03:45,0,0,0
10/01/2013,04:00,0,0,0
10/01/2013,04:15,0,0,0
10/01/2013,04:30,0,0,0
10/01/2013,04:45,0,0,0
10/01/2013,05:00,1,0,1
10/01/2013,05:15,1,0,1
10/01/2013,05:30,0,0,0
10/01/2013,05:45,2,0,2
10/01/2013,06:00,3,1,2
10/01/2013,06:15,5,1,4
10/01/2013,06:30,3,0,3
10/01/2013,06:45,4,2,2
10/01/2013,07:00,13,3,10
10/01/2013,07:15,5,3,2
10/01/2013,07:30,11,6,5
10/01/2013,07:45,10,6,4
10/01/2013,08:00,13,9,4
10/01/2013,08:15,12,4,8
10/01/2013,08:30,12,0,12
10/01/2013,08:45,18,4,14
10/01/2013,09:00,7,0,7
10/01/2013,09:15,14,1,13
10/01/2013,09:30,13,4,9
10/01/2013,09:45,10,1,9
10/01/2013,10:00,14,2,12
10/01/2013,10:15,9,5,4
10/01/2013,10:30,16,2,14
10/01/2013,10:45,12,2,10
10/01/2013,11:00,18,3,15
10/01/2013,11:15,14,2,12
10/01/2013,11:30,13,2,11
10/01/2013,11:45,16,3,13
10/01/2013,12:00,19,4,15
10/01/2013,12:15,12,2,10
10/01/2013,12:30,13,2,11
10/01/2013,12:45,17,4,13
10/01/2013,13:00,17,3,14
10/01/2013,13:15,18,3,15
10/01/2013,13:30,9,4,5
10/01/2013,13:45,10,2,8
10/01/2013,14:00,16,6,10
10/01/2013,14:15,22,6,16
10/01/2013,14:30,11,4,7
10/01/2013,14:45,13,4,9
10/01/2013,15:00,10,0,10
10/01/2013,15:15,31,24,7
10/01/2013,15:30,22,12,10
10/01/2013,15:45,17,6,11
10/01/2013,16:00,12,1,11
10/01/2013,16:15,15,4,11
10/01/2013,16:30,20,11,9
10/01/2013,16:45,13,6,7
10/01/2013,17:00,35,26,9
10/01/2013,17:15,10,2,8
10/01/2013,17:30,7,2,5
10/01/2013,17:45,3,2,1
10/01/2013,18:00,4,3,1
10/01/2013,18:15,8,8,0
10/01/2013,18:30,9,9,0
10/01/2013,18:45,2,0,2
10/01/2013,19:00,7,6,1
10/01/2013,19:15,0,0,0
10/01/2013,19:30,0,0,0
10/01/2013,19:45,1,0,1
10/01/2013,20:00,1,1,0
10/01/2013,20:15,2,2,0
10/01/2013,20:30,2,2,0
10/01/2013,20:45,1,1,0
10/01/2013,21:00,0,0,0
10/01/2013,21:15,0,0,0
10/01/2013,21:30,0,0,0
10/01/2013,21:45,1,1,0
10/01/2013,22:00,0,0,0
10/01/2013,22:15,0,0,0
10/01/2013,22:30,0,0,0
10/01/2013,22:45,0,0,0
10/01/2013,23:00,0,0,0
10/01/2013,23:15,0,0,0
10/01/2013,23:30,0,0,0
10/01/2013,23:45,0,0,0
11/01/2013,00:00,0,0,0
11/01/2013,00:15,0,0,0
11/01/2013,00:30,0,0,0
11/01/2013,00:45,0,0,0
11/01/2013,01:00,0,0,0
11/01/2013,01:15,0,0,0
11/01/2013,01:30,0,0,0
11/01/2013,01:45,0,0,0
11/01/2013,02:00,0,0,0
11/01/2013,02:15,0,0,0
11/01/2013,02:30,0,0,0
11/01/2013,02:45,0,0,0
11/01/2013,03:00,0,0,0
11/01/2013,03:15,0,0,0
11/01/2013,03:30,0,0,0
11/01/2013,03:45,0,0,0
11/01/2013,04:00,0,0,0
11/01/2013,04:15,0,0,0
11/01/2013,04:30,0,0,0
11/01/2013,04:45,0,0,0
11/01/2013,05:00,0,0,0
11/01/2013,05:15,0,0,0
11/01/2013,05:30,0,0,0
11/01/2013,05:45,0,0,0
11/01/2013,06:00,4,4,0
11/01/2013,06:15,6,1,5
11/01/2013,06:30,3,0,3
11/01/2013,06:45,3,2,1
11/01/2013,07:00,5,2,3
11/01/2013,07:15,7,4,3
11/01/2013,07:30,13,8,5
11/01/2013,07:45,9,6,3
11/01/2013,08:00,11,10,1
11/01/2013,08:15,10,0,10
11/01/2013,08:30,13,1,12
11/01/2013,08:45,24,7,17
11/01/2013,09:00,9,2,7
11/01/2013,09:15,13,1,12
11/01/2013,09:30,8,1,7
11/01/2013,09:45,6,0,6
11/01/2013,10:00,15,3,12
11/01/2013,10:15,11,1,10
11/01/2013,10:30,20,2,18
11/01/2013,10:45,18,4,14
11/01/2013,11:00,12,0,12
11/01/2013,11:15,16,1,15
11/01/2013,11:30,7,2,5
11/01/2013,11:45,14,6,8
11/01/2013,12:00,13,3,10
11/01/2013,12:15,9,0,9
11/01/2013,12:30,12,3,9
11/01/2013,12:45,13,1,12
11/01/2013,13:00,10,3,7
11/01/2013,13:15,6,1,5
11/01/2013,13:30,5,2,3
11/01/2013,13:45,12,3,9
11/01/2013,14:00,10,1,9
11/01/2013,14:15,14,2,12
11/01/2013,14:30,13,5,8
11/01/2013,14:45,6,1,5
11/01/2013,15:00,11,3,8
11/01/2013,15:15,16,4,12
11/01/2013,15:30,28,18,10
11/01/2013,15:45,19,6,13
11/01/2013,16:00,12,2,10
11/01/2013,16:15,15,8,7
11/01/2013,16:30,19,8,11
11/01/2013,16:45,18,6,12
11/01/2013,17:00,11,9,2
11/01/2013,17:15,9,4,5
11/01/2013,17:30,4,2,2
11/01/2013,17:45,5,5,0
11/01/2013,18:00,0,0,0
11/01/2013,18:15,3,3,0
11/01/2013,18:30,2,2,0
11/01/2013,18:45,5,2,3
11/01/2013,19:00,6,3,3
11/01/2013,19:15,0,0,0
11/01/2013,19:30,1,0,1
11/01/2013,19:45,0,0,0
11/01/2013,20:00,2,2,0
11/01/2013,20:15,0,0,0
11/01/2013,20:30,0,0,0
11/01/2013,20:45,0,0,0
11/01/2013,21:00,1,1,0
11/01/2013,21:15,0,0,0
11/01/2013,21:30,0,0,0
11/01/2013,21:45,0,0,0
11/01/2013,22:00,0,0,0
11/01/2013,22:15,0,0,0
11/01/2013,22:30,0,0,0
11/01/2013,22:45,0,0,0
11/01/2013,23:00,0,0,0
11/01/2013,23:15,0,0,0
11/01/2013,23:30,0,0,0
11/01/2013,23:45,0,0,0
12/01/2013,00:00,0,0,0
12/01/2013,00:15,0,0,0
12/01/2013,00:30,0,0,0
12/01/2013,00:45,0,0,0
12/01/2013,01:00,0,0,0
12/01/2013,01:15,0,0,0
12/01/2013,01:30,0,0,0
12/01/2013,01:45,0,0,0
12/01/2013,02:00,0,0,0
12/01/2013,02:15,0,0,0
12/01/2013,02:30,0,0,0
12/01/2013,02:45,0,0,0
12/01/2013,03:00,0,0,0
12/01/2013,03:15,0,0,0
12/01/2013,03:30,0,0,0
12/01/2013,03:45,0,0,0
12/01/2013,04:00,0,0,0
12/01/2013,04:15,0,0,0
12/01/2013,04:30,0,0,0
12/01/2013,04:45,0,0,0
12/01/2013,05:00,0,0,0
12/01/2013,05:15,0,0,0
12/01/2013,05:30,1,1,0
12/01/2013,05:45,0,0,0
12/01/2013,06:00,0,0,0
12/01/2013,06:15,2,0,2
12/01/2013,06:30,1,0,1
12/01/2013,06:45,0,0,0
12/01/2013,07:00,2,0,2
12/01/2013,07:15,2,0,2
12/01/2013,07:30,5,0,5
12/01/2013,07:45,2,0,2
12/01/2013,08:00,3,0,3
12/01/2013,08:15,5,1,4
12/01/2013,08:30,12,1,11
12/01/2013,08:45,19,1,18
12/01/2013,09:00,30,6,24
12/01/2013,09:15,25,5,20
12/01/2013,09:30,29,6,23
12/01/2013,09:45,20,5,15
12/01/2013,10:00,20,7,13
12/01/2013,10:15,26,5,21
12/01/2013,10:30,28,1,27
12/01/2013,10:45,31,9,22
12/01/2013,11:00,23,3,20
12/01/2013,11:15,17,2,15
12/01/2013,11:30,19,2,17
12/01/2013,11:45,22,4,18
12/01/2013,12:00,32,17,15
12/01/2013,12:15,21,10,11
12/01/2013,12:30,37,9,28
12/01/2013,12:45,33,9,24
12/01/2013,13:00,39,11,28
12/01/2013,13:15,34,12,22
12/01/2013,13:30,19,4,15
12/01/2013,13:45,34,17,17
12/01/2013,14:00,29,9,20
12/01/2013,14:15,28,13,15
12/01/2013,14:30,30,13,17
12/01/2013,14:45,28,13,15
12/01/2013,15:00,21,10,11
12/01/2013,15:15,28,9,19
12/01/2013,15:30,51,12,39
12/01/2013,15:45,14,1,13
12/01/2013,16:00,33,13,20
12/01/2013,16:15,19,4,15
12/01/2013,16:30,9,1,8
12/01/2013,16:45,12,3,9
12/01/2013,17:00,10,2,8
12/01/2013,17:15,5,0,5
12/01/2013,17:30,3,1,2
12/01/2013,17:45,1,0,1
12/01/2013,18:00,1,1,0
12/01/2013,18:15,1,1,0
12/01/2013,18:30,0,0,0
12/01/2013,18:45,0,0,0
12/01/2013,19:00,0,0,0
12/01/2013,19:15,0,0,0
12/01/2013,19:30,1,1,0
12/01/2013,19:45,1,1,0
12/01/2013,20:00,0,0,0
12/01/2013,20:15,0,0,0
12/01/2013,20:30,0,0,0
12/01/2013,20:45,0,0,0
12/01/2013,21:00,1,1,0
12/01/2013,21:15,0,0,0
12/01/2013,21:30,0,0,0
12/01/2013,21:45,0,0,0
12/01/2013,22:00,0,0,0
12/01/2013,22:15,1,0,1
12/01/2013,22:30,0,0,0
12/01/2013,22:45,0,0,0
12/01/2013,23:00,0,0,0
12/01/2013,23:15,0,0,0
12/01/2013,23:30,0,0,0
12/01/2013,23:45,0,0,0
13/01/2013,00:00,0,0,0
13/01/2013,00:15,0,0,0
13/01/2013,00:30,0,0,0
13/01/2013,00:45,0,0,0
13/01/2013,01:00,0,0,0
13/01/2013,01:15,0,0,0
13/01/2013,01:30,0,0,0
13/01/2013,01:45,0,0,0
13/01/2013,02:00,0,0,0
13/01/2013,02:15,0,0,0
13/01/2013,02:30,0,0,0
13/01/2013,02:45,0,0,0
13/01/2013,03:00,0,0,0
13/01/2013,03:15,0,0,0
13/01/2013,03:30,0,0,0
13/01/2013,03:45,0,0,0
13/01/2013,04:00,0,0,0
13/01/2013,04:15,0,0,0
13/01/2013,04:30,0,0,0
13/01/2013,04:45,0,0,0
13/01/2013,05:00,0,0,0
13/01/2013,05:15,0,0,0
13/01/2013,05:30,0,0,0
13/01/2013,05:45,0,0,0
13/01/2013,06:00,0,0,0
13/01/2013,06:15,0,0,0
13/01/2013,06:30,0,0,0
13/01/2013,06:45,4,0,4
13/01/2013,07:00,0,0,0
13/01/2013,07:15,2,1,1
13/01/2013,07:30,2,1,1
13/01/2013,07:45,1,0,1
13/01/2013,08:00,3,1,2
13/01/2013,08:15,9,0,9
13/01/2013,08:30,12,4,8
13/01/2013,08:45,2,1,1
13/01/2013,09:00,12,2,10
13/01/2013,09:15,15,1,14
13/01/2013,09:30,8,2,6
13/01/2013,09:45,25,7,18
13/01/2013,10:00,14,3,11
13/01/2013,10:15,22,2,20
13/01/2013,10:30,20,5,15
13/01/2013,10:45,18,3,15
13/01/2013,11:00,21,9,12
13/01/2013,11:15,27,6,21
13/01/2013,11:30,34,11,23
13/01/2013,11:45,32,5,27
13/01/2013,12:00,23,7,16
13/01/2013,12:15,22,9,13
13/01/2013,12:30,11,3,8
13/01/2013,12:45,14,7,7
13/01/2013,13:00,16,6,10
13/01/2013,13:15,15,3,12
13/01/2013,13:30,34,18,16
13/01/2013,13:45,27,15,12
13/01/2013,14:00,35,10,25
13/01/2013,14:15,42,20,22
13/01/2013,14:30,42,20,22
13/01/2013,14:45,31,8,23
13/01/2013,15:00,42,15,27
13/01/2013,15:15,38,11,27
13/01/2013,15:30,47,17,30
13/01/2013,15:45,40,10,30
13/01/2013,16:00,31,12,19
13/01/2013,16:15,23,11,12
13/01/2013,16:30,17,10,7
13/01/2013,16:45,10,3,7
13/01/2013,17:00,9,6,3
13/01/2013,17:15,3,1,2
13/01/2013,17:30,2,0,2
13/01/2013,17:45,2,2,0
13/01/2013,18:00,0,0,0
13/01/2013,18:15,1,1,0
13/01/2013,18:30,0,0,0
13/01/2013,18:45,1,1,0
13/01/2013,19:00,0,0,0
13/01/2013,19:15,1,0,1
13/01/2013,19:30,1,1,0
13/01/2013,19:45,1,0,1
13/01/2013,20:00,0,0,0
13/01/2013,20:15,1,1,0
13/01/2013,20:30,0,0,0
13/01/2013,20:45,0,0,0
13/01/2013,21:00,3,2,1
13/01/2013,21:15,1,0,1
13/01/2013,21:30,1,0,1
13/01/2013,21:45,0,0,0
13/01/2013,22:00,2,2,0
13/01/2013,22:15,0,0,0
13/01/2013,22:30,0,0,0
13/01/2013,22:45,0,0,0
13/01/2013,23:00,0,0,0
13/01/2013,23:15,0,0,0
13/01/2013,23:30,0,0,0
13/01/2013,23:45,0,0,0
14/01/2013,00:00,0,0,0
14/01/2013,00:15,0,0,0
14/01/2013,00:30,0,0,0
14/01/2013,00:45,0,0,0
14/01/2013,01:00,0,0,0
14/01/2013,01:15,0,0,0
14/01/2013,01:30,0,0,0
14/01/2013,01:45,0,0,0
14/01/2013,02:00,0,0,0
14/01/2013,02:15,0,0,0
14/01/2013,02:30,0,0,0
14/01/2013,02:45,0,0,0
14/01/2013,03:00,0,0,0
14/01/2013,03:15,0,0,0
14/01/2013,03:30,0,0,0
14/01/2013,03:45,0,0,0
14/01/2013,04:00,0,0,0
14/01/2013,04:15,0,0,0
14/01/2013,04:30,0,0,0
14/01/2013,04:45,0,0,0
14/01/2013,05:00,0,0,0
14/01/2013,05:15,0,0,0
14/01/2013,05:30,1,0,1
14/01/2013,05:45,1,0,1
14/01/2013,06:00,4,0,4
14/01/2013,06:15,7,3,4
14/01/2013,06:30,5,0,5
14/01/2013,06:45,4,1,3
14/01/2013,07:00,6,2,4
14/01/2013,07:15,6,6,0
14/01/2013,07:30,11,7,4
14/01/2013,07:45,13,12,1
14/01/2013,08:00,11,9,2
14/01/2013,08:15,7,3,4
14/01/2013,08:30,11,2,9
14/01/2013,08:45,14,4,10
14/01/2013,09:00,16,0,16
14/01/2013,09:15,6,0,6
14/01/2013,09:30,11,2,9
14/01/2013,09:45,6,0,6
14/01/2013,10:00,10,2,8
14/01/2013,10:15,14,3,11
14/01/2013,10:30,18,3,15
14/01/2013,10:45,13,3,10
14/01/2013,11:00,15,1,14
14/01/2013,11:15,9,2,7
14/01/2013,11:30,15,1,14
14/01/2013,11:45,8,3,5
14/01/2013,12:00,13,2,11
14/01/2013,12:15,18,5,13
14/01/2013,12:30,18,3,15
14/01/2013,12:45,11,2,9
14/01/2013,13:00,12,3,9
14/01/2013,13:15,12,2,10
14/01/2013,13:30,27,8,19
14/01/2013,13:45,15,5,10
14/01/2013,14:00,19,8,11
14/01/2013,14:15,23,9,14
14/01/2013,14:30,18,2,16
14/01/2013,14:45,16,4,12
14/01/2013,15:00,15,7,8
14/01/2013,15:15,22,9,13
14/01/2013,15:30,34,22,12
14/01/2013,15:45,19,7,12
14/01/2013,16:00,13,4,9
14/01/2013,16:15,13,5,8
14/01/2013,16:30,10,4,6
14/01/2013,16:45,11,4,7
14/01/2013,17:00,13,7,6
14/01/2013,17:15,7,2,5
14/01/2013,17:30,10,5,5
14/01/2013,17:45,3,1,2
14/01/2013,18:00,3,1,2
14/01/2013,18:15,15,14,1
14/01/2013,18:30,16,14,2
14/01/2013,18:45,6,1,5
14/01/2013,19:00,10,10,0
14/01/2013,19:15,5,5,0
14/01/2013,19:30,0,0,0
14/01/2013,19:45,0,0,0
14/01/2013,20:00,2,2,0
14/01/2013,20:15,0,0,0
14/01/2013,20:30,0,0,0
14/01/2013,20:45,7,6,1
14/01/2013,21:00,0,0,0
14/01/2013,21:15,0,0,0
14/01/2013,21:30,0,0,0
14/01/2013,21:45,1,1,0
14/01/2013,22:00,0,0,0
14/01/2013,22:15,1,1,0
14/01/2013,22:30,0,0,0
14/01/2013,22:45,0,0,0
14/01/2013,23:00,0,0,0
14/01/2013,23:15,0,0,0
14/01/2013,23:30,0,0,0
14/01/2013,23:45,1,0,1
15/01/2013,00:00,0,0,0
15/01/2013,00:15,0,0,0
15/01/2013,00:30,1,1,0
15/01/2013,00:45,0,0,0
15/01/2013,01:00,0,0,0
15/01/2013,01:15,0,0,0
15/01/2013,01:30,0,0,0
15/01/2013,01:45,0,0,0
15/01/2013,02:00,0,0,0
15/01/2013,02:15,0,0,0
15/01/2013,02:30,0,0,0
15/01/2013,02:45,0,0,0
15/01/2013,03:00,0,0,0
15/01/2013,03:15,0,0,0
15/01/2013,03:30,0,0,0
15/01/2013,03:45,0,0,0
15/01/2013,04:00,0,0,0
15/01/2013,04:15,0,0,0
15/01/2013,04:30,2,0,2
15/01/2013,04:45,0,0,0
15/01/2013,05:00,1,1,0
15/01/2013,05:15,0,0,0
15/01/2013,05:30,0,0,0
15/01/2013,05:45,0,0,0
15/01/2013,06:00,1,0,1
15/01/2013,06:15,5,2,3
15/01/2013,06:30,2,0,2
15/01/2013,06:45,8,5,3
15/01/2013,07:00,6,2,4
15/01/2013,07:15,9,4,5
15/01/2013,07:30,11,8,3
15/01/2013,07:45,7,4,3
15/01/2013,08:00,23,15,8
15/01/2013,08:15,13,2,11
15/01/2013,08:30,10,3,7
15/01/2013,08:45,11,5,6
15/01/2013,09:00,18,6,12
15/01/2013,09:15,18,2,16
15/01/2013,09:30,20,4,16
15/01/2013,09:45,20,4,16
15/01/2013,10:00,12,3,9
15/01/2013,10:15,13,2,11
15/01/2013,10:30,10,1,9
15/01/2013,10:45,15,3,12
15/01/2013,11:00,18,7,11
15/01/2013,11:15,13,1,12
15/01/2013,11:30,14,2,12
15/01/2013,11:45,11,2,9
15/01/2013,12:00,5,2,3
15/01/2013,12:15,15,4,11
15/01/2013,12:30,13,4,9
15/01/2013,12:45,13,2,11
15/01/2013,13:00,21,7,14
15/01/2013,13:15,14,4,10
15/01/2013,13:30,15,5,10
15/01/2013,13:45,23,5,18
15/01/2013,14:00,13,3,10
15/01/2013,14:15,13,4,9
15/01/2013,14:30,15,8,7
15/01/2013,14:45,21,9,12
15/01/2013,15:00,19,7,12
15/01/2013,15:15,28,21,7
15/01/2013,15:30,34,20,14
15/01/2013,15:45,28,15,13
15/01/2013,16:00,9,2,7
15/01/2013,16:15,20,7,13
15/01/2013,16:30,19,6,13
15/01/2013,16:45,16,8,8
15/01/2013,17:00,17,10,7
15/01/2013,17:15,9,4,5
15/01/2013,17:30,14,9,5
15/01/2013,17:45,4,2,2
15/01/2013,18:00,2,1,1
15/01/2013,18:15,13,9,4
15/01/2013,18:30,9,9,0
15/01/2013,18:45,2,0,2
15/01/2013,19:00,1,1,0
15/01/2013,19:15,3,0,3
15/01/2013,19:30,1,1,0
15/01/2013,19:45,2,2,0
15/01/2013,20:00,2,2,0
15/01/2013,20:15,2,2,0
15/01/2013,20:30,0,0,0
15/01/2013,20:45,0,0,0
15/01/2013,21:00,0,0,0
15/01/2013,21:15,0,0,0
15/01/2013,21:30,1,1,0
15/01/2013,21:45,0,0,0
15/01/2013,22:00,0,0,0
15/01/2013,22:15,2,2,0
15/01/2013,22:30,0,0,0
15/01/2013,22:45,0,0,0
15/01/2013,23:00,0,0,0
15/01/2013,23:15,0,0,0
15/01/2013,23:30,0,0,0
15/01/2013,23:45,0,0,0
16/01/2013,00:00,0,0,0
16/01/2013,00:15,1,1,0
16/01/2013,00:30,0,0,0
16/01/2013,00:45,0,0,0
16/01/2013,01:00,0,0,0
16/01/2013,01:15,0,0,0
16/01/2013,01:30,0,0,0
16/01/2013,01:45,0,0,0
16/01/2013,02:00,0,0,0
16/01/2013,02:15,0,0,0
16/01/2013,02:30,0,0,0
16/01/2013,02:45,0,0,0
16/01/2013,03:00,0,0,0
16/01/2013,03:15,0,0,0
16/01/2013,03:30,0,0,0
16/01/2013,03:45,0,0,0
16/01/2013,04:00,0,0,0
16/01/2013,04:15,0,0,0
16/01/2013,04:30,0,0,0
16/01/2013,04:45,0,0,0
16/01/2013,05:00,0,0,0
16/01/2013,05:15,1,0,1
16/01/2013,05:30,0,0,0
16/01/2013,05:45,0,0,0
16/01/2013,06:00,2,1,1
16/01/2013,06:15,4,1,3
16/01/2013,06:30,5,0,5
16/01/2013,06:45,2,1,1
16/01/2013,07:00,3,2,1
16/01/2013,07:15,10,3,7
16/01/2013,07:30,10,6,4
16/01/2013,07:45,12,10,2
16/01/2013,08:00,25,22,3
16/01/2013,08:15,5,1,4
16/01/2013,08:30,15,3,12
16/01/2013,08:45,10,4,6
16/01/2013,09:00,7,1,6
16/01/2013,09:15,12,0,12
16/01/2013,09:30,11,4,7
16/01/2013,09:45,18,3,15
16/01/2013,10:00,21,1,20
16/01/2013,10:15,11,2,9
16/01/2013,10:30,10,4,6
16/01/2013,10:45,16,2,14
16/01/2013,11:00,12,1,11
16/01/2013,11:15,12,2,10
16/01/2013,11:30,11,3,8
16/01/2013,11:45,13,2,11
16/01/2013,12:00,18,4,14
16/01/2013,12:15,10,3,7
16/01/2013,12:30,8,0,8
16/01/2013,12:45,13,5,8
16/01/2013,13:00,14,3,11
16/01/2013,13:15,27,8,19
16/01/2013,13:30,17,7,10
16/01/2013,13:45,16,6,10
16/01/2013,14:00,20,11,9
16/01/2013,14:15,17,7,10
16/01/2013,14:30,16,1,15
16/01/2013,14:45,18,5,13
16/01/2013,15:00,12,3,9
16/01/2013,15:15,19,5,14
16/01/2013,15:30,18,3,15
16/01/2013,15:45,14,3,11
16/01/2013,16:00,13,5,8
16/01/2013,16:15,15,6,9
16/01/2013,16:30,5,2,3
16/01/2013,16:45,12,7,5
16/01/2013,17:00,11,4,7
16/01/2013,17:15,13,4,9
16/01/2013,17:30,9,4,5
16/01/2013,17:45,8,3,5
16/01/2013,18:00,3,1,2
16/01/2013,18:15,7,7,0
16/01/2013,18:30,9,9,0
16/01/2013,18:45,0,0,0
16/01/2013,19:00,3,3,0
16/01/2013,19:15,3,1,2
16/01/2013,19:30,0,0,0
16/01/2013,19:45,1,1,0
16/01/2013,20:00,2,2,0
16/01/2013,20:15,0,0,0
16/01/2013,20:30,0,0,0
16/01/2013,20:45,3,3,0
16/01/2013,21:00,0,0,0
16/01/2013,21:15,1,0,1
16/01/2013,21:30,1,1,0
16/01/2013,21:45,0,0,0
16/01/2013,22:00,2,2,0
16/01/2013,22:15,0,0,0
16/01/2013,22:30,1,1,0
16/01/2013,22:45,0,0,0
16/01/2013,23:00,0,0,0
16/01/2013,23:15,0,0,0
16/01/2013,23:30,0,0,0
16/01/2013,23:45,0,0,0
17/01/2013,00:00,0,0,0
17/01/2013,00:15,0,0,0
17/01/2013,00:30,0,0,0
17/01/2013,00:45,1,1,0
17/01/2013,01:00,0,0,0
17/01/2013,01:15,0,0,0
17/01/2013,01:30,0,0,0
17/01/2013,01:45,0,0,0
17/01/2013,02:00,0,0,0
17/01/2013,02:15,0,0,0
17/01/2013,02:30,0,0,0
17/01/2013,02:45,0,0,0
17/01/2013,03:00,0,0,0
17/01/2013,03:15,0,0,0
17/01/2013,03:30,0,0,0
17/01/2013,03:45,0,0,0
17/01/2013,04:00,0,0,0
17/01/2013,04:15,0,0,0
17/01/2013,04:30,0,0,0
17/01/2013,04:45,0,0,0
17/01/2013,05:00,1,0,1
17/01/2013,05:15,0,0,0
17/01/2013,05:30,0,0,0
17/01/2013,05:45,0,0,0
17/01/2013,06:00,1,0,1
17/01/2013,06:15,8,2,6
17/01/2013,06:30,2,0,2
17/01/2013,06:45,5,3,2
17/01/2013,07:00,13,2,11
17/01/2013,07:15,6,2,4
17/01/2013,07:30,11,9,2
17/01/2013,07:45,16,12,4
17/01/2013,08:00,19,15,4
17/01/2013,08:15,15,4,11
17/01/2013,08:30,8,0,8
17/01/2013,08:45,15,4,11
17/01/2013,09:00,13,4,9
17/01/2013,09:15,9,3,6
17/01/2013,09:30,16,3,13
17/01/2013,09:45,19,5,14
17/01/2013,10:00,14,3,11
17/01/2013,10:15,15,3,12
17/01/2013,10:30,17,4,13
17/01/2013,10:45,14,2,12
17/01/2013,11:00,15,3,12
17/01/2013,11:15,12,2,10
17/01/2013,11:30,15,5,10
17/01/2013,11:45,12,2,10
17/01/2013,12:00,7,1,6
17/01/2013,12:15,20,6,14
17/01/2013,12:30,19,7,12
17/01/2013,12:45,20,10,10
17/01/2013,13:00,13,1,12
17/01/2013,13:15,15,5,10
17/01/2013,13:30,20,3,17
17/01/2013,13:45,15,6,9
17/01/2013,14:00,14,3,11
17/01/2013,14:15,26,4,22
17/01/2013,14:30,23,11,12
17/01/2013,14:45,21,5,16
17/01/2013,15:00,24,9,15
17/01/2013,15:15,28,20,8
17/01/2013,15:30,33,18,15
17/01/2013,15:45,35,11,24
17/01/2013,16:00,25,11,14
17/01/2013,16:15,23,9,14
17/01/2013,16:30,26,13,13
17/01/2013,16:45,13,7,6
17/01/2013,17:00,18,16,2
17/01/2013,17:15,14,10,4
17/01/2013,17:30,6,5,1
17/01/2013,17:45,4,1,3
17/01/2013,18:00,6,3,3
17/01/2013,18:15,7,5,2
17/01/2013,18:30,7,3,4
17/01/2013,18:45,3,2,1
17/01/2013,19:00,4,3,1
17/01/2013,19:15,0,0,0
17/01/2013,19:30,0,0,0
17/01/2013,19:45,1,1,0
17/01/2013,20:00,3,2,1
17/01/2013,20:15,0,0,0
17/01/2013,20:30,0,0,0
17/01/2013,20:45,3,3,0
17/01/2013,21:00,2,2,0
17/01/2013,21:15,2,1,1
17/01/2013,21:30,1,1,0
17/01/2013,21:45,0,0,0
17/01/2013,22:00,1,1,0
17/01/2013,22:15,1,1,0
17/01/2013,22:30,0,0,0
17/01/2013,22:45,0,0,0
17/01/2013,23:00,0,0,0
17/01/2013,23:15,0,0,0
17/01/2013,23:30,0,0,0
17/01/2013,23:45,0,0,0
18/01/2013,00:00,0,0,0
18/01/2013,00:15,0,0,0
18/01/2013,00:30,0,0,0
18/01/2013,00:45,0,0,0
18/01/2013,01:00,0,0,0
18/01/2013,01:15,0,0,0
18/01/2013,01:30,0,0,0
18/01/2013,01:45,0,0,0
18/01/2013,02:00,0,0,0
18/01/2013,02:15,0,0,0
18/01/2013,02:30,0,0,0
18/01/2013,02:45,0,0,0
18/01/2013,03:00,0,0,0
18/01/2013,03:15,0,0,0
18/01/2013,03:30,0,0,0
18/01/2013,03:45,0,0,0
18/01/2013,04:00,0,0,0
18/01/2013,04:15,0,0,0
18/01/2013,04:30,1,1,0
18/01/2013,04:45,0,0,0
18/01/2013,05:00,0,0,0
18/01/2013,05:15,2,1,1
18/01/2013,05:30,0,0,0
18/01/2013,05:45,1,0,1
18/01/2013,06:00,4,3,1
18/01/2013,06:15,4,1,3
18/01/2013,06:30,2,0,2
18/01/2013,06:45,4,0,4
18/01/2013,07:00,7,2,5
18/01/2013,07:15,6,4,2
18/01/2013,07:30,12,8,4
18/01/2013,07:45,9,5,4
18/01/2013,08:00,14,7,7
18/01/2013,08:15,10,1,9
18/01/2013,08:30,4,2,2
18/01/2013,08:45,13,3,10
18/01/2013,09:00,13,1,12
18/01/2013,09:15,14,5,9
18/01/2013,09:30,9,1,8
18/01/2013,09:45,17,5,12
18/01/2013,10:00,19,7,12
18/01/2013,10:15,9,0,9
18/01/2013,10:30,8,2,6
18/01/2013,10:45,6,1,5
18/01/2013,11:00,17,3,14
18/01/2013,11:15,15,6,9
18/01/2013,11:30,11,5,6
18/01/2013,11:45,21,5,16
18/01/2013,12:00,24,12,12
18/01/2013,12:15,13,1,12
18/01/2013,12:30,7,1,6
18/01/2013,12:45,10,4,6
18/01/2013,13:00,13,4,9
18/01/2013,13:15,17,2,15
18/01/2013,13:30,17,5,12
18/01/2013,13:45,20,8,12
18/01/2013,14:00,20,9,11
18/01/2013,14:15,23,9,14
18/01/2013,14:30,26,6,20
18/01/2013,14:45,26,11,15
18/01/2013,15:00,20,7,13
18/01/2013,15:15,15,8,7
18/01/2013,15:30,30,17,13
18/01/2013,15:45,22,11,11
18/01/2013,16:00,23,11,12
18/01/2013,16:15,23,9,14
18/01/2013,16:30,15,4,11
18/01/2013,16:45,17,7,10
18/01/2013,17:00,13,6,7
18/01/2013,17:15,9,6,3
18/01/2013,17:30,11,7,4
18/01/2013,17:45,6,1,5
18/01/2013,18:00,1,0,1
18/01/2013,18:15,2,1,1
18/01/2013,18:30,4,4,0
18/01/2013,18:45,2,0,2
18/01/2013,19:00,1,1,0
18/01/2013,19:15,1,1,0
18/01/2013,19:30,0,0,0
18/01/2013,19:45,1,0,1
18/01/2013,20:00,4,3,1
18/01/2013,20:15,0,0,0
18/01/2013,20:30,0,0,0
18/01/2013,20:45,1,1,0
18/01/2013,21:00,0,0,0
18/01/2013,21:15,0,0,0
18/01/2013,21:30,0,0,0
18/01/2013,21:45,0,0,0
18/01/2013,22:00,0,0,0
18/01/2013,22:15,0,0,0
18/01/2013,22:30,0,0,0
18/01/2013,22:45,0,0,0
18/01/2013,23:00,0,0,0
18/01/2013,23:15,0,0,0
18/01/2013,23:30,0,0,0
18/01/2013,23:45,0,0,0
19/01/2013,00:00,0,0,0
19/01/2013,00:15,0,0,0
19/01/2013,00:30,0,0,0
19/01/2013,00:45,0,0,0
19/01/2013,01:00,0,0,0
19/01/2013,01:15,0,0,0
19/01/2013,01:30,0,0,0
19/01/2013,01:45,0,0,0
19/01/2013,02:00,0,0,0
19/01/2013,02:15,0,0,0
19/01/2013,02:30,0,0,0
19/01/2013,02:45,0,0,0
19/01/2013,03:00,0,0,0
19/01/2013,03:15,0,0,0
19/01/2013,03:30,0,0,0
19/01/2013,03:45,0,0,0
19/01/2013,04:00,0,0,0
19/01/2013,04:15,0,0,0
19/01/2013,04:30,0,0,0
19/01/2013,04:45,0,0,0
19/01/2013,05:00,0,0,0
19/01/2013,05:15,0,0,0
19/01/2013,05:30,1,1,0
19/01/2013,05:45,0,0,0
19/01/2013,06:00,0,0,0
19/01/2013,06:15,0,0,0
19/01/2013,06:30,2,1,1
19/01/2013,06:45,0,0,0
19/01/2013,07:00,3,3,0
19/01/2013,07:15,10,2,8
19/01/2013,07:30,7,0,7
19/01/2013,07:45,5,0,5
19/01/2013,08:00,6,1,5
19/01/2013,08:15,11,5,6
19/01/2013,08:30,8,4,4
19/01/2013,08:45,7,1,6
19/01/2013,09:00,14,3,11
19/01/2013,09:15,11,5,6
19/01/2013,09:30,24,8,16
19/01/2013,09:45,21,3,18
19/01/2013,10:00,17,3,14
19/01/2013,10:15,32,7,25
19/01/2013,10:30,31,13,18
19/01/2013,10:45,33,14,19
19/01/2013,11:00,30,9,21
19/01/2013,11:15,30,12,18
19/01/2013,11:30,19,6,13
19/01/2013,11:45,23,7,16
19/01/2013,12:00,25,9,16
19/01/2013,12:15,49,23,26
19/01/2013,12:30,33,17,16
19/01/2013,12:45,37,17,20
19/01/2013,13:00,32,8,24
19/01/2013,13:15,38,24,14
19/01/2013,13:30,28,9,19
19/01/2013,13:45,33,12,21
19/01/2013,14:00,32,16,16
19/01/2013,14:15,28,10,18
19/01/2013,14:30,25,11,14
19/01/2013,14:45,27,3,24
19/01/2013,15:00,21,7,14
19/01/2013,15:15,24,8,16
19/01/2013,15:30,17,8,9
19/01/2013,15:45,28,13,15
19/01/2013,16:00,24,5,19
19/01/2013,16:15,24,11,13
19/01/2013,16:30,25,11,14
19/01/2013,16:45,16,9,7
19/01/2013,17:00,13,4,9
19/01/2013,17:15,12,7,5
19/01/2013,17:30,6,0,6
19/01/2013,17:45,7,6,1
19/01/2013,18:00,7,4,3
19/01/2013,18:15,1,1,0
19/01/2013,18:30,0,0,0
19/01/2013,18:45,3,3,0
19/01/2013,19:00,0,0,0
19/01/2013,19:15,0,0,0
19/01/2013,19:30,0,0,0
19/01/2013,19:45,1,1,0
19/01/2013,20:00,0,0,0
19/01/2013,20:15,1,1,0
19/01/2013,20:30,0,0,0
19/01/2013,20:45,0,0,0
19/01/2013,21:00,3,2,1
19/01/2013,21:15,0,0,0
19/01/2013,21:30,0,0,0
19/01/2013,21:45,0,0,0
19/01/2013,22:00,0,0,0
19/01/2013,22:15,0,0,0
19/01/2013,22:30,0,0,0
19/01/2013,22:45,0,0,0
19/01/2013,23:00,0,0,0
19/01/2013,23:15,0,0,0
19/01/2013,23:30,0,0,0
19/01/2013,23:45,0,0,0
20/01/2013,00:00,0,0,0
20/01/2013,00:15,0,0,0
20/01/2013,00:30,0,0,0
20/01/2013,00:45,1,1,0
20/01/2013,01:00,0,0,0
20/01/2013,01:15,0,0,0
20/01/2013,01:30,0,0,0
20/01/2013,01:45,0,0,0
20/01/2013,02:00,0,0,0
20/01/2013,02:15,1,1,0
20/01/2013,02:30,0,0,0
20/01/2013,02:45,0,0,0
20/01/2013,03:00,0,0,0
20/01/2013,03:15,0,0,0
20/01/2013,03:30,0,0,0
20/01/2013,03:45,0,0,0
20/01/2013,04:00,0,0,0
20/01/2013,04:15,0,0,0
20/01/2013,04:30,0,0,0
20/01/2013,04:45,0,0,0
20/01/2013,05:00,0,0,0
20/01/2013,05:15,0,0,0
20/01/2013,05:30,0,0,0
20/01/2013,05:45,0,0,0
20/01/2013,06:00,1,0,1
20/01/2013,06:15,0,0,0
20/01/2013,06:30,3,0,3
20/01/2013,06:45,3,2,1
20/01/2013,07:00,1,0,1
20/01/2013,07:15,7,4,3
20/01/2013,07:30,5,0,5
20/01/2013,07:45,3,0,3
20/01/2013,08:00,12,3,9
20/01/2013,08:15,11,1,10
20/01/2013,08:30,16,0,16
20/01/2013,08:45,12,3,9
20/01/2013,09:00,33,2,31
20/01/2013,09:15,23,2,21
20/01/2013,09:30,18,2,16
20/01/2013,09:45,23,5,18
20/01/2013,10:00,21,7,14
20/01/2013,10:15,35,7,28
20/01/2013,10:30,26,4,22
20/01/2013,10:45,34,11,23
20/01/2013,11:00,34,15,19
20/01/2013,11:15,46,16,30
20/01/2013,11:30,35,16,19
20/01/2013,11:45,29,7,22
20/01/2013,12:00,24,9,15
20/01/2013,12:15,22,9,13
20/01/2013,12:30,21,7,14
20/01/2013,12:45,22,11,11
20/01/2013,13:00,17,7,10
20/01/2013,13:15,14,4,10
20/01/2013,13:30,15,5,10
20/01/2013,13:45,23,13,10
20/01/2013,14:00,19,10,9
20/01/2013,14:15,25,14,11
20/01/2013,14:30,17,4,13
20/01/2013,14:45,12,6,6
20/01/2013,15:00,29,16,13
20/01/2013,15:15,29,12,17
20/01/2013,15:30,44,12,32
20/01/2013,15:45,44,12,32
20/01/2013,16:00,61,30,31
20/01/2013,16:15,46,6,40
20/01/2013,16:30,34,11,23
20/01/2013,16:45,24,9,15
20/01/2013,17:00,17,7,10
20/01/2013,17:15,8,4,4
20/01/2013,17:30,14,3,11
20/01/2013,17:45,4,0,4
20/01/2013,18:00,3,1,2
20/01/2013,18:15,4,1,3
20/01/2013,18:30,0,0,0
20/01/2013,18:45,2,2,0
20/01/2013,19:00,0,0,0
20/01/2013,19:15,2,0,2
20/01/2013,19:30,0,0,0
20/01/2013,19:45,1,1,0
20/01/2013,20:00,0,0,0
20/01/2013,20:15,0,0,0
20/01/2013,20:30,0,0,0
20/01/2013,20:45,0,0,0
20/01/2013,21:00,0,0,0
20/01/2013,21:15,0,0,0
20/01/2013,21:30,0,0,0
20/01/2013,21:45,0,0,0
20/01/2013,22:00,0,0,0
20/01/2013,22:15,0,0,0
20/01/2013,22:30,0,0,0
20/01/2013,22:45,0,0,0
20/01/2013,23:00,0,0,0
20/01/2013,23:15,0,0,0
20/01/2013,23:30,0,0,0
20/01/2013,23:45,0,0,0
21/01/2013,00:00,0,0,0
21/01/2013,00:15,0,0,0
21/01/2013,00:30,0,0,0
21/01/2013,00:45,0,0,0
21/01/2013,01:00,0,0,0
21/01/2013,01:15,0,0,0
21/01/2013,01:30,0,0,0
21/01/2013,01:45,0,0,0
21/01/2013,02:00,0,0,0
21/01/2013,02:15,0,0,0
21/01/2013,02:30,0,0,0
21/01/2013,02:45,1,0,1
21/01/2013,03:00,0,0,0
21/01/2013,03:15,0,0,0
21/01/2013,03:30,1,0,1
21/01/2013,03:45,0,0,0
21/01/2013,04:00,0,0,0
21/01/2013,04:15,0,0,0
21/01/2013,04:30,0,0,0
21/01/2013,04:45,0,0,0
21/01/2013,05:00,0,0,0
21/01/2013,05:15,0,0,0
21/01/2013,05:30,0,0,0
21/01/2013,05:45,0,0,0
21/01/2013,06:00,1,1,0
21/01/2013,06:15,1,0,1
21/01/2013,06:30,1,0,1
21/01/2013,06:45,1,1,0
21/01/2013,07:00,4,1,3
21/01/2013,07:15,4,0,4
21/01/2013,07:30,4,0,4
21/01/2013,07:45,12,5,7
21/01/2013,08:00,5,0,5
21/01/2013,08:15,12,1,11
21/01/2013,08:30,10,3,7
21/01/2013,08:45,17,4,13
21/01/2013,09:00,12,2,10
21/01/2013,09:15,15,3,12
21/01/2013,09:30,8,2,6
21/01/2013,09:45,16,7,9
21/01/2013,10:00,13,3,10
21/01/2013,10:15,24,8,16
21/01/2013,10:30,23,4,19
21/01/2013,10:45,14,2,12
21/01/2013,11:00,21,6,15
21/01/2013,11:15,23,9,14
21/01/2013,11:30,24,9,15
21/01/2013,11:45,37,16,21
21/01/2013,12:00,27,6,21
21/01/2013,12:15,25,5,20
21/01/2013,12:30,22,7,15
21/01/2013,12:45,15,2,13
21/01/2013,13:00,36,15,21
21/01/2013,13:15,32,15,17
21/01/2013,13:30,32,14,18
21/01/2013,13:45,30,6,24
21/01/2013,14:00,39,18,21
21/01/2013,14:15,35,17,18
21/01/2013,14:30,41,18,23
21/01/2013,14:45,32,20,12
21/01/2013,15:00,46,24,22
21/01/2013,15:15,45,15,30
21/01/2013,15:30,41,5,36
21/01/2013,15:45,29,13,16
21/01/2013,16:00,26,12,14
21/01/2013,16:15,27,10,17
21/01/2013,16:30,27,9,18
21/01/2013,16:45,30,22,8
21/01/2013,17:00,14,6,8
21/01/2013,17:15,4,3,1
21/01/2013,17:30,4,2,2
21/01/2013,17:45,2,1,1
21/01/2013,18:00,3,2,1
21/01/2013,18:15,0,0,0
21/01/2013,18:30,3,1,2
21/01/2013,18:45,2,1,1
21/01/2013,19:00,0,0,0
21/01/2013,19:15,3,2,1
21/01/2013,19:30,2,1,1
21/01/2013,19:45,0,0,0
21/01/2013,20:00,1,1,0
21/01/2013,20:15,1,1,0
21/01/2013,20:30,0,0,0
21/01/2013,20:45,0,0,0
21/01/2013,21:00,1,1,0
21/01/2013,21:15,1,0,1
21/01/2013,21:30,0,0,0
21/01/2013,21:45,0,0,0
21/01/2013,22:00,0,0,0
21/01/2013,22:15,0,0,0
21/01/2013,22:30,0,0,0
21/01/2013,22:45,0,0,0
21/01/2013,23:00,0,0,0
21/01/2013,23:15,0,0,0
21/01/2013,23:30,0,0,0
21/01/2013,23:45,0,0,0
22/01/2013,00:00,0,0,0
22/01/2013,00:15,0,0,0
22/01/2013,00:30,0,0,0
22/01/2013,00:45,0,0,0
22/01/2013,01:00,2,2,0
22/01/2013,01:15,0,0,0
22/01/2013,01:30,0,0,0
22/01/2013,01:45,0,0,0
22/01/2013,02:00,0,0,0
22/01/2013,02:15,0,0,0
22/01/2013,02:30,0,0,0
22/01/2013,02:45,0,0,0
22/01/2013,03:00,0,0,0
22/01/2013,03:15,0,0,0
22/01/2013,03:30,0,0,0
22/01/2013,03:45,0,0,0
22/01/2013,04:00,0,0,0
22/01/2013,04:15,0,0,0
22/01/2013,04:30,0,0,0
22/01/2013,04:45,2,1,1
22/01/2013,05:00,1,0,1
22/01/2013,05:15,2,1,1
22/01/2013,05:30,0,0,0
22/01/2013,05:45,2,0,2
22/01/2013,06:00,9,4,5
22/01/2013,06:15,3,1,2
22/01/2013,06:30,5,1,4
22/01/2013,06:45,9,2,7
22/01/2013,07:00,5,3,2
22/01/2013,07:15,4,3,1
22/01/2013,07:30,13,10,3
22/01/2013,07:45,10,6,4
22/01/2013,08:00,15,10,5
22/01/2013,08:15,13,3,10
22/01/2013,08:30,10,3,7
22/01/2013,08:45,11,6,5
22/01/2013,09:00,14,5,9
22/01/2013,09:15,14,4,10
22/01/2013,09:30,16,6,10
22/01/2013,09:45,14,4,10
22/01/2013,10:00,11,6,5
22/01/2013,10:15,16,3,13
22/01/2013,10:30,25,2,23
22/01/2013,10:45,17,1,16
22/01/2013,11:00,9,3,6
22/01/2013,11:15,21,8,13
22/01/2013,11:30,13,2,11
22/01/2013,11:45,23,4,19
22/01/2013,12:00,11,3,8
22/01/2013,12:15,17,8,9
22/01/2013,12:30,21,8,13
22/01/2013,12:45,19,5,14
22/01/2013,13:00,10,1,9
22/01/2013,13:15,26,10,16
22/01/2013,13:30,17,5,12
22/01/2013,13:45,22,12,10
22/01/2013,14:00,21,5,16
22/01/2013,14:15,14,4,10
22/01/2013,14:30,16,4,12
22/01/2013,14:45,13,1,12
22/01/2013,15:00,10,4,6
22/01/2013,15:15,21,13,8
22/01/2013,15:30,39,28,11
22/01/2013,15:45,21,9,12
22/01/2013,16:00,17,2,15
22/01/2013,16:15,19,1,18
22/01/2013,16:30,16,4,12
22/01/2013,16:45,9,1,8
22/01/2013,17:00,28,16,12
22/01/2013,17:15,18,5,13
22/01/2013,17:30,13,5,8
22/01/2013,17:45,8,6,2
22/01/2013,18:00,7,2,5
22/01/2013,18:15,16,11,5
22/01/2013,18:30,6,5,1
22/01/2013,18:45,1,0,1
22/01/2013,19:00,6,4,2
22/01/2013,19:15,0,0,0
22/01/2013,19:30,0,0,0
22/01/2013,19:45,1,0,1
22/01/2013,20:00,5,5,0
22/01/2013,20:15,3,1,2
22/01/2013,20:30,0,0,0
22/01/2013,20:45,1,1,0
22/01/2013,21:00,0,0,0
22/01/2013,21:15,0,0,0
22/01/2013,21:30,0,0,0
22/01/2013,21:45,0,0,0
22/01/2013,22:00,1,1,0
22/01/2013,22:15,0,0,0
22/01/2013,22:30,0,0,0
22/01/2013,22:45,0,0,0
22/01/2013,23:00,0,0,0
22/01/2013,23:15,0,0,0
22/01/2013,23:30,0,0,0
22/01/2013,23:45,0,0,0
23/01/2013,00:00,0,0,0
23/01/2013,00:15,0,0,0
23/01/2013,00:30,0,0,0
23/01/2013,00:45,0,0,0
23/01/2013,01:00,0,0,0
23/01/2013,01:15,0,0,0
23/01/2013,01:30,0,0,0
23/01/2013,01:45,0,0,0
23/01/2013,02:00,0,0,0
23/01/2013,02:15,0,0,0
23/01/2013,02:30,0,0,0
23/01/2013,02:45,0,0,0
23/01/2013,03:00,0,0,0
23/01/2013,03:15,0,0,0
23/01/2013,03:30,0,0,0
23/01/2013,03:45,0,0,0
23/01/2013,04:00,0,0,0
23/01/2013,04:15,0,0,0
23/01/2013,04:30,0,0,0
23/01/2013,04:45,0,0,0
23/01/2013,05:00,0,0,0
23/01/2013,05:15,2,0,2
23/01/2013,05:30,1,1,0
23/01/2013,05:45,2,1,1
23/01/2013,06:00,2,1,1
23/01/2013,06:15,6,2,4
23/01/2013,06:30,5,1,4
23/01/2013,06:45,7,1,6
23/01/2013,07:00,8,2,6
23/01/2013,07:15,8,4,4
23/01/2013,07:30,13,5,8
23/01/2013,07:45,12,6,6
23/01/2013,08:00,21,7,14
23/01/2013,08:15,8,1,7
23/01/2013,08:30,8,2,6
23/01/2013,08:45,13,3,10
23/01/2013,09:00,7,1,6
23/01/2013,09:15,15,2,13
23/01/2013,09:30,12,0,12
23/01/2013,09:45,7,2,5
23/01/2013,10:00,17,5,12
23/01/2013,10:15,17,4,13
23/01/2013,10:30,9,3,6
23/01/2013,10:45,11,2,9
23/01/2013,11:00,5,1,4
23/01/2013,11:15,3,0,3
23/01/2013,11:30,6,1,5
23/01/2013,11:45,4,1,3
23/01/2013,12:00,3,1,2
23/01/2013,12:15,8,2,6
23/01/2013,12:30,5,2,3
23/01/2013,12:45,5,2,3
23/01/2013,13:00,6,2,4
23/01/2013,13:15,6,2,4
23/01/2013,13:30,6,2,4
23/01/2013,13:45,2,1,1
23/01/2013,14:00,13,10,3
23/01/2013,14:15,2,1,1
23/01/2013,14:30,4,2,2
23/01/2013,14:45,5,4,1
23/01/2013,15:00,1,0,1
23/01/2013,15:15,2,0,2
23/01/2013,15:30,1,0,1
23/01/2013,15:45,0,0,0
23/01/2013,16:00,4,2,2
23/01/2013,16:15,4,3,1
23/01/2013,16:30,0,0,0
23/01/2013,16:45,4,2,2
23/01/2013,17:00,3,1,2
23/01/2013,17:15,4,1,3
23/01/2013,17:30,7,4,3
23/01/2013,17:45,13,8,5
23/01/2013,18:00,3,0,3
23/01/2013,18:15,9,3,6
23/01/2013,18:30,4,4,0
23/01/2013,18:45,1,0,1
23/01/2013,19:00,4,4,0
23/01/2013,19:15,8,6,2
23/01/2013,19:30,4,2,2
23/01/2013,19:45,3,2,1
23/01/2013,20:00,0,0,0
23/01/2013,20:15,0,0,0
23/01/2013,20:30,1,0,1
23/01/2013,20:45,2,2,0
23/01/2013,21:00,1,0,1
23/01/2013,21:15,2,0,2
23/01/2013,21:30,2,1,1
23/01/2013,21:45,1,1,0
23/01/2013,22:00,0,0,0
23/01/2013,22:15,0,0,0
23/01/2013,22:30,0,0,0
23/01/2013,22:45,0,0,0
23/01/2013,23:00,2,1,1
23/01/2013,23:15,0,0,0
23/01/2013,23:30,0,0,0
23/01/2013,23:45,0,0,0
24/01/2013,00:00,0,0,0
24/01/2013,00:15,0,0,0
24/01/2013,00:30,0,0,0
24/01/2013,00:45,0,0,0
24/01/2013,01:00,0,0,0
24/01/2013,01:15,0,0,0
24/01/2013,01:30,0,0,0
24/01/2013,01:45,0,0,0
24/01/2013,02:00,0,0,0
24/01/2013,02:15,2,2,0
24/01/2013,02:30,0,0,0
24/01/2013,02:45,0,0,0
24/01/2013,03:00,0,0,0
24/01/2013,03:15,0,0,0
24/01/2013,03:30,0,0,0
24/01/2013,03:45,0,0,0
24/01/2013,04:00,0,0,0
24/01/2013,04:15,0,0,0
24/01/2013,04:30,0,0,0
24/01/2013,04:45,0,0,0
24/01/2013,05:00,0,0,0
24/01/2013,05:15,1,0,1
24/01/2013,05:30,0,0,0
24/01/2013,05:45,1,0,1
24/01/2013,06:00,6,1,5
24/01/2013,06:15,11,2,9
24/01/2013,06:30,11,1,10
24/01/2013,06:45,9,2,7
24/01/2013,07:00,11,1,10
24/01/2013,07:15,13,6,7
24/01/2013,07:30,11,9,2
24/01/2013,07:45,13,7,6
24/01/2013,08:00,13,6,7
24/01/2013,08:15,15,0,15
24/01/2013,08:30,10,2,8
24/01/2013,08:45,9,2,7
24/01/2013,09:00,10,3,7
24/01/2013,09:15,9,4,5
24/01/2013,09:30,12,3,9
24/01/2013,09:45,12,4,8
24/01/2013,10:00,13,0,13
24/01/2013,10:15,7,2,5
24/01/2013,10:30,13,1,12
24/01/2013,10:45,8,3,5
24/01/2013,11:00,5,1,4
24/01/2013,11:15,10,3,7
24/01/2013,11:30,5,2,3
24/01/2013,11:45,9,4,5
24/01/2013,12:00,11,5,6
24/01/2013,12:15,15,4,11
24/01/2013,12:30,17,4,13
24/01/2013,12:45,14,4,10
24/01/2013,13:00,20,7,13
24/01/2013,13:15,15,2,13
24/01/2013,13:30,19,9,10
24/01/2013,13:45,10,1,9
24/01/2013,14:00,22,11,11
24/01/2013,14:15,18,6,12
24/01/2013,14:30,19,6,13
24/01/2013,14:45,15,6,9
24/01/2013,15:00,15,5,10
24/01/2013,15:15,26,16,10
24/01/2013,15:30,30,8,22
24/01/2013,15:45,32,10,22
24/01/2013,16:00,20,5,15
24/01/2013,16:15,21,5,16
24/01/2013,16:30,19,9,10
24/01/2013,16:45,15,2,13
24/01/2013,17:00,16,6,10
24/01/2013,17:15,20,14,6
24/01/2013,17:30,22,8,14
24/01/2013,17:45,5,1,4
24/01/2013,18:00,7,4,3
24/01/2013,18:15,7,6,1
24/01/2013,18:30,3,1,2
24/01/2013,18:45,6,3,3
24/01/2013,19:00,7,5,2
24/01/2013,19:15,1,0,1
24/01/2013,19:30,0,0,0
24/01/2013,19:45,0,0,0
24/01/2013,20:00,2,1,1
24/01/2013,20:15,1,0,1
24/01/2013,20:30,2,1,1
24/01/2013,20:45,3,1,2
24/01/2013,21:00,1,1,0
24/01/2013,21:15,0,0,0
24/01/2013,21:30,0,0,0
24/01/2013,21:45,0,0,0
24/01/2013,22:00,0,0,0
24/01/2013,22:15,2,2,0
24/01/2013,22:30,0,0,0
24/01/2013,22:45,1,0,1
24/01/2013,23:00,0,0,0
24/01/2013,23:15,0,0,0
24/01/2013,23:30,0,0,0
24/01/2013,23:45,0,0,0
25/01/2013,00:00,0,0,0
25/01/2013,00:15,0,0,0
25/01/2013,00:30,0,0,0
25/01/2013,00:45,0,0,0
25/01/2013,01:00,0,0,0
25/01/2013,01:15,0,0,0
25/01/2013,01:30,0,0,0
25/01/2013,01:45,0,0,0
25/01/2013,02:00,0,0,0
25/01/2013,02:15,0,0,0
25/01/2013,02:30,0,0,0
25/01/2013,02:45,0,0,0
25/01/2013,03:00,0,0,0
25/01/2013,03:15,0,0,0
25/01/2013,03:30,0,0,0
25/01/2013,03:45,0,0,0
25/01/2013,04:00,0,0,0
25/01/2013,04:15,0,0,0
25/01/2013,04:30,0,0,0
25/01/2013,04:45,0,0,0
25/01/2013,05:00,0,0,0
25/01/2013,05:15,1,1,0
25/01/2013,05:30,1,1,0
25/01/2013,05:45,2,1,1
25/01/2013,06:00,2,1,1
25/01/2013,06:15,6,2,4
25/01/2013,06:30,5,1,4
25/01/2013,06:45,6,4,2
25/01/2013,07:00,4,1,3
25/01/2013,07:15,8,4,4
25/01/2013,07:30,7,4,3
25/01/2013,07:45,11,6,5
25/01/2013,08:00,20,12,8
25/01/2013,08:15,12,4,8
25/01/2013,08:30,14,1,13
25/01/2013,08:45,17,4,13
25/01/2013,09:00,15,3,12
25/01/2013,09:15,17,2,15
25/01/2013,09:30,10,1,9
25/01/2013,09:45,22,7,15
25/01/2013,10:00,13,4,9
25/01/2013,10:15,18,5,13
25/01/2013,10:30,20,3,17
25/01/2013,10:45,18,3,15
25/01/2013,11:00,13,5,8
25/01/2013,11:15,16,1,15
25/01/2013,11:30,22,5,17
25/01/2013,11:45,21,9,12
25/01/2013,12:00,20,9,11
25/01/2013,12:15,18,1,17
25/01/2013,12:30,20,7,13
25/01/2013,12:45,27,12,15
25/01/2013,13:00,25,4,21
25/01/2013,13:15,24,6,18
25/01/2013,13:30,18,7,11
25/01/2013,13:45,17,2,15
25/01/2013,14:00,21,12,9
25/01/2013,14:15,24,9,15
25/01/2013,14:30,27,10,17
25/01/2013,14:45,16,5,11
25/01/2013,15:00,10,2,8
25/01/2013,15:15,20,9,11
25/01/2013,15:30,24,17,7
25/01/2013,15:45,23,11,12
25/01/2013,16:00,21,9,12
25/01/2013,16:15,15,7,8
25/01/2013,16:30,23,17,6
25/01/2013,16:45,15,6,9
25/01/2013,17:00,17,7,10
25/01/2013,17:15,9,2,7
25/01/2013,17:30,12,4,8
25/01/2013,17:45,5,1,4
25/01/2013,18:00,3,1,2
25/01/2013,18:15,8,6,2
25/01/2013,18:30,9,7,2
25/01/2013,18:45,1,1,0
25/01/2013,19:00,2,2,0
25/01/2013,19:15,2,0,2
25/01/2013,19:30,2,0,2
25/01/2013,19:45,3,2,1
25/01/2013,20:00,3,1,2
25/01/2013,20:15,1,0,1
25/01/2013,20:30,1,1,0
25/01/2013,20:45,2,1,1
25/01/2013,21:00,1,1,0
25/01/2013,21:15,7,6,1
25/01/2013,21:30,0,0,0
25/01/2013,21:45,0,0,0
25/01/2013,22:00,0,0,0
25/01/2013,22:15,2,2,0
25/01/2013,22:30,0,0,0
25/01/2013,22:45,0,0,0
25/01/2013,23:00,5,4,1
25/01/2013,23:15,0,0,0
25/01/2013,23:30,0,0,0
25/01/2013,23:45,0,0,0
26/01/2013,00:00,0,0,0
26/01/2013,00:15,0,0,0
26/01/2013,00:30,0,0,0
26/01/2013,00:45,1,1,0
26/01/2013,01:00,0,0,0
26/01/2013,01:15,2,0,2
26/01/2013,01:30,2,1,1
26/01/2013,01:45,0,0,0
26/01/2013,02:00,0,0,0
26/01/2013,02:15,0,0,0
26/01/2013,02:30,0,0,0
26/01/2013,02:45,0,0,0
26/01/2013,03:00,0,0,0
26/01/2013,03:15,0,0,0
26/01/2013,03:30,0,0,0
26/01/2013,03:45,1,0,1
26/01/2013,04:00,0,0,0
26/01/2013,04:15,0,0,0
26/01/2013,04:30,0,0,0
26/01/2013,04:45,0,0,0
26/01/2013,05:00,0,0,0
26/01/2013,05:15,0,0,0
26/01/2013,05:30,0,0,0
26/01/2013,05:45,1,0,1
26/01/2013,06:00,1,0,1
26/01/2013,06:15,2,0,2
26/01/2013,06:30,1,0,1
26/01/2013,06:45,2,0,2
26/01/2013,07:00,6,2,4
26/01/2013,07:15,2,1,1
26/01/2013,07:30,7,0,7
26/01/2013,07:45,3,1,2
26/01/2013,08:00,5,0,5
26/01/2013,08:15,22,0,22
26/01/2013,08:30,18,1,17
26/01/2013,08:45,29,8,21
26/01/2013,09:00,29,2,27
26/01/2013,09:15,31,4,27
26/01/2013,09:30,24,6,18
26/01/2013,09:45,39,17,22
26/01/2013,10:00,35,12,23
26/01/2013,10:15,18,7,11
26/01/2013,10:30,29,20,9
26/01/2013,10:45,33,18,15
26/01/2013,11:00,33,13,20
26/01/2013,11:15,26,9,17
26/01/2013,11:30,34,15,19
26/01/2013,11:45,27,8,19
26/01/2013,12:00,22,6,16
26/01/2013,12:15,36,11,25
26/01/2013,12:30,18,6,12
26/01/2013,12:45,32,18,14
26/01/2013,13:00,31,14,17
26/01/2013,13:15,34,21,13
26/01/2013,13:30,33,16,17
26/01/2013,13:45,36,16,20
26/01/2013,14:00,37,23,14
26/01/2013,14:15,40,14,26
26/01/2013,14:30,37,14,23
26/01/2013,14:45,35,21,14
26/01/2013,15:00,28,15,13
26/01/2013,15:15,32,12,20
26/01/2013,15:30,26,12,14
26/01/2013,15:45,25,18,7
26/01/2013,16:00,20,14,6
26/01/2013,16:15,15,2,13
26/01/2013,16:30,30,16,14
26/01/2013,16:45,17,11,6
26/01/2013,17:00,12,4,8
26/01/2013,17:15,10,1,9
26/01/2013,17:30,7,2,5
26/01/2013,17:45,7,3,4
26/01/2013,18:00,2,0,2
26/01/2013,18:15,4,2,2
26/01/2013,18:30,0,0,0
26/01/2013,18:45,3,2,1
26/01/2013,19:00,1,0,1
26/01/2013,19:15,0,0,0
26/01/2013,19:30,0,0,0
26/01/2013,19:45,1,1,0
26/01/2013,20:00,1,1,0
26/01/2013,20:15,0,0,0
26/01/2013,20:30,0,0,0
26/01/2013,20:45,0,0,0
26/01/2013,21:00,1,1,0
26/01/2013,21:15,0,0,0
26/01/2013,21:30,0,0,0
26/01/2013,21:45,0,0,0
26/01/2013,22:00,0,0,0
26/01/2013,22:15,0,0,0
26/01/2013,22:30,0,0,0
26/01/2013,22:45,0,0,0
26/01/2013,23:00,0,0,0
26/01/2013,23:15,2,2,0
26/01/2013,23:30,2,2,0
26/01/2013,23:45,0,0,0
27/01/2013,00:00,0,0,0
27/01/2013,00:15,0,0,0
27/01/2013,00:30,0,0,0
27/01/2013,00:45,0,0,0
27/01/2013,01:00,0,0,0
27/01/2013,01:15,0,0,0
27/01/2013,01:30,0,0,0
27/01/2013,01:45,0,0,0
27/01/2013,02:00,0,0,0
27/01/2013,02:15,0,0,0
27/01/2013,02:30,0,0,0
27/01/2013,02:45,0,0,0
27/01/2013,03:00,0,0,0
27/01/2013,03:15,0,0,0
27/01/2013,03:30,0,0,0
27/01/2013,03:45,0,0,0
27/01/2013,04:00,0,0,0
27/01/2013,04:15,0,0,0
27/01/2013,04:30,0,0,0
27/01/2013,04:45,0,0,0
27/01/2013,05:00,0,0,0
27/01/2013,05:15,0,0,0
27/01/2013,05:30,0,0,0
27/01/2013,05:45,0,0,0
27/01/2013,06:00,0,0,0
27/01/2013,06:15,0,0,0
27/01/2013,06:30,1,0,1
27/01/2013,06:45,1,0,1
27/01/2013,07:00,1,0,1
27/01/2013,07:15,6,1,5
27/01/2013,07:30,1,0,1
27/01/2013,07:45,4,0,4
27/01/2013,08:00,10,0,10
27/01/2013,08:15,8,2,6
27/01/2013,08:30,9,4,5
27/01/2013,08:45,21,5,16
27/01/2013,09:00,20,4,16
27/01/2013,09:15,19,5,14
27/01/2013,09:30,18,4,14
27/01/2013,09:45,19,1,18
27/01/2013,10:00,24,6,18
27/01/2013,10:15,28,7,21
27/01/2013,10:30,34,17,17
27/01/2013,10:45,31,10,21
27/01/2013,11:00,26,11,15
27/01/2013,11:15,31,10,21
27/01/2013,11:30,39,9,30
27/01/2013,11:45,33,10,23
27/01/2013,12:00,41,12,29
27/01/2013,12:15,37,12,25
27/01/2013,12:30,42,17,25
27/01/2013,12:45,33,10,23
27/01/2013,13:00,53,28,25
27/01/2013,13:15,34,8,26
27/01/2013,13:30,51,21,30
27/01/2013,13:45,38,12,26
27/01/2013,14:00,47,23,24
27/01/2013,14:15,37,15,22
27/01/2013,14:30,31,17,14
27/01/2013,14:45,32,16,16
27/01/2013,15:00,38,16,22
27/01/2013,15:15,40,17,23
27/01/2013,15:30,29,10,19
27/01/2013,15:45,35,15,20
27/01/2013,16:00,34,17,17
27/01/2013,16:15,41,18,23
27/01/2013,16:30,19,10,9
27/01/2013,16:45,23,8,15
27/01/2013,17:00,20,1,19
27/01/2013,17:15,11,2,9
27/01/2013,17:30,3,0,3
27/01/2013,17:45,7,3,4
27/01/2013,18:00,2,0,2
27/01/2013,18:15,2,1,1
27/01/2013,18:30,1,1,0
27/01/2013,18:45,2,0,2
27/01/2013,19:00,2,1,1
27/01/2013,19:15,1,1,0
27/01/2013,19:30,0,0,0
27/01/2013,19:45,0,0,0
27/01/2013,20:00,0,0,0
27/01/2013,20:15,1,0,1
27/01/2013,20:30,0,0,0
27/01/2013,20:45,1,0,1
27/01/2013,21:00,1,0,1
27/01/2013,21:15,0,0,0
27/01/2013,21:30,0,0,0
27/01/2013,21:45,0,0,0
27/01/2013,22:00,1,0,1
27/01/2013,22:15,0,0,0
27/01/2013,22:30,0,0,0
27/01/2013,22:45,0,0,0
27/01/2013,23:00,0,0,0
27/01/2013,23:15,0,0,0
27/01/2013,23:30,0,0,0
27/01/2013,23:45,0,0,0
28/01/2013,00:00,0,0,0
28/01/2013,00:15,0,0,0
28/01/2013,00:30,0,0,0
28/01/2013,00:45,0,0,0
28/01/2013,01:00,0,0,0
28/01/2013,01:15,0,0,0
28/01/2013,01:30,0,0,0
28/01/2013,01:45,0,0,0
28/01/2013,02:00,0,0,0
28/01/2013,02:15,0,0,0
28/01/2013,02:30,0,0,0
28/01/2013,02:45,0,0,0
28/01/2013,03:00,0,0,0
28/01/2013,03:15,0,0,0
28/01/2013,03:30,0,0,0
28/01/2013,03:45,0,0,0
28/01/2013,04:00,0,0,0
28/01/2013,04:15,0,0,0
28/01/2013,04:30,0,0,0
28/01/2013,04:45,0,0,0
28/01/2013,05:00,0,0,0
28/01/2013,05:15,1,1,0
28/01/2013,05:30,0,0,0
28/01/2013,05:45,1,0,1
28/01/2013,06:00,4,1,3
28/01/2013,06:15,8,3,5
28/01/2013,06:30,3,1,2
28/01/2013,06:45,7,4,3
28/01/2013,07:00,8,2,6
28/01/2013,07:15,11,6,5
28/01/2013,07:30,21,12,9
28/01/2013,07:45,11,7,4
28/01/2013,08:00,26,20,6
28/01/2013,08:15,15,4,11
28/01/2013,08:30,9,2,7
28/01/2013,08:45,22,9,13
28/01/2013,09:00,12,2,10
28/01/2013,09:15,10,4,6
28/01/2013,09:30,14,7,7
28/01/2013,09:45,16,4,12
28/01/2013,10:00,14,5,9
28/01/2013,10:15,21,5,16
28/01/2013,10:30,13,0,13
28/01/2013,10:45,12,4,8
28/01/2013,11:00,19,5,14
28/01/2013,11:15,15,1,14
28/01/2013,11:30,11,5,6
28/01/2013,11:45,18,4,14
28/01/2013,12:00,11,4,7
28/01/2013,12:15,18,4,14
28/01/2013,12:30,20,6,14
28/01/2013,12:45,14,3,11
28/01/2013,13:00,15,0,15
28/01/2013,13:15,19,2,17
28/01/2013,13:30,21,2,19
28/01/2013,13:45,29,8,21
28/01/2013,14:00,18,7,11
28/01/2013,14:15,23,4,19
28/01/2013,14:30,20,11,9
28/01/2013,14:45,17,8,9
28/01/2013,15:00,13,7,6
28/01/2013,15:15,25,6,19
28/01/2013,15:30,37,22,15
28/01/2013,15:45,15,4,11
28/01/2013,16:00,17,5,12
28/01/2013,16:15,15,5,10
28/01/2013,16:30,17,10,7
28/01/2013,16:45,18,9,9
28/01/2013,17:00,12,7,5
28/01/2013,17:15,12,1,11
28/01/2013,17:30,11,7,4
28/01/2013,17:45,5,0,5
28/01/2013,18:00,6,3,3
28/01/2013,18:15,5,3,2
28/01/2013,18:30,13,9,4
28/01/2013,18:45,2,1,1
28/01/2013,19:00,9,9,0
28/01/2013,19:15,1,1,0
28/01/2013,19:30,3,1,2
28/01/2013,19:45,2,1,1
28/01/2013,20:00,4,0,4
28/01/2013,20:15,0,0,0
28/01/2013,20:30,4,2,2
28/01/2013,20:45,4,2,2
28/01/2013,21:00,4,3,1
28/01/2013,21:15,0,0,0
28/01/2013,21:30,0,0,0
28/01/2013,21:45,0,0,0
28/01/2013,22:00,1,1,0
28/01/2013,22:15,0,0,0
28/01/2013,22:30,0,0,0
28/01/2013,22:45,1,0,1
28/01/2013,23:00,0,0,0
28/01/2013,23:15,0,0,0
28/01/2013,23:30,0,0,0
28/01/2013,23:45,0,0,0
29/01/2013,00:00,0,0,0
29/01/2013,00:15,1,1,0
29/01/2013,00:30,0,0,0
29/01/2013,00:45,0,0,0
29/01/2013,01:00,0,0,0
29/01/2013,01:15,0,0,0
29/01/2013,01:30,0,0,0
29/01/2013,01:45,0,0,0
29/01/2013,02:00,0,0,0
29/01/2013,02:15,0,0,0
29/01/2013,02:30,0,0,0
29/01/2013,02:45,0,0,0
29/01/2013,03:00,0,0,0
29/01/2013,03:15,0,0,0
29/01/2013,03:30,0,0,0
29/01/2013,03:45,0,0,0
29/01/2013,04:00,0,0,0
29/01/2013,04:15,0,0,0
29/01/2013,04:30,0,0,0
29/01/2013,04:45,0,0,0
29/01/2013,05:00,0,0,0
29/01/2013,05:15,3,2,1
29/01/2013,05:30,2,1,1
29/01/2013,05:45,3,0,3
29/01/2013,06:00,6,2,4
29/01/2013,06:15,10,2,8
29/01/2013,06:30,5,2,3
29/01/2013,06:45,10,5,5
29/01/2013,07:00,6,1,5
29/01/2013,07:15,12,5,7
29/01/2013,07:30,15,10,5
29/01/2013,07:45,19,12,7
29/01/2013,08:00,23,19,4
29/01/2013,08:15,14,3,11
29/01/2013,08:30,11,4,7
29/01/2013,08:45,18,5,13
29/01/2013,09:00,15,3,12
29/01/2013,09:15,13,4,9
29/01/2013,09:30,13,4,9
29/01/2013,09:45,16,6,10
29/01/2013,10:00,12,1,11
29/01/2013,10:15,9,1,8
29/01/2013,10:30,8,1,7
29/01/2013,10:45,14,2,12
29/01/2013,11:00,8,0,8
29/01/2013,11:15,14,2,12
29/01/2013,11:30,21,2,19
29/01/2013,11:45,18,4,14
29/01/2013,12:00,25,3,22
29/01/2013,12:15,23,7,16
29/01/2013,12:30,16,2,14
29/01/2013,12:45,20,5,15
29/01/2013,13:00,22,4,18
29/01/2013,13:15,18,3,15
29/01/2013,13:30,22,5,17
29/01/2013,13:45,16,3,13
29/01/2013,14:00,13,7,6
29/01/2013,14:15,20,4,16
29/01/2013,14:30,19,7,12
29/01/2013,14:45,14,6,8
29/01/2013,15:00,8,2,6
29/01/2013,15:15,30,19,11
29/01/2013,15:30,38,24,14
29/01/2013,15:45,28,14,14
29/01/2013,16:00,20,11,9
29/01/2013,16:15,16,4,12
29/01/2013,16:30,22,11,11
29/01/2013,16:45,21,7,14
29/01/2013,17:00,22,11,11
29/01/2013,17:15,25,19,6
29/01/2013,17:30,26,14,12
29/01/2013,17:45,6,2,4
29/01/2013,18:00,5,2,3
29/01/2013,18:15,10,8,2
29/01/2013,18:30,7,7,0
29/01/2013,18:45,5,4,1
29/01/2013,19:00,7,6,1
29/01/2013,19:15,0,0,0
29/01/2013,19:30,1,0,1
29/01/2013,19:45,1,1,0
29/01/2013,20:00,2,0,2
29/01/2013,20:15,1,0,1
29/01/2013,20:30,0,0,0
29/01/2013,20:45,3,0,3
29/01/2013,21:00,1,1,0
29/01/2013,21:15,1,1,0
29/01/2013,21:30,1,0,1
29/01/2013,21:45,1,0,1
29/01/2013,22:00,1,1,0
29/01/2013,22:15,1,1,0
29/01/2013,22:30,0,0,0
29/01/2013,22:45,0,0,0
29/01/2013,23:00,0,0,0
29/01/2013,23:15,0,0,0
29/01/2013,23:30,0,0,0
29/01/2013,23:45,0,0,0
30/01/2013,00:00,1,1,0
30/01/2013,00:15,0,0,0
30/01/2013,00:30,0,0,0
30/01/2013,00:45,0,0,0
30/01/2013,01:00,0,0,0
30/01/2013,01:15,0,0,0
30/01/2013,01:30,0,0,0
30/01/2013,01:45,0,0,0
30/01/2013,02:00,0,0,0
30/01/2013,02:15,0,0,0
30/01/2013,02:30,0,0,0
30/01/2013,02:45,0,0,0
30/01/2013,03:00,0,0,0
30/01/2013,03:15,0,0,0
30/01/2013,03:30,0,0,0
30/01/2013,03:45,0,0,0
30/01/2013,04:00,0,0,0
30/01/2013,04:15,1,0,1
30/01/2013,04:30,1,0,1
30/01/2013,04:45,0,0,0
30/01/2013,05:00,1,1,0
30/01/2013,05:15,0,0,0
30/01/2013,05:30,0,0,0
30/01/2013,05:45,0,0,0
30/01/2013,06:00,4,3,1
30/01/2013,06:15,3,0,3
30/01/2013,06:30,5,2,3
30/01/2013,06:45,4,2,2
30/01/2013,07:00,3,1,2
30/01/2013,07:15,15,12,3
30/01/2013,07:30,15,10,5
30/01/2013,07:45,19,11,8
30/01/2013,08:00,26,16,10
30/01/2013,08:15,15,4,11
30/01/2013,08:30,17,2,15
30/01/2013,08:45,12,5,7
30/01/2013,09:00,7,1,6
30/01/2013,09:15,14,1,13
30/01/2013,09:30,10,0,10
30/01/2013,09:45,13,3,10
30/01/2013,10:00,15,2,13
30/01/2013,10:15,13,0,13
30/01/2013,10:30,21,4,17
30/01/2013,10:45,15,4,11
30/01/2013,11:00,23,3,20
30/01/2013,11:15,22,4,18
30/01/2013,11:30,21,3,18
30/01/2013,11:45,15,5,10
30/01/2013,12:00,20,6,14
30/01/2013,12:15,23,8,15
30/01/2013,12:30,21,7,14
30/01/2013,12:45,18,5,13
30/01/2013,13:00,19,3,16
30/01/2013,13:15,24,14,10
30/01/2013,13:30,28,11,17
30/01/2013,13:45,30,7,23
30/01/2013,14:00,23,12,11
30/01/2013,14:15,16,5,11
30/01/2013,14:30,20,8,12
30/01/2013,14:45,19,2,17
30/01/2013,15:00,19,9,10
30/01/2013,15:15,23,10,13
30/01/2013,15:30,26,11,15
30/01/2013,15:45,18,8,10
30/01/2013,16:00,26,12,14
30/01/2013,16:15,29,12,17
30/01/2013,16:30,16,6,10
30/01/2013,16:45,22,6,16
30/01/2013,17:00,29,10,19
30/01/2013,17:15,8,2,6
30/01/2013,17:30,22,10,12
30/01/2013,17:45,9,3,6
30/01/2013,18:00,4,0,4
30/01/2013,18:15,6,5,1
30/01/2013,18:30,7,6,1
30/01/2013,18:45,1,0,1
30/01/2013,19:00,8,4,4
30/01/2013,19:15,2,1,1
30/01/2013,19:30,1,0,1
30/01/2013,19:45,4,3,1
30/01/2013,20:00,1,1,0
30/01/2013,20:15,2,1,1
30/01/2013,20:30,0,0,0
30/01/2013,20:45,2,1,1
30/01/2013,21:00,0,0,0
30/01/2013,21:15,2,1,1
30/01/2013,21:30,0,0,0
30/01/2013,21:45,1,1,0
30/01/2013,22:00,1,1,0
30/01/2013,22:15,1,1,0
30/01/2013,22:30,0,0,0
30/01/2013,22:45,0,0,0
30/01/2013,23:00,0,0,0
30/01/2013,23:15,0,0,0
30/01/2013,23:30,0,0,0
30/01/2013,23:45,0,0,0
31/01/2013,00:00,2,2,0
31/01/2013,00:15,0,0,0
31/01/2013,00:30,0,0,0
31/01/2013,00:45,0,0,0
31/01/2013,01:00,0,0,0
31/01/2013,01:15,0,0,0
31/01/2013,01:30,0,0,0
31/01/2013,01:45,0,0,0
31/01/2013,02:00,0,0,0
31/01/2013,02:15,0,0,0
31/01/2013,02:30,0,0,0
31/01/2013,02:45,0,0,0
31/01/2013,03:00,0,0,0
31/01/2013,03:15,0,0,0
31/01/2013,03:30,0,0,0
31/01/2013,03:45,0,0,0
31/01/2013,04:00,0,0,0
31/01/2013,04:15,0,0,0
31/01/2013,04:30,0,0,0
31/01/2013,04:45,2,2,0
31/01/2013,05:00,0,0,0
31/01/2013,05:15,2,1,1
31/01/2013,05:30,2,0,2
31/01/2013,05:45,1,0,1
31/01/2013,06:00,3,0,3
31/01/2013,06:15,6,2,4
31/01/2013,06:30,3,1,2
31/01/2013,06:45,4,2,2
31/01/2013,07:00,15,2,13
31/01/2013,07:15,6,2,4
31/01/2013,07:30,17,10,7
31/01/2013,07:45,14,9,5
31/01/2013,08:00,29,18,11
31/01/2013,08:15,16,5,11
31/01/2013,08:30,21,0,21
31/01/2013,08:45,20,8,12
31/01/2013,09:00,21,6,15
31/01/2013,09:15,10,1,9
31/01/2013,09:30,18,3,15
31/01/2013,09:45,10,5,5
31/01/2013,10:00,21,4,17
31/01/2013,10:15,11,2,9
31/01/2013,10:30,17,5,12
31/01/2013,10:45,14,4,10
31/01/2013,11:00,18,2,16
31/01/2013,11:15,14,4,10
31/01/2013,11:30,15,7,8
31/01/2013,11:45,26,6,20
31/01/2013,12:00,27,6,21
31/01/2013,12:15,23,8,15
31/01/2013,12:30,13,1,12
31/01/2013,12:45,15,5,10
31/01/2013,13:00,14,2,12
31/01/2013,13:15,20,2,18
31/01/2013,13:30,16,2,14
31/01/2013,13:45,17,5,12
31/01/2013,14:00,18,3,15
31/01/2013,14:15,25,5,20
31/01/2013,14:30,23,9,14
31/01/2013,14:45,11,5,6
31/01/2013,15:00,13,3,10
31/01/2013,15:15,30,16,14
31/01/2013,15:30,38,17,21
31/01/2013,15:45,28,6,22
31/01/2013,16:00,22,7,15
31/01/2013,16:15,19,4,15
31/01/2013,16:30,21,7,14
31/01/2013,16:45,24,14,10
31/01/2013,17:00,18,12,6
31/01/2013,17:15,20,14,6
31/01/2013,17:30,14,7,7
31/01/2013,17:45,4,1,3
31/01/2013,18:00,10,4,6
31/01/2013,18:15,11,5,6
31/01/2013,18:30,12,9,3
31/01/2013,18:45,1,0,1
31/01/2013,19:00,4,3,1
31/01/2013,19:15,1,0,1
31/01/2013,19:30,0,0,0
31/01/2013,19:45,2,0,2
31/01/2013,20:00,5,5,0
31/01/2013,20:15,2,0,2
31/01/2013,20:30,1,0,1
31/01/2013,20:45,1,1,0
31/01/2013,21:00,1,1,0
31/01/2013,21:15,0,0,0
31/01/2013,21:30,0,0,0
31/01/2013,21:45,1,0,1
31/01/2013,22:00,1,0,1
31/01/2013,22:15,2,1,1
31/01/2013,22:30,1,0,1
31/01/2013,22:45,0,0,0
31/01/2013,23:00,0,0,0
31/01/2013,23:15,0,0,0
31/01/2013,23:30,0,0,0
31/01/2013,23:45,0,0,0
01/02/2013,00:00,0,0,0
01/02/2013,00:15,0,0,0
01/02/2013,00:30,0,0,0
01/02/2013,00:45,0,0,0
01/02/2013,01:00,0,0,0
01/02/2013,01:15,0,0,0
01/02/2013,01:30,0,0,0
01/02/2013,01:45,0,0,0
01/02/2013,02:00,0,0,0
01/02/2013,02:15,0,0,0
01/02/2013,02:30,0,0,0
01/02/2013,02:45,0,0,0
01/02/2013,03:00,0,0,0
01/02/2013,03:15,0,0,0
01/02/2013,03:30,0,0,0
01/02/2013,03:45,0,0,0
01/02/2013,04:00,0,0,0
01/02/2013,04:15,0,0,0
01/02/2013,04:30,1,1,0
01/02/2013,04:45,0,0,0
01/02/2013,05:00,1,0,1
01/02/2013,05:15,2,1,1
01/02/2013,05:30,0,0,0
01/02/2013,05:45,2,0,2
01/02/2013,06:00,1,0,1
01/02/2013,06:15,5,2,3
01/02/2013,06:30,6,0,6
01/02/2013,06:45,5,4,1
01/02/2013,07:00,6,1,5
01/02/2013,07:15,14,4,10
01/02/2013,07:30,6,5,1
01/02/2013,07:45,19,13,6
01/02/2013,08:00,20,15,5
01/02/2013,08:15,13,5,8
01/02/2013,08:30,14,5,9
01/02/2013,08:45,10,2,8
01/02/2013,09:00,13,3,10
01/02/2013,09:15,13,3,10
01/02/2013,09:30,11,2,9
01/02/2013,09:45,20,5,15
01/02/2013,10:00,17,3,14
01/02/2013,10:15,22,1,21
01/02/2013,10:30,14,2,12
01/02/2013,10:45,21,5,16
01/02/2013,11:00,24,10,14
01/02/2013,11:15,20,6,14
01/02/2013,11:30,24,8,16
01/02/2013,11:45,17,1,16
01/02/2013,12:00,16,4,12
01/02/2013,12:15,21,7,14
01/02/2013,12:30,18,7,11
01/02/2013,12:45,30,6,24
01/02/2013,13:00,24,6,18
01/02/2013,13:15,16,4,12
01/02/2013,13:30,22,2,20
01/02/2013,13:45,16,6,10
01/02/2013,14:00,17,2,15
01/02/2013,14:15,17,5,12
01/02/2013,14:30,20,2,18
01/02/2013,14:45,14,8,6
01/02/2013,15:00,11,3,8
01/02/2013,15:15,18,8,10
01/02/2013,15:30,15,4,11
01/02/2013,15:45,18,12,6
01/02/2013,16:00,36,15,21
01/02/2013,16:15,26,11,15
01/02/2013,16:30,23,9,14
01/02/2013,16:45,15,3,12
01/02/2013,17:00,17,6,11
01/02/2013,17:15,31,13,18
01/02/2013,17:30,24,8,16
01/02/2013,17:45,27,15,12
01/02/2013,18:00,12,4,8
01/02/2013,18:15,10,5,5
01/02/2013,18:30,3,3,0
01/02/2013,18:45,5,5,0
01/02/2013,19:00,0,0,0
01/02/2013,19:15,1,1,0
01/02/2013,19:30,2,0,2
01/02/2013,19:45,1,0,1
01/02/2013,20:00,1,1,0
01/02/2013,20:15,3,2,1
01/02/2013,20:30,0,0,0
01/02/2013,20:45,0,0,0
01/02/2013,21:00,2,2,0
01/02/2013,21:15,0,0,0
01/02/2013,21:30,0,0,0
01/02/2013,21:45,0,0,0
01/02/2013,22:00,0,0,0
01/02/2013,22:15,0,0,0
01/02/2013,22:30,0,0,0
01/02/2013,22:45,0,0,0
01/02/2013,23:00,0,0,0
01/02/2013,23:15,1,0,1
01/02/2013,23:30,0,0,0
01/02/2013,23:45,0,0,0
02/02/2013,00:00,0,0,0
02/02/2013,00:15,0,0,0
02/02/2013,00:30,0,0,0
02/02/2013,00:45,0,0,0
02/02/2013,01:00,0,0,0
02/02/2013,01:15,0,0,0
02/02/2013,01:30,0,0,0
02/02/2013,01:45,0,0,0
02/02/2013,02:00,0,0,0
02/02/2013,02:15,0,0,0
02/02/2013,02:30,0,0,0
02/02/2013,02:45,0,0,0
02/02/2013,03:00,0,0,0
02/02/2013,03:15,0,0,0
02/02/2013,03:30,0,0,0
02/02/2013,03:45,0,0,0
02/02/2013,04:00,0,0,0
02/02/2013,04:15,0,0,0
02/02/2013,04:30,0,0,0
02/02/2013,04:45,0,0,0
02/02/2013,05:00,0,0,0
02/02/2013,05:15,0,0,0
02/02/2013,05:30,1,1,0
02/02/2013,05:45,0,0,0
02/02/2013,06:00,1,0,1
02/02/2013,06:15,1,0,1
02/02/2013,06:30,1,0,1
02/02/2013,06:45,5,0,5
02/02/2013,07:00,3,1,2
02/02/2013,07:15,3,0,3
02/02/2013,07:30,9,1,8
02/02/2013,07:45,10,1,9
02/02/2013,08:00,8,3,5
02/02/2013,08:15,15,2,13
02/02/2013,08:30,21,6,15
02/02/2013,08:45,19,4,15
02/02/2013,09:00,33,5,28
02/02/2013,09:15,23,6,17
02/02/2013,09:30,25,6,19
02/02/2013,09:45,18,2,16
02/02/2013,10:00,17,8,9
02/02/2013,10:15,24,8,16
02/02/2013,10:30,19,4,15
02/02/2013,10:45,32,12,20
02/02/2013,11:00,22,3,19
02/02/2013,11:15,21,9,12
02/02/2013,11:30,38,12,26
02/02/2013,11:45,15,3,12
02/02/2013,12:00,22,8,14
02/02/2013,12:15,31,8,23
02/02/2013,12:30,18,6,12
02/02/2013,12:45,20,8,12
02/02/2013,13:00,20,11,9
02/02/2013,13:15,24,14,10
02/02/2013,13:30,28,12,16
02/02/2013,13:45,21,8,13
02/02/2013,14:00,30,15,15
02/02/2013,14:15,24,7,17
02/02/2013,14:30,36,27,9
02/02/2013,14:45,26,13,13
02/02/2013,15:00,27,9,18
02/02/2013,15:15,22,11,11
02/02/2013,15:30,39,22,17
02/02/2013,15:45,31,10,21
02/02/2013,16:00,25,10,15
02/02/2013,16:15,24,6,18
02/02/2013,16:30,18,5,13
02/02/2013,16:45,16,8,8
02/02/2013,17:00,17,2,15
02/02/2013,17:15,11,2,9
02/02/2013,17:30,10,5,5
02/02/2013,17:45,11,3,8
02/02/2013,18:00,3,1,2
02/02/2013,18:15,1,0,1
02/02/2013,18:30,2,2,0
02/02/2013,18:45,2,0,2
02/02/2013,19:00,2,0,2
02/02/2013,19:15,1,0,1
02/02/2013,19:30,0,0,0
02/02/2013,19:45,1,0,1
02/02/2013,20:00,2,1,1
02/02/2013,20:15,2,2,0
02/02/2013,20:30,0,0,0
02/02/2013,20:45,2,0,2
02/02/2013,21:00,0,0,0
02/02/2013,21:15,1,1,0
02/02/2013,21:30,0,0,0
02/02/2013,21:45,0,0,0
02/02/2013,22:00,0,0,0
02/02/2013,22:15,0,0,0
02/02/2013,22:30,0,0,0
02/02/2013,22:45,0,0,0
02/02/2013,23:00,0,0,0
02/02/2013,23:15,0,0,0
02/02/2013,23:30,0,0,0
02/02/2013,23:45,0,0,0
03/02/2013,00:00,1,1,0
03/02/2013,00:15,0,0,0
03/02/2013,00:30,0,0,0
03/02/2013,00:45,0,0,0
03/02/2013,01:00,0,0,0
03/02/2013,01:15,0,0,0
03/02/2013,01:30,0,0,0
03/02/2013,01:45,0,0,0
03/02/2013,02:00,0,0,0
03/02/2013,02:15,0,0,0
03/02/2013,02:30,0,0,0
03/02/2013,02:45,0,0,0
03/02/2013,03:00,0,0,0
03/02/2013,03:15,0,0,0
03/02/2013,03:30,0,0,0
03/02/2013,03:45,0,0,0
03/02/2013,04:00,0,0,0
03/02/2013,04:15,0,0,0
03/02/2013,04:30,0,0,0
03/02/2013,04:45,0,0,0
03/02/2013,05:00,0,0,0
03/02/2013,05:15,0,0,0
03/02/2013,05:30,0,0,0
03/02/2013,05:45,0,0,0
03/02/2013,06:00,0,0,0
03/02/2013,06:15,0,0,0
03/02/2013,06:30,0,0,0
03/02/2013,06:45,1,1,0
03/02/2013,07:00,4,0,4
03/02/2013,07:15,1,0,1
03/02/2013,07:30,3,0,3
03/02/2013,07:45,8,2,6
03/02/2013,08:00,4,0,4
03/02/2013,08:15,5,3,2
03/02/2013,08:30,12,2,10
03/02/2013,08:45,21,4,17
03/02/2013,09:00,16,3,13
03/02/2013,09:15,26,5,21
03/02/2013,09:30,36,9,27
03/02/2013,09:45,28,5,23
03/02/2013,10:00,34,10,24
03/02/2013,10:15,41,12,29
03/02/2013,10:30,29,7,22
03/02/2013,10:45,31,15,16
03/02/2013,11:00,37,16,21
03/02/2013,11:15,40,8,32
03/02/2013,11:30,33,13,20
03/02/2013,11:45,36,19,17
03/02/2013,12:00,42,14,28
03/02/2013,12:15,38,11,27
03/02/2013,12:30,35,16,19
03/02/2013,12:45,37,17,20
03/02/2013,13:00,25,8,17
03/02/2013,13:15,31,12,19
03/02/2013,13:30,28,4,24
03/02/2013,13:45,33,12,21
03/02/2013,14:00,25,3,22
03/02/2013,14:15,37,19,18
03/02/2013,14:30,26,7,19
03/02/2013,14:45,36,15,21
03/02/2013,15:00,29,6,23
03/02/2013,15:15,16,1,15
03/02/2013,15:30,13,5,8
03/02/2013,15:45,20,15,5
03/02/2013,16:00,18,6,12
03/02/2013,16:15,10,4,6
03/02/2013,16:30,14,6,8
03/02/2013,16:45,16,4,12
03/02/2013,17:00,14,7,7
03/02/2013,17:15,12,4,8
03/02/2013,17:30,3,2,1
03/02/2013,17:45,10,7,3
03/02/2013,18:00,4,4,0
03/02/2013,18:15,3,3,0
03/02/2013,18:30,0,0,0
03/02/2013,18:45,0,0,0
03/02/2013,19:00,0,0,0
03/02/2013,19:15,0,0,0
03/02/2013,19:30,0,0,0
03/02/2013,19:45,0,0,0
03/02/2013,20:00,0,0,0
03/02/2013,20:15,2,2,0
03/02/2013,20:30,0,0,0
03/02/2013,20:45,1,0,1
03/02/2013,21:00,0,0,0
03/02/2013,21:15,2,0,2
03/02/2013,21:30,1,0,1
03/02/2013,21:45,0,0,0
03/02/2013,22:00,0,0,0
03/02/2013,22:15,1,0,1
03/02/2013,22:30,0,0,0
03/02/2013,22:45,0,0,0
03/02/2013,23:00,0,0,0
03/02/2013,23:15,0,0,0
03/02/2013,23:30,0,0,0
03/02/2013,23:45,0,0,0
04/02/2013,00:00,0,0,0
04/02/2013,00:15,0,0,0
04/02/2013,00:30,0,0,0
04/02/2013,00:45,0,0,0
04/02/2013,01:00,0,0,0
04/02/2013,01:15,0,0,0
04/02/2013,01:30,0,0,0
04/02/2013,01:45,0,0,0
04/02/2013,02:00,0,0,0
04/02/2013,02:15,0,0,0
04/02/2013,02:30,0,0,0
04/02/2013,02:45,0,0,0
04/02/2013,03:00,0,0,0
04/02/2013,03:15,0,0,0
04/02/2013,03:30,0,0,0
04/02/2013,03:45,2,0,2
04/02/2013,04:00,0,0,0
04/02/2013,04:15,0,0,0
04/02/2013,04:30,0,0,0
04/02/2013,04:45,0,0,0
04/02/2013,05:00,1,1,0
04/02/2013,05:15,0,0,0
04/02/2013,05:30,2,2,0
04/02/2013,05:45,4,2,2
04/02/2013,06:00,3,2,1
04/02/2013,06:15,8,2,6
04/02/2013,06:30,3,0,3
04/02/2013,06:45,7,3,4
04/02/2013,07:00,6,1,5
04/02/2013,07:15,10,3,7
04/02/2013,07:30,10,4,6
04/02/2013,07:45,15,9,6
04/02/2013,08:00,29,23,6
04/02/2013,08:15,13,5,8
04/02/2013,08:30,10,2,8
04/02/2013,08:45,18,8,10
04/02/2013,09:00,12,3,9
04/02/2013,09:15,9,0,9
04/02/2013,09:30,10,4,6
04/02/2013,09:45,5,1,4
04/02/2013,10:00,18,5,13
04/02/2013,10:15,15,3,12
04/02/2013,10:30,10,2,8
04/02/2013,10:45,14,2,12
04/02/2013,11:00,11,5,6
04/02/2013,11:15,15,7,8
04/02/2013,11:30,7,1,6
04/02/2013,11:45,13,1,12
04/02/2013,12:00,9,4,5
04/02/2013,12:15,9,3,6
04/02/2013,12:30,6,0,6
04/02/2013,12:45,9,3,6
04/02/2013,13:00,15,1,14
04/02/2013,13:15,16,2,14
04/02/2013,13:30,14,1,13
04/02/2013,13:45,15,2,13
04/02/2013,14:00,26,5,21
04/02/2013,14:15,15,3,12
04/02/2013,14:30,10,7,3
04/02/2013,14:45,14,4,10
04/02/2013,15:00,11,3,8
04/02/2013,15:15,12,1,11
04/02/2013,15:30,30,11,19
04/02/2013,15:45,34,12,22
04/02/2013,16:00,22,7,15
04/02/2013,16:15,15,2,13
04/02/2013,16:30,23,11,12
04/02/2013,16:45,18,5,13
04/02/2013,17:00,20,10,10
04/02/2013,17:15,14,5,9
04/02/2013,17:30,13,7,6
04/02/2013,17:45,3,1,2
04/02/2013,18:00,6,2,4
04/02/2013,18:15,13,13,0
04/02/2013,18:30,6,4,2
04/02/2013,18:45,4,1,3
04/02/2013,19:00,4,3,1
04/02/2013,19:15,1,0,1
04/02/2013,19:30,1,0,1
04/02/2013,19:45,5,3,2
04/02/2013,20:00,3,2,1
04/02/2013,20:15,0,0,0
04/02/2013,20:30,1,1,0
04/02/2013,20:45,1,0,1
04/02/2013,21:00,3,2,1
04/02/2013,21:15,1,0,1
04/02/2013,21:30,0,0,0
04/02/2013,21:45,0,0,0
04/02/2013,22:00,0,0,0
04/02/2013,22:15,1,1,0
04/02/2013,22:30,0,0,0
04/02/2013,22:45,0,0,0
04/02/2013,23:00,1,0,1
04/02/2013,23:15,0,0,0
04/02/2013,23:30,0,0,0
04/02/2013,23:45,0,0,0
05/02/2013,00:00,0,0,0
05/02/2013,00:15,0,0,0
05/02/2013,00:30,0,0,0
05/02/2013,00:45,0,0,0
05/02/2013,01:00,0,0,0
05/02/2013,01:15,0,0,0
05/02/2013,01:30,0,0,0
05/02/2013,01:45,0,0,0
05/02/2013,02:00,0,0,0
05/02/2013,02:15,0,0,0
05/02/2013,02:30,0,0,0
05/02/2013,02:45,0,0,0
05/02/2013,03:00,0,0,0
05/02/2013,03:15,0,0,0
05/02/2013,03:30,0,0,0
05/02/2013,03:45,0,0,0
05/02/2013,04:00,0,0,0
05/02/2013,04:15,0,0,0
05/02/2013,04:30,0,0,0
05/02/2013,04:45,0,0,0
05/02/2013,05:00,1,1,0
05/02/2013,05:15,2,0,2
05/02/2013,05:30,0,0,0
05/02/2013,05:45,1,0,1
05/02/2013,06:00,2,1,1
05/02/2013,06:15,3,2,1
05/02/2013,06:30,9,3,6
05/02/2013,06:45,10,3,7
05/02/2013,07:00,10,2,8
05/02/2013,07:15,12,8,4
05/02/2013,07:30,14,8,6
05/02/2013,07:45,22,14,8
05/02/2013,08:00,20,13,7
05/02/2013,08:15,12,3,9
05/02/2013,08:30,11,2,9
05/02/2013,08:45,19,5,14
05/02/2013,09:00,11,2,9
05/02/2013,09:15,18,3,15
05/02/2013,09:30,16,4,12
05/02/2013,09:45,11,4,7
05/02/2013,10:00,17,3,14
05/02/2013,10:15,7,2,5
05/02/2013,10:30,15,3,12
05/02/2013,10:45,19,3,16
05/02/2013,11:00,23,1,22
05/02/2013,11:15,16,3,13
05/02/2013,11:30,17,4,13
05/02/2013,11:45,13,3,10
05/02/2013,12:00,9,3,6
05/02/2013,12:15,6,3,3
05/02/2013,12:30,15,3,12
05/02/2013,12:45,16,5,11
05/02/2013,13:00,18,2,16
05/02/2013,13:15,13,5,8
05/02/2013,13:30,7,0,7
05/02/2013,13:45,13,4,9
05/02/2013,14:00,10,2,8
05/02/2013,14:15,9,3,6
05/02/2013,14:30,22,6,16
05/02/2013,14:45,10,4,6
05/02/2013,15:00,22,8,14
05/02/2013,15:15,31,23,8
05/02/2013,15:30,14,10,4
05/02/2013,15:45,22,8,14
05/02/2013,16:00,18,4,14
05/02/2013,16:15,14,3,11
05/02/2013,16:30,22,7,15
05/02/2013,16:45,13,5,8
05/02/2013,17:00,16,7,9
05/02/2013,17:15,18,9,9
05/02/2013,17:30,15,9,6
05/02/2013,17:45,10,5,5
05/02/2013,18:00,3,2,1
05/02/2013,18:15,9,5,4
05/02/2013,18:30,10,8,2
05/02/2013,18:45,1,1,0
05/02/2013,19:00,4,4,0
05/02/2013,19:15,3,2,1
05/02/2013,19:30,1,1,0
05/02/2013,19:45,2,1,1
05/02/2013,20:00,2,2,0
05/02/2013,20:15,1,1,0
05/02/2013,20:30,1,0,1
05/02/2013,20:45,3,3,0
05/02/2013,21:00,2,0,2
05/02/2013,21:15,0,0,0
05/02/2013,21:30,2,0,2
05/02/2013,21:45,0,0,0
05/02/2013,22:00,0,0,0
05/02/2013,22:15,0,0,0
05/02/2013,22:30,0,0,0
05/02/2013,22:45,0,0,0
05/02/2013,23:00,0,0,0
05/02/2013,23:15,0,0,0
05/02/2013,23:30,0,0,0
05/02/2013,23:45,0,0,0
06/02/2013,00:00,0,0,0
06/02/2013,00:15,0,0,0
06/02/2013,00:30,0,0,0
06/02/2013,00:45,0,0,0
06/02/2013,01:00,0,0,0
06/02/2013,01:15,0,0,0
06/02/2013,01:30,0,0,0
06/02/2013,01:45,0,0,0
06/02/2013,02:00,0,0,0
06/02/2013,02:15,0,0,0
06/02/2013,02:30,0,0,0
06/02/2013,02:45,0,0,0
06/02/2013,03:00,0,0,0
06/02/2013,03:15,0,0,0
06/02/2013,03:30,0,0,0
06/02/2013,03:45,0,0,0
06/02/2013,04:00,0,0,0
06/02/2013,04:15,0,0,0
06/02/2013,04:30,0,0,0
06/02/2013,04:45,0,0,0
06/02/2013,05:00,2,2,0
06/02/2013,05:15,2,1,1
06/02/2013,05:30,0,0,0
06/02/2013,05:45,1,1,0
06/02/2013,06:00,1,0,1
06/02/2013,06:15,9,2,7
06/02/2013,06:30,4,0,4
06/02/2013,06:45,9,4,5
06/02/2013,07:00,6,2,4
06/02/2013,07:15,14,6,8
06/02/2013,07:30,16,5,11
06/02/2013,07:45,9,5,4
06/02/2013,08:00,22,13,9
06/02/2013,08:15,18,4,14
06/02/2013,08:30,23,3,20
06/02/2013,08:45,19,7,12
06/02/2013,09:00,10,3,7
06/02/2013,09:15,10,2,8
06/02/2013,09:30,14,1,13
06/02/2013,09:45,16,3,13
06/02/2013,10:00,14,1,13
06/02/2013,10:15,21,4,17
06/02/2013,10:30,18,4,14
06/02/2013,10:45,20,2,18
06/02/2013,11:00,29,8,21
06/02/2013,11:15,15,5,10
06/02/2013,11:30,17,7,10
06/02/2013,11:45,14,8,6
06/02/2013,12:00,14,3,11
06/02/2013,12:15,20,4,16
06/02/2013,12:30,29,5,24
06/02/2013,12:45,18,3,15
06/02/2013,13:00,24,5,19
06/02/2013,13:15,25,11,14
06/02/2013,13:30,22,10,12
06/02/2013,13:45,17,5,12
06/02/2013,14:00,22,5,17
06/02/2013,14:15,16,7,9
06/02/2013,14:30,18,2,16
06/02/2013,14:45,19,6,13
06/02/2013,15:00,6,2,4
06/02/2013,15:15,23,10,13
06/02/2013,15:30,16,5,11
06/02/2013,15:45,20,9,11
06/02/2013,16:00,18,6,12
06/02/2013,16:15,20,5,15
06/02/2013,16:30,13,4,9
06/02/2013,16:45,13,5,8
06/02/2013,17:00,20,9,11
06/02/2013,17:15,13,7,6
06/02/2013,17:30,8,2,6
06/02/2013,17:45,14,8,6
06/02/2013,18:00,6,1,5
06/02/2013,18:15,10,9,1
06/02/2013,18:30,10,8,2
06/02/2013,18:45,2,2,0
06/02/2013,19:00,9,7,2
06/02/2013,19:15,6,4,2
06/02/2013,19:30,1,1,0
06/02/2013,19:45,1,1,0
06/02/2013,20:00,1,1,0
06/02/2013,20:15,1,0,1
06/02/2013,20:30,1,0,1
06/02/2013,20:45,0,0,0
06/02/2013,21:00,1,1,0
06/02/2013,21:15,0,0,0
06/02/2013,21:30,0,0,0
06/02/2013,21:45,0,0,0
06/02/2013,22:00,0,0,0
06/02/2013,22:15,3,3,0
06/02/2013,22:30,0,0,0
06/02/2013,22:45,0,0,0
06/02/2013,23:00,0,0,0
06/02/2013,23:15,0,0,0
06/02/2013,23:30,0,0,0
06/02/2013,23:45,0,0,0
07/02/2013,00:00,0,0,0
07/02/2013,00:15,0,0,0
07/02/2013,00:30,0,0,0
07/02/2013,00:45,0,0,0
07/02/2013,01:00,0,0,0
07/02/2013,01:15,0,0,0
07/02/2013,01:30,0,0,0
07/02/2013,01:45,0,0,0
07/02/2013,02:00,0,0,0
07/02/2013,02:15,0,0,0
07/02/2013,02:30,0,0,0
07/02/2013,02:45,0,0,0
07/02/2013,03:00,0,0,0
07/02/2013,03:15,0,0,0
07/02/2013,03:30,0,0,0
07/02/2013,03:45,0,0,0
07/02/2013,04:00,0,0,0
07/02/2013,04:15,0,0,0
07/02/2013,04:30,0,0,0
07/02/2013,04:45,0,0,0
07/02/2013,05:00,0,0,0
07/02/2013,05:15,0,0,0
07/02/2013,05:30,2,1,1
07/02/2013,05:45,1,0,1
07/02/2013,06:00,3,0,3
07/02/2013,06:15,2,0,2
07/02/2013,06:30,4,0,4
07/02/2013,06:45,7,5,2
07/02/2013,07:00,11,1,10
07/02/2013,07:15,4,1,3
07/02/2013,07:30,4,2,2
07/02/2013,07:45,0,0,0
07/02/2013,08:00,3,1,2
07/02/2013,08:15,0,0,0
07/02/2013,08:30,9,0,9
07/02/2013,08:45,9,5,4
07/02/2013,09:00,5,0,5
07/02/2013,09:15,3,0,3
07/02/2013,09:30,4,2,2
07/02/2013,09:45,8,1,7
07/02/2013,10:00,11,0,11
07/02/2013,10:15,9,1,8
07/02/2013,10:30,7,0,7
07/02/2013,10:45,9,2,7
07/02/2013,11:00,9,0,9
07/02/2013,11:15,11,3,8
07/02/2013,11:30,7,0,7
07/02/2013,11:45,10,1,9
07/02/2013,12:00,10,1,9
07/02/2013,12:15,11,3,8
07/02/2013,12:30,9,1,8
07/02/2013,12:45,8,0,8
07/02/2013,13:00,4,1,3
07/02/2013,13:15,16,5,11
07/02/2013,13:30,17,5,12
07/02/2013,13:45,14,2,12
07/02/2013,14:00,12,6,6
07/02/2013,14:15,6,2,4
07/02/2013,14:30,15,2,13
07/02/2013,14:45,10,4,6
07/02/2013,15:00,12,4,8
07/02/2013,15:15,13,5,8
07/02/2013,15:30,12,2,10
07/02/2013,15:45,21,9,12
07/02/2013,16:00,18,5,13
07/02/2013,16:15,17,3,14
07/02/2013,16:30,17,5,12
07/02/2013,16:45,17,5,12
07/02/2013,17:00,12,4,8
07/02/2013,17:15,10,2,8
07/02/2013,17:30,7,1,6
07/02/2013,17:45,6,3,3
07/02/2013,18:00,1,1,0
07/02/2013,18:15,9,6,3
07/02/2013,18:30,3,3,0
07/02/2013,18:45,5,2,3
07/02/2013,19:00,1,1,0
07/02/2013,19:15,0,0,0
07/02/2013,19:30,0,0,0
07/02/2013,19:45,3,1,2
07/02/2013,20:00,2,0,2
07/02/2013,20:15,0,0,0
07/02/2013,20:30,0,0,0
07/02/2013,20:45,1,1,0
07/02/2013,21:00,1,1,0
07/02/2013,21:15,0,0,0
07/02/2013,21:30,0,0,0
07/02/2013,21:45,0,0,0
07/02/2013,22:00,0,0,0
07/02/2013,22:15,1,0,1
07/02/2013,22:30,0,0,0
07/02/2013,22:45,0,0,0
07/02/2013,23:00,0,0,0
07/02/2013,23:15,0,0,0
07/02/2013,23:30,0,0,0
07/02/2013,23:45,0,0,0
08/02/2013,00:00,0,0,0
08/02/2013,00:15,1,1,0
08/02/2013,00:30,0,0,0
08/02/2013,00:45,0,0,0
08/02/2013,01:00,0,0,0
08/02/2013,01:15,0,0,0
08/02/2013,01:30,0,0,0
08/02/2013,01:45,0,0,0
08/02/2013,02:00,0,0,0
08/02/2013,02:15,0,0,0
08/02/2013,02:30,0,0,0
08/02/2013,02:45,0,0,0
08/02/2013,03:00,0,0,0
08/02/2013,03:15,0,0,0
08/02/2013,03:30,1,1,0
08/02/2013,03:45,0,0,0
08/02/2013,04:00,0,0,0
08/02/2013,04:15,0,0,0
08/02/2013,04:30,0,0,0
08/02/2013,04:45,0,0,0
08/02/2013,05:00,0,0,0
08/02/2013,05:15,0,0,0
08/02/2013,05:30,0,0,0
08/02/2013,05:45,0,0,0
08/02/2013,06:00,1,1,0
08/02/2013,06:15,3,1,2
08/02/2013,06:30,3,1,2
08/02/2013,06:45,8,2,6
08/02/2013,07:00,3,0,3
08/02/2013,07:15,9,2,7
08/02/2013,07:30,7,4,3
08/02/2013,07:45,22,17,5
08/02/2013,08:00,26,14,12
08/02/2013,08:15,12,3,9
08/02/2013,08:30,14,5,9
08/02/2013,08:45,17,4,13
08/02/2013,09:00,12,1,11
08/02/2013,09:15,16,2,14
08/02/2013,09:30,8,1,7
08/02/2013,09:45,19,4,15
08/02/2013,10:00,26,7,19
08/02/2013,10:15,15,4,11
08/02/2013,10:30,12,1,11
08/02/2013,10:45,13,2,11
08/02/2013,11:00,13,3,10
08/02/2013,11:15,20,6,14
08/02/2013,11:30,26,5,21
08/02/2013,11:45,21,4,17
08/02/2013,12:00,14,3,11
08/02/2013,12:15,17,5,12
08/02/2013,12:30,15,1,14
08/02/2013,12:45,16,1,15
08/02/2013,13:00,23,4,19
08/02/2013,13:15,20,6,14
08/02/2013,13:30,13,2,11
08/02/2013,13:45,19,4,15
08/02/2013,14:00,22,8,14
08/02/2013,14:15,25,6,19
08/02/2013,14:30,16,6,10
08/02/2013,14:45,7,2,5
08/02/2013,15:00,9,5,4
08/02/2013,15:15,17,8,9
08/02/2013,15:30,18,14,4
08/02/2013,15:45,11,6,5
08/02/2013,16:00,16,5,11
08/02/2013,16:15,16,7,9
08/02/2013,16:30,13,5,8
08/02/2013,16:45,11,7,4
08/02/2013,17:00,16,8,8
08/02/2013,17:15,12,4,8
08/02/2013,17:30,12,8,4
08/02/2013,17:45,5,2,3
08/02/2013,18:00,3,1,2
08/02/2013,18:15,4,4,0
08/02/2013,18:30,2,1,1
08/02/2013,18:45,3,3,0
08/02/2013,19:00,2,2,0
08/02/2013,19:15,1,0,1
08/02/2013,19:30,1,1,0
08/02/2013,19:45,0,0,0
08/02/2013,20:00,4,1,3
08/02/2013,20:15,0,0,0
08/02/2013,20:30,0,0,0
08/02/2013,20:45,0,0,0
08/02/2013,21:00,0,0,0
08/02/2013,21:15,0,0,0
08/02/2013,21:30,0,0,0
08/02/2013,21:45,0,0,0
08/02/2013,22:00,1,1,0
08/02/2013,22:15,0,0,0
08/02/2013,22:30,0,0,0
08/02/2013,22:45,0,0,0
08/02/2013,23:00,0,0,0
08/02/2013,23:15,0,0,0
08/02/2013,23:30,0,0,0
08/02/2013,23:45,0,0,0
09/02/2013,00:00,0,0,0
09/02/2013,00:15,0,0,0
09/02/2013,00:30,0,0,0
09/02/2013,00:45,0,0,0
09/02/2013,01:00,0,0,0
09/02/2013,01:15,0,0,0
09/02/2013,01:30,0,0,0
09/02/2013,01:45,0,0,0
09/02/2013,02:00,0,0,0
09/02/2013,02:15,0,0,0
09/02/2013,02:30,0,0,0
09/02/2013,02:45,0,0,0
09/02/2013,03:00,0,0,0
09/02/2013,03:15,0,0,0
09/02/2013,03:30,0,0,0
09/02/2013,03:45,0,0,0
09/02/2013,04:00,0,0,0
09/02/2013,04:15,0,0,0
09/02/2013,04:30,0,0,0
09/02/2013,04:45,0,0,0
09/02/2013,05:00,0,0,0
09/02/2013,05:15,0,0,0
09/02/2013,05:30,1,0,1
09/02/2013,05:45,1,0,1
09/02/2013,06:00,0,0,0
09/02/2013,06:15,2,1,1
09/02/2013,06:30,2,1,1
09/02/2013,06:45,2,0,2
09/02/2013,07:00,2,0,2
09/02/2013,07:15,7,0,7
09/02/2013,07:30,9,1,8
09/02/2013,07:45,6,0,6
09/02/2013,08:00,11,0,11
09/02/2013,08:15,6,1,5
09/02/2013,08:30,18,2,16
09/02/2013,08:45,21,2,19
09/02/2013,09:00,30,2,28
09/02/2013,09:15,40,3,37
09/02/2013,09:30,24,0,24
09/02/2013,09:45,21,2,19
09/02/2013,10:00,33,9,24
09/02/2013,10:15,35,13,22
09/02/2013,10:30,29,8,21
09/02/2013,10:45,35,10,25
09/02/2013,11:00,31,9,22
09/02/2013,11:15,32,8,24
09/02/2013,11:30,32,6,26
09/02/2013,11:45,39,13,26
09/02/2013,12:00,34,14,20
09/02/2013,12:15,37,13,24
09/02/2013,12:30,33,9,24
09/02/2013,12:45,36,21,15
09/02/2013,13:00,34,10,24
09/02/2013,13:15,17,4,13
09/02/2013,13:30,30,17,13
09/02/2013,13:45,24,14,10
09/02/2013,14:00,37,13,24
09/02/2013,14:15,35,8,27
09/02/2013,14:30,31,11,20
09/02/2013,14:45,36,8,28
09/02/2013,15:00,22,4,18
09/02/2013,15:15,27,15,12
09/02/2013,15:30,34,25,9
09/02/2013,15:45,34,15,19
09/02/2013,16:00,38,24,14
09/02/2013,16:15,44,20,24
09/02/2013,16:30,22,5,17
09/02/2013,16:45,20,7,13
09/02/2013,17:00,17,5,12
09/02/2013,17:15,16,5,11
09/02/2013,17:30,9,5,4
09/02/2013,17:45,5,2,3
09/02/2013,18:00,10,6,4
09/02/2013,18:15,4,3,1
09/02/2013,18:30,0,0,0
09/02/2013,18:45,1,1,0
09/02/2013,19:00,1,1,0
09/02/2013,19:15,1,0,1
09/02/2013,19:30,3,1,2
09/02/2013,19:45,0,0,0
09/02/2013,20:00,0,0,0
09/02/2013,20:15,0,0,0
09/02/2013,20:30,0,0,0
09/02/2013,20:45,1,1,0
09/02/2013,21:00,0,0,0
09/02/2013,21:15,0,0,0
09/02/2013,21:30,0,0,0
09/02/2013,21:45,0,0,0
09/02/2013,22:00,0,0,0
09/02/2013,22:15,0,0,0
09/02/2013,22:30,0,0,0
09/02/2013,22:45,1,1,0
09/02/2013,23:00,0,0,0
09/02/2013,23:15,1,1,0
09/02/2013,23:30,0,0,0
09/02/2013,23:45,0,0,0
10/02/2013,00:00,0,0,0
10/02/2013,00:15,0,0,0
10/02/2013,00:30,0,0,0
10/02/2013,00:45,0,0,0
10/02/2013,01:00,0,0,0
10/02/2013,01:15,0,0,0
10/02/2013,01:30,0,0,0
10/02/2013,01:45,0,0,0
10/02/2013,02:00,0,0,0
10/02/2013,02:15,0,0,0
10/02/2013,02:30,0,0,0
10/02/2013,02:45,0,0,0
10/02/2013,03:00,0,0,0
10/02/2013,03:15,0,0,0
10/02/2013,03:30,0,0,0
10/02/2013,03:45,0,0,0
10/02/2013,04:00,0,0,0
10/02/2013,04:15,0,0,0
10/02/2013,04:30,0,0,0
10/02/2013,04:45,0,0,0
10/02/2013,05:00,0,0,0
10/02/2013,05:15,1,0,1
10/02/2013,05:30,0,0,0
10/02/2013,05:45,0,0,0
10/02/2013,06:00,1,0,1
10/02/2013,06:15,0,0,0
10/02/2013,06:30,3,0,3
10/02/2013,06:45,3,1,2
10/02/2013,07:00,2,0,2
10/02/2013,07:15,4,0,4
10/02/2013,07:30,3,0,3
10/02/2013,07:45,7,0,7
10/02/2013,08:00,2,0,2
10/02/2013,08:15,3,1,2
10/02/2013,08:30,22,6,16
10/02/2013,08:45,12,5,7
10/02/2013,09:00,16,3,13
10/02/2013,09:15,27,7,20
10/02/2013,09:30,36,5,31
10/02/2013,09:45,18,5,13
10/02/2013,10:00,22,4,18
10/02/2013,10:15,20,2,18
10/02/2013,10:30,20,5,15
10/02/2013,10:45,24,10,14
10/02/2013,11:00,29,12,17
10/02/2013,11:15,29,9,20
10/02/2013,11:30,29,10,19
10/02/2013,11:45,25,12,13
10/02/2013,12:00,43,22,21
10/02/2013,12:15,35,16,19
10/02/2013,12:30,22,5,17
10/02/2013,12:45,35,10,25
10/02/2013,13:00,30,7,23
10/02/2013,13:15,53,23,30
10/02/2013,13:30,32,13,19
10/02/2013,13:45,48,29,19
10/02/2013,14:00,37,18,19
10/02/2013,14:15,32,14,18
10/02/2013,14:30,33,9,24
10/02/2013,14:45,60,24,36
10/02/2013,15:00,39,12,27
10/02/2013,15:15,47,21,26
10/02/2013,15:30,47,22,25
10/02/2013,15:45,38,18,20
10/02/2013,16:00,38,21,17
10/02/2013,16:15,33,16,17
10/02/2013,16:30,20,10,10
10/02/2013,16:45,22,3,19
10/02/2013,17:00,20,5,15
10/02/2013,17:15,13,2,11
10/02/2013,17:30,14,4,10
10/02/2013,17:45,5,2,3
10/02/2013,18:00,2,1,1
10/02/2013,18:15,1,0,1
10/02/2013,18:30,1,1,0
10/02/2013,18:45,0,0,0
10/02/2013,19:00,0,0,0
10/02/2013,19:15,0,0,0
10/02/2013,19:30,0,0,0
10/02/2013,19:45,0,0,0
10/02/2013,20:00,0,0,0
10/02/2013,20:15,1,0,1
10/02/2013,20:30,0,0,0
10/02/2013,20:45,0,0,0
10/02/2013,21:00,1,1,0
10/02/2013,21:15,0,0,0
10/02/2013,21:30,0,0,0
10/02/2013,21:45,0,0,0
10/02/2013,22:00,0,0,0
10/02/2013,22:15,0,0,0
10/02/2013,22:30,0,0,0
10/02/2013,22:45,0,0,0
10/02/2013,23:00,0,0,0
10/02/2013,23:15,0,0,0
10/02/2013,23:30,0,0,0
10/02/2013,23:45,0,0,0
11/02/2013,00:00,1,0,1
11/02/2013,00:15,0,0,0
11/02/2013,00:30,0,0,0
11/02/2013,00:45,0,0,0
11/02/2013,01:00,0,0,0
11/02/2013,01:15,0,0,0
11/02/2013,01:30,0,0,0
11/02/2013,01:45,0,0,0
11/02/2013,02:00,0,0,0
11/02/2013,02:15,0,0,0
11/02/2013,02:30,0,0,0
11/02/2013,02:45,0,0,0
11/02/2013,03:00,0,0,0
11/02/2013,03:15,0,0,0
11/02/2013,03:30,0,0,0
11/02/2013,03:45,0,0,0
11/02/2013,04:00,0,0,0
11/02/2013,04:15,0,0,0
11/02/2013,04:30,0,0,0
11/02/2013,04:45,0,0,0
11/02/2013,05:00,1,0,1
11/02/2013,05:15,1,1,0
11/02/2013,05:30,0,0,0
11/02/2013,05:45,1,1,0
11/02/2013,06:00,3,3,0
11/02/2013,06:15,2,0,2
11/02/2013,06:30,4,1,3
11/02/2013,06:45,4,1,3
11/02/2013,07:00,8,2,6
11/02/2013,07:15,10,5,5
11/02/2013,07:30,7,6,1
11/02/2013,07:45,17,11,6
11/02/2013,08:00,30,14,16
11/02/2013,08:15,17,3,14
11/02/2013,08:30,21,5,16
11/02/2013,08:45,19,6,13
11/02/2013,09:00,6,2,4
11/02/2013,09:15,13,1,12
11/02/2013,09:30,10,3,7
11/02/2013,09:45,13,2,11
11/02/2013,10:00,19,9,10
11/02/2013,10:15,13,3,10
11/02/2013,10:30,14,5,9
11/02/2013,10:45,15,3,12
11/02/2013,11:00,16,7,9
11/02/2013,11:15,14,4,10
11/02/2013,11:30,18,4,14
11/02/2013,11:45,16,7,9
11/02/2013,12:00,22,9,13
11/02/2013,12:15,17,4,13
11/02/2013,12:30,20,6,14
11/02/2013,12:45,17,4,13
11/02/2013,13:00,18,1,17
11/02/2013,13:15,16,4,12
11/02/2013,13:30,17,7,10
11/02/2013,13:45,25,7,18
11/02/2013,14:00,24,5,19
11/02/2013,14:15,28,12,16
11/02/2013,14:30,20,2,18
11/02/2013,14:45,17,6,11
11/02/2013,15:00,18,5,13
11/02/2013,15:15,16,2,14
11/02/2013,15:30,30,22,8
11/02/2013,15:45,28,14,14
11/02/2013,16:00,29,8,21
11/02/2013,16:15,29,11,18
11/02/2013,16:30,29,17,12
11/02/2013,16:45,18,8,10
11/02/2013,17:00,28,16,12
11/02/2013,17:15,15,6,9
11/02/2013,17:30,20,10,10
11/02/2013,17:45,15,4,11
11/02/2013,18:00,8,7,1
11/02/2013,18:15,10,6,4
11/02/2013,18:30,11,8,3
11/02/2013,18:45,5,4,1
11/02/2013,19:00,8,6,2
11/02/2013,19:15,2,1,1
11/02/2013,19:30,0,0,0
11/02/2013,19:45,3,1,2
11/02/2013,20:00,5,4,1
11/02/2013,20:15,4,0,4
11/02/2013,20:30,1,0,1
11/02/2013,20:45,5,3,2
11/02/2013,21:00,1,1,0
11/02/2013,21:15,1,0,1
11/02/2013,21:30,1,1,0
11/02/2013,21:45,0,0,0
11/02/2013,22:00,1,1,0
11/02/2013,22:15,1,1,0
11/02/2013,22:30,0,0,0
11/02/2013,22:45,1,0,1
11/02/2013,23:00,0,0,0
11/02/2013,23:15,0,0,0
11/02/2013,23:30,0,0,0
11/02/2013,23:45,0,0,0
12/02/2013,00:00,0,0,0
12/02/2013,00:15,0,0,0
12/02/2013,00:30,0,0,0
12/02/2013,00:45,0,0,0
12/02/2013,01:00,0,0,0
12/02/2013,01:15,0,0,0
12/02/2013,01:30,0,0,0
12/02/2013,01:45,0,0,0
12/02/2013,02:00,0,0,0
12/02/2013,02:15,0,0,0
12/02/2013,02:30,0,0,0
12/02/2013,02:45,0,0,0
12/02/2013,03:00,0,0,0
12/02/2013,03:15,0,0,0
12/02/2013,03:30,0,0,0
12/02/2013,03:45,0,0,0
12/02/2013,04:00,0,0,0
12/02/2013,04:15,0,0,0
12/02/2013,04:30,0,0,0
12/02/2013,04:45,0,0,0
12/02/2013,05:00,1,1,0
12/02/2013,05:15,2,0,2
12/02/2013,05:30,1,0,1
12/02/2013,05:45,2,0,2
12/02/2013,06:00,4,2,2
12/02/2013,06:15,4,1,3
12/02/2013,06:30,5,2,3
12/02/2013,06:45,11,6,5
12/02/2013,07:00,14,4,10
12/02/2013,07:15,13,7,6
12/02/2013,07:30,21,13,8
12/02/2013,07:45,17,7,10
12/02/2013,08:00,33,18,15
12/02/2013,08:15,12,7,5
12/02/2013,08:30,20,1,19
12/02/2013,08:45,18,7,11
12/02/2013,09:00,8,2,6
12/02/2013,09:15,10,1,9
12/02/2013,09:30,19,5,14
12/02/2013,09:45,10,2,8
12/02/2013,10:00,13,2,11
12/02/2013,10:15,12,2,10
12/02/2013,10:30,12,1,11
12/02/2013,10:45,11,2,9
12/02/2013,11:00,15,7,8
12/02/2013,11:15,8,2,6
12/02/2013,11:30,17,5,12
12/02/2013,11:45,14,5,9
12/02/2013,12:00,19,5,14
12/02/2013,12:15,20,4,16
12/02/2013,12:30,29,6,23
12/02/2013,12:45,16,1,15
12/02/2013,13:00,26,11,15
12/02/2013,13:15,38,6,32
12/02/2013,13:30,27,5,22
12/02/2013,13:45,19,5,14
12/02/2013,14:00,20,2,18
12/02/2013,14:15,27,10,17
12/02/2013,14:30,18,7,11
12/02/2013,14:45,27,9,18
12/02/2013,15:00,12,4,8
12/02/2013,15:15,17,7,10
12/02/2013,15:30,43,26,17
12/02/2013,15:45,28,17,11
12/02/2013,16:00,21,7,14
12/02/2013,16:15,28,13,15
12/02/2013,16:30,30,9,21
12/02/2013,16:45,24,10,14
12/02/2013,17:00,25,16,9
12/02/2013,17:15,9,5,4
12/02/2013,17:30,10,8,2
12/02/2013,17:45,7,4,3
12/02/2013,18:00,12,9,3
12/02/2013,18:15,9,4,5
12/02/2013,18:30,11,10,1
12/02/2013,18:45,1,1,0
12/02/2013,19:00,4,4,0
12/02/2013,19:15,0,0,0
12/02/2013,19:30,3,3,0
12/02/2013,19:45,1,0,1
12/02/2013,20:00,5,4,1
12/02/2013,20:15,0,0,0
12/02/2013,20:30,0,0,0
12/02/2013,20:45,1,1,0
12/02/2013,21:00,1,1,0
12/02/2013,21:15,1,1,0
12/02/2013,21:30,0,0,0
12/02/2013,21:45,0,0,0
12/02/2013,22:00,2,1,1
12/02/2013,22:15,1,1,0
12/02/2013,22:30,0,0,0
12/02/2013,22:45,0,0,0
12/02/2013,23:00,0,0,0
12/02/2013,23:15,0,0,0
12/02/2013,23:30,0,0,0
12/02/2013,23:45,0,0,0
13/02/2013,00:00,0,0,0
13/02/2013,00:15,0,0,0
13/02/2013,00:30,0,0,0
13/02/2013,00:45,0,0,0
13/02/2013,01:00,0,0,0
13/02/2013,01:15,0,0,0
13/02/2013,01:30,0,0,0
13/02/2013,01:45,0,0,0
13/02/2013,02:00,0,0,0
13/02/2013,02:15,0,0,0
13/02/2013,02:30,0,0,0
13/02/2013,02:45,0,0,0
13/02/2013,03:00,0,0,0
13/02/2013,03:15,0,0,0
13/02/2013,03:30,2,2,0
13/02/2013,03:45,0,0,0
13/02/2013,04:00,0,0,0
13/02/2013,04:15,0,0,0
13/02/2013,04:30,0,0,0
13/02/2013,04:45,0,0,0
13/02/2013,05:00,1,1,0
13/02/2013,05:15,2,1,1
13/02/2013,05:30,3,1,2
13/02/2013,05:45,1,0,1
13/02/2013,06:00,0,0,0
13/02/2013,06:15,1,1,0
13/02/2013,06:30,4,1,3
13/02/2013,06:45,4,1,3
13/02/2013,07:00,9,2,7
13/02/2013,07:15,9,4,5
13/02/2013,07:30,17,8,9
13/02/2013,07:45,18,13,5
13/02/2013,08:00,27,18,9
13/02/2013,08:15,9,4,5
13/02/2013,08:30,10,3,7
13/02/2013,08:45,14,5,9
13/02/2013,09:00,11,2,9
13/02/2013,09:15,12,4,8
13/02/2013,09:30,13,3,10
13/02/2013,09:45,12,5,7
13/02/2013,10:00,15,5,10
13/02/2013,10:15,15,1,14
13/02/2013,10:30,16,5,11
13/02/2013,10:45,14,3,11
13/02/2013,11:00,16,6,10
13/02/2013,11:15,18,5,13
13/02/2013,11:30,15,5,10
13/02/2013,11:45,7,1,6
13/02/2013,12:00,13,6,7
13/02/2013,12:15,20,7,13
13/02/2013,12:30,12,4,8
13/02/2013,12:45,18,3,15
13/02/2013,13:00,17,6,11
13/02/2013,13:15,23,12,11
13/02/2013,13:30,21,11,10
13/02/2013,13:45,21,6,15
13/02/2013,14:00,22,7,15
13/02/2013,14:15,12,2,10
13/02/2013,14:30,20,3,17
13/02/2013,14:45,12,7,5
13/02/2013,15:00,23,12,11
13/02/2013,15:15,15,6,9
13/02/2013,15:30,23,7,16
13/02/2013,15:45,21,6,15
13/02/2013,16:00,18,5,13
13/02/2013,16:15,26,12,14
13/02/2013,16:30,14,5,9
13/02/2013,16:45,19,2,17
13/02/2013,17:00,18,10,8
13/02/2013,17:15,8,4,4
13/02/2013,17:30,13,8,5
13/02/2013,17:45,7,3,4
13/02/2013,18:00,1,1,0
13/02/2013,18:15,9,9,0
13/02/2013,18:30,6,6,0
13/02/2013,18:45,4,4,0
13/02/2013,19:00,6,6,0
13/02/2013,19:15,0,0,0
13/02/2013,19:30,1,1,0
13/02/2013,19:45,0,0,0
13/02/2013,20:00,3,3,0
13/02/2013,20:15,0,0,0
13/02/2013,20:30,0,0,0
13/02/2013,20:45,0,0,0
13/02/2013,21:00,0,0,0
13/02/2013,21:15,0,0,0
13/02/2013,21:30,0,0,0
13/02/2013,21:45,1,0,1
13/02/2013,22:00,2,1,1
13/02/2013,22:15,0,0,0
13/02/2013,22:30,0,0,0
13/02/2013,22:45,0,0,0
13/02/2013,23:00,0,0,0
13/02/2013,23:15,0,0,0
13/02/2013,23:30,0,0,0
13/02/2013,23:45,0,0,0
14/02/2013,00:00,0,0,0
14/02/2013,00:15,0,0,0
14/02/2013,00:30,0,0,0
14/02/2013,00:45,0,0,0
14/02/2013,01:00,0,0,0
14/02/2013,01:15,0,0,0
14/02/2013,01:30,0,0,0
14/02/2013,01:45,0,0,0
14/02/2013,02:00,0,0,0
14/02/2013,02:15,0,0,0
14/02/2013,02:30,0,0,0
14/02/2013,02:45,0,0,0
14/02/2013,03:00,0,0,0
14/02/2013,03:15,0,0,0
14/02/2013,03:30,0,0,0
14/02/2013,03:45,0,0,0
14/02/2013,04:00,0,0,0
14/02/2013,04:15,2,2,0
14/02/2013,04:30,0,0,0
14/02/2013,04:45,0,0,0
14/02/2013,05:00,2,0,2
14/02/2013,05:15,2,1,1
14/02/2013,05:30,2,0,2
14/02/2013,05:45,0,0,0
14/02/2013,06:00,0,0,0
14/02/2013,06:15,4,1,3
14/02/2013,06:30,2,0,2
14/02/2013,06:45,5,4,1
14/02/2013,07:00,13,1,12
14/02/2013,07:15,9,5,4
14/02/2013,07:30,13,12,1
14/02/2013,07:45,16,9,7
14/02/2013,08:00,15,9,6
14/02/2013,08:15,14,6,8
14/02/2013,08:30,10,2,8
14/02/2013,08:45,18,6,12
14/02/2013,09:00,13,5,8
14/02/2013,09:15,6,1,5
14/02/2013,09:30,10,2,8
14/02/2013,09:45,7,1,6
14/02/2013,10:00,14,3,11
14/02/2013,10:15,14,5,9
14/02/2013,10:30,11,3,8
14/02/2013,10:45,13,1,12
14/02/2013,11:00,18,8,10
14/02/2013,11:15,10,0,10
14/02/2013,11:30,12,2,10
14/02/2013,11:45,17,6,11
14/02/2013,12:00,20,6,14
14/02/2013,12:15,20,2,18
14/02/2013,12:30,15,4,11
14/02/2013,12:45,16,4,12
14/02/2013,13:00,18,1,17
14/02/2013,13:15,12,4,8
14/02/2013,13:30,8,4,4
14/02/2013,13:45,18,3,15
14/02/2013,14:00,9,2,7
14/02/2013,14:15,8,4,4
14/02/2013,14:30,22,11,11
14/02/2013,14:45,6,2,4
14/02/2013,15:00,16,5,11
14/02/2013,15:15,29,21,8
14/02/2013,15:30,18,15,3
14/02/2013,15:45,15,6,9
14/02/2013,16:00,19,10,9
14/02/2013,16:15,14,5,9
14/02/2013,16:30,13,9,4
14/02/2013,16:45,13,7,6
14/02/2013,17:00,14,13,1
14/02/2013,17:15,19,19,0
14/02/2013,17:30,14,13,1
14/02/2013,17:45,10,8,2
14/02/2013,18:00,6,4,2
14/02/2013,18:15,5,5,0
14/02/2013,18:30,11,11,0
14/02/2013,18:45,2,2,0
14/02/2013,19:00,5,4,1
14/02/2013,19:15,0,0,0
14/02/2013,19:30,1,1,0
14/02/2013,19:45,0,0,0
14/02/2013,20:00,2,2,0
14/02/2013,20:15,0,0,0
14/02/2013,20:30,1,1,0
14/02/2013,20:45,0,0,0
14/02/2013,21:00,1,1,0
14/02/2013,21:15,0,0,0
14/02/2013,21:30,0,0,0
14/02/2013,21:45,1,1,0
14/02/2013,22:00,0,0,0
14/02/2013,22:15,0,0,0
14/02/2013,22:30,0,0,0
14/02/2013,22:45,0,0,0
14/02/2013,23:00,0,0,0
14/02/2013,23:15,0,0,0
14/02/2013,23:30,0,0,0
14/02/2013,23:45,0,0,0
15/02/2013,00:00,0,0,0
15/02/2013,00:15,0,0,0
15/02/2013,00:30,0,0,0
15/02/2013,00:45,0,0,0
15/02/2013,01:00,0,0,0
15/02/2013,01:15,0,0,0
15/02/2013,01:30,0,0,0
15/02/2013,01:45,0,0,0
15/02/2013,02:00,0,0,0
15/02/2013,02:15,0,0,0
15/02/2013,02:30,0,0,0
15/02/2013,02:45,0,0,0
15/02/2013,03:00,0,0,0
15/02/2013,03:15,0,0,0
15/02/2013,03:30,0,0,0
15/02/2013,03:45,0,0,0
15/02/2013,04:00,0,0,0
15/02/2013,04:15,0,0,0
15/02/2013,04:30,0,0,0
15/02/2013,04:45,0,0,0
15/02/2013,05:00,1,1,0
15/02/2013,05:15,0,0,0
15/02/2013,05:30,0,0,0
15/02/2013,05:45,0,0,0
15/02/2013,06:00,1,1,0
15/02/2013,06:15,4,2,2
15/02/2013,06:30,1,0,1
15/02/2013,06:45,9,2,7
15/02/2013,07:00,2,1,1
15/02/2013,07:15,7,4,3
15/02/2013,07:30,9,7,2
15/02/2013,07:45,12,6,6
15/02/2013,08:00,18,10,8
15/02/2013,08:15,11,1,10
15/02/2013,08:30,14,3,11
15/02/2013,08:45,16,4,12
15/02/2013,09:00,11,2,9
15/02/2013,09:15,7,1,6
15/02/2013,09:30,19,4,15
15/02/2013,09:45,17,5,12
15/02/2013,10:00,34,5,29
15/02/2013,10:15,37,6,31
15/02/2013,10:30,36,8,28
15/02/2013,10:45,13,0,13
15/02/2013,11:00,25,7,18
15/02/2013,11:15,14,5,9
15/02/2013,11:30,18,4,14
15/02/2013,11:45,15,4,11
15/02/2013,12:00,15,8,7
15/02/2013,12:15,14,5,9
15/02/2013,12:30,20,6,14
15/02/2013,12:45,12,4,8
15/02/2013,13:00,13,6,7
15/02/2013,13:15,13,6,7
15/02/2013,13:30,10,4,6
15/02/2013,13:45,10,2,8
15/02/2013,14:00,6,1,5
15/02/2013,14:15,11,4,7
15/02/2013,14:30,18,3,15
15/02/2013,14:45,18,7,11
15/02/2013,15:00,18,6,12
15/02/2013,15:15,20,12,8
15/02/2013,15:30,32,14,18
15/02/2013,15:45,21,13,8
15/02/2013,16:00,13,6,7
15/02/2013,16:15,23,14,9
15/02/2013,16:30,17,7,10
15/02/2013,16:45,9,7,2
15/02/2013,17:00,21,18,3
15/02/2013,17:15,8,5,3
15/02/2013,17:30,10,10,0
15/02/2013,17:45,4,3,1
15/02/2013,18:00,1,1,0
15/02/2013,18:15,1,1,0
15/02/2013,18:30,5,5,0
15/02/2013,18:45,1,1,0
15/02/2013,19:00,3,3,0
15/02/2013,19:15,1,1,0
15/02/2013,19:30,2,1,1
15/02/2013,19:45,0,0,0
15/02/2013,20:00,1,1,0
15/02/2013,20:15,0,0,0
15/02/2013,20:30,1,1,0
15/02/2013,20:45,0,0,0
15/02/2013,21:00,0,0,0
15/02/2013,21:15,0,0,0
15/02/2013,21:30,0,0,0
15/02/2013,21:45,2,0,2
15/02/2013,22:00,0,0,0
15/02/2013,22:15,0,0,0
15/02/2013,22:30,0,0,0
15/02/2013,22:45,0,0,0
15/02/2013,23:00,0,0,0
15/02/2013,23:15,1,1,0
15/02/2013,23:30,0,0,0
15/02/2013,23:45,0,0,0
16/02/2013,00:00,0,0,0
16/02/2013,00:15,0,0,0
16/02/2013,00:30,1,1,0
16/02/2013,00:45,0,0,0
16/02/2013,01:00,0,0,0
16/02/2013,01:15,0,0,0
16/02/2013,01:30,0,0,0
16/02/2013,01:45,1,1,0
16/02/2013,02:00,0,0,0
16/02/2013,02:15,0,0,0
16/02/2013,02:30,0,0,0
16/02/2013,02:45,0,0,0
16/02/2013,03:00,0,0,0
16/02/2013,03:15,0,0,0
16/02/2013,03:30,0,0,0
16/02/2013,03:45,0,0,0
16/02/2013,04:00,0,0,0
16/02/2013,04:15,0,0,0
16/02/2013,04:30,0,0,0
16/02/2013,04:45,0,0,0
16/02/2013,05:00,0,0,0
16/02/2013,05:15,0,0,0
16/02/2013,05:30,0,0,0
16/02/2013,05:45,0,0,0
16/02/2013,06:00,0,0,0
16/02/2013,06:15,0,0,0
16/02/2013,06:30,0,0,0
16/02/2013,06:45,2,2,0
16/02/2013,07:00,1,1,0
16/02/2013,07:15,5,0,5
16/02/2013,07:30,8,4,4
16/02/2013,07:45,4,0,4
16/02/2013,08:00,5,1,4
16/02/2013,08:15,8,5,3
16/02/2013,08:30,10,4,6
16/02/2013,08:45,9,1,8
16/02/2013,09:00,15,1,14
16/02/2013,09:15,15,3,12
16/02/2013,09:30,15,4,11
16/02/2013,09:45,20,11,9
16/02/2013,10:00,11,2,9
16/02/2013,10:15,17,6,11
16/02/2013,10:30,33,12,21
16/02/2013,10:45,18,4,14
16/02/2013,11:00,24,7,17
16/02/2013,11:15,17,8,9
16/02/2013,11:30,26,10,16
16/02/2013,11:45,25,16,9
16/02/2013,12:00,35,14,21
16/02/2013,12:15,22,10,12
16/02/2013,12:30,18,13,5
16/02/2013,12:45,41,14,27
16/02/2013,13:00,20,11,9
16/02/2013,13:15,31,15,16
16/02/2013,13:30,44,26,18
16/02/2013,13:45,25,17,8
16/02/2013,14:00,24,16,8
16/02/2013,14:15,24,12,12
16/02/2013,14:30,15,10,5
16/02/2013,14:45,20,12,8
16/02/2013,15:00,26,10,16
16/02/2013,15:15,26,15,11
16/02/2013,15:30,25,20,5
16/02/2013,15:45,33,19,14
16/02/2013,16:00,28,20,8
16/02/2013,16:15,21,16,5
16/02/2013,16:30,12,10,2
16/02/2013,16:45,12,7,5
16/02/2013,17:00,12,11,1
16/02/2013,17:15,10,9,1
16/02/2013,17:30,10,8,2
16/02/2013,17:45,6,6,0
16/02/2013,18:00,5,4,1
16/02/2013,18:15,1,1,0
16/02/2013,18:30,2,2,0
16/02/2013,18:45,0,0,0
16/02/2013,19:00,1,1,0
16/02/2013,19:15,0,0,0
16/02/2013,19:30,1,1,0
16/02/2013,19:45,0,0,0
16/02/2013,20:00,1,1,0
16/02/2013,20:15,0,0,0
16/02/2013,20:30,0,0,0
16/02/2013,20:45,0,0,0
16/02/2013,21:00,1,1,0
16/02/2013,21:15,1,1,0
16/02/2013,21:30,0,0,0
16/02/2013,21:45,0,0,0
16/02/2013,22:00,0,0,0
16/02/2013,22:15,0,0,0
16/02/2013,22:30,0,0,0
16/02/2013,22:45,0,0,0
16/02/2013,23:00,0,0,0
16/02/2013,23:15,1,1,0
16/02/2013,23:30,0,0,0
16/02/2013,23:45,0,0,0
17/02/2013,00:00,0,0,0
17/02/2013,00:15,1,1,0
17/02/2013,00:30,0,0,0
17/02/2013,00:45,0,0,0
17/02/2013,01:00,0,0,0
17/02/2013,01:15,0,0,0
17/02/2013,01:30,0,0,0
17/02/2013,01:45,0,0,0
17/02/2013,02:00,0,0,0
17/02/2013,02:15,0,0,0
17/02/2013,02:30,0,0,0
17/02/2013,02:45,0,0,0
17/02/2013,03:00,0,0,0
17/02/2013,03:15,0,0,0
17/02/2013,03:30,0,0,0
17/02/2013,03:45,0,0,0
17/02/2013,04:00,0,0,0
17/02/2013,04:15,0,0,0
17/02/2013,04:30,0,0,0
17/02/2013,04:45,0,0,0
17/02/2013,05:00,0,0,0
17/02/2013,05:15,0,0,0
17/02/2013,05:30,0,0,0
17/02/2013,05:45,0,0,0
17/02/2013,06:00,0,0,0
17/02/2013,06:15,0,0,0
17/02/2013,06:30,0,0,0
17/02/2013,06:45,0,0,0
17/02/2013,07:00,0,0,0
17/02/2013,07:15,6,2,4
17/02/2013,07:30,3,0,3
17/02/2013,07:45,5,1,4
17/02/2013,08:00,8,2,6
17/02/2013,08:15,8,1,7
17/02/2013,08:30,13,3,10
17/02/2013,08:45,12,4,8
17/02/2013,09:00,23,7,16
17/02/2013,09:15,13,2,11
17/02/2013,09:30,19,2,17
17/02/2013,09:45,20,4,16
17/02/2013,10:00,32,6,26
17/02/2013,10:15,32,14,18
17/02/2013,10:30,35,16,19
17/02/2013,10:45,30,12,18
17/02/2013,11:00,25,2,23
17/02/2013,11:15,38,20,18
17/02/2013,11:30,44,17,27
17/02/2013,11:45,32,15,17
17/02/2013,12:00,29,17,12
17/02/2013,12:15,37,16,21
17/02/2013,12:30,40,17,23
17/02/2013,12:45,25,8,17
17/02/2013,13:00,26,8,18
17/02/2013,13:15,21,9,12
17/02/2013,13:30,10,6,4
17/02/2013,13:45,30,19,11
17/02/2013,14:00,18,9,9
17/02/2013,14:15,27,18,9
17/02/2013,14:30,20,10,10
17/02/2013,14:45,33,21,12
17/02/2013,15:00,30,15,15
17/02/2013,15:15,36,20,16
17/02/2013,15:30,44,30,14
17/02/2013,15:45,40,32,8
17/02/2013,16:00,20,9,11
17/02/2013,16:15,32,18,14
17/02/2013,16:30,30,24,6
17/02/2013,16:45,21,16,5
17/02/2013,17:00,18,16,2
17/02/2013,17:15,5,2,3
17/02/2013,17:30,4,3,1
17/02/2013,17:45,5,4,1
17/02/2013,18:00,4,4,0
17/02/2013,18:15,1,1,0
17/02/2013,18:30,0,0,0
17/02/2013,18:45,1,1,0
17/02/2013,19:00,2,1,1
17/02/2013,19:15,0,0,0
17/02/2013,19:30,0,0,0
17/02/2013,19:45,0,0,0
17/02/2013,20:00,0,0,0
17/02/2013,20:15,1,1,0
17/02/2013,20:30,1,1,0
17/02/2013,20:45,1,0,1
17/02/2013,21:00,0,0,0
17/02/2013,21:15,0,0,0
17/02/2013,21:30,0,0,0
17/02/2013,21:45,0,0,0
17/02/2013,22:00,0,0,0
17/02/2013,22:15,0,0,0
17/02/2013,22:30,1,1,0
17/02/2013,22:45,0,0,0
17/02/2013,23:00,0,0,0
17/02/2013,23:15,0,0,0
17/02/2013,23:30,0,0,0
17/02/2013,23:45,0,0,0
18/02/2013,00:00,0,0,0
18/02/2013,00:15,1,1,0
18/02/2013,00:30,0,0,0
18/02/2013,00:45,1,1,0
18/02/2013,01:00,0,0,0
18/02/2013,01:15,0,0,0
18/02/2013,01:30,0,0,0
18/02/2013,01:45,0,0,0
18/02/2013,02:00,0,0,0
18/02/2013,02:15,0,0,0
18/02/2013,02:30,0,0,0
18/02/2013,02:45,0,0,0
18/02/2013,03:00,0,0,0
18/02/2013,03:15,0,0,0
18/02/2013,03:30,0,0,0
18/02/2013,03:45,0,0,0
18/02/2013,04:00,0,0,0
18/02/2013,04:15,0,0,0
18/02/2013,04:30,0,0,0
18/02/2013,04:45,0,0,0
18/02/2013,05:00,0,0,0
18/02/2013,05:15,1,0,1
18/02/2013,05:30,0,0,0
18/02/2013,05:45,0,0,0
18/02/2013,06:00,0,0,0
18/02/2013,06:15,0,0,0
18/02/2013,06:30,0,0,0
18/02/2013,06:45,0,0,0
18/02/2013,07:00,0,0,0
18/02/2013,07:15,3,0,3
18/02/2013,07:30,4,0,4
18/02/2013,07:45,2,0,2
18/02/2013,08:00,4,0,4
18/02/2013,08:15,9,2,7
18/02/2013,08:30,6,2,4
18/02/2013,08:45,12,3,9
18/02/2013,09:00,7,1,6
18/02/2013,09:15,11,3,8
18/02/2013,09:30,12,3,9
18/02/2013,09:45,14,5,9
18/02/2013,10:00,19,6,13
18/02/2013,10:15,18,9,9
18/02/2013,10:30,21,8,13
18/02/2013,10:45,14,4,10
18/02/2013,11:00,19,10,9
18/02/2013,11:15,17,3,14
18/02/2013,11:30,15,2,13
18/02/2013,11:45,15,6,9
18/02/2013,12:00,17,8,9
18/02/2013,12:15,15,2,13
18/02/2013,12:30,15,6,9
18/02/2013,12:45,18,7,11
18/02/2013,13:00,14,1,13
18/02/2013,13:15,26,10,16
18/02/2013,13:30,25,14,11
18/02/2013,13:45,29,11,18
18/02/2013,14:00,24,9,15
18/02/2013,14:15,29,11,18
18/02/2013,14:30,32,10,22
18/02/2013,14:45,22,9,13
18/02/2013,15:00,24,11,13
18/02/2013,15:15,23,7,16
18/02/2013,15:30,15,5,10
18/02/2013,15:45,9,4,5
18/02/2013,16:00,15,6,9
18/02/2013,16:15,16,8,8
18/02/2013,16:30,8,4,4
18/02/2013,16:45,7,2,5
18/02/2013,17:00,9,4,5
18/02/2013,17:15,3,2,1
18/02/2013,17:30,4,2,2
18/02/2013,17:45,4,4,0
18/02/2013,18:00,4,1,3
18/02/2013,18:15,1,1,0
18/02/2013,18:30,1,0,1
18/02/2013,18:45,1,1,0
18/02/2013,19:00,1,1,0
18/02/2013,19:15,3,3,0
18/02/2013,19:30,0,0,0
18/02/2013,19:45,0,0,0
18/02/2013,20:00,0,0,0
18/02/2013,20:15,3,1,2
18/02/2013,20:30,1,1,0
18/02/2013,20:45,2,1,1
18/02/2013,21:00,0,0,0
18/02/2013,21:15,2,1,1
18/02/2013,21:30,0,0,0
18/02/2013,21:45,0,0,0
18/02/2013,22:00,0,0,0
18/02/2013,22:15,0,0,0
18/02/2013,22:30,0,0,0
18/02/2013,22:45,0,0,0
18/02/2013,23:00,0,0,0
18/02/2013,23:15,0,0,0
18/02/2013,23:30,0,0,0
18/02/2013,23:45,0,0,0
19/02/2013,00:00,0,0,0
19/02/2013,00:15,0,0,0
19/02/2013,00:30,0,0,0
19/02/2013,00:45,1,1,0
19/02/2013,01:00,0,0,0
19/02/2013,01:15,0,0,0
19/02/2013,01:30,0,0,0
19/02/2013,01:45,0,0,0
19/02/2013,02:00,0,0,0
19/02/2013,02:15,0,0,0
19/02/2013,02:30,0,0,0
19/02/2013,02:45,0,0,0
19/02/2013,03:00,0,0,0
19/02/2013,03:15,0,0,0
19/02/2013,03:30,0,0,0
19/02/2013,03:45,0,0,0
19/02/2013,04:00,0,0,0
19/02/2013,04:15,0,0,0
19/02/2013,04:30,0,0,0
19/02/2013,04:45,0,0,0
19/02/2013,05:00,0,0,0
19/02/2013,05:15,0,0,0
19/02/2013,05:30,0,0,0
19/02/2013,05:45,0,0,0
19/02/2013,06:00,0,0,0
19/02/2013,06:15,1,1,0
19/02/2013,06:30,2,0,2
19/02/2013,06:45,4,3,1
19/02/2013,07:00,0,0,0
19/02/2013,07:15,5,2,3
19/02/2013,07:30,3,2,1
19/02/2013,07:45,0,0,0
19/02/2013,08:00,1,1,0
19/02/2013,08:15,3,1,2
19/02/2013,08:30,4,3,1
19/02/2013,08:45,2,2,0
19/02/2013,09:00,5,3,2
19/02/2013,09:15,0,0,0
19/02/2013,09:30,2,0,2
19/02/2013,09:45,0,0,0
19/02/2013,10:00,3,1,2
19/02/2013,10:15,1,0,1
19/02/2013,10:30,7,1,6
19/02/2013,10:45,0,0,0
19/02/2013,11:00,2,0,2
19/02/2013,11:15,2,0,2
19/02/2013,11:30,3,1,2
19/02/2013,11:45,1,0,1
19/02/2013,12:00,2,0,2
19/02/2013,12:15,3,0,3
19/02/2013,12:30,1,0,1
19/02/2013,12:45,3,0,3
19/02/2013,13:00,2,1,1
19/02/2013,13:15,2,0,2
19/02/2013,13:30,4,0,4
19/02/2013,13:45,2,2,0
19/02/2013,14:00,3,1,2
19/02/2013,14:15,7,3,4
19/02/2013,14:30,11,4,7
19/02/2013,14:45,4,1,3
19/02/2013,15:00,7,3,4
19/02/2013,15:15,2,1,1
19/02/2013,15:30,6,0,6
19/02/2013,15:45,13,6,7
19/02/2013,16:00,10,6,4
19/02/2013,16:15,11,3,8
19/02/2013,16:30,14,5,9
19/02/2013,16:45,20,3,17
19/02/2013,17:00,4,4,0
19/02/2013,17:15,10,1,9
19/02/2013,17:30,11,1,10
19/02/2013,17:45,5,3,2
19/02/2013,18:00,8,1,7
19/02/2013,18:15,1,0,1
19/02/2013,18:30,2,2,0
19/02/2013,18:45,1,1,0
19/02/2013,19:00,1,1,0
19/02/2013,19:15,0,0,0
19/02/2013,19:30,2,1,1
19/02/2013,19:45,2,2,0
19/02/2013,20:00,1,1,0
19/02/2013,20:15,1,1,0
19/02/2013,20:30,0,0,0
19/02/2013,20:45,1,0,1
19/02/2013,21:00,0,0,0
19/02/2013,21:15,0,0,0
19/02/2013,21:30,1,0,1
19/02/2013,21:45,0,0,0
19/02/2013,22:00,1,1,0
19/02/2013,22:15,0,0,0
19/02/2013,22:30,0,0,0
19/02/2013,22:45,0,0,0
19/02/2013,23:00,0,0,0
19/02/2013,23:15,0,0,0
19/02/2013,23:30,0,0,0
19/02/2013,23:45,0,0,0
20/02/2013,00:00,0,0,0
20/02/2013,00:15,0,0,0
20/02/2013,00:30,0,0,0
20/02/2013,00:45,0,0,0
20/02/2013,01:00,0,0,0
20/02/2013,01:15,0,0,0
20/02/2013,01:30,0,0,0
20/02/2013,01:45,0,0,0
20/02/2013,02:00,0,0,0
20/02/2013,02:15,0,0,0
20/02/2013,02:30,0,0,0
20/02/2013,02:45,0,0,0
20/02/2013,03:00,0,0,0
20/02/2013,03:15,0,0,0
20/02/2013,03:30,0,0,0
20/02/2013,03:45,0,0,0
20/02/2013,04:00,0,0,0
20/02/2013,04:15,0,0,0
20/02/2013,04:30,0,0,0
20/02/2013,04:45,0,0,0
20/02/2013,05:00,1,1,0
20/02/2013,05:15,2,0,2
20/02/2013,05:30,1,0,1
20/02/2013,05:45,1,0,1
20/02/2013,06:00,1,0,1
20/02/2013,06:15,2,0,2
20/02/2013,06:30,2,0,2
20/02/2013,06:45,5,2,3
20/02/2013,07:00,6,1,5
20/02/2013,07:15,4,0,4
20/02/2013,07:30,9,5,4
20/02/2013,07:45,6,1,5
20/02/2013,08:00,6,4,2
20/02/2013,08:15,7,2,5
20/02/2013,08:30,14,6,8
20/02/2013,08:45,10,3,7
20/02/2013,09:00,10,4,6
20/02/2013,09:15,14,1,13
20/02/2013,09:30,15,5,10
20/02/2013,09:45,11,3,8
20/02/2013,10:00,21,4,17
20/02/2013,10:15,13,3,10
20/02/2013,10:30,20,5,15
20/02/2013,10:45,25,9,16
20/02/2013,11:00,28,10,18
20/02/2013,11:15,19,5,14
20/02/2013,11:30,15,7,8
20/02/2013,11:45,25,10,15
20/02/2013,12:00,25,6,19
20/02/2013,12:15,27,13,14
20/02/2013,12:30,40,3,37
20/02/2013,12:45,38,7,31
20/02/2013,13:00,48,7,41
20/02/2013,13:15,24,5,19
20/02/2013,13:30,34,5,29
20/02/2013,13:45,53,16,37
20/02/2013,14:00,75,7,68
20/02/2013,14:15,30,7,23
20/02/2013,14:30,44,6,38
20/02/2013,14:45,33,8,25
20/02/2013,15:00,24,4,20
20/02/2013,15:15,16,3,13
20/02/2013,15:30,30,13,17
20/02/2013,15:45,30,10,20
20/02/2013,16:00,21,4,17
20/02/2013,16:15,19,3,16
20/02/2013,16:30,30,11,19
20/02/2013,16:45,10,7,3
20/02/2013,17:00,10,6,4
20/02/2013,17:15,14,1,13
20/02/2013,17:30,13,5,8
20/02/2013,17:45,5,3,2
20/02/2013,18:00,8,3,5
20/02/2013,18:15,7,7,0
20/02/2013,18:30,4,2,2
20/02/2013,18:45,1,0,1
20/02/2013,19:00,3,3,0
20/02/2013,19:15,3,0,3
20/02/2013,19:30,1,1,0
20/02/2013,19:45,2,0,2
20/02/2013,20:00,4,4,0
20/02/2013,20:15,0,0,0
20/02/2013,20:30,0,0,0
20/02/2013,20:45,0,0,0
20/02/2013,21:00,0,0,0
20/02/2013,21:15,0,0,0
20/02/2013,21:30,2,2,0
20/02/2013,21:45,1,1,0
20/02/2013,22:00,1,1,0
20/02/2013,22:15,0,0,0
20/02/2013,22:30,0,0,0
20/02/2013,22:45,0,0,0
20/02/2013,23:00,0,0,0
20/02/2013,23:15,0,0,0
20/02/2013,23:30,0,0,0
20/02/2013,23:45,0,0,0
21/02/2013,00:00,0,0,0
21/02/2013,00:15,0,0,0
21/02/2013,00:30,0,0,0
21/02/2013,00:45,0,0,0
21/02/2013,01:00,0,0,0
21/02/2013,01:15,0,0,0
21/02/2013,01:30,1,0,1
21/02/2013,01:45,0,0,0
21/02/2013,02:00,0,0,0
21/02/2013,02:15,0,0,0
21/02/2013,02:30,0,0,0
21/02/2013,02:45,0,0,0
21/02/2013,03:00,0,0,0
21/02/2013,03:15,0,0,0
21/02/2013,03:30,0,0,0
21/02/2013,03:45,0,0,0
21/02/2013,04:00,0,0,0
21/02/2013,04:15,0,0,0
21/02/2013,04:30,0,0,0
21/02/2013,04:45,0,0,0
21/02/2013,05:00,0,0,0
21/02/2013,05:15,0,0,0
21/02/2013,05:30,2,2,0
21/02/2013,05:45,1,0,1
21/02/2013,06:00,1,1,0
21/02/2013,06:15,2,1,1
21/02/2013,06:30,3,1,2
21/02/2013,06:45,8,3,5
21/02/2013,07:00,14,1,13
21/02/2013,07:15,2,1,1
21/02/2013,07:30,10,5,5
21/02/2013,07:45,8,3,5
21/02/2013,08:00,14,5,9
21/02/2013,08:15,14,0,14
21/02/2013,08:30,14,3,11
21/02/2013,08:45,13,6,7
21/02/2013,09:00,8,5,3
21/02/2013,09:15,11,0,11
21/02/2013,09:30,8,0,8
21/02/2013,09:45,14,3,11
21/02/2013,10:00,14,7,7
21/02/2013,10:15,12,2,10
21/02/2013,10:30,19,2,17
21/02/2013,10:45,16,3,13
21/02/2013,11:00,19,7,12
21/02/2013,11:15,8,3,5
21/02/2013,11:30,21,9,12
21/02/2013,11:45,15,9,6
21/02/2013,12:00,14,6,8
21/02/2013,12:15,24,12,12
21/02/2013,12:30,17,2,15
21/02/2013,12:45,27,6,21
21/02/2013,13:00,22,9,13
21/02/2013,13:15,26,6,20
21/02/2013,13:30,32,3,29
21/02/2013,13:45,23,7,16
21/02/2013,14:00,41,14,27
21/02/2013,14:15,19,7,12
21/02/2013,14:30,11,5,6
21/02/2013,14:45,7,1,6
21/02/2013,15:00,30,17,13
21/02/2013,15:15,25,10,15
21/02/2013,15:30,21,6,15
21/02/2013,15:45,20,2,18
21/02/2013,16:00,16,4,12
21/02/2013,16:15,22,10,12
21/02/2013,16:30,26,17,9
21/02/2013,16:45,11,4,7
21/02/2013,17:00,18,9,9
21/02/2013,17:15,7,5,2
21/02/2013,17:30,13,7,6
21/02/2013,17:45,4,2,2
21/02/2013,18:00,7,2,5
21/02/2013,18:15,8,8,0
21/02/2013,18:30,8,6,2
21/02/2013,18:45,3,0,3
21/02/2013,19:00,1,1,0
21/02/2013,19:15,4,0,4
21/02/2013,19:30,3,3,0
21/02/2013,19:45,0,0,0
21/02/2013,20:00,5,4,1
21/02/2013,20:15,0,0,0
21/02/2013,20:30,0,0,0
21/02/2013,20:45,0,0,0
21/02/2013,21:00,0,0,0
21/02/2013,21:15,0,0,0
21/02/2013,21:30,1,1,0
21/02/2013,21:45,0,0,0
21/02/2013,22:00,0,0,0
21/02/2013,22:15,0,0,0
21/02/2013,22:30,0,0,0
21/02/2013,22:45,0,0,0
21/02/2013,23:00,1,1,0
21/02/2013,23:15,0,0,0
21/02/2013,23:30,0,0,0
21/02/2013,23:45,0,0,0
22/02/2013,00:00,0,0,0
22/02/2013,00:15,0,0,0
22/02/2013,00:30,0,0,0
22/02/2013,00:45,0,0,0
22/02/2013,01:00,0,0,0
22/02/2013,01:15,0,0,0
22/02/2013,01:30,1,1,0
22/02/2013,01:45,0,0,0
22/02/2013,02:00,0,0,0
22/02/2013,02:15,0,0,0
22/02/2013,02:30,0,0,0
22/02/2013,02:45,0,0,0
22/02/2013,03:00,0,0,0
22/02/2013,03:15,0,0,0
22/02/2013,03:30,0,0,0
22/02/2013,03:45,0,0,0
22/02/2013,04:00,0,0,0
22/02/2013,04:15,0,0,0
22/02/2013,04:30,0,0,0
22/02/2013,04:45,0,0,0
22/02/2013,05:00,0,0,0
22/02/2013,05:15,3,3,0
22/02/2013,05:30,2,1,1
22/02/2013,05:45,0,0,0
22/02/2013,06:00,3,1,2
22/02/2013,06:15,4,0,4
22/02/2013,06:30,3,1,2
22/02/2013,06:45,7,4,3
22/02/2013,07:00,7,2,5
22/02/2013,07:15,8,2,6
22/02/2013,07:30,4,2,2
22/02/2013,07:45,13,2,11
22/02/2013,08:00,6,2,4
22/02/2013,08:15,10,3,7
22/02/2013,08:30,14,6,8
22/02/2013,08:45,9,4,5
22/02/2013,09:00,14,8,6
22/02/2013,09:15,13,2,11
22/02/2013,09:30,11,1,10
22/02/2013,09:45,21,5,16
22/02/2013,10:00,20,6,14
22/02/2013,10:15,16,2,14
22/02/2013,10:30,10,3,7
22/02/2013,10:45,27,9,18
22/02/2013,11:00,28,7,21
22/02/2013,11:15,12,1,11
22/02/2013,11:30,21,11,10
22/02/2013,11:45,16,7,9
22/02/2013,12:00,17,8,9
22/02/2013,12:15,17,5,12
22/02/2013,12:30,15,8,7
22/02/2013,12:45,15,5,10
22/02/2013,13:00,31,12,19
22/02/2013,13:15,28,12,16
22/02/2013,13:30,29,12,17
22/02/2013,13:45,23,7,16
22/02/2013,14:00,20,8,12
22/02/2013,14:15,14,5,9
22/02/2013,14:30,27,9,18
22/02/2013,14:45,21,9,12
22/02/2013,15:00,25,9,16
22/02/2013,15:15,26,15,11
22/02/2013,15:30,11,4,7
22/02/2013,15:45,14,4,10
22/02/2013,16:00,19,9,10
22/02/2013,16:15,23,11,12
22/02/2013,16:30,14,3,11
22/02/2013,16:45,7,2,5
22/02/2013,17:00,21,9,12
22/02/2013,17:15,11,5,6
22/02/2013,17:30,10,6,4
22/02/2013,17:45,8,4,4
22/02/2013,18:00,4,3,1
22/02/2013,18:15,1,0,1
22/02/2013,18:30,6,5,1
22/02/2013,18:45,2,2,0
22/02/2013,19:00,1,1,0
22/02/2013,19:15,3,2,1
22/02/2013,19:30,0,0,0
22/02/2013,19:45,0,0,0
22/02/2013,20:00,0,0,0
22/02/2013,20:15,0,0,0
22/02/2013,20:30,1,1,0
22/02/2013,20:45,0,0,0
22/02/2013,21:00,0,0,0
22/02/2013,21:15,0,0,0
22/02/2013,21:30,0,0,0
22/02/2013,21:45,0,0,0
22/02/2013,22:00,0,0,0
22/02/2013,22:15,0,0,0
22/02/2013,22:30,0,0,0
22/02/2013,22:45,0,0,0
22/02/2013,23:00,2,2,0
22/02/2013,23:15,0,0,0
22/02/2013,23:30,0,0,0
22/02/2013,23:45,0,0,0
23/02/2013,00:00,0,0,0
23/02/2013,00:15,0,0,0
23/02/2013,00:30,0,0,0
23/02/2013,00:45,0,0,0
23/02/2013,01:00,0,0,0
23/02/2013,01:15,0,0,0
23/02/2013,01:30,0,0,0
23/02/2013,01:45,0,0,0
23/02/2013,02:00,0,0,0
23/02/2013,02:15,0,0,0
23/02/2013,02:30,0,0,0
23/02/2013,02:45,0,0,0
23/02/2013,03:00,0,0,0
23/02/2013,03:15,0,0,0
23/02/2013,03:30,0,0,0
23/02/2013,03:45,0,0,0
23/02/2013,04:00,0,0,0
23/02/2013,04:15,0,0,0
23/02/2013,04:30,0,0,0
23/02/2013,04:45,0,0,0
23/02/2013,05:00,0,0,0
23/02/2013,05:15,0,0,0
23/02/2013,05:30,0,0,0
23/02/2013,05:45,1,0,1
23/02/2013,06:00,1,0,1
23/02/2013,06:15,0,0,0
23/02/2013,06:30,3,1,2
23/02/2013,06:45,3,0,3
23/02/2013,07:00,3,1,2
23/02/2013,07:15,3,0,3
23/02/2013,07:30,5,1,4
23/02/2013,07:45,7,1,6
23/02/2013,08:00,5,0,5
23/02/2013,08:15,7,1,6
23/02/2013,08:30,11,2,9
23/02/2013,08:45,16,6,10
23/02/2013,09:00,19,1,18
23/02/2013,09:15,17,1,16
23/02/2013,09:30,21,5,16
23/02/2013,09:45,24,6,18
23/02/2013,10:00,18,3,15
23/02/2013,10:15,49,30,19
23/02/2013,10:30,18,4,14
23/02/2013,10:45,26,3,23
23/02/2013,11:00,30,5,25
23/02/2013,11:15,18,1,17
23/02/2013,11:30,36,18,18
23/02/2013,11:45,23,6,17
23/02/2013,12:00,48,16,32
23/02/2013,12:15,35,10,25
23/02/2013,12:30,30,13,17
23/02/2013,12:45,52,18,34
23/02/2013,13:00,46,11,35
23/02/2013,13:15,30,5,25
23/02/2013,13:30,45,8,37
23/02/2013,13:45,55,5,50
23/02/2013,14:00,60,5,55
23/02/2013,14:15,68,8,60
23/02/2013,14:30,44,5,39
23/02/2013,14:45,44,5,39
23/02/2013,15:00,38,12,26
23/02/2013,15:15,34,10,24
23/02/2013,15:30,32,17,15
23/02/2013,15:45,40,15,25
23/02/2013,16:00,22,7,15
23/02/2013,16:15,16,3,13
23/02/2013,16:30,16,9,7
23/02/2013,16:45,16,3,13
23/02/2013,17:00,11,6,5
23/02/2013,17:15,13,0,13
23/02/2013,17:30,8,2,6
23/02/2013,17:45,4,0,4
23/02/2013,18:00,6,3,3
23/02/2013,18:15,6,5,1
23/02/2013,18:30,0,0,0
23/02/2013,18:45,0,0,0
23/02/2013,19:00,0,0,0
23/02/2013,19:15,0,0,0
23/02/2013,19:30,0,0,0
23/02/2013,19:45,0,0,0
23/02/2013,20:00,1,1,0
23/02/2013,20:15,1,1,0
23/02/2013,20:30,0,0,0
23/02/2013,20:45,0,0,0
23/02/2013,21:00,0,0,0
23/02/2013,21:15,0,0,0
23/02/2013,21:30,0,0,0
23/02/2013,21:45,0,0,0
23/02/2013,22:00,0,0,0
23/02/2013,22:15,0,0,0
23/02/2013,22:30,0,0,0
23/02/2013,22:45,1,1,0
23/02/2013,23:00,0,0,0
23/02/2013,23:15,0,0,0
23/02/2013,23:30,0,0,0
23/02/2013,23:45,1,0,1
24/02/2013,00:00,0,0,0
24/02/2013,00:15,0,0,0
24/02/2013,00:30,0,0,0
24/02/2013,00:45,0,0,0
24/02/2013,01:00,0,0,0
24/02/2013,01:15,0,0,0
24/02/2013,01:30,0,0,0
24/02/2013,01:45,0,0,0
24/02/2013,02:00,0,0,0
24/02/2013,02:15,0,0,0
24/02/2013,02:30,0,0,0
24/02/2013,02:45,0,0,0
24/02/2013,03:00,0,0,0
24/02/2013,03:15,0,0,0
24/02/2013,03:30,0,0,0
24/02/2013,03:45,0,0,0
24/02/2013,04:00,0,0,0
24/02/2013,04:15,0,0,0
24/02/2013,04:30,0,0,0
24/02/2013,04:45,0,0,0
24/02/2013,05:00,0,0,0
24/02/2013,05:15,0,0,0
24/02/2013,05:30,0,0,0
24/02/2013,05:45,0,0,0
24/02/2013,06:00,0,0,0
24/02/2013,06:15,0,0,0
24/02/2013,06:30,3,0,3
24/02/2013,06:45,1,1,0
24/02/2013,07:00,1,0,1
24/02/2013,07:15,4,0,4
24/02/2013,07:30,6,1,5
24/02/2013,07:45,1,0,1
24/02/2013,08:00,6,0,6
24/02/2013,08:15,6,0,6
24/02/2013,08:30,16,6,10
24/02/2013,08:45,16,3,13
24/02/2013,09:00,18,3,15
24/02/2013,09:15,22,3,19
24/02/2013,09:30,27,5,22
24/02/2013,09:45,35,13,22
24/02/2013,10:00,23,7,16
24/02/2013,10:15,35,9,26
24/02/2013,10:30,25,6,19
24/02/2013,10:45,42,21,21
24/02/2013,11:00,30,11,19
24/02/2013,11:15,43,17,26
24/02/2013,11:30,46,19,27
24/02/2013,11:45,27,12,15
24/02/2013,12:00,33,15,18
24/02/2013,12:15,27,19,8
24/02/2013,12:30,21,5,16
24/02/2013,12:45,27,15,12
24/02/2013,13:00,43,24,19
24/02/2013,13:15,51,32,19
24/02/2013,13:30,42,20,22
24/02/2013,13:45,39,19,20
24/02/2013,14:00,35,20,15
24/02/2013,14:15,34,25,9
24/02/2013,14:30,39,20,19
24/02/2013,14:45,33,21,12
24/02/2013,15:00,26,8,18
24/02/2013,15:15,37,25,12
24/02/2013,15:30,21,11,10
24/02/2013,15:45,28,19,9
24/02/2013,16:00,30,22,8
24/02/2013,16:15,17,10,7
24/02/2013,16:30,27,23,4
24/02/2013,16:45,22,10,12
24/02/2013,17:00,8,4,4
24/02/2013,17:15,5,3,2
24/02/2013,17:30,7,6,1
24/02/2013,17:45,8,3,5
24/02/2013,18:00,3,3,0
24/02/2013,18:15,2,2,0
24/02/2013,18:30,2,1,1
24/02/2013,18:45,0,0,0
24/02/2013,19:00,0,0,0
24/02/2013,19:15,3,2,1
24/02/2013,19:30,0,0,0
24/02/2013,19:45,0,0,0
24/02/2013,20:00,0,0,0
24/02/2013,20:15,2,2,0
24/02/2013,20:30,0,0,0
24/02/2013,20:45,1,0,1
24/02/2013,21:00,2,2,0
24/02/2013,21:15,0,0,0
24/02/2013,21:30,0,0,0
24/02/2013,21:45,0,0,0
24/02/2013,22:00,0,0,0
24/02/2013,22:15,0,0,0
24/02/2013,22:30,1,1,0
24/02/2013,22:45,0,0,0
24/02/2013,23:00,0,0,0
24/02/2013,23:15,0,0,0
24/02/2013,23:30,1,0,1
24/02/2013,23:45,6,6,0
25/02/2013,00:00,0,0,0
25/02/2013,00:15,0,0,0
25/02/2013,00:30,0,0,0
25/02/2013,00:45,0,0,0
25/02/2013,01:00,0,0,0
25/02/2013,01:15,0,0,0
25/02/2013,01:30,0,0,0
25/02/2013,01:45,0,0,0
25/02/2013,02:00,0,0,0
25/02/2013,02:15,0,0,0
25/02/2013,02:30,0,0,0
25/02/2013,02:45,0,0,0
25/02/2013,03:00,0,0,0
25/02/2013,03:15,0,0,0
25/02/2013,03:30,0,0,0
25/02/2013,03:45,0,0,0
25/02/2013,04:00,0,0,0
25/02/2013,04:15,0,0,0
25/02/2013,04:30,0,0,0
25/02/2013,04:45,0,0,0
25/02/2013,05:00,1,1,0
25/02/2013,05:15,0,0,0
25/02/2013,05:30,1,0,1
25/02/2013,05:45,2,1,1
25/02/2013,06:00,0,0,0
25/02/2013,06:15,4,1,3
25/02/2013,06:30,6,2,4
25/02/2013,06:45,4,2,2
25/02/2013,07:00,5,3,2
25/02/2013,07:15,8,1,7
25/02/2013,07:30,15,9,6
25/02/2013,07:45,17,13,4
25/02/2013,08:00,29,23,6
25/02/2013,08:15,16,3,13
25/02/2013,08:30,11,2,9
25/02/2013,08:45,9,4,5
25/02/2013,09:00,11,1,10
25/02/2013,09:15,11,2,9
25/02/2013,09:30,10,4,6
25/02/2013,09:45,17,8,9
25/02/2013,10:00,12,3,9
25/02/2013,10:15,18,7,11
25/02/2013,10:30,16,3,13
25/02/2013,10:45,13,4,9
25/02/2013,11:00,12,0,12
25/02/2013,11:15,22,5,17
25/02/2013,11:30,14,2,12
25/02/2013,11:45,15,2,13
25/02/2013,12:00,20,5,15
25/02/2013,12:15,29,2,27
25/02/2013,12:30,25,6,19
25/02/2013,12:45,22,4,18
25/02/2013,13:00,21,4,17
25/02/2013,13:15,23,6,17
25/02/2013,13:30,28,4,24
25/02/2013,13:45,17,5,12
25/02/2013,14:00,16,7,9
25/02/2013,14:15,17,10,7
25/02/2013,14:30,9,3,6
25/02/2013,14:45,19,4,15
25/02/2013,15:00,19,7,12
25/02/2013,15:15,4,0,4
25/02/2013,15:30,32,22,10
25/02/2013,15:45,17,4,13
25/02/2013,16:00,23,13,10
25/02/2013,16:15,21,11,10
25/02/2013,16:30,20,8,12
25/02/2013,16:45,13,6,7
25/02/2013,17:00,18,12,6
25/02/2013,17:15,10,5,5
25/02/2013,17:30,10,6,4
25/02/2013,17:45,16,6,10
25/02/2013,18:00,8,7,1
25/02/2013,18:15,11,10,1
25/02/2013,18:30,8,7,1
25/02/2013,18:45,2,1,1
25/02/2013,19:00,3,3,0
25/02/2013,19:15,3,3,0
25/02/2013,19:30,3,3,0
25/02/2013,19:45,0,0,0
25/02/2013,20:00,7,6,1
25/02/2013,20:15,1,0,1
25/02/2013,20:30,1,1,0
25/02/2013,20:45,2,2,0
25/02/2013,21:00,1,0,1
25/02/2013,21:15,0,0,0
25/02/2013,21:30,0,0,0
25/02/2013,21:45,0,0,0
25/02/2013,22:00,1,1,0
25/02/2013,22:15,2,2,0
25/02/2013,22:30,0,0,0
25/02/2013,22:45,0,0,0
25/02/2013,23:00,0,0,0
25/02/2013,23:15,0,0,0
25/02/2013,23:30,0,0,0
25/02/2013,23:45,1,1,0
26/02/2013,00:00,0,0,0
26/02/2013,00:15,0,0,0
26/02/2013,00:30,0,0,0
26/02/2013,00:45,0,0,0
26/02/2013,01:00,0,0,0
26/02/2013,01:15,0,0,0
26/02/2013,01:30,0,0,0
26/02/2013,01:45,0,0,0
26/02/2013,02:00,0,0,0
26/02/2013,02:15,0,0,0
26/02/2013,02:30,0,0,0
26/02/2013,02:45,0,0,0
26/02/2013,03:00,0,0,0
26/02/2013,03:15,0,0,0
26/02/2013,03:30,0,0,0
26/02/2013,03:45,0,0,0
26/02/2013,04:00,0,0,0
26/02/2013,04:15,0,0,0
26/02/2013,04:30,0,0,0
26/02/2013,04:45,0,0,0
26/02/2013,05:00,0,0,0
26/02/2013,05:15,2,1,1
26/02/2013,05:30,3,0,3
26/02/2013,05:45,2,0,2
26/02/2013,06:00,3,1,2
26/02/2013,06:15,2,2,0
26/02/2013,06:30,5,2,3
26/02/2013,06:45,5,1,4
26/02/2013,07:00,11,4,7
26/02/2013,07:15,11,6,5
26/02/2013,07:30,11,8,3
26/02/2013,07:45,24,18,6
26/02/2013,08:00,22,13,9
26/02/2013,08:15,12,3,9
26/02/2013,08:30,16,3,13
26/02/2013,08:45,20,9,11
26/02/2013,09:00,12,1,11
26/02/2013,09:15,16,5,11
26/02/2013,09:30,13,3,10
26/02/2013,09:45,14,3,11
26/02/2013,10:00,21,7,14
26/02/2013,10:15,23,4,19
26/02/2013,10:30,16,6,10
26/02/2013,10:45,14,5,9
26/02/2013,11:00,17,3,14
26/02/2013,11:15,14,2,12
26/02/2013,11:30,12,1,11
26/02/2013,11:45,22,4,18
26/02/2013,12:00,26,1,25
26/02/2013,12:15,24,3,21
26/02/2013,12:30,15,7,8
26/02/2013,12:45,10,1,9
26/02/2013,13:00,17,2,15
26/02/2013,13:15,24,3,21
26/02/2013,13:30,16,2,14
26/02/2013,13:45,18,6,12
26/02/2013,14:00,15,6,9
26/02/2013,14:15,13,4,9
26/02/2013,14:30,21,7,14
26/02/2013,14:45,18,6,12
26/02/2013,15:00,9,3,6
26/02/2013,15:15,29,17,12
26/02/2013,15:30,29,18,11
26/02/2013,15:45,22,10,12
26/02/2013,16:00,17,3,14
26/02/2013,16:15,10,4,6
26/02/2013,16:30,16,5,11
26/02/2013,16:45,24,10,14
26/02/2013,17:00,16,9,7
26/02/2013,17:15,28,14,14
26/02/2013,17:30,19,14,5
26/02/2013,17:45,7,3,4
26/02/2013,18:00,9,4,5
26/02/2013,18:15,5,4,1
26/02/2013,18:30,15,12,3
26/02/2013,18:45,2,2,0
26/02/2013,19:00,5,5,0
26/02/2013,19:15,2,1,1
26/02/2013,19:30,3,3,0
26/02/2013,19:45,0,0,0
26/02/2013,20:00,2,2,0
26/02/2013,20:15,1,1,0
26/02/2013,20:30,2,0,2
26/02/2013,20:45,2,1,1
26/02/2013,21:00,1,0,1
26/02/2013,21:15,1,1,0
26/02/2013,21:30,0,0,0
26/02/2013,21:45,0,0,0
26/02/2013,22:00,0,0,0
26/02/2013,22:15,0,0,0
26/02/2013,22:30,0,0,0
26/02/2013,22:45,0,0,0
26/02/2013,23:00,0,0,0
26/02/2013,23:15,0,0,0
26/02/2013,23:30,0,0,0
26/02/2013,23:45,0,0,0
27/02/2013,00:00,0,0,0
27/02/2013,00:15,1,1,0
27/02/2013,00:30,0,0,0
27/02/2013,00:45,0,0,0
27/02/2013,01:00,0,0,0
27/02/2013,01:15,0,0,0
27/02/2013,01:30,0,0,0
27/02/2013,01:45,0,0,0
27/02/2013,02:00,0,0,0
27/02/2013,02:15,0,0,0
27/02/2013,02:30,0,0,0
27/02/2013,02:45,0,0,0
27/02/2013,03:00,0,0,0
27/02/2013,03:15,0,0,0
27/02/2013,03:30,0,0,0
27/02/2013,03:45,0,0,0
27/02/2013,04:00,0,0,0
27/02/2013,04:15,0,0,0
27/02/2013,04:30,0,0,0
27/02/2013,04:45,0,0,0
27/02/2013,05:00,1,1,0
27/02/2013,05:15,1,0,1
27/02/2013,05:30,1,1,0
27/02/2013,05:45,0,0,0
27/02/2013,06:00,3,2,1
27/02/2013,06:15,3,1,2
27/02/2013,06:30,4,1,3
27/02/2013,06:45,6,4,2
27/02/2013,07:00,10,3,7
27/02/2013,07:15,13,6,7
27/02/2013,07:30,18,14,4
27/02/2013,07:45,17,13,4
27/02/2013,08:00,27,16,11
27/02/2013,08:15,12,2,10
27/02/2013,08:30,18,3,15
27/02/2013,08:45,19,6,13
27/02/2013,09:00,14,3,11
27/02/2013,09:15,16,3,13
27/02/2013,09:30,10,6,4
27/02/2013,09:45,9,1,8
27/02/2013,10:00,24,7,17
27/02/2013,10:15,18,8,10
27/02/2013,10:30,9,3,6
27/02/2013,10:45,22,6,16
27/02/2013,11:00,15,6,9
27/02/2013,11:15,11,3,8
27/02/2013,11:30,14,5,9
27/02/2013,11:45,18,1,17
27/02/2013,12:00,17,8,9
27/02/2013,12:15,21,3,18
27/02/2013,12:30,16,4,12
27/02/2013,12:45,18,3,15
27/02/2013,13:00,16,2,14
27/02/2013,13:15,32,16,16
27/02/2013,13:30,19,7,12
27/02/2013,13:45,23,9,14
27/02/2013,14:00,24,14,10
27/02/2013,14:15,14,4,10
27/02/2013,14:30,17,9,8
27/02/2013,14:45,10,6,4
27/02/2013,15:00,13,8,5
27/02/2013,15:15,23,8,15
27/02/2013,15:30,20,12,8
27/02/2013,15:45,34,20,14
27/02/2013,16:00,25,14,11
27/02/2013,16:15,33,11,22
27/02/2013,16:30,23,5,18
27/02/2013,16:45,23,10,13
27/02/2013,17:00,29,14,15
27/02/2013,17:15,12,4,8
27/02/2013,17:30,17,8,9
27/02/2013,17:45,11,5,6
27/02/2013,18:00,7,2,5
27/02/2013,18:15,10,7,3
27/02/2013,18:30,7,5,2
27/02/2013,18:45,3,2,1
27/02/2013,19:00,6,5,1
27/02/2013,19:15,1,1,0
27/02/2013,19:30,3,3,0
27/02/2013,19:45,2,2,0
27/02/2013,20:00,4,3,1
27/02/2013,20:15,2,0,2
27/02/2013,20:30,0,0,0
27/02/2013,20:45,1,1,0
27/02/2013,21:00,0,0,0
27/02/2013,21:15,4,3,1
27/02/2013,21:30,0,0,0
27/02/2013,21:45,0,0,0
27/02/2013,22:00,0,0,0
27/02/2013,22:15,0,0,0
27/02/2013,22:30,0,0,0
27/02/2013,22:45,0,0,0
27/02/2013,23:00,0,0,0
27/02/2013,23:15,0,0,0
27/02/2013,23:30,0,0,0
27/02/2013,23:45,0,0,0
28/02/2013,00:00,0,0,0
28/02/2013,00:15,1,1,0
28/02/2013,00:30,0,0,0
28/02/2013,00:45,0,0,0
28/02/2013,01:00,0,0,0
28/02/2013,01:15,0,0,0
28/02/2013,01:30,0,0,0
28/02/2013,01:45,0,0,0
28/02/2013,02:00,0,0,0
28/02/2013,02:15,0,0,0
28/02/2013,02:30,0,0,0
28/02/2013,02:45,0,0,0
28/02/2013,03:00,0,0,0
28/02/2013,03:15,0,0,0
28/02/2013,03:30,0,0,0
28/02/2013,03:45,0,0,0
28/02/2013,04:00,0,0,0
28/02/2013,04:15,0,0,0
28/02/2013,04:30,0,0,0
28/02/2013,04:45,0,0,0
28/02/2013,05:00,1,1,0
28/02/2013,05:15,1,0,1
28/02/2013,05:30,1,0,1
28/02/2013,05:45,2,1,1
28/02/2013,06:00,4,1,3
28/02/2013,06:15,8,4,4
28/02/2013,06:30,6,0,6
28/02/2013,06:45,6,3,3
28/02/2013,07:00,17,3,14
28/02/2013,07:15,8,3,5
28/02/2013,07:30,20,12,8
28/02/2013,07:45,18,13,5
28/02/2013,08:00,21,15,6
28/02/2013,08:15,14,3,11
28/02/2013,08:30,19,3,16
28/02/2013,08:45,22,8,14
28/02/2013,09:00,11,2,9
28/02/2013,09:15,20,7,13
28/02/2013,09:30,12,1,11
28/02/2013,09:45,15,0,15
28/02/2013,10:00,22,6,16
28/02/2013,10:15,13,5,8
28/02/2013,10:30,19,6,13
28/02/2013,10:45,13,4,9
28/02/2013,11:00,19,6,13
28/02/2013,11:15,7,2,5
28/02/2013,11:30,15,3,12
28/02/2013,11:45,12,2,10
28/02/2013,12:00,12,4,8
28/02/2013,12:15,13,6,7
28/02/2013,12:30,23,5,18
28/02/2013,12:45,23,5,18
28/02/2013,13:00,23,7,16
28/02/2013,13:15,20,6,14
28/02/2013,13:30,25,9,16
28/02/2013,13:45,17,8,9
28/02/2013,14:00,19,3,16
28/02/2013,14:15,27,15,12
28/02/2013,14:30,32,3,29
28/02/2013,14:45,27,11,16
28/02/2013,15:00,25,8,17
28/02/2013,15:15,52,21,31
28/02/2013,15:30,35,20,15
28/02/2013,15:45,26,9,17
28/02/2013,16:00,25,7,18
28/02/2013,16:15,23,9,14
28/02/2013,16:30,18,11,7
28/02/2013,16:45,18,5,13
28/02/2013,17:00,25,11,14
28/02/2013,17:15,9,0,9
28/02/2013,17:30,28,14,14
28/02/2013,17:45,9,5,4
28/02/2013,18:00,14,6,8
28/02/2013,18:15,13,9,4
28/02/2013,18:30,11,6,5
28/02/2013,18:45,7,4,3
28/02/2013,19:00,4,3,1
28/02/2013,19:15,4,3,1
28/02/2013,19:30,1,1,0
28/02/2013,19:45,1,1,0
28/02/2013,20:00,5,3,2
28/02/2013,20:15,1,0,1
28/02/2013,20:30,1,1,0
28/02/2013,20:45,2,2,0
28/02/2013,21:00,1,0,1
28/02/2013,21:15,0,0,0
28/02/2013,21:30,1,1,0
28/02/2013,21:45,0,0,0
28/02/2013,22:00,0,0,0
28/02/2013,22:15,1,1,0
28/02/2013,22:30,0,0,0
28/02/2013,22:45,0,0,0
28/02/2013,23:00,0,0,0
28/02/2013,23:15,0,0,0
28/02/2013,23:30,0,0,0
28/02/2013,23:45,0,0,0
01/03/2013,00:00,0,0,0
01/03/2013,00:15,0,0,0
01/03/2013,00:30,0,0,0
01/03/2013,00:45,0,0,0
01/03/2013,01:00,0,0,0
01/03/2013,01:15,0,0,0
01/03/2013,01:30,0,0,0
01/03/2013,01:45,0,0,0
01/03/2013,02:00,0,0,0
01/03/2013,02:15,0,0,0
01/03/2013,02:30,0,0,0
01/03/2013,02:45,0,0,0
01/03/2013,03:00,0,0,0
01/03/2013,03:15,0,0,0
01/03/2013,03:30,0,0,0
01/03/2013,03:45,0,0,0
01/03/2013,04:00,0,0,0
01/03/2013,04:15,0,0,0
01/03/2013,04:30,0,0,0
01/03/2013,04:45,0,0,0
01/03/2013,05:00,0,0,0
01/03/2013,05:15,1,0,1
01/03/2013,05:30,0,0,0
01/03/2013,05:45,0,0,0
01/03/2013,06:00,6,5,1
01/03/2013,06:15,7,1,6
01/03/2013,06:30,7,1,6
01/03/2013,06:45,6,3,3
01/03/2013,07:00,5,2,3
01/03/2013,07:15,14,6,8
01/03/2013,07:30,16,9,7
01/03/2013,07:45,19,13,6
01/03/2013,08:00,24,13,11
01/03/2013,08:15,11,3,8
01/03/2013,08:30,14,2,12
01/03/2013,08:45,19,8,11
01/03/2013,09:00,15,2,13
01/03/2013,09:15,12,2,10
01/03/2013,09:30,10,5,5
01/03/2013,09:45,24,4,20
01/03/2013,10:00,19,5,14
01/03/2013,10:15,20,6,14
01/03/2013,10:30,25,2,23
01/03/2013,10:45,18,5,13
01/03/2013,11:00,14,5,9
01/03/2013,11:15,13,7,6
01/03/2013,11:30,16,9,7
01/03/2013,11:45,16,6,10
01/03/2013,12:00,20,7,13
01/03/2013,12:15,19,9,10
01/03/2013,12:30,21,9,12
01/03/2013,12:45,17,6,11
01/03/2013,13:00,11,1,10
01/03/2013,13:15,26,10,16
01/03/2013,13:30,18,7,11
01/03/2013,13:45,23,11,12
01/03/2013,14:00,11,6,5
01/03/2013,14:15,19,7,12
01/03/2013,14:30,14,11,3
01/03/2013,14:45,11,6,5
01/03/2013,15:00,12,4,8
01/03/2013,15:15,18,8,10
01/03/2013,15:30,26,19,7
01/03/2013,15:45,26,15,11
01/03/2013,16:00,22,11,11
01/03/2013,16:15,24,13,11
01/03/2013,16:30,31,16,15
01/03/2013,16:45,17,5,12
01/03/2013,17:00,24,11,13
01/03/2013,17:15,25,10,15
01/03/2013,17:30,36,21,15
01/03/2013,17:45,18,10,8
01/03/2013,18:00,16,5,11
01/03/2013,18:15,21,10,11
01/03/2013,18:30,8,5,3
01/03/2013,18:45,3,2,1
01/03/2013,19:00,2,2,0
01/03/2013,19:15,0,0,0
01/03/2013,19:30,0,0,0
01/03/2013,19:45,0,0,0
01/03/2013,20:00,4,4,0
01/03/2013,20:15,0,0,0
01/03/2013,20:30,0,0,0
01/03/2013,20:45,0,0,0
01/03/2013,21:00,0,0,0
01/03/2013,21:15,0,0,0
01/03/2013,21:30,1,1,0
01/03/2013,21:45,0,0,0
01/03/2013,22:00,0,0,0
01/03/2013,22:15,1,0,1
01/03/2013,22:30,0,0,0
01/03/2013,22:45,1,1,0
01/03/2013,23:00,0,0,0
01/03/2013,23:15,0,0,0
01/03/2013,23:30,0,0,0
01/03/2013,23:45,0,0,0
02/03/2013,00:00,1,1,0
02/03/2013,00:15,0,0,0
02/03/2013,00:30,0,0,0
02/03/2013,00:45,0,0,0
02/03/2013,01:00,0,0,0
02/03/2013,01:15,0,0,0
02/03/2013,01:30,0,0,0
02/03/2013,01:45,0,0,0
02/03/2013,02:00,0,0,0
02/03/2013,02:15,0,0,0
02/03/2013,02:30,0,0,0
02/03/2013,02:45,0,0,0
02/03/2013,03:00,0,0,0
02/03/2013,03:15,0,0,0
02/03/2013,03:30,0,0,0
02/03/2013,03:45,0,0,0
02/03/2013,04:00,3,0,3
02/03/2013,04:15,0,0,0
02/03/2013,04:30,0,0,0
02/03/2013,04:45,0,0,0
02/03/2013,05:00,0,0,0
02/03/2013,05:15,0,0,0
02/03/2013,05:30,0,0,0
02/03/2013,05:45,0,0,0
02/03/2013,06:00,0,0,0
02/03/2013,06:15,1,0,1
02/03/2013,06:30,4,2,2
02/03/2013,06:45,7,2,5
02/03/2013,07:00,3,1,2
02/03/2013,07:15,9,0,9
02/03/2013,07:30,13,3,10
02/03/2013,07:45,12,3,9
02/03/2013,08:00,14,0,14
02/03/2013,08:15,14,4,10
02/03/2013,08:30,10,0,10
02/03/2013,08:45,25,4,21
02/03/2013,09:00,30,11,19
02/03/2013,09:15,28,4,24
02/03/2013,09:30,33,10,23
02/03/2013,09:45,33,3,30
02/03/2013,10:00,37,16,21
02/03/2013,10:15,30,5,25
02/03/2013,10:30,30,4,26
02/03/2013,10:45,27,7,20
02/03/2013,11:00,16,4,12
02/03/2013,11:15,27,11,16
02/03/2013,11:30,25,11,14
02/03/2013,11:45,25,9,16
02/03/2013,12:00,24,10,14
02/03/2013,12:15,34,24,10
02/03/2013,12:30,30,10,20
02/03/2013,12:45,23,9,14
02/03/2013,13:00,11,3,8
02/03/2013,13:15,21,15,6
02/03/2013,13:30,17,7,10
02/03/2013,13:45,16,11,5
02/03/2013,14:00,25,17,8
02/03/2013,14:15,19,11,8
02/03/2013,14:30,17,9,8
02/03/2013,14:45,25,18,7
02/03/2013,15:00,30,14,16
02/03/2013,15:15,31,19,12
02/03/2013,15:30,32,12,20
02/03/2013,15:45,30,16,14
02/03/2013,16:00,16,6,10
02/03/2013,16:15,17,8,9
02/03/2013,16:30,9,6,3
02/03/2013,16:45,20,11,9
02/03/2013,17:00,11,4,7
02/03/2013,17:15,9,5,4
02/03/2013,17:30,23,14,9
02/03/2013,17:45,17,6,11
02/03/2013,18:00,9,5,4
02/03/2013,18:15,5,0,5
02/03/2013,18:30,2,0,2
02/03/2013,18:45,3,1,2
02/03/2013,19:00,2,2,0
02/03/2013,19:15,2,2,0
02/03/2013,19:30,1,0,1
02/03/2013,19:45,1,0,1
02/03/2013,20:00,1,1,0
02/03/2013,20:15,1,0,1
02/03/2013,20:30,0,0,0
02/03/2013,20:45,0,0,0
02/03/2013,21:00,3,0,3
02/03/2013,21:15,1,0,1
02/03/2013,21:30,0,0,0
02/03/2013,21:45,0,0,0
02/03/2013,22:00,0,0,0
02/03/2013,22:15,1,0,1
02/03/2013,22:30,1,0,1
02/03/2013,22:45,0,0,0
02/03/2013,23:00,0,0,0
02/03/2013,23:15,0,0,0
02/03/2013,23:30,0,0,0
02/03/2013,23:45,1,0,1
03/03/2013,00:00,0,0,0
03/03/2013,00:15,0,0,0
03/03/2013,00:30,0,0,0
03/03/2013,00:45,0,0,0
03/03/2013,01:00,0,0,0
03/03/2013,01:15,0,0,0
03/03/2013,01:30,0,0,0
03/03/2013,01:45,0,0,0
03/03/2013,02:00,0,0,0
03/03/2013,02:15,0,0,0
03/03/2013,02:30,0,0,0
03/03/2013,02:45,0,0,0
03/03/2013,03:00,0,0,0
03/03/2013,03:15,0,0,0
03/03/2013,03:30,0,0,0
03/03/2013,03:45,0,0,0
03/03/2013,04:00,0,0,0
03/03/2013,04:15,0,0,0
03/03/2013,04:30,0,0,0
03/03/2013,04:45,0,0,0
03/03/2013,05:00,0,0,0
03/03/2013,05:15,0,0,0
03/03/2013,05:30,0,0,0
03/03/2013,05:45,0,0,0
03/03/2013,06:00,0,0,0
03/03/2013,06:15,1,0,1
03/03/2013,06:30,2,1,1
03/03/2013,06:45,2,1,1
03/03/2013,07:00,3,1,2
03/03/2013,07:15,6,1,5
03/03/2013,07:30,7,1,6
03/03/2013,07:45,7,1,6
03/03/2013,08:00,6,0,6
03/03/2013,08:15,9,1,8
03/03/2013,08:30,9,6,3
03/03/2013,08:45,15,3,12
03/03/2013,09:00,16,5,11
03/03/2013,09:15,14,3,11
03/03/2013,09:30,18,3,15
03/03/2013,09:45,40,12,28
03/03/2013,10:00,27,10,17
03/03/2013,10:15,26,12,14
03/03/2013,10:30,25,8,17
03/03/2013,10:45,26,10,16
03/03/2013,11:00,30,4,26
03/03/2013,11:15,28,13,15
03/03/2013,11:30,25,12,13
03/03/2013,11:45,37,20,17
03/03/2013,12:00,37,24,13
03/03/2013,12:15,40,19,21
03/03/2013,12:30,38,20,18
03/03/2013,12:45,33,15,18
03/03/2013,13:00,28,4,24
03/03/2013,13:15,42,12,30
03/03/2013,13:30,50,14,36
03/03/2013,13:45,32,13,19
03/03/2013,14:00,29,9,20
03/03/2013,14:15,43,16,27
03/03/2013,14:30,44,24,20
03/03/2013,14:45,41,18,23
03/03/2013,15:00,49,19,30
03/03/2013,15:15,34,10,24
03/03/2013,15:30,44,20,24
03/03/2013,15:45,55,26,29
03/03/2013,16:00,32,14,18
03/03/2013,16:15,57,29,28
03/03/2013,16:30,40,11,29
03/03/2013,16:45,37,12,25
03/03/2013,17:00,11,2,9
03/03/2013,17:15,19,4,15
03/03/2013,17:30,16,5,11
03/03/2013,17:45,8,4,4
03/03/2013,18:00,11,6,5
03/03/2013,18:15,3,0,3
03/03/2013,18:30,5,4,1
03/03/2013,18:45,0,0,0
03/03/2013,19:00,0,0,0
03/03/2013,19:15,0,0,0
03/03/2013,19:30,1,0,1
03/03/2013,19:45,0,0,0
03/03/2013,20:00,0,0,0
03/03/2013,20:15,1,1,0
03/03/2013,20:30,2,2,0
03/03/2013,20:45,0,0,0
03/03/2013,21:00,2,0,2
03/03/2013,21:15,0,0,0
03/03/2013,21:30,0,0,0
03/03/2013,21:45,0,0,0
03/03/2013,22:00,0,0,0
03/03/2013,22:15,0,0,0
03/03/2013,22:30,0,0,0
03/03/2013,22:45,0,0,0
03/03/2013,23:00,0,0,0
03/03/2013,23:15,0,0,0
03/03/2013,23:30,1,1,0
03/03/2013,23:45,2,2,0
04/03/2013,00:00,0,0,0
04/03/2013,00:15,0,0,0
04/03/2013,00:30,0,0,0
04/03/2013,00:45,0,0,0
04/03/2013,01:00,0,0,0
04/03/2013,01:15,0,0,0
04/03/2013,01:30,0,0,0
04/03/2013,01:45,0,0,0
04/03/2013,02:00,0,0,0
04/03/2013,02:15,0,0,0
04/03/2013,02:30,0,0,0
04/03/2013,02:45,0,0,0
04/03/2013,03:00,0,0,0
04/03/2013,03:15,0,0,0
04/03/2013,03:30,0,0,0
04/03/2013,03:45,0,0,0
04/03/2013,04:00,0,0,0
04/03/2013,04:15,0,0,0
04/03/2013,04:30,0,0,0
04/03/2013,04:45,0,0,0
04/03/2013,05:00,1,1,0
04/03/2013,05:15,0,0,0
04/03/2013,05:30,1,1,0
04/03/2013,05:45,0,0,0
04/03/2013,06:00,4,3,1
04/03/2013,06:15,6,2,4
04/03/2013,06:30,4,1,3
04/03/2013,06:45,8,6,2
04/03/2013,07:00,4,2,2
04/03/2013,07:15,18,10,8
04/03/2013,07:30,13,11,2
04/03/2013,07:45,18,12,6
04/03/2013,08:00,23,17,6
04/03/2013,08:15,12,5,7
04/03/2013,08:30,6,0,6
04/03/2013,08:45,9,6,3
04/03/2013,09:00,6,2,4
04/03/2013,09:15,17,9,8
04/03/2013,09:30,9,2,7
04/03/2013,09:45,11,3,8
04/03/2013,10:00,11,4,7
04/03/2013,10:15,13,3,10
04/03/2013,10:30,9,5,4
04/03/2013,10:45,10,3,7
04/03/2013,11:00,19,4,15
04/03/2013,11:15,8,1,7
04/03/2013,11:30,17,8,9
04/03/2013,11:45,9,3,6
04/03/2013,12:00,14,4,10
04/03/2013,12:15,9,6,3
04/03/2013,12:30,8,2,6
04/03/2013,12:45,6,1,5
04/03/2013,13:00,13,7,6
04/03/2013,13:15,12,4,8
04/03/2013,13:30,15,6,9
04/03/2013,13:45,16,5,11
04/03/2013,14:00,9,3,6
04/03/2013,14:15,14,4,10
04/03/2013,14:30,19,5,14
04/03/2013,14:45,11,5,6
04/03/2013,15:00,18,8,10
04/03/2013,15:15,21,8,13
04/03/2013,15:30,29,19,10
04/03/2013,15:45,25,11,14
04/03/2013,16:00,24,13,11
04/03/2013,16:15,24,14,10
04/03/2013,16:30,20,11,9
04/03/2013,16:45,19,5,14
04/03/2013,17:00,28,13,15
04/03/2013,17:15,15,5,10
04/03/2013,17:30,24,13,11
04/03/2013,17:45,13,6,7
04/03/2013,18:00,12,8,4
04/03/2013,18:15,15,12,3
04/03/2013,18:30,13,10,3
04/03/2013,18:45,3,1,2
04/03/2013,19:00,7,7,0
04/03/2013,19:15,1,1,0
04/03/2013,19:30,0,0,0
04/03/2013,19:45,1,1,0
04/03/2013,20:00,3,3,0
04/03/2013,20:15,0,0,0
04/03/2013,20:30,0,0,0
04/03/2013,20:45,3,3,0
04/03/2013,21:00,4,1,3
04/03/2013,21:15,0,0,0
04/03/2013,21:30,2,1,1
04/03/2013,21:45,0,0,0
04/03/2013,22:00,0,0,0
04/03/2013,22:15,2,2,0
04/03/2013,22:30,0,0,0
04/03/2013,22:45,0,0,0
04/03/2013,23:00,0,0,0
04/03/2013,23:15,1,1,0
04/03/2013,23:30,0,0,0
04/03/2013,23:45,0,0,0
05/03/2013,00:00,1,0,1
05/03/2013,00:15,0,0,0
05/03/2013,00:30,0,0,0
05/03/2013,00:45,0,0,0
05/03/2013,01:00,1,1,0
05/03/2013,01:15,0,0,0
05/03/2013,01:30,0,0,0
05/03/2013,01:45,0,0,0
05/03/2013,02:00,0,0,0
05/03/2013,02:15,0,0,0
05/03/2013,02:30,0,0,0
05/03/2013,02:45,0,0,0
05/03/2013,03:00,0,0,0
05/03/2013,03:15,0,0,0
05/03/2013,03:30,0,0,0
05/03/2013,03:45,0,0,0
05/03/2013,04:00,0,0,0
05/03/2013,04:15,2,0,2
05/03/2013,04:30,0,0,0
05/03/2013,04:45,0,0,0
05/03/2013,05:00,0,0,0
05/03/2013,05:15,2,1,1
05/03/2013,05:30,1,0,1
05/03/2013,05:45,3,2,1
05/03/2013,06:00,3,2,1
05/03/2013,06:15,3,2,1
05/03/2013,06:30,8,0,8
05/03/2013,06:45,6,1,5
05/03/2013,07:00,6,3,3
05/03/2013,07:15,9,3,6
05/03/2013,07:30,20,12,8
05/03/2013,07:45,12,9,3
05/03/2013,08:00,24,16,8
05/03/2013,08:15,7,3,4
05/03/2013,08:30,8,2,6
05/03/2013,08:45,8,5,3
05/03/2013,09:00,5,2,3
05/03/2013,09:15,12,3,9
05/03/2013,09:30,7,3,4
05/03/2013,09:45,15,5,10
05/03/2013,10:00,10,1,9
05/03/2013,10:15,2,0,2
05/03/2013,10:30,11,4,7
05/03/2013,10:45,3,1,2
05/03/2013,11:00,8,0,8
05/03/2013,11:15,9,5,4
05/03/2013,11:30,10,7,3
05/03/2013,11:45,5,1,4
05/03/2013,12:00,8,3,5
05/03/2013,12:15,7,2,5
05/03/2013,12:30,11,4,7
05/03/2013,12:45,7,2,5
05/03/2013,13:00,7,3,4
05/03/2013,13:15,12,3,9
05/03/2013,13:30,6,1,5
05/03/2013,13:45,11,5,6
05/03/2013,14:00,7,1,6
05/03/2013,14:15,4,2,2
05/03/2013,14:30,6,1,5
05/03/2013,14:45,5,0,5
05/03/2013,15:00,6,3,3
05/03/2013,15:15,18,13,5
05/03/2013,15:30,14,9,5
05/03/2013,15:45,17,10,7
05/03/2013,16:00,6,2,4
05/03/2013,16:15,7,1,6
05/03/2013,16:30,7,2,5
05/03/2013,16:45,4,0,4
05/03/2013,17:00,10,6,4
05/03/2013,17:15,19,14,5
05/03/2013,17:30,19,12,7
05/03/2013,17:45,9,4,5
05/03/2013,18:00,3,1,2
05/03/2013,18:15,10,9,1
05/03/2013,18:30,10,10,0
05/03/2013,18:45,0,0,0
05/03/2013,19:00,4,1,3
05/03/2013,19:15,0,0,0
05/03/2013,19:30,2,0,2
05/03/2013,19:45,1,0,1
05/03/2013,20:00,4,4,0
05/03/2013,20:15,2,1,1
05/03/2013,20:30,1,1,0
05/03/2013,20:45,1,1,0
05/03/2013,21:00,0,0,0
05/03/2013,21:15,0,0,0
05/03/2013,21:30,0,0,0
05/03/2013,21:45,0,0,0
05/03/2013,22:00,0,0,0
05/03/2013,22:15,1,1,0
05/03/2013,22:30,0,0,0
05/03/2013,22:45,0,0,0
05/03/2013,23:00,0,0,0
05/03/2013,23:15,0,0,0
05/03/2013,23:30,0,0,0
05/03/2013,23:45,0,0,0
06/03/2013,00:00,0,0,0
06/03/2013,00:15,0,0,0
06/03/2013,00:30,,,
06/03/2013,00:45,,,
06/03/2013,01:00,,,
06/03/2013,01:15,,,
06/03/2013,01:30,,,
06/03/2013,01:45,,,
06/03/2013,02:00,,,
06/03/2013,02:15,,,
06/03/2013,02:30,,,
06/03/2013,02:45,,,
06/03/2013,03:00,,,
06/03/2013,03:15,,,
06/03/2013,03:30,,,
06/03/2013,03:45,,,
06/03/2013,04:00,,,
06/03/2013,04:15,,,
06/03/2013,04:30,,,
06/03/2013,04:45,,,
06/03/2013,05:00,,,
06/03/2013,05:15,,,
06/03/2013,05:30,,,
06/03/2013,05:45,,,
06/03/2013,06:00,,,
06/03/2013,06:15,,,
06/03/2013,06:30,,,
06/03/2013,06:45,,,
06/03/2013,07:00,,,
06/03/2013,07:15,,,
06/03/2013,07:30,,,
06/03/2013,07:45,,,
06/03/2013,08:00,,,
06/03/2013,08:15,,,
06/03/2013,08:30,,,
06/03/2013,08:45,,,
06/03/2013,09:00,,,
06/03/2013,09:15,,,
06/03/2013,09:30,,,
06/03/2013,09:45,,,
06/03/2013,10:00,,,
06/03/2013,10:15,,,
06/03/2013,10:30,,,
06/03/2013,10:45,,,
06/03/2013,11:00,,,
06/03/2013,11:15,,,
06/03/2013,11:30,,,
06/03/2013,11:45,,,
06/03/2013,12:00,,,
06/03/2013,12:15,,,
06/03/2013,12:30,,,
06/03/2013,12:45,,,
06/03/2013,13:00,,,
06/03/2013,13:15,,,
06/03/2013,13:30,,,
06/03/2013,13:45,,,
06/03/2013,14:00,,,
06/03/2013,14:15,,,
06/03/2013,14:30,,,
06/03/2013,14:45,,,
06/03/2013,15:00,,,
06/03/2013,15:15,,,
06/03/2013,15:30,,,
06/03/2013,15:45,,,
06/03/2013,16:00,,,
06/03/2013,16:15,,,
06/03/2013,16:30,,,
06/03/2013,16:45,,,
06/03/2013,17:00,,,
06/03/2013,17:15,,,
06/03/2013,17:30,,,
06/03/2013,17:45,,,
06/03/2013,18:00,,,
06/03/2013,18:15,,,
06/03/2013,18:30,,,
06/03/2013,18:45,,,
06/03/2013,19:00,,,
06/03/2013,19:15,,,
06/03/2013,19:30,,,
06/03/2013,19:45,,,
06/03/2013,20:00,,,
06/03/2013,20:15,,,
06/03/2013,20:30,,,
06/03/2013,20:45,,,
06/03/2013,21:00,,,
06/03/2013,21:15,,,
06/03/2013,21:30,,,
06/03/2013,21:45,,,
06/03/2013,22:00,,,
06/03/2013,22:15,,,
06/03/2013,22:30,,,
06/03/2013,22:45,,,
06/03/2013,23:00,,,
06/03/2013,23:15,,,
06/03/2013,23:30,,,
06/03/2013,23:45,,,
07/03/2013,00:00,,,
07/03/2013,00:15,,,
07/03/2013,00:30,0,0,0
07/03/2013,00:45,1,1,0
07/03/2013,01:00,0,0,0
07/03/2013,01:15,0,0,0
07/03/2013,01:30,0,0,0
07/03/2013,01:45,0,0,0
07/03/2013,02:00,0,0,0
07/03/2013,02:15,0,0,0
07/03/2013,02:30,0,0,0
07/03/2013,02:45,0,0,0
07/03/2013,03:00,0,0,0
07/03/2013,03:15,0,0,0
07/03/2013,03:30,0,0,0
07/03/2013,03:45,0,0,0
07/03/2013,04:00,0,0,0
07/03/2013,04:15,0,0,0
07/03/2013,04:30,0,0,0
07/03/2013,04:45,0,0,0
07/03/2013,05:00,1,1,0
07/03/2013,05:15,2,0,2
07/03/2013,05:30,0,0,0
07/03/2013,05:45,0,0,0
07/03/2013,06:00,2,1,1
07/03/2013,06:15,3,1,2
07/03/2013,06:30,3,2,1
07/03/2013,06:45,12,3,9
07/03/2013,07:00,14,4,10
07/03/2013,07:15,11,5,6
07/03/2013,07:30,9,3,6
07/03/2013,07:45,14,10,4
07/03/2013,08:00,20,11,9
07/03/2013,08:15,13,3,10
07/03/2013,08:30,21,1,20
07/03/2013,08:45,14,5,9
07/03/2013,09:00,9,1,8
07/03/2013,09:15,15,2,13
07/03/2013,09:30,9,3,6
07/03/2013,09:45,6,0,6
07/03/2013,10:00,12,1,11
07/03/2013,10:15,12,3,9
07/03/2013,10:30,13,3,10
07/03/2013,10:45,13,4,9
07/03/2013,11:00,12,6,6
07/03/2013,11:15,7,1,6
07/03/2013,11:30,9,3,6
07/03/2013,11:45,7,0,7
07/03/2013,12:00,7,3,4
07/03/2013,12:15,8,3,5
07/03/2013,12:30,12,3,9
07/03/2013,12:45,7,1,6
07/03/2013,13:00,7,0,7
07/03/2013,13:15,8,2,6
07/03/2013,13:30,6,3,3
07/03/2013,13:45,11,1,10
07/03/2013,14:00,8,1,7
07/03/2013,14:15,7,0,7
07/03/2013,14:30,10,5,5
07/03/2013,14:45,15,7,8
07/03/2013,15:00,10,1,9
07/03/2013,15:15,22,16,6
07/03/2013,15:30,19,12,7
07/03/2013,15:45,7,2,5
07/03/2013,16:00,10,4,6
07/03/2013,16:15,11,4,7
07/03/2013,16:30,13,6,7
07/03/2013,16:45,6,2,4
07/03/2013,17:00,22,15,7
07/03/2013,17:15,15,2,13
07/03/2013,17:30,19,11,8
07/03/2013,17:45,11,4,7
07/03/2013,18:00,7,5,2
07/03/2013,18:15,1,0,1
07/03/2013,18:30,6,4,2
07/03/2013,18:45,2,1,1
07/03/2013,19:00,2,1,1
07/03/2013,19:15,2,2,0
07/03/2013,19:30,0,0,0
07/03/2013,19:45,0,0,0
07/03/2013,20:00,1,1,0
07/03/2013,20:15,0,0,0
07/03/2013,20:30,0,0,0
07/03/2013,20:45,3,2,1
07/03/2013,21:00,1,0,1
07/03/2013,21:15,0,0,0
07/03/2013,21:30,0,0,0
07/03/2013,21:45,1,0,1
07/03/2013,22:00,0,0,0
07/03/2013,22:15,1,1,0
07/03/2013,22:30,0,0,0
07/03/2013,22:45,0,0,0
07/03/2013,23:00,1,0,1
07/03/2013,23:15,0,0,0
07/03/2013,23:30,0,0,0
07/03/2013,23:45,0,0,0
08/03/2013,00:00,0,0,0
08/03/2013,00:15,0,0,0
08/03/2013,00:30,0,0,0
08/03/2013,00:45,0,0,0
08/03/2013,01:00,0,0,0
08/03/2013,01:15,0,0,0
08/03/2013,01:30,0,0,0
08/03/2013,01:45,0,0,0
08/03/2013,02:00,0,0,0
08/03/2013,02:15,0,0,0
08/03/2013,02:30,0,0,0
08/03/2013,02:45,0,0,0
08/03/2013,03:00,0,0,0
08/03/2013,03:15,0,0,0
08/03/2013,03:30,0,0,0
08/03/2013,03:45,0,0,0
08/03/2013,04:00,0,0,0
08/03/2013,04:15,0,0,0
08/03/2013,04:30,0,0,0
08/03/2013,04:45,0,0,0
08/03/2013,05:00,0,0,0
08/03/2013,05:15,0,0,0
08/03/2013,05:30,0,0,0
08/03/2013,05:45,2,1,1
08/03/2013,06:00,2,2,0
08/03/2013,06:15,6,2,4
08/03/2013,06:30,4,0,4
08/03/2013,06:45,4,2,2
08/03/2013,07:00,9,4,5
08/03/2013,07:15,12,7,5
08/03/2013,07:30,16,11,5
08/03/2013,07:45,19,6,13
08/03/2013,08:00,28,16,12
08/03/2013,08:15,10,3,7
08/03/2013,08:30,10,1,9
08/03/2013,08:45,13,2,11
08/03/2013,09:00,18,4,14
08/03/2013,09:15,10,2,8
08/03/2013,09:30,14,6,8
08/03/2013,09:45,15,9,6
08/03/2013,10:00,22,4,18
08/03/2013,10:15,13,3,10
08/03/2013,10:30,17,6,11
08/03/2013,10:45,17,4,13
08/03/2013,11:00,18,3,15
08/03/2013,11:15,18,6,12
08/03/2013,11:30,15,6,9
08/03/2013,11:45,6,2,4
08/03/2013,12:00,26,6,20
08/03/2013,12:15,12,3,9
08/03/2013,12:30,23,3,20
08/03/2013,12:45,11,6,5
08/03/2013,13:00,27,3,24
08/03/2013,13:15,47,0,47
08/03/2013,13:30,32,8,24
08/03/2013,13:45,40,3,37
08/03/2013,14:00,46,6,40
08/03/2013,14:15,66,8,58
08/03/2013,14:30,70,1,69
08/03/2013,14:45,50,4,46
08/03/2013,15:00,58,8,50
08/03/2013,15:15,63,5,58
08/03/2013,15:30,56,19,37
08/03/2013,15:45,50,9,41
08/03/2013,16:00,23,4,19
08/03/2013,16:15,22,11,11
08/03/2013,16:30,21,4,17
08/03/2013,16:45,25,8,17
08/03/2013,17:00,52,8,44
08/03/2013,17:15,52,8,44
08/03/2013,17:30,47,5,42
08/03/2013,17:45,29,5,24
08/03/2013,18:00,31,8,23
08/03/2013,18:15,13,6,7
08/03/2013,18:30,6,5,1
08/03/2013,18:45,3,2,1
08/03/2013,19:00,5,5,0
08/03/2013,19:15,1,1,0
08/03/2013,19:30,0,0,0
08/03/2013,19:45,1,1,0
08/03/2013,20:00,2,1,1
08/03/2013,20:15,0,0,0
08/03/2013,20:30,1,1,0
08/03/2013,20:45,0,0,0
08/03/2013,21:00,0,0,0
08/03/2013,21:15,0,0,0
08/03/2013,21:30,0,0,0
08/03/2013,21:45,0,0,0
08/03/2013,22:00,0,0,0
08/03/2013,22:15,1,1,0
08/03/2013,22:30,0,0,0
08/03/2013,22:45,0,0,0
08/03/2013,23:00,0,0,0
08/03/2013,23:15,0,0,0
08/03/2013,23:30,0,0,0
08/03/2013,23:45,0,0,0
09/03/2013,00:00,0,0,0
09/03/2013,00:15,0,0,0
09/03/2013,00:30,0,0,0
09/03/2013,00:45,0,0,0
09/03/2013,01:00,0,0,0
09/03/2013,01:15,0,0,0
09/03/2013,01:30,0,0,0
09/03/2013,01:45,0,0,0
09/03/2013,02:00,0,0,0
09/03/2013,02:15,0,0,0
09/03/2013,02:30,0,0,0
09/03/2013,02:45,0,0,0
09/03/2013,03:00,0,0,0
09/03/2013,03:15,0,0,0
09/03/2013,03:30,0,0,0
09/03/2013,03:45,0,0,0
09/03/2013,04:00,0,0,0
09/03/2013,04:15,0,0,0
09/03/2013,04:30,0,0,0
09/03/2013,04:45,0,0,0
09/03/2013,05:00,0,0,0
09/03/2013,05:15,0,0,0
09/03/2013,05:30,0,0,0
09/03/2013,05:45,0,0,0
09/03/2013,06:00,2,1,1
09/03/2013,06:15,2,0,2
09/03/2013,06:30,5,1,4
09/03/2013,06:45,9,3,6
09/03/2013,07:00,7,0,7
09/03/2013,07:15,9,3,6
09/03/2013,07:30,9,2,7
09/03/2013,07:45,12,5,7
09/03/2013,08:00,8,5,3
09/03/2013,08:15,9,3,6
09/03/2013,08:30,11,2,9
09/03/2013,08:45,22,12,10
09/03/2013,09:00,27,5,22
09/03/2013,09:15,15,7,8
09/03/2013,09:30,16,6,10
09/03/2013,09:45,22,11,11
09/03/2013,10:00,20,8,12
09/03/2013,10:15,33,14,19
09/03/2013,10:30,32,12,20
09/03/2013,10:45,27,9,18
09/03/2013,11:00,31,12,19
09/03/2013,11:15,55,23,32
09/03/2013,11:30,32,12,20
09/03/2013,11:45,61,16,45
09/03/2013,12:00,26,6,20
09/03/2013,12:15,35,17,18
09/03/2013,12:30,26,10,16
09/03/2013,12:45,34,6,28
09/03/2013,13:00,29,14,15
09/03/2013,13:15,20,9,11
09/03/2013,13:30,31,16,15
09/03/2013,13:45,26,13,13
09/03/2013,14:00,28,19,9
09/03/2013,14:15,23,14,9
09/03/2013,14:30,29,22,7
09/03/2013,14:45,21,12,9
09/03/2013,15:00,22,11,11
09/03/2013,15:15,33,20,13
09/03/2013,15:30,26,16,10
09/03/2013,15:45,32,22,10
09/03/2013,16:00,20,8,12
09/03/2013,16:15,35,21,14
09/03/2013,16:30,28,16,12
09/03/2013,16:45,25,9,16
09/03/2013,17:00,28,17,11
09/03/2013,17:15,13,6,7
09/03/2013,17:30,9,4,5
09/03/2013,17:45,11,6,5
09/03/2013,18:00,4,4,0
09/03/2013,18:15,6,3,3
09/03/2013,18:30,2,0,2
09/03/2013,18:45,6,3,3
09/03/2013,19:00,2,2,0
09/03/2013,19:15,2,0,2
09/03/2013,19:30,4,3,1
09/03/2013,19:45,1,1,0
09/03/2013,20:00,0,0,0
09/03/2013,20:15,1,1,0
09/03/2013,20:30,0,0,0
09/03/2013,20:45,0,0,0
09/03/2013,21:00,0,0,0
09/03/2013,21:15,0,0,0
09/03/2013,21:30,0,0,0
09/03/2013,21:45,0,0,0
09/03/2013,22:00,0,0,0
09/03/2013,22:15,0,0,0
09/03/2013,22:30,0,0,0
09/03/2013,22:45,0,0,0
09/03/2013,23:00,1,1,0
09/03/2013,23:15,2,2,0
09/03/2013,23:30,0,0,0
09/03/2013,23:45,0,0,0
10/03/2013,00:00,0,0,0
10/03/2013,00:15,0,0,0
10/03/2013,00:30,0,0,0
10/03/2013,00:45,0,0,0
10/03/2013,01:00,0,0,0
10/03/2013,01:15,0,0,0
10/03/2013,01:30,0,0,0
10/03/2013,01:45,0,0,0
10/03/2013,02:00,0,0,0
10/03/2013,02:15,0,0,0
10/03/2013,02:30,0,0,0
10/03/2013,02:45,0,0,0
10/03/2013,03:00,0,0,0
10/03/2013,03:15,0,0,0
10/03/2013,03:30,0,0,0
10/03/2013,03:45,0,0,0
10/03/2013,04:00,0,0,0
10/03/2013,04:15,0,0,0
10/03/2013,04:30,0,0,0
10/03/2013,04:45,0,0,0
10/03/2013,05:00,0,0,0
10/03/2013,05:15,1,0,1
10/03/2013,05:30,0,0,0
10/03/2013,05:45,1,0,1
10/03/2013,06:00,0,0,0
10/03/2013,06:15,0,0,0
10/03/2013,06:30,1,0,1
10/03/2013,06:45,0,0,0
10/03/2013,07:00,2,0,2
10/03/2013,07:15,2,0,2
10/03/2013,07:30,3,1,2
10/03/2013,07:45,1,0,1
10/03/2013,08:00,4,1,3
10/03/2013,08:15,2,1,1
10/03/2013,08:30,9,0,9
10/03/2013,08:45,12,3,9
10/03/2013,09:00,6,1,5
10/03/2013,09:15,7,1,6
10/03/2013,09:30,20,4,16
10/03/2013,09:45,17,5,12
10/03/2013,10:00,16,5,11
10/03/2013,10:15,20,3,17
10/03/2013,10:30,13,5,8
10/03/2013,10:45,26,12,14
10/03/2013,11:00,42,20,22
10/03/2013,11:15,27,12,15
10/03/2013,11:30,34,8,26
10/03/2013,11:45,28,14,14
10/03/2013,12:00,27,6,21
10/03/2013,12:15,31,5,26
10/03/2013,12:30,42,21,21
10/03/2013,12:45,24,10,14
10/03/2013,13:00,30,12,18
10/03/2013,13:15,34,21,13
10/03/2013,13:30,29,12,17
10/03/2013,13:45,39,20,19
10/03/2013,14:00,28,7,21
10/03/2013,14:15,34,13,21
10/03/2013,14:30,30,19,11
10/03/2013,14:45,34,18,16
10/03/2013,15:00,38,23,15
10/03/2013,15:15,36,22,14
10/03/2013,15:30,39,25,14
10/03/2013,15:45,17,5,12
10/03/2013,16:00,26,14,12
10/03/2013,16:15,24,13,11
10/03/2013,16:30,30,14,16
10/03/2013,16:45,36,16,20
10/03/2013,17:00,46,30,16
10/03/2013,17:15,34,14,20
10/03/2013,17:30,19,10,9
10/03/2013,17:45,30,13,17
10/03/2013,18:00,21,9,12
10/03/2013,18:15,20,11,9
10/03/2013,18:30,7,5,2
10/03/2013,18:45,9,4,5
10/03/2013,19:00,8,6,2
10/03/2013,19:15,9,6,3
10/03/2013,19:30,2,1,1
10/03/2013,19:45,3,2,1
10/03/2013,20:00,1,0,1
10/03/2013,20:15,1,0,1
10/03/2013,20:30,1,0,1
10/03/2013,20:45,0,0,0
10/03/2013,21:00,0,0,0
10/03/2013,21:15,1,0,1
10/03/2013,21:30,1,0,1
10/03/2013,21:45,0,0,0
10/03/2013,22:00,1,1,0
10/03/2013,22:15,0,0,0
10/03/2013,22:30,1,0,1
10/03/2013,22:45,0,0,0
10/03/2013,23:00,0,0,0
10/03/2013,23:15,0,0,0
10/03/2013,23:30,0,0,0
10/03/2013,23:45,0,0,0
11/03/2013,00:00,0,0,0
11/03/2013,00:15,0,0,0
11/03/2013,00:30,0,0,0
11/03/2013,00:45,0,0,0
11/03/2013,01:00,0,0,0
11/03/2013,01:15,0,0,0
11/03/2013,01:30,0,0,0
11/03/2013,01:45,0,0,0
11/03/2013,02:00,0,0,0
11/03/2013,02:15,0,0,0
11/03/2013,02:30,0,0,0
11/03/2013,02:45,0,0,0
11/03/2013,03:00,0,0,0
11/03/2013,03:15,0,0,0
11/03/2013,03:30,0,0,0
11/03/2013,03:45,0,0,0
11/03/2013,04:00,0,0,0
11/03/2013,04:15,0,0,0
11/03/2013,04:30,0,0,0
11/03/2013,04:45,0,0,0
11/03/2013,05:00,0,0,0
11/03/2013,05:15,0,0,0
11/03/2013,05:30,0,0,0
11/03/2013,05:45,0,0,0
11/03/2013,06:00,0,0,0
11/03/2013,06:15,5,1,4
11/03/2013,06:30,5,1,4
11/03/2013,06:45,4,3,1
11/03/2013,07:00,2,1,1
11/03/2013,07:15,5,4,1
11/03/2013,07:30,14,9,5
11/03/2013,07:45,14,12,2
11/03/2013,08:00,22,17,5
11/03/2013,08:15,14,6,8
11/03/2013,08:30,15,3,12
11/03/2013,08:45,13,6,7
11/03/2013,09:00,10,0,10
11/03/2013,09:15,8,1,7
11/03/2013,09:30,11,4,7
11/03/2013,09:45,12,3,9
11/03/2013,10:00,7,2,5
11/03/2013,10:15,13,4,9
11/03/2013,10:30,20,6,14
11/03/2013,10:45,9,1,8
11/03/2013,11:00,24,11,13
11/03/2013,11:15,22,5,17
11/03/2013,11:30,21,7,14
11/03/2013,11:45,12,3,9
11/03/2013,12:00,24,6,18
11/03/2013,12:15,28,9,19
11/03/2013,12:30,22,6,16
11/03/2013,12:45,15,3,12
11/03/2013,13:00,11,3,8
11/03/2013,13:15,20,8,12
11/03/2013,13:30,18,8,10
11/03/2013,13:45,14,6,8
11/03/2013,14:00,21,15,6
11/03/2013,14:15,10,2,8
11/03/2013,14:30,19,6,13
11/03/2013,14:45,21,6,15
11/03/2013,15:00,17,8,9
11/03/2013,15:15,14,9,5
11/03/2013,15:30,23,17,6
11/03/2013,15:45,18,11,7
11/03/2013,16:00,17,8,9
11/03/2013,16:15,15,11,4
11/03/2013,16:30,15,7,8
11/03/2013,16:45,13,8,5
11/03/2013,17:00,19,12,7
11/03/2013,17:15,20,10,10
11/03/2013,17:30,15,11,4
11/03/2013,17:45,27,19,8
11/03/2013,18:00,15,8,7
11/03/2013,18:15,20,14,6
11/03/2013,18:30,17,11,6
11/03/2013,18:45,13,5,8
11/03/2013,19:00,16,8,8
11/03/2013,19:15,5,4,1
11/03/2013,19:30,4,3,1
11/03/2013,19:45,3,2,1
11/03/2013,20:00,4,4,0
11/03/2013,20:15,0,0,0
11/03/2013,20:30,0,0,0
11/03/2013,20:45,0,0,0
11/03/2013,21:00,3,1,2
11/03/2013,21:15,1,1,0
11/03/2013,21:30,2,2,0
11/03/2013,21:45,0,0,0
11/03/2013,22:00,2,2,0
11/03/2013,22:15,0,0,0
11/03/2013,22:30,0,0,0
11/03/2013,22:45,0,0,0
11/03/2013,23:00,0,0,0
11/03/2013,23:15,1,1,0
11/03/2013,23:30,0,0,0
11/03/2013,23:45,0,0,0
12/03/2013,00:00,0,0,0
12/03/2013,00:15,1,1,0
12/03/2013,00:30,0,0,0
12/03/2013,00:45,0,0,0
12/03/2013,01:00,0,0,0
12/03/2013,01:15,0,0,0
12/03/2013,01:30,0,0,0
12/03/2013,01:45,0,0,0
12/03/2013,02:00,0,0,0
12/03/2013,02:15,0,0,0
12/03/2013,02:30,0,0,0
12/03/2013,02:45,0,0,0
12/03/2013,03:00,0,0,0
12/03/2013,03:15,0,0,0
12/03/2013,03:30,0,0,0
12/03/2013,03:45,0,0,0
12/03/2013,04:00,0,0,0
12/03/2013,04:15,0,0,0
12/03/2013,04:30,0,0,0
12/03/2013,04:45,0,0,0
12/03/2013,05:00,0,0,0
12/03/2013,05:15,2,1,1
12/03/2013,05:30,0,0,0
12/03/2013,05:45,0,0,0
12/03/2013,06:00,3,2,1
12/03/2013,06:15,5,3,2
12/03/2013,06:30,3,2,1
12/03/2013,06:45,4,2,2
12/03/2013,07:00,5,2,3
12/03/2013,07:15,8,6,2
12/03/2013,07:30,15,12,3
12/03/2013,07:45,10,10,0
12/03/2013,08:00,21,14,7
12/03/2013,08:15,8,7,1
12/03/2013,08:30,4,0,4
12/03/2013,08:45,10,6,4
12/03/2013,09:00,9,2,7
12/03/2013,09:15,7,1,6
12/03/2013,09:30,6,5,1
12/03/2013,09:45,11,2,9
12/03/2013,10:00,9,2,7
12/03/2013,10:15,10,0,10
12/03/2013,10:30,11,3,8
12/03/2013,10:45,13,2,11
12/03/2013,11:00,9,3,6
12/03/2013,11:15,7,1,6
12/03/2013,11:30,11,1,10
12/03/2013,11:45,16,7,9
12/03/2013,12:00,20,11,9
12/03/2013,12:15,7,3,4
12/03/2013,12:30,16,5,11
12/03/2013,12:45,13,3,10
12/03/2013,13:00,25,5,20
12/03/2013,13:15,16,6,10
12/03/2013,13:30,14,2,12
12/03/2013,13:45,12,3,9
12/03/2013,14:00,12,4,8
12/03/2013,14:15,15,4,11
12/03/2013,14:30,20,15,5
12/03/2013,14:45,12,5,7
12/03/2013,15:00,14,6,8
12/03/2013,15:15,17,10,7
12/03/2013,15:30,30,25,5
12/03/2013,15:45,15,10,5
12/03/2013,16:00,14,6,8
12/03/2013,16:15,12,9,3
12/03/2013,16:30,13,4,9
12/03/2013,16:45,28,16,12
12/03/2013,17:00,26,18,8
12/03/2013,17:15,24,15,9
12/03/2013,17:30,30,24,6
12/03/2013,17:45,17,5,12
12/03/2013,18:00,16,8,8
12/03/2013,18:15,34,21,13
12/03/2013,18:30,20,17,3
12/03/2013,18:45,9,2,7
12/03/2013,19:00,11,5,6
12/03/2013,19:15,11,2,9
12/03/2013,19:30,6,4,2
12/03/2013,19:45,5,2,3
12/03/2013,20:00,4,2,2
12/03/2013,20:15,1,1,0
12/03/2013,20:30,0,0,0
12/03/2013,20:45,4,4,0
12/03/2013,21:00,1,0,1
12/03/2013,21:15,1,1,0
12/03/2013,21:30,1,0,1
12/03/2013,21:45,0,0,0
12/03/2013,22:00,2,2,0
12/03/2013,22:15,0,0,0
12/03/2013,22:30,0,0,0
12/03/2013,22:45,0,0,0
12/03/2013,23:00,0,0,0
12/03/2013,23:15,0,0,0
12/03/2013,23:30,0,0,0
12/03/2013,23:45,0,0,0
13/03/2013,00:00,0,0,0
13/03/2013,00:15,0,0,0
13/03/2013,00:30,0,0,0
13/03/2013,00:45,1,1,0
13/03/2013,01:00,0,0,0
13/03/2013,01:15,0,0,0
13/03/2013,01:30,0,0,0
13/03/2013,01:45,0,0,0
13/03/2013,02:00,0,0,0
13/03/2013,02:15,0,0,0
13/03/2013,02:30,0,0,0
13/03/2013,02:45,0,0,0
13/03/2013,03:00,0,0,0
13/03/2013,03:15,0,0,0
13/03/2013,03:30,0,0,0
13/03/2013,03:45,0,0,0
13/03/2013,04:00,0,0,0
13/03/2013,04:15,0,0,0
13/03/2013,04:30,0,0,0
13/03/2013,04:45,0,0,0
13/03/2013,05:00,1,1,0
13/03/2013,05:15,1,0,1
13/03/2013,05:30,1,1,0
13/03/2013,05:45,1,1,0
13/03/2013,06:00,7,2,5
13/03/2013,06:15,4,2,2
13/03/2013,06:30,3,2,1
13/03/2013,06:45,5,3,2
13/03/2013,07:00,5,1,4
13/03/2013,07:15,7,4,3
13/03/2013,07:30,16,13,3
13/03/2013,07:45,24,23,1
13/03/2013,08:00,31,25,6
13/03/2013,08:15,8,6,2
13/03/2013,08:30,12,1,11
13/03/2013,08:45,9,4,5
13/03/2013,09:00,14,4,10
13/03/2013,09:15,8,1,7
13/03/2013,09:30,9,4,5
13/03/2013,09:45,15,4,11
13/03/2013,10:00,16,4,12
13/03/2013,10:15,11,3,8
13/03/2013,10:30,16,4,12
13/03/2013,10:45,17,6,11
13/03/2013,11:00,22,7,15
13/03/2013,11:15,24,5,19
13/03/2013,11:30,32,10,22
13/03/2013,11:45,18,5,13
13/03/2013,12:00,23,9,14
13/03/2013,12:15,22,4,18
13/03/2013,12:30,35,7,28
13/03/2013,12:45,23,5,18
13/03/2013,13:00,17,3,14
13/03/2013,13:15,19,13,6
13/03/2013,13:30,16,10,6
13/03/2013,13:45,10,4,6
13/03/2013,14:00,17,7,10
13/03/2013,14:15,20,11,9
13/03/2013,14:30,20,11,9
13/03/2013,14:45,18,10,8
13/03/2013,15:00,20,11,9
13/03/2013,15:15,15,9,6
13/03/2013,15:30,18,11,7
13/03/2013,15:45,14,10,4
13/03/2013,16:00,17,9,8
13/03/2013,16:15,17,10,7
13/03/2013,16:30,10,4,6
13/03/2013,16:45,20,14,6
13/03/2013,17:00,26,22,4
13/03/2013,17:15,13,8,5
13/03/2013,17:30,9,5,4
13/03/2013,17:45,12,8,4
13/03/2013,18:00,10,7,3
13/03/2013,18:15,16,9,7
13/03/2013,18:30,11,10,1
13/03/2013,18:45,10,9,1
13/03/2013,19:00,13,12,1
13/03/2013,19:15,3,2,1
13/03/2013,19:30,6,4,2
13/03/2013,19:45,3,2,1
13/03/2013,20:00,2,1,1
13/03/2013,20:15,2,2,0
13/03/2013,20:30,0,0,0
13/03/2013,20:45,2,2,0
13/03/2013,21:00,0,0,0
13/03/2013,21:15,1,1,0
13/03/2013,21:30,2,2,0
13/03/2013,21:45,0,0,0
13/03/2013,22:00,1,1,0
13/03/2013,22:15,1,1,0
13/03/2013,22:30,0,0,0
13/03/2013,22:45,0,0,0
13/03/2013,23:00,0,0,0
13/03/2013,23:15,0,0,0
13/03/2013,23:30,0,0,0
13/03/2013,23:45,0,0,0
14/03/2013,00:00,1,1,0
14/03/2013,00:15,0,0,0
14/03/2013,00:30,0,0,0
14/03/2013,00:45,0,0,0
14/03/2013,01:00,0,0,0
14/03/2013,01:15,0,0,0
14/03/2013,01:30,0,0,0
14/03/2013,01:45,0,0,0
14/03/2013,02:00,0,0,0
14/03/2013,02:15,0,0,0
14/03/2013,02:30,0,0,0
14/03/2013,02:45,0,0,0
14/03/2013,03:00,0,0,0
14/03/2013,03:15,0,0,0
14/03/2013,03:30,0,0,0
14/03/2013,03:45,0,0,0
14/03/2013,04:00,0,0,0
14/03/2013,04:15,0,0,0
14/03/2013,04:30,0,0,0
14/03/2013,04:45,0,0,0
14/03/2013,05:00,1,1,0
14/03/2013,05:15,1,0,1
14/03/2013,05:30,0,0,0
14/03/2013,05:45,1,1,0
14/03/2013,06:00,1,0,1
14/03/2013,06:15,3,2,1
14/03/2013,06:30,1,0,1
14/03/2013,06:45,5,2,3
14/03/2013,07:00,7,0,7
14/03/2013,07:15,9,8,1
14/03/2013,07:30,11,10,1
14/03/2013,07:45,15,11,4
14/03/2013,08:00,14,11,3
14/03/2013,08:15,15,8,7
14/03/2013,08:30,6,1,5
14/03/2013,08:45,14,6,8
14/03/2013,09:00,6,3,3
14/03/2013,09:15,14,6,8
14/03/2013,09:30,8,6,2
14/03/2013,09:45,7,1,6
14/03/2013,10:00,12,4,8
14/03/2013,10:15,9,3,6
14/03/2013,10:30,13,4,9
14/03/2013,10:45,15,7,8
14/03/2013,11:00,9,4,5
14/03/2013,11:15,12,5,7
14/03/2013,11:30,10,2,8
14/03/2013,11:45,4,1,3
14/03/2013,12:00,11,7,4
14/03/2013,12:15,10,4,6
14/03/2013,12:30,8,3,5
14/03/2013,12:45,11,2,9
14/03/2013,13:00,6,2,4
14/03/2013,13:15,10,1,9
14/03/2013,13:30,5,1,4
14/03/2013,13:45,14,6,8
14/03/2013,14:00,10,4,6
14/03/2013,14:15,15,6,9
14/03/2013,14:30,12,9,3
14/03/2013,14:45,10,5,5
14/03/2013,15:00,8,5,3
14/03/2013,15:15,21,18,3
14/03/2013,15:30,25,21,4
14/03/2013,15:45,18,11,7
14/03/2013,16:00,18,9,9
14/03/2013,16:15,18,10,8
14/03/2013,16:30,17,9,8
14/03/2013,16:45,11,5,6
14/03/2013,17:00,9,6,3
14/03/2013,17:15,20,11,9
14/03/2013,17:30,28,20,8
14/03/2013,17:45,11,2,9
14/03/2013,18:00,8,4,4
14/03/2013,18:15,17,12,5
14/03/2013,18:30,12,9,3
14/03/2013,18:45,8,6,2
14/03/2013,19:00,14,10,4
14/03/2013,19:15,6,1,5
14/03/2013,19:30,3,3,0
14/03/2013,19:45,2,2,0
14/03/2013,20:00,4,3,1
14/03/2013,20:15,4,4,0
14/03/2013,20:30,1,1,0
14/03/2013,20:45,1,1,0
14/03/2013,21:00,2,2,0
14/03/2013,21:15,1,0,1
14/03/2013,21:30,0,0,0
14/03/2013,21:45,0,0,0
14/03/2013,22:00,0,0,0
14/03/2013,22:15,1,1,0
14/03/2013,22:30,0,0,0
14/03/2013,22:45,0,0,0
14/03/2013,23:00,0,0,0
14/03/2013,23:15,0,0,0
14/03/2013,23:30,0,0,0
14/03/2013,23:45,0,0,0
15/03/2013,00:00,0,0,0
15/03/2013,00:15,0,0,0
15/03/2013,00:30,0,0,0
15/03/2013,00:45,0,0,0
15/03/2013,01:00,0,0,0
15/03/2013,01:15,0,0,0
15/03/2013,01:30,0,0,0
15/03/2013,01:45,0,0,0
15/03/2013,02:00,0,0,0
15/03/2013,02:15,0,0,0
15/03/2013,02:30,0,0,0
15/03/2013,02:45,0,0,0
15/03/2013,03:00,0,0,0
15/03/2013,03:15,0,0,0
15/03/2013,03:30,0,0,0
15/03/2013,03:45,0,0,0
15/03/2013,04:00,0,0,0
15/03/2013,04:15,0,0,0
15/03/2013,04:30,0,0,0
15/03/2013,04:45,0,0,0
15/03/2013,05:00,1,1,0
15/03/2013,05:15,2,2,0
15/03/2013,05:30,0,0,0
15/03/2013,05:45,0,0,0
15/03/2013,06:00,2,2,0
15/03/2013,06:15,4,1,3
15/03/2013,06:30,4,0,4
15/03/2013,06:45,2,1,1
15/03/2013,07:00,5,0,5
15/03/2013,07:15,11,6,5
15/03/2013,07:30,12,7,5
15/03/2013,07:45,17,14,3
15/03/2013,08:00,25,18,7
15/03/2013,08:15,5,1,4
15/03/2013,08:30,19,9,10
15/03/2013,08:45,10,3,7
15/03/2013,09:00,16,5,11
15/03/2013,09:15,10,1,9
15/03/2013,09:30,5,1,4
15/03/2013,09:45,16,6,10
15/03/2013,10:00,11,6,5
15/03/2013,10:15,7,1,6
15/03/2013,10:30,14,5,9
15/03/2013,10:45,8,3,5
15/03/2013,11:00,14,6,8
15/03/2013,11:15,7,4,3
15/03/2013,11:30,9,4,5
15/03/2013,11:45,14,5,9
15/03/2013,12:00,11,2,9
15/03/2013,12:15,6,4,2
15/03/2013,12:30,14,8,6
15/03/2013,12:45,8,2,6
15/03/2013,13:00,8,3,5
15/03/2013,13:15,12,4,8
15/03/2013,13:30,14,3,11
15/03/2013,13:45,7,2,5
15/03/2013,14:00,14,4,10
15/03/2013,14:15,16,8,8
15/03/2013,14:30,8,4,4
15/03/2013,14:45,21,13,8
15/03/2013,15:00,4,1,3
15/03/2013,15:15,11,7,4
15/03/2013,15:30,12,8,4
15/03/2013,15:45,19,13,6
15/03/2013,16:00,12,7,5
15/03/2013,16:15,16,4,12
15/03/2013,16:30,12,8,4
15/03/2013,16:45,8,2,6
15/03/2013,17:00,17,11,6
15/03/2013,17:15,10,8,2
15/03/2013,17:30,14,8,6
15/03/2013,17:45,17,16,1
15/03/2013,18:00,11,7,4
15/03/2013,18:15,14,12,2
15/03/2013,18:30,13,7,6
15/03/2013,18:45,10,5,5
15/03/2013,19:00,16,8,8
15/03/2013,19:15,3,0,3
15/03/2013,19:30,5,4,1
15/03/2013,19:45,1,1,0
15/03/2013,20:00,4,3,1
15/03/2013,20:15,0,0,0
15/03/2013,20:30,0,0,0
15/03/2013,20:45,0,0,0
15/03/2013,21:00,0,0,0
15/03/2013,21:15,0,0,0
15/03/2013,21:30,2,2,0
15/03/2013,21:45,0,0,0
15/03/2013,22:00,0,0,0
15/03/2013,22:15,1,1,0
15/03/2013,22:30,0,0,0
15/03/2013,22:45,0,0,0
15/03/2013,23:00,0,0,0
15/03/2013,23:15,0,0,0
15/03/2013,23:30,0,0,0
15/03/2013,23:45,0,0,0
16/03/2013,00:00,0,0,0
16/03/2013,00:15,1,1,0
16/03/2013,00:30,0,0,0
16/03/2013,00:45,0,0,0
16/03/2013,01:00,0,0,0
16/03/2013,01:15,0,0,0
16/03/2013,01:30,0,0,0
16/03/2013,01:45,0,0,0
16/03/2013,02:00,0,0,0
16/03/2013,02:15,0,0,0
16/03/2013,02:30,0,0,0
16/03/2013,02:45,0,0,0
16/03/2013,03:00,0,0,0
16/03/2013,03:15,0,0,0
16/03/2013,03:30,0,0,0
16/03/2013,03:45,0,0,0
16/03/2013,04:00,0,0,0
16/03/2013,04:15,0,0,0
16/03/2013,04:30,0,0,0
16/03/2013,04:45,0,0,0
16/03/2013,05:00,0,0,0
16/03/2013,05:15,0,0,0
16/03/2013,05:30,0,0,0
16/03/2013,05:45,0,0,0
16/03/2013,06:00,0,0,0
16/03/2013,06:15,0,0,0
16/03/2013,06:30,1,0,1
16/03/2013,06:45,2,1,1
16/03/2013,07:00,4,2,2
16/03/2013,07:15,2,1,1
16/03/2013,07:30,1,1,0
16/03/2013,07:45,3,1,2
16/03/2013,08:00,2,0,2
16/03/2013,08:15,8,3,5
16/03/2013,08:30,6,3,3
16/03/2013,08:45,13,6,7
16/03/2013,09:00,20,5,15
16/03/2013,09:15,5,1,4
16/03/2013,09:30,12,7,5
16/03/2013,09:45,14,6,8
16/03/2013,10:00,12,5,7
16/03/2013,10:15,19,11,8
16/03/2013,10:30,19,7,12
16/03/2013,10:45,37,14,23
16/03/2013,11:00,31,18,13
16/03/2013,11:15,29,14,15
16/03/2013,11:30,34,23,11
16/03/2013,11:45,32,17,15
16/03/2013,12:00,33,17,16
16/03/2013,12:15,35,15,20
16/03/2013,12:30,22,7,15
16/03/2013,12:45,20,13,7
16/03/2013,13:00,28,18,10
16/03/2013,13:15,31,18,13
16/03/2013,13:30,23,12,11
16/03/2013,13:45,22,15,7
16/03/2013,14:00,30,16,14
16/03/2013,14:15,18,13,5
16/03/2013,14:30,27,20,7
16/03/2013,14:45,32,20,12
16/03/2013,15:00,22,16,6
16/03/2013,15:15,25,15,10
16/03/2013,15:30,27,16,11
16/03/2013,15:45,11,7,4
16/03/2013,16:00,31,18,13
16/03/2013,16:15,25,14,11
16/03/2013,16:30,20,14,6
16/03/2013,16:45,18,14,4
16/03/2013,17:00,17,11,6
16/03/2013,17:15,8,5,3
16/03/2013,17:30,18,8,10
16/03/2013,17:45,12,4,8
16/03/2013,18:00,11,5,6
16/03/2013,18:15,6,6,0
16/03/2013,18:30,8,4,4
16/03/2013,18:45,3,2,1
16/03/2013,19:00,5,4,1
16/03/2013,19:15,1,0,1
16/03/2013,19:30,2,1,1
16/03/2013,19:45,0,0,0
16/03/2013,20:00,3,2,1
16/03/2013,20:15,1,1,0
16/03/2013,20:30,0,0,0
16/03/2013,20:45,0,0,0
16/03/2013,21:00,0,0,0
16/03/2013,21:15,0,0,0
16/03/2013,21:30,1,1,0
16/03/2013,21:45,0,0,0
16/03/2013,22:00,0,0,0
16/03/2013,22:15,0,0,0
16/03/2013,22:30,0,0,0
16/03/2013,22:45,1,1,0
16/03/2013,23:00,0,0,0
16/03/2013,23:15,1,1,0
16/03/2013,23:30,0,0,0
16/03/2013,23:45,0,0,0
17/03/2013,00:00,0,0,0
17/03/2013,00:15,0,0,0
17/03/2013,00:30,0,0,0
17/03/2013,00:45,0,0,0
17/03/2013,01:00,0,0,0
17/03/2013,01:15,0,0,0
17/03/2013,01:30,0,0,0
17/03/2013,01:45,0,0,0
17/03/2013,02:00,0,0,0
17/03/2013,02:15,0,0,0
17/03/2013,02:30,0,0,0
17/03/2013,02:45,0,0,0
17/03/2013,03:00,0,0,0
17/03/2013,03:15,0,0,0
17/03/2013,03:30,0,0,0
17/03/2013,03:45,0,0,0
17/03/2013,04:00,0,0,0
17/03/2013,04:15,0,0,0
17/03/2013,04:30,0,0,0
17/03/2013,04:45,0,0,0
17/03/2013,05:00,0,0,0
17/03/2013,05:15,0,0,0
17/03/2013,05:30,0,0,0
17/03/2013,05:45,0,0,0
17/03/2013,06:00,1,0,1
17/03/2013,06:15,0,0,0
17/03/2013,06:30,0,0,0
17/03/2013,06:45,0,0,0
17/03/2013,07:00,4,2,2
17/03/2013,07:15,2,1,1
17/03/2013,07:30,0,0,0
17/03/2013,07:45,2,1,1
17/03/2013,08:00,2,0,2
17/03/2013,08:15,4,2,2
17/03/2013,08:30,7,1,6
17/03/2013,08:45,12,5,7
17/03/2013,09:00,13,2,11
17/03/2013,09:15,10,2,8
17/03/2013,09:30,18,3,15
17/03/2013,09:45,19,4,15
17/03/2013,10:00,27,5,22
17/03/2013,10:15,25,7,18
17/03/2013,10:30,26,11,15
17/03/2013,10:45,31,16,15
17/03/2013,11:00,19,10,9
17/03/2013,11:15,32,16,16
17/03/2013,11:30,30,20,10
17/03/2013,11:45,26,10,16
17/03/2013,12:00,44,25,19
17/03/2013,12:15,39,16,23
17/03/2013,12:30,29,6,23
17/03/2013,12:45,38,12,26
17/03/2013,13:00,32,22,10
17/03/2013,13:15,33,13,20
17/03/2013,13:30,29,16,13
17/03/2013,13:45,29,17,12
17/03/2013,14:00,23,16,7
17/03/2013,14:15,42,27,15
17/03/2013,14:30,33,21,12
17/03/2013,14:45,35,22,13
17/03/2013,15:00,33,20,13
17/03/2013,15:15,27,15,12
17/03/2013,15:30,31,21,10
17/03/2013,15:45,45,22,23
17/03/2013,16:00,28,21,7
17/03/2013,16:15,18,10,8
17/03/2013,16:30,31,20,11
17/03/2013,16:45,35,20,15
17/03/2013,17:00,18,6,12
17/03/2013,17:15,24,16,8
17/03/2013,17:30,15,6,9
17/03/2013,17:45,16,7,9
17/03/2013,18:00,8,4,4
17/03/2013,18:15,4,2,2
17/03/2013,18:30,4,4,0
17/03/2013,18:45,0,0,0
17/03/2013,19:00,8,7,1
17/03/2013,19:15,3,3,0
17/03/2013,19:30,3,3,0
17/03/2013,19:45,0,0,0
17/03/2013,20:00,1,0,1
17/03/2013,20:15,1,0,1
17/03/2013,20:30,1,0,1
17/03/2013,20:45,0,0,0
17/03/2013,21:00,0,0,0
17/03/2013,21:15,0,0,0
17/03/2013,21:30,0,0,0
17/03/2013,21:45,0,0,0
17/03/2013,22:00,0,0,0
17/03/2013,22:15,0,0,0
17/03/2013,22:30,0,0,0
17/03/2013,22:45,0,0,0
17/03/2013,23:00,0,0,0
17/03/2013,23:15,1,0,1
17/03/2013,23:30,1,0,1
17/03/2013,23:45,0,0,0
18/03/2013,00:00,0,0,0
18/03/2013,00:15,1,1,0
18/03/2013,00:30,0,0,0
18/03/2013,00:45,0,0,0
18/03/2013,01:00,1,1,0
18/03/2013,01:15,0,0,0
18/03/2013,01:30,0,0,0
18/03/2013,01:45,0,0,0
18/03/2013,02:00,0,0,0
18/03/2013,02:15,0,0,0
18/03/2013,02:30,0,0,0
18/03/2013,02:45,0,0,0
18/03/2013,03:00,0,0,0
18/03/2013,03:15,0,0,0
18/03/2013,03:30,0,0,0
18/03/2013,03:45,0,0,0
18/03/2013,04:00,0,0,0
18/03/2013,04:15,0,0,0
18/03/2013,04:30,0,0,0
18/03/2013,04:45,0,0,0
18/03/2013,05:00,1,1,0
18/03/2013,05:15,0,0,0
18/03/2013,05:30,1,1,0
18/03/2013,05:45,1,1,0
18/03/2013,06:00,2,1,1
18/03/2013,06:15,6,2,4
18/03/2013,06:30,5,0,5
18/03/2013,06:45,7,7,0
18/03/2013,07:00,3,2,1
18/03/2013,07:15,11,7,4
18/03/2013,07:30,9,7,2
18/03/2013,07:45,7,5,2
18/03/2013,08:00,9,6,3
18/03/2013,08:15,13,4,9
18/03/2013,08:30,9,5,4
18/03/2013,08:45,12,5,7
18/03/2013,09:00,13,2,11
18/03/2013,09:15,14,4,10
18/03/2013,09:30,10,1,9
18/03/2013,09:45,11,5,6
18/03/2013,10:00,12,5,7
18/03/2013,10:15,18,4,14
18/03/2013,10:30,7,1,6
18/03/2013,10:45,7,0,7
18/03/2013,11:00,10,2,8
18/03/2013,11:15,13,2,11
18/03/2013,11:30,11,3,8
18/03/2013,11:45,11,5,6
18/03/2013,12:00,9,3,6
18/03/2013,12:15,14,5,9
18/03/2013,12:30,16,9,7
18/03/2013,12:45,15,7,8
18/03/2013,13:00,14,7,7
18/03/2013,13:15,24,6,18
18/03/2013,13:30,15,6,9
18/03/2013,13:45,11,6,5
18/03/2013,14:00,23,15,8
18/03/2013,14:15,15,7,8
18/03/2013,14:30,11,5,6
18/03/2013,14:45,11,4,7
18/03/2013,15:00,11,4,7
18/03/2013,15:15,10,4,6
18/03/2013,15:30,16,11,5
18/03/2013,15:45,15,7,8
18/03/2013,16:00,23,13,10
18/03/2013,16:15,17,6,11
18/03/2013,16:30,14,4,10
18/03/2013,16:45,23,5,18
18/03/2013,17:00,18,12,6
18/03/2013,17:15,14,7,7
18/03/2013,17:30,23,16,7
18/03/2013,17:45,14,10,4
18/03/2013,18:00,13,6,7
18/03/2013,18:15,12,7,5
18/03/2013,18:30,21,14,7
18/03/2013,18:45,13,7,6
18/03/2013,19:00,11,6,5
18/03/2013,19:15,5,1,4
18/03/2013,19:30,2,0,2
18/03/2013,19:45,1,1,0
18/03/2013,20:00,6,5,1
18/03/2013,20:15,0,0,0
18/03/2013,20:30,1,1,0
18/03/2013,20:45,1,1,0
18/03/2013,21:00,3,3,0
18/03/2013,21:15,0,0,0
18/03/2013,21:30,0,0,0
18/03/2013,21:45,0,0,0
18/03/2013,22:00,0,0,0
18/03/2013,22:15,2,2,0
18/03/2013,22:30,0,0,0
18/03/2013,22:45,0,0,0
18/03/2013,23:00,0,0,0
18/03/2013,23:15,1,1,0
18/03/2013,23:30,0,0,0
18/03/2013,23:45,0,0,0
19/03/2013,00:00,1,1,0
19/03/2013,00:15,0,0,0
19/03/2013,00:30,0,0,0
19/03/2013,00:45,0,0,0
19/03/2013,01:00,0,0,0
19/03/2013,01:15,0,0,0
19/03/2013,01:30,0,0,0
19/03/2013,01:45,0,0,0
19/03/2013,02:00,0,0,0
19/03/2013,02:15,0,0,0
19/03/2013,02:30,0,0,0
19/03/2013,02:45,0,0,0
19/03/2013,03:00,0,0,0
19/03/2013,03:15,0,0,0
19/03/2013,03:30,0,0,0
19/03/2013,03:45,0,0,0
19/03/2013,04:00,0,0,0
19/03/2013,04:15,0,0,0
19/03/2013,04:30,0,0,0
19/03/2013,04:45,0,0,0
19/03/2013,05:00,1,1,0
19/03/2013,05:15,0,0,0
19/03/2013,05:30,2,1,1
19/03/2013,05:45,0,0,0
19/03/2013,06:00,3,2,1
19/03/2013,06:15,3,2,1
19/03/2013,06:30,1,0,1
19/03/2013,06:45,4,3,1
19/03/2013,07:00,5,2,3
19/03/2013,07:15,7,4,3
19/03/2013,07:30,18,16,2
19/03/2013,07:45,14,12,2
19/03/2013,08:00,18,11,7
19/03/2013,08:15,13,7,6
19/03/2013,08:30,6,3,3
19/03/2013,08:45,8,4,4
19/03/2013,09:00,12,3,9
19/03/2013,09:15,19,2,17
19/03/2013,09:30,13,0,13
19/03/2013,09:45,17,5,12
19/03/2013,10:00,22,3,19
19/03/2013,10:15,12,2,10
19/03/2013,10:30,9,4,5
19/03/2013,10:45,10,2,8
19/03/2013,11:00,8,2,6
19/03/2013,11:15,9,2,7
19/03/2013,11:30,4,0,4
19/03/2013,11:45,9,4,5
19/03/2013,12:00,3,1,2
19/03/2013,12:15,19,7,12
19/03/2013,12:30,21,10,11
19/03/2013,12:45,18,10,8
19/03/2013,13:00,11,1,10
19/03/2013,13:15,2,2,0
19/03/2013,13:30,14,4,10
19/03/2013,13:45,11,1,10
19/03/2013,14:00,11,4,7
19/03/2013,14:15,7,2,5
19/03/2013,14:30,9,2,7
19/03/2013,14:45,5,1,4
19/03/2013,15:00,13,6,7
19/03/2013,15:15,27,20,7
19/03/2013,15:30,29,22,7
19/03/2013,15:45,11,9,2
19/03/2013,16:00,13,6,7
19/03/2013,16:15,16,7,9
19/03/2013,16:30,13,3,10
19/03/2013,16:45,14,6,8
19/03/2013,17:00,13,8,5
19/03/2013,17:15,7,4,3
19/03/2013,17:30,15,10,5
19/03/2013,17:45,10,6,4
19/03/2013,18:00,15,5,10
19/03/2013,18:15,17,11,6
19/03/2013,18:30,6,6,0
19/03/2013,18:45,4,4,0
19/03/2013,19:00,1,1,0
19/03/2013,19:15,2,2,0
19/03/2013,19:30,0,0,0
19/03/2013,19:45,0,0,0
19/03/2013,20:00,3,3,0
19/03/2013,20:15,0,0,0
19/03/2013,20:30,0,0,0
19/03/2013,20:45,1,1,0
19/03/2013,21:00,0,0,0
19/03/2013,21:15,0,0,0
19/03/2013,21:30,1,0,1
19/03/2013,21:45,2,1,1
19/03/2013,22:00,1,0,1
19/03/2013,22:15,0,0,0
19/03/2013,22:30,0,0,0
19/03/2013,22:45,1,1,0
19/03/2013,23:00,0,0,0
19/03/2013,23:15,0,0,0
19/03/2013,23:30,0,0,0
19/03/2013,23:45,0,0,0
20/03/2013,00:00,0,0,0
20/03/2013,00:15,0,0,0
20/03/2013,00:30,0,0,0
20/03/2013,00:45,0,0,0
20/03/2013,01:00,0,0,0
20/03/2013,01:15,0,0,0
20/03/2013,01:30,0,0,0
20/03/2013,01:45,0,0,0
20/03/2013,02:00,0,0,0
20/03/2013,02:15,0,0,0
20/03/2013,02:30,0,0,0
20/03/2013,02:45,0,0,0
20/03/2013,03:00,0,0,0
20/03/2013,03:15,0,0,0
20/03/2013,03:30,0,0,0
20/03/2013,03:45,0,0,0
20/03/2013,04:00,0,0,0
20/03/2013,04:15,0,0,0
20/03/2013,04:30,0,0,0
20/03/2013,04:45,0,0,0
20/03/2013,05:00,1,1,0
20/03/2013,05:15,0,0,0
20/03/2013,05:30,0,0,0
20/03/2013,05:45,2,0,2
20/03/2013,06:00,1,1,0
20/03/2013,06:15,5,2,3
20/03/2013,06:30,3,0,3
20/03/2013,06:45,2,1,1
20/03/2013,07:00,5,2,3
20/03/2013,07:15,4,3,1
20/03/2013,07:30,10,7,3
20/03/2013,07:45,13,8,5
20/03/2013,08:00,14,10,4
20/03/2013,08:15,11,4,7
20/03/2013,08:30,5,1,4
20/03/2013,08:45,8,3,5
20/03/2013,09:00,36,6,30
20/03/2013,09:15,29,0,29
20/03/2013,09:30,3,0,3
20/03/2013,09:45,10,5,5
20/03/2013,10:00,3,1,2
20/03/2013,10:15,0,0,0
20/03/2013,10:30,1,0,1
20/03/2013,10:45,8,0,8
20/03/2013,11:00,4,1,3
20/03/2013,11:15,2,1,1
20/03/2013,11:30,2,2,0
20/03/2013,11:45,6,6,0
20/03/2013,12:00,1,1,0
20/03/2013,12:15,4,4,0
20/03/2013,12:30,1,1,0
20/03/2013,12:45,1,0,1
20/03/2013,13:00,2,1,1
20/03/2013,13:15,5,4,1
20/03/2013,13:30,2,2,0
20/03/2013,13:45,4,2,2
20/03/2013,14:00,5,4,1
20/03/2013,14:15,4,1,3
20/03/2013,14:30,2,1,1
20/03/2013,14:45,6,4,2
20/03/2013,15:00,4,1,3
20/03/2013,15:15,11,8,3
20/03/2013,15:30,11,4,7
20/03/2013,15:45,9,3,6
20/03/2013,16:00,6,2,4
20/03/2013,16:15,13,4,9
20/03/2013,16:30,9,1,8
20/03/2013,16:45,17,5,12
20/03/2013,17:00,10,4,6
20/03/2013,17:15,11,4,7
20/03/2013,17:30,8,3,5
20/03/2013,17:45,8,2,6
20/03/2013,18:00,8,4,4
20/03/2013,18:15,18,13,5
20/03/2013,18:30,9,5,4
20/03/2013,18:45,11,3,8
20/03/2013,19:00,9,5,4
20/03/2013,19:15,5,0,5
20/03/2013,19:30,7,1,6
20/03/2013,19:45,3,0,3
20/03/2013,20:00,1,1,0
20/03/2013,20:15,0,0,0
20/03/2013,20:30,0,0,0
20/03/2013,20:45,0,0,0
20/03/2013,21:00,1,1,0
20/03/2013,21:15,0,0,0
20/03/2013,21:30,0,0,0
20/03/2013,21:45,0,0,0
20/03/2013,22:00,0,0,0
20/03/2013,22:15,1,1,0
20/03/2013,22:30,2,2,0
20/03/2013,22:45,1,1,0
20/03/2013,23:00,0,0,0
20/03/2013,23:15,0,0,0
20/03/2013,23:30,0,0,0
20/03/2013,23:45,2,2,0
21/03/2013,00:00,0,0,0
21/03/2013,00:15,1,1,0
21/03/2013,00:30,1,1,0
21/03/2013,00:45,0,0,0
21/03/2013,01:00,0,0,0
21/03/2013,01:15,0,0,0
21/03/2013,01:30,0,0,0
21/03/2013,01:45,0,0,0
21/03/2013,02:00,0,0,0
21/03/2013,02:15,0,0,0
21/03/2013,02:30,0,0,0
21/03/2013,02:45,0,0,0
21/03/2013,03:00,1,0,1
21/03/2013,03:15,0,0,0
21/03/2013,03:30,0,0,0
21/03/2013,03:45,0,0,0
21/03/2013,04:00,0,0,0
21/03/2013,04:15,0,0,0
21/03/2013,04:30,0,0,0
21/03/2013,04:45,0,0,0
21/03/2013,05:00,0,0,0
21/03/2013,05:15,0,0,0
21/03/2013,05:30,0,0,0
21/03/2013,05:45,1,1,0
21/03/2013,06:00,1,1,0
21/03/2013,06:15,6,4,2
21/03/2013,06:30,1,0,1
21/03/2013,06:45,8,6,2
21/03/2013,07:00,14,2,12
21/03/2013,07:15,4,2,2
21/03/2013,07:30,16,13,3
21/03/2013,07:45,16,13,3
21/03/2013,08:00,22,13,9
21/03/2013,08:15,14,6,8
21/03/2013,08:30,16,9,7
21/03/2013,08:45,20,7,13
21/03/2013,09:00,12,5,7
21/03/2013,09:15,10,3,7
21/03/2013,09:30,12,5,7
21/03/2013,09:45,14,2,12
21/03/2013,10:00,14,2,12
21/03/2013,10:15,9,0,9
21/03/2013,10:30,16,3,13
21/03/2013,10:45,20,7,13
21/03/2013,11:00,15,5,10
21/03/2013,11:15,23,9,14
21/03/2013,11:30,19,5,14
21/03/2013,11:45,22,2,20
21/03/2013,12:00,29,5,24
21/03/2013,12:15,40,9,31
21/03/2013,12:30,21,8,13
21/03/2013,12:45,15,7,8
21/03/2013,13:00,40,3,37
21/03/2013,13:15,25,8,17
21/03/2013,13:30,25,7,18
21/03/2013,13:45,15,5,10
21/03/2013,14:00,26,11,15
21/03/2013,14:15,19,10,9
21/03/2013,14:30,24,7,17
21/03/2013,14:45,15,5,10
21/03/2013,15:00,22,11,11
21/03/2013,15:15,15,6,9
21/03/2013,15:30,22,10,12
21/03/2013,15:45,38,27,11
21/03/2013,16:00,15,4,11
21/03/2013,16:15,10,6,4
21/03/2013,16:30,16,5,11
21/03/2013,16:45,15,9,6
21/03/2013,17:00,17,10,7
21/03/2013,17:15,15,12,3
21/03/2013,17:30,14,9,5
21/03/2013,17:45,10,7,3
21/03/2013,18:00,12,6,6
21/03/2013,18:15,24,21,3
21/03/2013,18:30,13,12,1
21/03/2013,18:45,4,2,2
21/03/2013,19:00,9,8,1
21/03/2013,19:15,5,1,4
21/03/2013,19:30,2,2,0
21/03/2013,19:45,2,1,1
21/03/2013,20:00,4,4,0
21/03/2013,20:15,1,1,0
21/03/2013,20:30,1,1,0
21/03/2013,20:45,3,3,0
21/03/2013,21:00,3,3,0
21/03/2013,21:15,0,0,0
21/03/2013,21:30,0,0,0
21/03/2013,21:45,0,0,0
21/03/2013,22:00,0,0,0
21/03/2013,22:15,0,0,0
21/03/2013,22:30,0,0,0
21/03/2013,22:45,0,0,0
21/03/2013,23:00,0,0,0
21/03/2013,23:15,0,0,0
21/03/2013,23:30,0,0,0
21/03/2013,23:45,0,0,0
22/03/2013,00:00,0,0,0
22/03/2013,00:15,0,0,0
22/03/2013,00:30,0,0,0
22/03/2013,00:45,0,0,0
22/03/2013,01:00,0,0,0
22/03/2013,01:15,0,0,0
22/03/2013,01:30,0,0,0
22/03/2013,01:45,0,0,0
22/03/2013,02:00,0,0,0
22/03/2013,02:15,0,0,0
22/03/2013,02:30,0,0,0
22/03/2013,02:45,0,0,0
22/03/2013,03:00,0,0,0
22/03/2013,03:15,0,0,0
22/03/2013,03:30,0,0,0
22/03/2013,03:45,0,0,0
22/03/2013,04:00,0,0,0
22/03/2013,04:15,0,0,0
22/03/2013,04:30,0,0,0
22/03/2013,04:45,0,0,0
22/03/2013,05:00,0,0,0
22/03/2013,05:15,0,0,0
22/03/2013,05:30,2,2,0
22/03/2013,05:45,1,1,0
22/03/2013,06:00,0,0,0
22/03/2013,06:15,3,2,1
22/03/2013,06:30,1,1,0
22/03/2013,06:45,6,5,1
22/03/2013,07:00,4,4,0
22/03/2013,07:15,5,5,0
22/03/2013,07:30,22,16,6
22/03/2013,07:45,9,7,2
22/03/2013,08:00,18,14,4
22/03/2013,08:15,13,6,7
22/03/2013,08:30,14,7,7
22/03/2013,08:45,15,6,9
22/03/2013,09:00,5,3,2
22/03/2013,09:15,14,3,11
22/03/2013,09:30,12,5,7
22/03/2013,09:45,15,4,11
22/03/2013,10:00,15,9,6
22/03/2013,10:15,12,3,9
22/03/2013,10:30,16,7,9
22/03/2013,10:45,9,4,5
22/03/2013,11:00,7,3,4
22/03/2013,11:15,13,3,10
22/03/2013,11:30,69,4,65
22/03/2013,11:45,23,11,12
22/03/2013,12:00,18,11,7
22/03/2013,12:15,11,5,6
22/03/2013,12:30,14,1,13
22/03/2013,12:45,11,3,8
22/03/2013,13:00,13,6,7
22/03/2013,13:15,66,6,60
22/03/2013,13:30,38,9,29
22/03/2013,13:45,19,4,15
22/03/2013,14:00,19,9,10
22/03/2013,14:15,14,8,6
22/03/2013,14:30,24,7,17
22/03/2013,14:45,38,6,32
22/03/2013,15:00,15,3,12
22/03/2013,15:15,14,6,8
22/03/2013,15:30,33,16,17
22/03/2013,15:45,20,12,8
22/03/2013,16:00,15,5,10
22/03/2013,16:15,25,17,8
22/03/2013,16:30,23,13,10
22/03/2013,16:45,12,8,4
22/03/2013,17:00,10,6,4
22/03/2013,17:15,14,12,2
22/03/2013,17:30,12,7,5
22/03/2013,17:45,13,12,1
22/03/2013,18:00,14,6,8
22/03/2013,18:15,11,8,3
22/03/2013,18:30,17,12,5
22/03/2013,18:45,14,8,6
22/03/2013,19:00,4,3,1
22/03/2013,19:15,3,2,1
22/03/2013,19:30,1,1,0
22/03/2013,19:45,1,1,0
22/03/2013,20:00,1,1,0
22/03/2013,20:15,0,0,0
22/03/2013,20:30,1,1,0
22/03/2013,20:45,1,1,0
22/03/2013,21:00,0,0,0
22/03/2013,21:15,0,0,0
22/03/2013,21:30,0,0,0
22/03/2013,21:45,4,4,0
22/03/2013,22:00,1,1,0
22/03/2013,22:15,1,1,0
22/03/2013,22:30,0,0,0
22/03/2013,22:45,1,1,0
22/03/2013,23:00,0,0,0
22/03/2013,23:15,0,0,0
22/03/2013,23:30,0,0,0
22/03/2013,23:45,0,0,0
23/03/2013,00:00,0,0,0
23/03/2013,00:15,0,0,0
23/03/2013,00:30,0,0,0
23/03/2013,00:45,0,0,0
23/03/2013,01:00,0,0,0
23/03/2013,01:15,0,0,0
23/03/2013,01:30,0,0,0
23/03/2013,01:45,0,0,0
23/03/2013,02:00,0,0,0
23/03/2013,02:15,0,0,0
23/03/2013,02:30,0,0,0
23/03/2013,02:45,0,0,0
23/03/2013,03:00,0,0,0
23/03/2013,03:15,0,0,0
23/03/2013,03:30,1,1,0
23/03/2013,03:45,0,0,0
23/03/2013,04:00,0,0,0
23/03/2013,04:15,0,0,0
23/03/2013,04:30,0,0,0
23/03/2013,04:45,0,0,0
23/03/2013,05:00,0,0,0
23/03/2013,05:15,0,0,0
23/03/2013,05:30,0,0,0
23/03/2013,05:45,0,0,0
23/03/2013,06:00,0,0,0
23/03/2013,06:15,0,0,0
23/03/2013,06:30,1,1,0
23/03/2013,06:45,2,1,1
23/03/2013,07:00,6,1,5
23/03/2013,07:15,1,0,1
23/03/2013,07:30,7,4,3
23/03/2013,07:45,4,0,4
23/03/2013,08:00,6,2,4
23/03/2013,08:15,6,0,6
23/03/2013,08:30,8,2,6
23/03/2013,08:45,12,4,8
23/03/2013,09:00,30,7,23
23/03/2013,09:15,15,4,11
23/03/2013,09:30,22,2,20
23/03/2013,09:45,19,4,15
23/03/2013,10:00,33,18,15
23/03/2013,10:15,33,5,28
23/03/2013,10:30,29,5,24
23/03/2013,10:45,20,6,14
23/03/2013,11:00,37,11,26
23/03/2013,11:15,27,16,11
23/03/2013,11:30,28,8,20
23/03/2013,11:45,31,10,21
23/03/2013,12:00,32,8,24
23/03/2013,12:15,20,11,9
23/03/2013,12:30,23,13,10
23/03/2013,12:45,25,7,18
23/03/2013,13:00,39,15,24
23/03/2013,13:15,24,6,18
23/03/2013,13:30,46,17,29
23/03/2013,13:45,32,7,25
23/03/2013,14:00,28,14,14
23/03/2013,14:15,22,7,15
23/03/2013,14:30,20,10,10
23/03/2013,14:45,21,9,12
23/03/2013,15:00,16,4,12
23/03/2013,15:15,27,15,12
23/03/2013,15:30,30,15,15
23/03/2013,15:45,20,7,13
23/03/2013,16:00,24,15,9
23/03/2013,16:15,17,9,8
23/03/2013,16:30,21,18,3
23/03/2013,16:45,22,9,13
23/03/2013,17:00,18,7,11
23/03/2013,17:15,17,5,12
23/03/2013,17:30,19,3,16
23/03/2013,17:45,26,10,16
23/03/2013,18:00,9,4,5
23/03/2013,18:15,16,7,9
23/03/2013,18:30,11,1,10
23/03/2013,18:45,4,1,3
23/03/2013,19:00,8,4,4
23/03/2013,19:15,13,2,11
23/03/2013,19:30,1,1,0
23/03/2013,19:45,1,1,0
23/03/2013,20:00,0,0,0
23/03/2013,20:15,1,1,0
23/03/2013,20:30,0,0,0
23/03/2013,20:45,1,1,0
23/03/2013,21:00,3,0,3
23/03/2013,21:15,1,1,0
23/03/2013,21:30,0,0,0
23/03/2013,21:45,0,0,0
23/03/2013,22:00,0,0,0
23/03/2013,22:15,0,0,0
23/03/2013,22:30,0,0,0
23/03/2013,22:45,0,0,0
23/03/2013,23:00,3,3,0
23/03/2013,23:15,0,0,0
23/03/2013,23:30,0,0,0
23/03/2013,23:45,0,0,0
24/03/2013,00:00,0,0,0
24/03/2013,00:15,0,0,0
24/03/2013,00:30,0,0,0
24/03/2013,00:45,0,0,0
24/03/2013,01:00,0,0,0
24/03/2013,01:15,0,0,0
24/03/2013,01:30,0,0,0
24/03/2013,01:45,0,0,0
24/03/2013,02:00,0,0,0
24/03/2013,02:15,0,0,0
24/03/2013,02:30,1,1,0
24/03/2013,02:45,0,0,0
24/03/2013,03:00,0,0,0
24/03/2013,03:15,0,0,0
24/03/2013,03:30,0,0,0
24/03/2013,03:45,0,0,0
24/03/2013,04:00,0,0,0
24/03/2013,04:15,1,1,0
24/03/2013,04:30,0,0,0
24/03/2013,04:45,0,0,0
24/03/2013,05:00,0,0,0
24/03/2013,05:15,0,0,0
24/03/2013,05:30,0,0,0
24/03/2013,05:45,0,0,0
24/03/2013,06:00,1,0,1
24/03/2013,06:15,0,0,0
24/03/2013,06:30,2,0,2
24/03/2013,06:45,2,0,2
24/03/2013,07:00,3,2,1
24/03/2013,07:15,2,1,1
24/03/2013,07:30,4,0,4
24/03/2013,07:45,0,0,0
24/03/2013,08:00,7,0,7
24/03/2013,08:15,15,8,7
24/03/2013,08:30,8,2,6
24/03/2013,08:45,10,6,4
24/03/2013,09:00,12,1,11
24/03/2013,09:15,19,5,14
24/03/2013,09:30,24,8,16
24/03/2013,09:45,30,11,19
24/03/2013,10:00,26,8,18
24/03/2013,10:15,37,17,20
24/03/2013,10:30,30,7,23
24/03/2013,10:45,34,16,18
24/03/2013,11:00,34,9,25
24/03/2013,11:15,39,12,27
24/03/2013,11:30,32,14,18
24/03/2013,11:45,39,10,29
24/03/2013,12:00,44,13,31
24/03/2013,12:15,25,6,19
24/03/2013,12:30,29,23,6
24/03/2013,12:45,32,8,24
24/03/2013,13:00,50,19,31
24/03/2013,13:15,46,26,20
24/03/2013,13:30,20,9,11
24/03/2013,13:45,28,12,16
24/03/2013,14:00,23,10,13
24/03/2013,14:15,24,15,9
24/03/2013,14:30,31,20,11
24/03/2013,14:45,28,20,8
24/03/2013,15:00,27,16,11
24/03/2013,15:15,31,24,7
24/03/2013,15:30,18,8,10
24/03/2013,15:45,33,13,20
24/03/2013,16:00,16,10,6
24/03/2013,16:15,29,19,10
24/03/2013,16:30,27,19,8
24/03/2013,16:45,32,13,19
24/03/2013,17:00,32,16,16
24/03/2013,17:15,28,17,11
24/03/2013,17:30,20,11,9
24/03/2013,17:45,22,18,4
24/03/2013,18:00,11,6,5
24/03/2013,18:15,8,5,3
24/03/2013,18:30,11,10,1
24/03/2013,18:45,4,1,3
24/03/2013,19:00,10,7,3
24/03/2013,19:15,8,8,0
24/03/2013,19:30,1,1,0
24/03/2013,19:45,2,1,1
24/03/2013,20:00,0,0,0
24/03/2013,20:15,1,1,0
24/03/2013,20:30,0,0,0
24/03/2013,20:45,0,0,0
24/03/2013,21:00,0,0,0
24/03/2013,21:15,0,0,0
24/03/2013,21:30,0,0,0
24/03/2013,21:45,1,1,0
24/03/2013,22:00,0,0,0
24/03/2013,22:15,0,0,0
24/03/2013,22:30,0,0,0
24/03/2013,22:45,1,1,0
24/03/2013,23:00,2,2,0
24/03/2013,23:15,0,0,0
24/03/2013,23:30,0,0,0
24/03/2013,23:45,0,0,0
25/03/2013,00:00,0,0,0
25/03/2013,00:15,0,0,0
25/03/2013,00:30,1,1,0
25/03/2013,00:45,0,0,0
25/03/2013,01:00,0,0,0
25/03/2013,01:15,0,0,0
25/03/2013,01:30,0,0,0
25/03/2013,01:45,0,0,0
25/03/2013,02:00,0,0,0
25/03/2013,02:15,0,0,0
25/03/2013,02:30,0,0,0
25/03/2013,02:45,0,0,0
25/03/2013,03:00,0,0,0
25/03/2013,03:15,0,0,0
25/03/2013,03:30,0,0,0
25/03/2013,03:45,0,0,0
25/03/2013,04:00,0,0,0
25/03/2013,04:15,0,0,0
25/03/2013,04:30,0,0,0
25/03/2013,04:45,0,0,0
25/03/2013,05:00,0,0,0
25/03/2013,05:15,0,0,0
25/03/2013,05:30,0,0,0
25/03/2013,05:45,0,0,0
25/03/2013,06:00,2,2,0
25/03/2013,06:15,7,3,4
25/03/2013,06:30,1,0,1
25/03/2013,06:45,6,4,2
25/03/2013,07:00,4,3,1
25/03/2013,07:15,11,7,4
25/03/2013,07:30,17,13,4
25/03/2013,07:45,14,10,4
25/03/2013,08:00,19,16,3
25/03/2013,08:15,20,10,10
25/03/2013,08:30,5,1,4
25/03/2013,08:45,16,7,9
25/03/2013,09:00,9,4,5
25/03/2013,09:15,9,2,7
25/03/2013,09:30,12,6,6
25/03/2013,09:45,20,6,14
25/03/2013,10:00,11,3,8
25/03/2013,10:15,14,6,8
25/03/2013,10:30,14,6,8
25/03/2013,10:45,15,4,11
25/03/2013,11:00,17,8,9
25/03/2013,11:15,19,8,11
25/03/2013,11:30,5,2,3
25/03/2013,11:45,12,4,8
25/03/2013,12:00,10,5,5
25/03/2013,12:15,9,2,7
25/03/2013,12:30,19,5,14
25/03/2013,12:45,14,3,11
25/03/2013,13:00,7,1,6
25/03/2013,13:15,6,3,3
25/03/2013,13:30,19,3,16
25/03/2013,13:45,17,5,12
25/03/2013,14:00,11,3,8
25/03/2013,14:15,11,3,8
25/03/2013,14:30,13,5,8
25/03/2013,14:45,14,7,7
25/03/2013,15:00,13,8,5
25/03/2013,15:15,7,2,5
25/03/2013,15:30,21,16,5
25/03/2013,15:45,28,21,7
25/03/2013,16:00,11,2,9
25/03/2013,16:15,18,11,7
25/03/2013,16:30,14,6,8
25/03/2013,16:45,9,4,5
25/03/2013,17:00,17,14,3
25/03/2013,17:15,9,5,4
25/03/2013,17:30,6,3,3
25/03/2013,17:45,23,19,4
25/03/2013,18:00,12,8,4
25/03/2013,18:15,14,7,7
25/03/2013,18:30,21,13,8
25/03/2013,18:45,14,9,5
25/03/2013,19:00,8,4,4
25/03/2013,19:15,7,4,3
25/03/2013,19:30,9,1,8
25/03/2013,19:45,3,2,1
25/03/2013,20:00,2,1,1
25/03/2013,20:15,2,2,0
25/03/2013,20:30,1,1,0
25/03/2013,20:45,0,0,0
25/03/2013,21:00,0,0,0
25/03/2013,21:15,1,1,0
25/03/2013,21:30,0,0,0
25/03/2013,21:45,0,0,0
25/03/2013,22:00,2,2,0
25/03/2013,22:15,0,0,0
25/03/2013,22:30,0,0,0
25/03/2013,22:45,1,0,1
25/03/2013,23:00,0,0,0
25/03/2013,23:15,0,0,0
25/03/2013,23:30,0,0,0
25/03/2013,23:45,0,0,0
26/03/2013,00:00,1,1,0
26/03/2013,00:15,0,0,0
26/03/2013,00:30,0,0,0
26/03/2013,00:45,0,0,0
26/03/2013,01:00,0,0,0
26/03/2013,01:15,0,0,0
26/03/2013,01:30,0,0,0
26/03/2013,01:45,0,0,0
26/03/2013,02:00,0,0,0
26/03/2013,02:15,0,0,0
26/03/2013,02:30,0,0,0
26/03/2013,02:45,0,0,0
26/03/2013,03:00,0,0,0
26/03/2013,03:15,0,0,0
26/03/2013,03:30,0,0,0
26/03/2013,03:45,0,0,0
26/03/2013,04:00,0,0,0
26/03/2013,04:15,0,0,0
26/03/2013,04:30,0,0,0
26/03/2013,04:45,0,0,0
26/03/2013,05:00,0,0,0
26/03/2013,05:15,2,1,1
26/03/2013,05:30,2,2,0
26/03/2013,05:45,2,1,1
26/03/2013,06:00,1,1,0
26/03/2013,06:15,4,2,2
26/03/2013,06:30,7,2,5
26/03/2013,06:45,3,3,0
26/03/2013,07:00,10,2,8
26/03/2013,07:15,8,4,4
26/03/2013,07:30,17,13,4
26/03/2013,07:45,14,12,2
26/03/2013,08:00,28,20,8
26/03/2013,08:15,15,4,11
26/03/2013,08:30,14,4,10
26/03/2013,08:45,15,6,9
26/03/2013,09:00,14,4,10
26/03/2013,09:15,22,8,14
26/03/2013,09:30,6,3,3
26/03/2013,09:45,13,8,5
26/03/2013,10:00,19,6,13
26/03/2013,10:15,21,3,18
26/03/2013,10:30,20,6,14
26/03/2013,10:45,22,8,14
26/03/2013,11:00,10,1,9
26/03/2013,11:15,16,2,14
26/03/2013,11:30,23,1,22
26/03/2013,11:45,21,5,16
26/03/2013,12:00,15,0,15
26/03/2013,12:15,13,3,10
26/03/2013,12:30,38,2,36
26/03/2013,12:45,26,3,23
26/03/2013,13:00,31,4,27
26/03/2013,13:15,39,5,34
26/03/2013,13:30,28,3,25
26/03/2013,13:45,35,10,25
26/03/2013,14:00,30,10,20
26/03/2013,14:15,27,4,23
26/03/2013,14:30,22,7,15
26/03/2013,14:45,20,9,11
26/03/2013,15:00,15,7,8
26/03/2013,15:15,29,24,5
26/03/2013,15:30,20,12,8
26/03/2013,15:45,11,10,1
26/03/2013,16:00,21,13,8
26/03/2013,16:15,23,16,7
26/03/2013,16:30,15,6,9
26/03/2013,16:45,21,12,9
26/03/2013,17:00,12,7,5
26/03/2013,17:15,31,25,6
26/03/2013,17:30,15,14,1
26/03/2013,17:45,11,7,4
26/03/2013,18:00,13,9,4
26/03/2013,18:15,7,5,2
26/03/2013,18:30,18,13,5
26/03/2013,18:45,7,3,4
26/03/2013,19:00,8,7,1
26/03/2013,19:15,3,2,1
26/03/2013,19:30,3,3,0
26/03/2013,19:45,4,3,1
26/03/2013,20:00,3,3,0
26/03/2013,20:15,2,0,2
26/03/2013,20:30,2,1,1
26/03/2013,20:45,1,1,0
26/03/2013,21:00,0,0,0
26/03/2013,21:15,1,1,0
26/03/2013,21:30,1,1,0
26/03/2013,21:45,1,0,1
26/03/2013,22:00,0,0,0
26/03/2013,22:15,0,0,0
26/03/2013,22:30,1,0,1
26/03/2013,22:45,1,1,0
26/03/2013,23:00,0,0,0
26/03/2013,23:15,0,0,0
26/03/2013,23:30,0,0,0
26/03/2013,23:45,1,1,0
27/03/2013,00:00,0,0,0
27/03/2013,00:15,0,0,0
27/03/2013,00:30,0,0,0
27/03/2013,00:45,1,1,0
27/03/2013,01:00,0,0,0
27/03/2013,01:15,0,0,0
27/03/2013,01:30,0,0,0
27/03/2013,01:45,0,0,0
27/03/2013,02:00,0,0,0
27/03/2013,02:15,0,0,0
27/03/2013,02:30,0,0,0
27/03/2013,02:45,0,0,0
27/03/2013,03:00,0,0,0
27/03/2013,03:15,0,0,0
27/03/2013,03:30,0,0,0
27/03/2013,03:45,0,0,0
27/03/2013,04:00,0,0,0
27/03/2013,04:15,0,0,0
27/03/2013,04:30,0,0,0
27/03/2013,04:45,0,0,0
27/03/2013,05:00,1,1,0
27/03/2013,05:15,0,0,0
27/03/2013,05:30,0,0,0
27/03/2013,05:45,1,1,0
27/03/2013,06:00,2,1,1
27/03/2013,06:15,3,1,2
27/03/2013,06:30,5,1,4
27/03/2013,06:45,2,1,1
27/03/2013,07:00,3,1,2
27/03/2013,07:15,7,3,4
27/03/2013,07:30,10,7,3
27/03/2013,07:45,18,15,3
27/03/2013,08:00,23,18,5
27/03/2013,08:15,14,6,8
27/03/2013,08:30,13,5,8
27/03/2013,08:45,14,5,9
27/03/2013,09:00,6,4,2
27/03/2013,09:15,10,2,8
27/03/2013,09:30,11,3,8
27/03/2013,09:45,8,2,6
27/03/2013,10:00,12,3,9
27/03/2013,10:15,5,1,4
27/03/2013,10:30,12,5,7
27/03/2013,10:45,8,3,5
27/03/2013,11:00,10,3,7
27/03/2013,11:15,9,4,5
27/03/2013,11:30,5,1,4
27/03/2013,11:45,10,3,7
27/03/2013,12:00,3,2,1
27/03/2013,12:15,6,4,2
27/03/2013,12:30,4,1,3
27/03/2013,12:45,6,2,4
27/03/2013,13:00,8,3,5
27/03/2013,13:15,14,9,5
27/03/2013,13:30,9,5,4
27/03/2013,13:45,6,2,4
27/03/2013,14:00,10,6,4
27/03/2013,14:15,8,4,4
27/03/2013,14:30,6,3,3
27/03/2013,14:45,8,4,4
27/03/2013,15:00,12,3,9
27/03/2013,15:15,21,8,13
27/03/2013,15:30,8,4,4
27/03/2013,15:45,9,4,5
27/03/2013,16:00,13,3,10
27/03/2013,16:15,20,9,11
27/03/2013,16:30,21,9,12
27/03/2013,16:45,12,8,4
27/03/2013,17:00,25,14,11
27/03/2013,17:15,19,7,12
27/03/2013,17:30,14,2,12
27/03/2013,17:45,19,9,10
27/03/2013,18:00,7,0,7
27/03/2013,18:15,14,10,4
27/03/2013,18:30,17,12,5
27/03/2013,18:45,10,5,5
27/03/2013,19:00,14,10,4
27/03/2013,19:15,6,4,2
27/03/2013,19:30,6,5,1
27/03/2013,19:45,3,1,2
27/03/2013,20:00,1,0,1
27/03/2013,20:15,3,0,3
27/03/2013,20:30,1,1,0
27/03/2013,20:45,0,0,0
27/03/2013,21:00,4,3,1
27/03/2013,21:15,1,1,0
27/03/2013,21:30,0,0,0
27/03/2013,21:45,1,0,1
27/03/2013,22:00,0,0,0
27/03/2013,22:15,1,1,0
27/03/2013,22:30,0,0,0
27/03/2013,22:45,0,0,0
27/03/2013,23:00,1,0,1
27/03/2013,23:15,0,0,0
27/03/2013,23:30,0,0,0
27/03/2013,23:45,0,0,0
28/03/2013,00:00,0,0,0
28/03/2013,00:15,1,1,0
28/03/2013,00:30,0,0,0
28/03/2013,00:45,0,0,0
28/03/2013,01:00,0,0,0
28/03/2013,01:15,0,0,0
28/03/2013,01:30,0,0,0
28/03/2013,01:45,0,0,0
28/03/2013,02:00,0,0,0
28/03/2013,02:15,0,0,0
28/03/2013,02:30,0,0,0
28/03/2013,02:45,0,0,0
28/03/2013,03:00,0,0,0
28/03/2013,03:15,0,0,0
28/03/2013,03:30,0,0,0
28/03/2013,03:45,0,0,0
28/03/2013,04:00,0,0,0
28/03/2013,04:15,0,0,0
28/03/2013,04:30,0,0,0
28/03/2013,04:45,0,0,0
28/03/2013,05:00,1,1,0
28/03/2013,05:15,1,0,1
28/03/2013,05:30,0,0,0
28/03/2013,05:45,1,0,1
28/03/2013,06:00,2,2,0
28/03/2013,06:15,4,3,1
28/03/2013,06:30,6,0,6
28/03/2013,06:45,5,4,1
28/03/2013,07:00,12,2,10
28/03/2013,07:15,7,4,3
28/03/2013,07:30,10,6,4
28/03/2013,07:45,19,17,2
28/03/2013,08:00,17,11,6
28/03/2013,08:15,13,8,5
28/03/2013,08:30,14,5,9
28/03/2013,08:45,15,7,8
28/03/2013,09:00,12,7,5
28/03/2013,09:15,4,2,2
28/03/2013,09:30,6,2,4
28/03/2013,09:45,8,0,8
28/03/2013,10:00,5,0,5
28/03/2013,10:15,8,3,5
28/03/2013,10:30,10,2,8
28/03/2013,10:45,5,1,4
28/03/2013,11:00,11,5,6
28/03/2013,11:15,7,5,2
28/03/2013,11:30,9,2,7
28/03/2013,11:45,6,2,4
28/03/2013,12:00,13,10,3
28/03/2013,12:15,12,3,9
28/03/2013,12:30,18,5,13
28/03/2013,12:45,7,3,4
28/03/2013,13:00,11,7,4
28/03/2013,13:15,7,0,7
28/03/2013,13:30,17,4,13
28/03/2013,13:45,16,5,11
28/03/2013,14:00,4,2,2
28/03/2013,14:15,3,0,3
28/03/2013,14:30,13,8,5
28/03/2013,14:45,13,8,5
28/03/2013,15:00,18,7,11
28/03/2013,15:15,5,2,3
28/03/2013,15:30,13,8,5
28/03/2013,15:45,26,20,6
28/03/2013,16:00,20,14,6
28/03/2013,16:15,18,7,11
28/03/2013,16:30,16,12,4
28/03/2013,16:45,14,6,8
28/03/2013,17:00,20,14,6
28/03/2013,17:15,13,5,8
28/03/2013,17:30,12,7,5
28/03/2013,17:45,19,12,7
28/03/2013,18:00,11,7,4
28/03/2013,18:15,17,10,7
28/03/2013,18:30,16,10,6
28/03/2013,18:45,17,14,3
28/03/2013,19:00,13,3,10
28/03/2013,19:15,7,3,4
28/03/2013,19:30,4,3,1
28/03/2013,19:45,3,3,0
28/03/2013,20:00,4,3,1
28/03/2013,20:15,2,2,0
28/03/2013,20:30,1,1,0
28/03/2013,20:45,2,2,0
28/03/2013,21:00,1,0,1
28/03/2013,21:15,0,0,0
28/03/2013,21:30,0,0,0
28/03/2013,21:45,1,1,0
28/03/2013,22:00,1,1,0
28/03/2013,22:15,1,1,0
28/03/2013,22:30,0,0,0
28/03/2013,22:45,0,0,0
28/03/2013,23:00,0,0,0
28/03/2013,23:15,0,0,0
28/03/2013,23:30,2,1,1
28/03/2013,23:45,0,0,0
29/03/2013,00:00,0,0,0
29/03/2013,00:15,0,0,0
29/03/2013,00:30,0,0,0
29/03/2013,00:45,0,0,0
29/03/2013,01:00,0,0,0
29/03/2013,01:15,0,0,0
29/03/2013,01:30,0,0,0
29/03/2013,01:45,0,0,0
29/03/2013,02:00,0,0,0
29/03/2013,02:15,0,0,0
29/03/2013,02:30,0,0,0
29/03/2013,02:45,0,0,0
29/03/2013,03:00,0,0,0
29/03/2013,03:15,0,0,0
29/03/2013,03:30,0,0,0
29/03/2013,03:45,0,0,0
29/03/2013,04:00,0,0,0
29/03/2013,04:15,0,0,0
29/03/2013,04:30,0,0,0
29/03/2013,04:45,0,0,0
29/03/2013,05:00,0,0,0
29/03/2013,05:15,0,0,0
29/03/2013,05:30,0,0,0
29/03/2013,05:45,0,0,0
29/03/2013,06:00,2,0,2
29/03/2013,06:15,6,4,2
29/03/2013,06:30,6,1,5
29/03/2013,06:45,2,1,1
29/03/2013,07:00,5,2,3
29/03/2013,07:15,5,2,3
29/03/2013,07:30,8,7,1
29/03/2013,07:45,15,6,9
29/03/2013,08:00,26,14,12
29/03/2013,08:15,14,5,9
29/03/2013,08:30,7,2,5
29/03/2013,08:45,30,12,18
29/03/2013,09:00,14,7,7
29/03/2013,09:15,14,5,9
29/03/2013,09:30,16,7,9
29/03/2013,09:45,18,7,11
29/03/2013,10:00,19,11,8
29/03/2013,10:15,13,8,5
29/03/2013,10:30,18,9,9
29/03/2013,10:45,18,7,11
29/03/2013,11:00,25,13,12
29/03/2013,11:15,12,5,7
29/03/2013,11:30,21,9,12
29/03/2013,11:45,16,9,7
29/03/2013,12:00,17,9,8
29/03/2013,12:15,15,7,8
29/03/2013,12:30,15,5,10
29/03/2013,12:45,20,6,14
29/03/2013,13:00,27,16,11
29/03/2013,13:15,18,4,14
29/03/2013,13:30,19,11,8
29/03/2013,13:45,13,3,10
29/03/2013,14:00,11,5,6
29/03/2013,14:15,21,13,8
29/03/2013,14:30,12,6,6
29/03/2013,14:45,11,2,9
29/03/2013,15:00,10,6,4
29/03/2013,15:15,19,9,10
29/03/2013,15:30,15,9,6
29/03/2013,15:45,16,13,3
29/03/2013,16:00,48,12,36
29/03/2013,16:15,81,12,69
29/03/2013,16:30,57,10,47
29/03/2013,16:45,46,11,35
29/03/2013,17:00,29,12,17
29/03/2013,17:15,42,21,21
29/03/2013,17:30,22,14,8
29/03/2013,17:45,23,15,8
29/03/2013,18:00,21,9,12
29/03/2013,18:15,9,2,7
29/03/2013,18:30,10,6,4
29/03/2013,18:45,11,6,5
29/03/2013,19:00,9,8,1
29/03/2013,19:15,6,4,2
29/03/2013,19:30,7,5,2
29/03/2013,19:45,1,0,1
29/03/2013,20:00,6,5,1
29/03/2013,20:15,2,2,0
29/03/2013,20:30,2,1,1
29/03/2013,20:45,0,0,0
29/03/2013,21:00,1,0,1
29/03/2013,21:15,1,1,0
29/03/2013,21:30,0,0,0
29/03/2013,21:45,0,0,0
29/03/2013,22:00,1,1,0
29/03/2013,22:15,1,1,0
29/03/2013,22:30,0,0,0
29/03/2013,22:45,0,0,0
29/03/2013,23:00,0,0,0
29/03/2013,23:15,0,0,0
29/03/2013,23:30,0,0,0
29/03/2013,23:45,0,0,0
30/03/2013,00:00,0,0,0
30/03/2013,00:15,0,0,0
30/03/2013,00:30,0,0,0
30/03/2013,00:45,0,0,0
30/03/2013,01:00,0,0,0
30/03/2013,01:15,0,0,0
30/03/2013,01:30,0,0,0
30/03/2013,01:45,0,0,0
30/03/2013,02:00,0,0,0
30/03/2013,02:15,0,0,0
30/03/2013,02:30,0,0,0
30/03/2013,02:45,0,0,0
30/03/2013,03:00,0,0,0
30/03/2013,03:15,0,0,0
30/03/2013,03:30,0,0,0
30/03/2013,03:45,0,0,0
30/03/2013,04:00,0,0,0
30/03/2013,04:15,0,0,0
30/03/2013,04:30,0,0,0
30/03/2013,04:45,0,0,0
30/03/2013,05:00,0,0,0
30/03/2013,05:15,0,0,0
30/03/2013,05:30,0,0,0
30/03/2013,05:45,0,0,0
30/03/2013,06:00,0,0,0
30/03/2013,06:15,0,0,0
30/03/2013,06:30,5,5,0
30/03/2013,06:45,3,2,1
30/03/2013,07:00,4,1,3
30/03/2013,07:15,4,0,4
30/03/2013,07:30,4,0,4
30/03/2013,07:45,7,1,6
30/03/2013,08:00,8,3,5
30/03/2013,08:15,9,5,4
30/03/2013,08:30,12,4,8
30/03/2013,08:45,16,2,14
30/03/2013,09:00,16,4,12
30/03/2013,09:15,16,5,11
30/03/2013,09:30,14,4,10
30/03/2013,09:45,19,13,6
30/03/2013,10:00,15,5,10
30/03/2013,10:15,14,5,9
30/03/2013,10:30,19,4,15
30/03/2013,10:45,26,10,16
30/03/2013,11:00,17,7,10
30/03/2013,11:15,25,8,17
30/03/2013,11:30,16,8,8
30/03/2013,11:45,18,9,9
30/03/2013,12:00,14,7,7
30/03/2013,12:15,12,4,8
30/03/2013,12:30,15,7,8
30/03/2013,12:45,15,7,8
30/03/2013,13:00,13,8,5
30/03/2013,13:15,16,8,8
30/03/2013,13:30,5,3,2
30/03/2013,13:45,18,12,6
30/03/2013,14:00,19,8,11
30/03/2013,14:15,19,10,9
30/03/2013,14:30,24,14,10
30/03/2013,14:45,16,9,7
30/03/2013,15:00,13,8,5
30/03/2013,15:15,30,18,12
30/03/2013,15:30,25,13,12
30/03/2013,15:45,55,16,39
30/03/2013,16:00,34,11,23
30/03/2013,16:15,27,13,14
30/03/2013,16:30,22,11,11
30/03/2013,16:45,21,14,7
30/03/2013,17:00,17,10,7
30/03/2013,17:15,22,10,12
30/03/2013,17:30,10,2,8
30/03/2013,17:45,11,3,8
30/03/2013,18:00,7,4,3
30/03/2013,18:15,4,0,4
30/03/2013,18:30,5,0,5
30/03/2013,18:45,3,2,1
30/03/2013,19:00,4,0,4
30/03/2013,19:15,1,0,1
30/03/2013,19:30,0,0,0
30/03/2013,19:45,1,1,0
30/03/2013,20:00,0,0,0
30/03/2013,20:15,0,0,0
30/03/2013,20:30,0,0,0
30/03/2013,20:45,0,0,0
30/03/2013,21:00,0,0,0
30/03/2013,21:15,0,0,0
30/03/2013,21:30,0,0,0
30/03/2013,21:45,0,0,0
30/03/2013,22:00,0,0,0
30/03/2013,22:15,0,0,0
30/03/2013,22:30,0,0,0
30/03/2013,22:45,0,0,0
30/03/2013,23:00,1,0,1
30/03/2013,23:15,0,0,0
30/03/2013,23:30,0,0,0
30/03/2013,23:45,0,0,0
31/03/2013,00:00,0,0,0
31/03/2013,00:15,0,0,0
31/03/2013,00:30,0,0,0
31/03/2013,00:45,0,0,0
31/03/2013,01:00,0,0,0
31/03/2013,01:15,0,0,0
31/03/2013,01:30,0,0,0
31/03/2013,01:45,0,0,0
31/03/2013,02:00,0,0,0
31/03/2013,02:15,0,0,0
31/03/2013,02:30,0,0,0
31/03/2013,02:45,0,0,0
31/03/2013,03:00,0,0,0
31/03/2013,03:15,0,0,0
31/03/2013,03:30,0,0,0
31/03/2013,03:45,0,0,0
31/03/2013,04:00,0,0,0
31/03/2013,04:15,0,0,0
31/03/2013,04:30,0,0,0
31/03/2013,04:45,0,0,0
31/03/2013,05:00,0,0,0
31/03/2013,05:15,0,0,0
31/03/2013,05:30,0,0,0
31/03/2013,05:45,0,0,0
31/03/2013,06:00,0,0,0
31/03/2013,06:15,0,0,0
31/03/2013,06:30,0,0,0
31/03/2013,06:45,0,0,0
31/03/2013,07:00,2,1,1
31/03/2013,07:15,4,0,4
31/03/2013,07:30,5,2,3
31/03/2013,07:45,1,1,0
31/03/2013,08:00,3,1,2
31/03/2013,08:15,7,0,7
31/03/2013,08:30,6,2,4
31/03/2013,08:45,6,1,5
31/03/2013,09:00,4,2,2
31/03/2013,09:15,14,5,9
31/03/2013,09:30,2,2,0
31/03/2013,09:45,14,4,10
31/03/2013,10:00,11,5,6
31/03/2013,10:15,10,2,8
31/03/2013,10:30,19,8,11
31/03/2013,10:45,41,15,26
31/03/2013,11:00,26,9,17
31/03/2013,11:15,11,6,5
31/03/2013,11:30,17,4,13
31/03/2013,11:45,23,5,18
31/03/2013,12:00,11,8,3
31/03/2013,12:15,11,6,5
31/03/2013,12:30,2,1,1
31/03/2013,12:45,4,0,4
31/03/2013,13:00,8,3,5
31/03/2013,13:15,8,2,6
31/03/2013,13:30,27,10,17
31/03/2013,13:45,9,5,4
31/03/2013,14:00,8,5,3
31/03/2013,14:15,10,3,7
31/03/2013,14:30,8,5,3
31/03/2013,14:45,3,1,2
31/03/2013,15:00,4,2,2
31/03/2013,15:15,9,6,3
31/03/2013,15:30,12,5,7
31/03/2013,15:45,9,1,8
31/03/2013,16:00,10,1,9
31/03/2013,16:15,30,1,29
31/03/2013,16:30,9,2,7
31/03/2013,16:45,15,1,14
31/03/2013,17:00,16,3,13
31/03/2013,17:15,13,2,11
31/03/2013,17:30,12,1,11
31/03/2013,17:45,13,0,13
31/03/2013,18:00,15,1,14
31/03/2013,18:15,15,7,8
31/03/2013,18:30,4,0,4
31/03/2013,18:45,13,7,6
31/03/2013,19:00,3,3,0
31/03/2013,19:15,0,0,0
31/03/2013,19:30,4,0,4
31/03/2013,19:45,2,0,2
31/03/2013,20:00,3,0,3
31/03/2013,20:15,0,0,0
31/03/2013,20:30,1,0,1
31/03/2013,20:45,0,0,0
31/03/2013,21:00,1,0,1
31/03/2013,21:15,0,0,0
31/03/2013,21:30,0,0,0
31/03/2013,21:45,0,0,0
31/03/2013,22:00,0,0,0
31/03/2013,22:15,0,0,0
31/03/2013,22:30,0,0,0
31/03/2013,22:45,0,0,0
31/03/2013,23:00,0,0,0
31/03/2013,23:15,0,0,0
31/03/2013,23:30,0,0,0
31/03/2013,23:45,0,0,0
01/04/2013,00:00,0,0,0
01/04/2013,00:15,0,0,0
01/04/2013,00:30,0,0,0
01/04/2013,00:45,0,0,0
01/04/2013,01:00,0,0,0
01/04/2013,01:15,0,0,0
01/04/2013,01:30,0,0,0
01/04/2013,01:45,0,0,0
01/04/2013,02:00,0,0,0
01/04/2013,02:15,0,0,0
01/04/2013,02:30,0,0,0
01/04/2013,02:45,0,0,0
01/04/2013,03:00,0,0,0
01/04/2013,03:15,0,0,0
01/04/2013,03:30,0,0,0
01/04/2013,03:45,0,0,0
01/04/2013,04:00,0,0,0
01/04/2013,04:15,0,0,0
01/04/2013,04:30,0,0,0
01/04/2013,04:45,0,0,0
01/04/2013,05:00,0,0,0
01/04/2013,05:15,0,0,0
01/04/2013,05:30,0,0,0
01/04/2013,05:45,1,0,1
01/04/2013,06:00,1,1,0
01/04/2013,06:15,4,1,3
01/04/2013,06:30,3,0,3
01/04/2013,06:45,4,3,1
01/04/2013,07:00,5,1,4
01/04/2013,07:15,14,6,8
01/04/2013,07:30,8,6,2
01/04/2013,07:45,8,4,4
01/04/2013,08:00,11,8,3
01/04/2013,08:15,2,0,2
01/04/2013,08:30,5,1,4
01/04/2013,08:45,4,2,2
01/04/2013,09:00,2,1,1
01/04/2013,09:15,2,1,1
01/04/2013,09:30,3,2,1
01/04/2013,09:45,0,0,0
01/04/2013,10:00,2,1,1
01/04/2013,10:15,2,0,2
01/04/2013,10:30,4,2,2
01/04/2013,10:45,12,4,8
01/04/2013,11:00,3,0,3
01/04/2013,11:15,4,0,4
01/04/2013,11:30,8,1,7
01/04/2013,11:45,9,1,8
01/04/2013,12:00,9,2,7
01/04/2013,12:15,12,2,10
01/04/2013,12:30,14,3,11
01/04/2013,12:45,25,5,20
01/04/2013,13:00,23,2,21
01/04/2013,13:15,21,9,12
01/04/2013,13:30,23,4,19
01/04/2013,13:45,19,4,15
01/04/2013,14:00,21,7,14
01/04/2013,14:15,15,4,11
01/04/2013,14:30,31,5,26
01/04/2013,14:45,24,2,22
01/04/2013,15:00,20,8,12
01/04/2013,15:15,14,4,10
01/04/2013,15:30,18,5,13
01/04/2013,15:45,29,17,12
01/04/2013,16:00,26,13,13
01/04/2013,16:15,19,6,13
01/04/2013,16:30,16,8,8
01/04/2013,16:45,16,5,11
01/04/2013,17:00,22,11,11
01/04/2013,17:15,13,5,8
01/04/2013,17:30,16,11,5
01/04/2013,17:45,8,4,4
01/04/2013,18:00,16,8,8
01/04/2013,18:15,23,11,12
01/04/2013,18:30,15,7,8
01/04/2013,18:45,13,6,7
01/04/2013,19:00,7,5,2
01/04/2013,19:15,9,5,4
01/04/2013,19:30,7,2,5
01/04/2013,19:45,2,1,1
01/04/2013,20:00,3,2,1
01/04/2013,20:15,0,0,0
01/04/2013,20:30,0,0,0
01/04/2013,20:45,2,2,0
01/04/2013,21:00,0,0,0
01/04/2013,21:15,0,0,0
01/04/2013,21:30,0,0,0
01/04/2013,21:45,0,0,0
01/04/2013,22:00,1,1,0
01/04/2013,22:15,2,2,0
01/04/2013,22:30,0,0,0
01/04/2013,22:45,0,0,0
01/04/2013,23:00,0,0,0
01/04/2013,23:15,0,0,0
01/04/2013,23:30,0,0,0
01/04/2013,23:45,0,0,0
02/04/2013,00:00,0,0,0
02/04/2013,00:15,1,1,0
02/04/2013,00:30,1,1,0
02/04/2013,00:45,0,0,0
02/04/2013,01:00,0,0,0
02/04/2013,01:15,0,0,0
02/04/2013,01:30,0,0,0
02/04/2013,01:45,0,0,0
02/04/2013,02:00,0,0,0
02/04/2013,02:15,0,0,0
02/04/2013,02:30,0,0,0
02/04/2013,02:45,0,0,0
02/04/2013,03:00,0,0,0
02/04/2013,03:15,0,0,0
02/04/2013,03:30,0,0,0
02/04/2013,03:45,0,0,0
02/04/2013,04:00,0,0,0
02/04/2013,04:15,0,0,0
02/04/2013,04:30,0,0,0
02/04/2013,04:45,0,0,0
02/04/2013,05:00,1,1,0
02/04/2013,05:15,0,0,0
02/04/2013,05:30,0,0,0
02/04/2013,05:45,1,1,0
02/04/2013,06:00,0,0,0
02/04/2013,06:15,5,1,4
02/04/2013,06:30,4,0,4
02/04/2013,06:45,9,5,4
02/04/2013,07:00,6,1,5
02/04/2013,07:15,14,7,7
02/04/2013,07:30,24,20,4
02/04/2013,07:45,19,11,8
02/04/2013,08:00,28,19,9
02/04/2013,08:15,13,6,7
02/04/2013,08:30,14,3,11
02/04/2013,08:45,15,6,9
02/04/2013,09:00,10,5,5
02/04/2013,09:15,12,5,7
02/04/2013,09:30,19,8,11
02/04/2013,09:45,9,4,5
02/04/2013,10:00,11,2,9
02/04/2013,10:15,8,3,5
02/04/2013,10:30,13,1,12
02/04/2013,10:45,18,2,16
02/04/2013,11:00,13,2,11
02/04/2013,11:15,17,4,13
02/04/2013,11:30,18,5,13
02/04/2013,11:45,13,2,11
02/04/2013,12:00,21,6,15
02/04/2013,12:15,12,2,10
02/04/2013,12:30,12,0,12
02/04/2013,12:45,44,4,40
02/04/2013,13:00,18,4,14
02/04/2013,13:15,22,6,16
02/04/2013,13:30,58,5,53
02/04/2013,13:45,30,4,26
02/04/2013,14:00,34,12,22
02/04/2013,14:15,23,5,18
02/04/2013,14:30,20,5,15
02/04/2013,14:45,13,6,7
02/04/2013,15:00,14,5,9
02/04/2013,15:15,14,4,10
02/04/2013,15:30,21,7,14
02/04/2013,15:45,23,16,7
02/04/2013,16:00,17,6,11
02/04/2013,16:15,21,7,14
02/04/2013,16:30,23,9,14
02/04/2013,16:45,9,2,7
02/04/2013,17:00,30,16,14
02/04/2013,17:15,24,20,4
02/04/2013,17:30,13,7,6
02/04/2013,17:45,20,10,10
02/04/2013,18:00,14,8,6
02/04/2013,18:15,14,11,3
02/04/2013,18:30,22,18,4
02/04/2013,18:45,13,9,4
02/04/2013,19:00,18,11,7
02/04/2013,19:15,9,8,1
02/04/2013,19:30,7,4,3
02/04/2013,19:45,3,2,1
02/04/2013,20:00,2,2,0
02/04/2013,20:15,0,0,0
02/04/2013,20:30,1,1,0
02/04/2013,20:45,0,0,0
02/04/2013,21:00,0,0,0
02/04/2013,21:15,1,1,0
02/04/2013,21:30,0,0,0
02/04/2013,21:45,0,0,0
02/04/2013,22:00,0,0,0
02/04/2013,22:15,0,0,0
02/04/2013,22:30,0,0,0
02/04/2013,22:45,0,0,0
02/04/2013,23:00,0,0,0
02/04/2013,23:15,0,0,0
02/04/2013,23:30,0,0,0
02/04/2013,23:45,0,0,0
03/04/2013,00:00,0,0,0
03/04/2013,00:15,0,0,0
03/04/2013,00:30,0,0,0
03/04/2013,00:45,0,0,0
03/04/2013,01:00,0,0,0
03/04/2013,01:15,0,0,0
03/04/2013,01:30,0,0,0
03/04/2013,01:45,0,0,0
03/04/2013,02:00,0,0,0
03/04/2013,02:15,0,0,0
03/04/2013,02:30,0,0,0
03/04/2013,02:45,0,0,0
03/04/2013,03:00,0,0,0
03/04/2013,03:15,0,0,0
03/04/2013,03:30,0,0,0
03/04/2013,03:45,0,0,0
03/04/2013,04:00,0,0,0
03/04/2013,04:15,0,0,0
03/04/2013,04:30,0,0,0
03/04/2013,04:45,0,0,0
03/04/2013,05:00,0,0,0
03/04/2013,05:15,0,0,0
03/04/2013,05:30,0,0,0
03/04/2013,05:45,1,0,1
03/04/2013,06:00,2,1,1
03/04/2013,06:15,2,1,1
03/04/2013,06:30,2,0,2
03/04/2013,06:45,4,2,2
03/04/2013,07:00,3,2,1
03/04/2013,07:15,10,9,1
03/04/2013,07:30,13,12,1
03/04/2013,07:45,11,10,1
03/04/2013,08:00,24,19,5
03/04/2013,08:15,14,8,6
03/04/2013,08:30,9,3,6
03/04/2013,08:45,12,5,7
03/04/2013,09:00,7,5,2
03/04/2013,09:15,10,1,9
03/04/2013,09:30,7,1,6
03/04/2013,09:45,14,4,10
03/04/2013,10:00,6,1,5
03/04/2013,10:15,11,2,9
03/04/2013,10:30,14,4,10
03/04/2013,10:45,12,3,9
03/04/2013,11:00,6,0,6
03/04/2013,11:15,8,6,2
03/04/2013,11:30,13,6,7
03/04/2013,11:45,9,1,8
03/04/2013,12:00,18,12,6
03/04/2013,12:15,9,5,4
03/04/2013,12:30,11,6,5
03/04/2013,12:45,15,6,9
03/04/2013,13:00,8,3,5
03/04/2013,13:15,11,5,6
03/04/2013,13:30,27,12,15
03/04/2013,13:45,14,3,11
03/04/2013,14:00,14,8,6
03/04/2013,14:15,7,5,2
03/04/2013,14:30,11,2,9
03/04/2013,14:45,10,6,4
03/04/2013,15:00,6,4,2
03/04/2013,15:15,14,9,5
03/04/2013,15:30,19,15,4
03/04/2013,15:45,16,12,4
03/04/2013,16:00,9,4,5
03/04/2013,16:15,15,10,5
03/04/2013,16:30,19,7,12
03/04/2013,16:45,20,11,9
03/04/2013,17:00,24,10,14
03/04/2013,17:15,25,9,16
03/04/2013,17:30,13,8,5
03/04/2013,17:45,15,11,4
03/04/2013,18:00,17,11,6
03/04/2013,18:15,18,11,7
03/04/2013,18:30,13,9,4
03/04/2013,18:45,20,13,7
03/04/2013,19:00,9,7,2
03/04/2013,19:15,4,3,1
03/04/2013,19:30,8,1,7
03/04/2013,19:45,1,1,0
03/04/2013,20:00,2,2,0
03/04/2013,20:15,1,0,1
03/04/2013,20:30,2,1,1
03/04/2013,20:45,0,0,0
03/04/2013,21:00,2,2,0
03/04/2013,21:15,0,0,0
03/04/2013,21:30,0,0,0
03/04/2013,21:45,0,0,0
03/04/2013,22:00,0,0,0
03/04/2013,22:15,1,1,0
03/04/2013,22:30,0,0,0
03/04/2013,22:45,0,0,0
03/04/2013,23:00,0,0,0
03/04/2013,23:15,0,0,0
03/04/2013,23:30,1,0,1
03/04/2013,23:45,2,2,0
04/04/2013,00:00,0,0,0
04/04/2013,00:15,0,0,0
04/04/2013,00:30,0,0,0
04/04/2013,00:45,0,0,0
04/04/2013,01:00,0,0,0
04/04/2013,01:15,0,0,0
04/04/2013,01:30,0,0,0
04/04/2013,01:45,0,0,0
04/04/2013,02:00,0,0,0
04/04/2013,02:15,0,0,0
04/04/2013,02:30,0,0,0
04/04/2013,02:45,0,0,0
04/04/2013,03:00,0,0,0
04/04/2013,03:15,0,0,0
04/04/2013,03:30,0,0,0
04/04/2013,03:45,0,0,0
04/04/2013,04:00,0,0,0
04/04/2013,04:15,0,0,0
04/04/2013,04:30,0,0,0
04/04/2013,04:45,0,0,0
04/04/2013,05:00,0,0,0
04/04/2013,05:15,0,0,0
04/04/2013,05:30,0,0,0
04/04/2013,05:45,0,0,0
04/04/2013,06:00,0,0,0
04/04/2013,06:15,2,2,0
04/04/2013,06:30,1,1,0
04/04/2013,06:45,3,3,0
04/04/2013,07:00,0,0,0
04/04/2013,07:15,2,2,0
04/04/2013,07:30,1,1,0
04/04/2013,07:45,2,0,2
04/04/2013,08:00,2,2,0
04/04/2013,08:15,1,1,0
04/04/2013,08:30,0,0,0
04/04/2013,08:45,2,2,0
04/04/2013,09:00,1,1,0
04/04/2013,09:15,1,0,1
04/04/2013,09:30,0,0,0
04/04/2013,09:45,1,0,1
04/04/2013,10:00,4,2,2
04/04/2013,10:15,0,0,0
04/04/2013,10:30,3,2,1
04/04/2013,10:45,0,0,0
04/04/2013,11:00,0,0,0
04/04/2013,11:15,1,1,0
04/04/2013,11:30,1,1,0
04/04/2013,11:45,1,1,0
04/04/2013,12:00,3,3,0
04/04/2013,12:15,1,1,0
04/04/2013,12:30,0,0,0
04/04/2013,12:45,0,0,0
04/04/2013,13:00,1,1,0
04/04/2013,13:15,0,0,0
04/04/2013,13:30,0,0,0
04/04/2013,13:45,0,0,0
04/04/2013,14:00,1,1,0
04/04/2013,14:15,2,2,0
04/04/2013,14:30,1,1,0
04/04/2013,14:45,2,2,0
04/04/2013,15:00,1,1,0
04/04/2013,15:15,0,0,0
04/04/2013,15:30,2,2,0
04/04/2013,15:45,2,2,0
04/04/2013,16:00,2,2,0
04/04/2013,16:15,3,3,0
04/04/2013,16:30,0,0,0
04/04/2013,16:45,1,1,0
04/04/2013,17:00,2,2,0
04/04/2013,17:15,3,3,0
04/04/2013,17:30,5,5,0
04/04/2013,17:45,3,2,1
04/04/2013,18:00,3,3,0
04/04/2013,18:15,7,6,1
04/04/2013,18:30,2,2,0
04/04/2013,18:45,3,1,2
04/04/2013,19:00,4,3,1
04/04/2013,19:15,2,0,2
04/04/2013,19:30,1,0,1
04/04/2013,19:45,1,0,1
04/04/2013,20:00,3,3,0
04/04/2013,20:15,1,0,1
04/04/2013,20:30,0,0,0
04/04/2013,20:45,2,2,0
04/04/2013,21:00,0,0,0
04/04/2013,21:15,0,0,0
04/04/2013,21:30,0,0,0
04/04/2013,21:45,0,0,0
04/04/2013,22:00,0,0,0
04/04/2013,22:15,0,0,0
04/04/2013,22:30,0,0,0
04/04/2013,22:45,0,0,0
04/04/2013,23:00,0,0,0
04/04/2013,23:15,0,0,0
04/04/2013,23:30,0,0,0
04/04/2013,23:45,0,0,0
05/04/2013,00:00,0,0,0
05/04/2013,00:15,0,0,0
05/04/2013,00:30,0,0,0
05/04/2013,00:45,0,0,0
05/04/2013,01:00,0,0,0
05/04/2013,01:15,0,0,0
05/04/2013,01:30,0,0,0
05/04/2013,01:45,0,0,0
05/04/2013,02:00,0,0,0
05/04/2013,02:15,0,0,0
05/04/2013,02:30,0,0,0
05/04/2013,02:45,0,0,0
05/04/2013,03:00,0,0,0
05/04/2013,03:15,0,0,0
05/04/2013,03:30,0,0,0
05/04/2013,03:45,0,0,0
05/04/2013,04:00,0,0,0
05/04/2013,04:15,0,0,0
05/04/2013,04:30,0,0,0
05/04/2013,04:45,0,0,0
05/04/2013,05:00,0,0,0
05/04/2013,05:15,1,1,0
05/04/2013,05:30,0,0,0
05/04/2013,05:45,0,0,0
05/04/2013,06:00,0,0,0
05/04/2013,06:15,1,1,0
05/04/2013,06:30,0,0,0
05/04/2013,06:45,2,2,0
05/04/2013,07:00,2,1,1
05/04/2013,07:15,5,5,0
05/04/2013,07:30,11,8,3
05/04/2013,07:45,10,7,3
05/04/2013,08:00,15,11,4
05/04/2013,08:15,5,2,3
05/04/2013,08:30,1,0,1
05/04/2013,08:45,6,4,2
05/04/2013,09:00,4,3,1
05/04/2013,09:15,3,2,1
05/04/2013,09:30,7,4,3
05/04/2013,09:45,4,1,3
05/04/2013,10:00,6,2,4
05/04/2013,10:15,4,2,2
05/04/2013,10:30,6,2,4
05/04/2013,10:45,12,1,11
05/04/2013,11:00,11,7,4
05/04/2013,11:15,11,6,5
05/04/2013,11:30,12,1,11
05/04/2013,11:45,13,7,6
05/04/2013,12:00,16,8,8
05/04/2013,12:15,8,4,4
05/04/2013,12:30,5,1,4
05/04/2013,12:45,13,5,8
05/04/2013,13:00,8,0,8
05/04/2013,13:15,12,5,7
05/04/2013,13:30,14,6,8
05/04/2013,13:45,12,1,11
05/04/2013,14:00,17,2,15
05/04/2013,14:15,8,1,7
05/04/2013,14:30,17,5,12
05/04/2013,14:45,25,4,21
05/04/2013,15:00,59,5,54
05/04/2013,15:15,37,7,30
05/04/2013,15:30,36,12,24
05/04/2013,15:45,28,10,18
05/04/2013,16:00,21,6,15
05/04/2013,16:15,19,7,12
05/04/2013,16:30,16,4,12
05/04/2013,16:45,40,16,24
05/04/2013,17:00,34,8,26
05/04/2013,17:15,38,7,31
05/04/2013,17:30,38,9,29
05/04/2013,17:45,31,6,25
05/04/2013,18:00,17,4,13
05/04/2013,18:15,49,10,39
05/04/2013,18:30,33,6,27
05/04/2013,18:45,11,5,6
05/04/2013,19:00,5,3,2
05/04/2013,19:15,5,2,3
05/04/2013,19:30,3,2,1
05/04/2013,19:45,3,3,0
05/04/2013,20:00,4,3,1
05/04/2013,20:15,1,1,0
05/04/2013,20:30,1,0,1
05/04/2013,20:45,1,1,0
05/04/2013,21:00,0,0,0
05/04/2013,21:15,0,0,0
05/04/2013,21:30,1,1,0
05/04/2013,21:45,0,0,0
05/04/2013,22:00,0,0,0
05/04/2013,22:15,0,0,0
05/04/2013,22:30,0,0,0
05/04/2013,22:45,0,0,0
05/04/2013,23:00,0,0,0
05/04/2013,23:15,0,0,0
05/04/2013,23:30,0,0,0
05/04/2013,23:45,2,2,0
06/04/2013,00:00,0,0,0
06/04/2013,00:15,0,0,0
06/04/2013,00:30,0,0,0
06/04/2013,00:45,0,0,0
06/04/2013,01:00,0,0,0
06/04/2013,01:15,0,0,0
06/04/2013,01:30,0,0,0
06/04/2013,01:45,0,0,0
06/04/2013,02:00,0,0,0
06/04/2013,02:15,0,0,0
06/04/2013,02:30,0,0,0
06/04/2013,02:45,0,0,0
06/04/2013,03:00,0,0,0
06/04/2013,03:15,0,0,0
06/04/2013,03:30,0,0,0
06/04/2013,03:45,0,0,0
06/04/2013,04:00,0,0,0
06/04/2013,04:15,0,0,0
06/04/2013,04:30,0,0,0
06/04/2013,04:45,0,0,0
06/04/2013,05:00,0,0,0
06/04/2013,05:15,0,0,0
06/04/2013,05:30,0,0,0
06/04/2013,05:45,0,0,0
06/04/2013,06:00,0,0,0
06/04/2013,06:15,1,1,0
06/04/2013,06:30,0,0,0
06/04/2013,06:45,10,5,5
06/04/2013,07:00,7,4,3
06/04/2013,07:15,4,2,2
06/04/2013,07:30,4,1,3
06/04/2013,07:45,6,3,3
06/04/2013,08:00,4,1,3
06/04/2013,08:15,7,0,7
06/04/2013,08:30,7,2,5
06/04/2013,08:45,12,1,11
06/04/2013,09:00,38,6,32
06/04/2013,09:15,15,2,13
06/04/2013,09:30,15,2,13
06/04/2013,09:45,16,3,13
06/04/2013,10:00,19,6,13
06/04/2013,10:15,25,7,18
06/04/2013,10:30,28,8,20
06/04/2013,10:45,20,6,14
06/04/2013,11:00,27,7,20
06/04/2013,11:15,21,8,13
06/04/2013,11:30,23,0,23
06/04/2013,11:45,22,8,14
06/04/2013,12:00,22,8,14
06/04/2013,12:15,17,8,9
06/04/2013,12:30,24,13,11
06/04/2013,12:45,30,19,11
06/04/2013,13:00,23,13,10
06/04/2013,13:15,17,4,13
06/04/2013,13:30,18,8,10
06/04/2013,13:45,19,11,8
06/04/2013,14:00,21,5,16
06/04/2013,14:15,17,11,6
06/04/2013,14:30,22,14,8
06/04/2013,14:45,28,17,11
06/04/2013,15:00,20,7,13
06/04/2013,15:15,17,13,4
06/04/2013,15:30,18,7,11
06/04/2013,15:45,21,11,10
06/04/2013,16:00,30,11,19
06/04/2013,16:15,27,14,13
06/04/2013,16:30,17,9,8
06/04/2013,16:45,27,11,16
06/04/2013,17:00,18,4,14
06/04/2013,17:15,13,8,5
06/04/2013,17:30,19,10,9
06/04/2013,17:45,11,2,9
06/04/2013,18:00,23,13,10
06/04/2013,18:15,7,3,4
06/04/2013,18:30,10,3,7
06/04/2013,18:45,6,1,5
06/04/2013,19:00,4,3,1
06/04/2013,19:15,4,2,2
06/04/2013,19:30,4,2,2
06/04/2013,19:45,1,0,1
06/04/2013,20:00,5,2,3
06/04/2013,20:15,1,0,1
06/04/2013,20:30,0,0,0
06/04/2013,20:45,0,0,0
06/04/2013,21:00,1,1,0
06/04/2013,21:15,0,0,0
06/04/2013,21:30,0,0,0
06/04/2013,21:45,0,0,0
06/04/2013,22:00,0,0,0
06/04/2013,22:15,0,0,0
06/04/2013,22:30,0,0,0
06/04/2013,22:45,1,1,0
06/04/2013,23:00,0,0,0
06/04/2013,23:15,0,0,0
06/04/2013,23:30,0,0,0
06/04/2013,23:45,0,0,0
07/04/2013,00:00,0,0,0
07/04/2013,00:15,1,1,0
07/04/2013,00:30,0,0,0
07/04/2013,00:45,0,0,0
07/04/2013,01:00,0,0,0
07/04/2013,01:15,0,0,0
07/04/2013,01:30,0,0,0
07/04/2013,01:45,0,0,0
07/04/2013,02:00,0,0,0
07/04/2013,02:15,0,0,0
07/04/2013,02:30,0,0,0
07/04/2013,02:45,0,0,0
07/04/2013,03:00,0,0,0
07/04/2013,03:15,0,0,0
07/04/2013,03:30,0,0,0
07/04/2013,03:45,0,0,0
07/04/2013,04:00,0,0,0
07/04/2013,04:15,0,0,0
07/04/2013,04:30,0,0,0
07/04/2013,04:45,0,0,0
07/04/2013,05:00,0,0,0
07/04/2013,05:15,0,0,0
07/04/2013,05:30,0,0,0
07/04/2013,05:45,0,0,0
07/04/2013,06:00,0,0,0
07/04/2013,06:15,0,0,0
07/04/2013,06:30,2,1,1
07/04/2013,06:45,2,0,2
07/04/2013,07:00,1,1,0
07/04/2013,07:15,6,0,6
07/04/2013,07:30,6,0,6
07/04/2013,07:45,9,1,8
07/04/2013,08:00,6,1,5
07/04/2013,08:15,14,6,8
07/04/2013,08:30,12,4,8
07/04/2013,08:45,14,2,12
07/04/2013,09:00,15,4,11
07/04/2013,09:15,11,3,8
07/04/2013,09:30,13,1,12
07/04/2013,09:45,30,17,13
07/04/2013,10:00,32,3,29
07/04/2013,10:15,39,9,30
07/04/2013,10:30,37,16,21
07/04/2013,10:45,29,11,18
07/04/2013,11:00,27,11,16
07/04/2013,11:15,27,10,17
07/04/2013,11:30,24,8,16
07/04/2013,11:45,13,3,10
07/04/2013,12:00,21,11,10
07/04/2013,12:15,34,9,25
07/04/2013,12:30,24,5,19
07/04/2013,12:45,17,5,12
07/04/2013,13:00,26,14,12
07/04/2013,13:15,16,6,10
07/04/2013,13:30,19,6,13
07/04/2013,13:45,23,9,14
07/04/2013,14:00,43,16,27
07/04/2013,14:15,39,8,31
07/04/2013,14:30,39,16,23
07/04/2013,14:45,25,11,14
07/04/2013,15:00,19,5,14
07/04/2013,15:15,34,26,8
07/04/2013,15:30,17,9,8
07/04/2013,15:45,28,13,15
07/04/2013,16:00,37,18,19
07/04/2013,16:15,30,9,21
07/04/2013,16:30,23,10,13
07/04/2013,16:45,28,4,24
07/04/2013,17:00,17,5,12
07/04/2013,17:15,19,4,15
07/04/2013,17:30,20,2,18
07/04/2013,17:45,24,9,15
07/04/2013,18:00,22,6,16
07/04/2013,18:15,29,2,27
07/04/2013,18:30,17,3,14
07/04/2013,18:45,2,1,1
07/04/2013,19:00,5,1,4
07/04/2013,19:15,2,0,2
07/04/2013,19:30,2,0,2
07/04/2013,19:45,1,1,0
07/04/2013,20:00,2,2,0
07/04/2013,20:15,1,0,1
07/04/2013,20:30,0,0,0
07/04/2013,20:45,0,0,0
07/04/2013,21:00,0,0,0
07/04/2013,21:15,0,0,0
07/04/2013,21:30,0,0,0
07/04/2013,21:45,0,0,0
07/04/2013,22:00,0,0,0
07/04/2013,22:15,0,0,0
07/04/2013,22:30,0,0,0
07/04/2013,22:45,0,0,0
07/04/2013,23:00,1,1,0
07/04/2013,23:15,0,0,0
07/04/2013,23:30,0,0,0
07/04/2013,23:45,0,0,0
08/04/2013,00:00,0,0,0
08/04/2013,00:15,0,0,0
08/04/2013,00:30,0,0,0
08/04/2013,00:45,0,0,0
08/04/2013,01:00,0,0,0
08/04/2013,01:15,0,0,0
08/04/2013,01:30,0,0,0
08/04/2013,01:45,0,0,0
08/04/2013,02:00,0,0,0
08/04/2013,02:15,0,0,0
08/04/2013,02:30,0,0,0
08/04/2013,02:45,0,0,0
08/04/2013,03:00,0,0,0
08/04/2013,03:15,0,0,0
08/04/2013,03:30,0,0,0
08/04/2013,03:45,0,0,0
08/04/2013,04:00,0,0,0
08/04/2013,04:15,0,0,0
08/04/2013,04:30,0,0,0
08/04/2013,04:45,0,0,0
08/04/2013,05:00,1,1,0
08/04/2013,05:15,0,0,0
08/04/2013,05:30,0,0,0
08/04/2013,05:45,0,0,0
08/04/2013,06:00,0,0,0
08/04/2013,06:15,2,1,1
08/04/2013,06:30,3,1,2
08/04/2013,06:45,3,2,1
08/04/2013,07:00,5,1,4
08/04/2013,07:15,5,1,4
08/04/2013,07:30,13,2,11
08/04/2013,07:45,7,2,5
08/04/2013,08:00,10,7,3
08/04/2013,08:15,4,1,3
08/04/2013,08:30,15,6,9
08/04/2013,08:45,8,5,3
08/04/2013,09:00,8,2,6
08/04/2013,09:15,4,0,4
08/04/2013,09:30,14,4,10
08/04/2013,09:45,13,4,9
08/04/2013,10:00,12,2,10
08/04/2013,10:15,17,2,15
08/04/2013,10:30,10,3,7
08/04/2013,10:45,5,0,5
08/04/2013,11:00,15,6,9
08/04/2013,11:15,8,3,5
08/04/2013,11:30,5,2,3
08/04/2013,11:45,14,3,11
08/04/2013,12:00,12,7,5
08/04/2013,12:15,13,5,8
08/04/2013,12:30,13,7,6
08/04/2013,12:45,17,5,12
08/04/2013,13:00,12,2,10
08/04/2013,13:15,12,6,6
08/04/2013,13:30,17,8,9
08/04/2013,13:45,15,4,11
08/04/2013,14:00,8,2,6
08/04/2013,14:15,16,10,6
08/04/2013,14:30,10,3,7
08/04/2013,14:45,10,6,4
08/04/2013,15:00,20,8,12
08/04/2013,15:15,14,6,8
08/04/2013,15:30,16,4,12
08/04/2013,15:45,14,5,9
08/04/2013,16:00,10,1,9
08/04/2013,16:15,14,7,7
08/04/2013,16:30,7,2,5
08/04/2013,16:45,21,5,16
08/04/2013,17:00,26,18,8
08/04/2013,17:15,11,8,3
08/04/2013,17:30,12,3,9
08/04/2013,17:45,10,6,4
08/04/2013,18:00,11,8,3
08/04/2013,18:15,16,10,6
08/04/2013,18:30,8,3,5
08/04/2013,18:45,17,9,8
08/04/2013,19:00,8,3,5
08/04/2013,19:15,9,5,4
08/04/2013,19:30,5,2,3
08/04/2013,19:45,4,0,4
08/04/2013,20:00,6,2,4
08/04/2013,20:15,1,0,1
08/04/2013,20:30,0,0,0
08/04/2013,20:45,1,1,0
08/04/2013,21:00,1,1,0
08/04/2013,21:15,2,2,0
08/04/2013,21:30,2,2,0
08/04/2013,21:45,1,0,1
08/04/2013,22:00,0,0,0
08/04/2013,22:15,3,3,0
08/04/2013,22:30,1,0,1
08/04/2013,22:45,0,0,0
08/04/2013,23:00,1,0,1
08/04/2013,23:15,0,0,0
08/04/2013,23:30,0,0,0
08/04/2013,23:45,0,0,0
09/04/2013,00:00,0,0,0
09/04/2013,00:15,2,1,1
09/04/2013,00:30,0,0,0
09/04/2013,00:45,0,0,0
09/04/2013,01:00,0,0,0
09/04/2013,01:15,0,0,0
09/04/2013,01:30,0,0,0
09/04/2013,01:45,0,0,0
09/04/2013,02:00,0,0,0
09/04/2013,02:15,0,0,0
09/04/2013,02:30,0,0,0
09/04/2013,02:45,0,0,0
09/04/2013,03:00,0,0,0
09/04/2013,03:15,0,0,0
09/04/2013,03:30,0,0,0
09/04/2013,03:45,0,0,0
09/04/2013,04:00,0,0,0
09/04/2013,04:15,0,0,0
09/04/2013,04:30,0,0,0
09/04/2013,04:45,0,0,0
09/04/2013,05:00,0,0,0
09/04/2013,05:15,0,0,0
09/04/2013,05:30,0,0,0
09/04/2013,05:45,1,0,1
09/04/2013,06:00,1,1,0
09/04/2013,06:15,2,1,1
09/04/2013,06:30,8,2,6
09/04/2013,06:45,4,2,2
09/04/2013,07:00,4,0,4
09/04/2013,07:15,8,3,5
09/04/2013,07:30,18,6,12
09/04/2013,07:45,17,8,9
09/04/2013,08:00,13,6,7
09/04/2013,08:15,8,1,7
09/04/2013,08:30,9,2,7
09/04/2013,08:45,10,4,6
09/04/2013,09:00,13,4,9
09/04/2013,09:15,11,2,9
09/04/2013,09:30,11,7,4
09/04/2013,09:45,8,3,5
09/04/2013,10:00,22,6,16
09/04/2013,10:15,18,0,18
09/04/2013,10:30,12,4,8
09/04/2013,10:45,8,4,4
09/04/2013,11:00,8,4,4
09/04/2013,11:15,15,7,8
09/04/2013,11:30,16,10,6
09/04/2013,11:45,14,10,4
09/04/2013,12:00,28,13,15
09/04/2013,12:15,13,3,10
09/04/2013,12:30,23,13,10
09/04/2013,12:45,21,6,15
09/04/2013,13:00,13,5,8
09/04/2013,13:15,19,13,6
09/04/2013,13:30,17,8,9
09/04/2013,13:45,13,5,8
09/04/2013,14:00,24,13,11
09/04/2013,14:15,17,4,13
09/04/2013,14:30,17,9,8
09/04/2013,14:45,9,2,7
09/04/2013,15:00,13,8,5
09/04/2013,15:15,23,18,5
09/04/2013,15:30,15,5,10
09/04/2013,15:45,11,6,5
09/04/2013,16:00,18,9,9
09/04/2013,16:15,22,12,10
09/04/2013,16:30,24,11,13
09/04/2013,16:45,24,8,16
09/04/2013,17:00,11,10,1
09/04/2013,17:15,21,13,8
09/04/2013,17:30,25,18,7
09/04/2013,17:45,23,16,7
09/04/2013,18:00,22,13,9
09/04/2013,18:15,20,12,8
09/04/2013,18:30,16,10,6
09/04/2013,18:45,14,6,8
09/04/2013,19:00,9,3,6
09/04/2013,19:15,10,4,6
09/04/2013,19:30,5,1,4
09/04/2013,19:45,3,2,1
09/04/2013,20:00,6,5,1
09/04/2013,20:15,1,1,0
09/04/2013,20:30,0,0,0
09/04/2013,20:45,1,1,0
09/04/2013,21:00,0,0,0
09/04/2013,21:15,2,2,0
09/04/2013,21:30,0,0,0
09/04/2013,21:45,0,0,0
09/04/2013,22:00,0,0,0
09/04/2013,22:15,3,3,0
09/04/2013,22:30,1,0,1
09/04/2013,22:45,0,0,0
09/04/2013,23:00,0,0,0
09/04/2013,23:15,0,0,0
09/04/2013,23:30,0,0,0
09/04/2013,23:45,0,0,0
10/04/2013,00:00,1,1,0
10/04/2013,00:15,0,0,0
10/04/2013,00:30,0,0,0
10/04/2013,00:45,1,1,0
10/04/2013,01:00,1,0,1
10/04/2013,01:15,0,0,0
10/04/2013,01:30,0,0,0
10/04/2013,01:45,0,0,0
10/04/2013,02:00,0,0,0
10/04/2013,02:15,0,0,0
10/04/2013,02:30,0,0,0
10/04/2013,02:45,0,0,0
10/04/2013,03:00,0,0,0
10/04/2013,03:15,0,0,0
10/04/2013,03:30,0,0,0
10/04/2013,03:45,0,0,0
10/04/2013,04:00,0,0,0
10/04/2013,04:15,0,0,0
10/04/2013,04:30,0,0,0
10/04/2013,04:45,0,0,0
10/04/2013,05:00,0,0,0
10/04/2013,05:15,1,1,0
10/04/2013,05:30,0,0,0
10/04/2013,05:45,0,0,0
10/04/2013,06:00,1,1,0
10/04/2013,06:15,1,1,0
10/04/2013,06:30,5,1,4
10/04/2013,06:45,9,2,7
10/04/2013,07:00,6,1,5
10/04/2013,07:15,8,3,5
10/04/2013,07:30,9,6,3
10/04/2013,07:45,14,4,10
10/04/2013,08:00,9,5,4
10/04/2013,08:15,7,2,5
10/04/2013,08:30,10,4,6
10/04/2013,08:45,15,4,11
10/04/2013,09:00,22,3,19
10/04/2013,09:15,18,7,11
10/04/2013,09:30,12,5,7
10/04/2013,09:45,18,7,11
10/04/2013,10:00,17,3,14
10/04/2013,10:15,14,9,5
10/04/2013,10:30,21,4,17
10/04/2013,10:45,22,9,13
10/04/2013,11:00,18,6,12
10/04/2013,11:15,23,9,14
10/04/2013,11:30,15,7,8
10/04/2013,11:45,19,12,7
10/04/2013,12:00,9,4,5
10/04/2013,12:15,8,3,5
10/04/2013,12:30,17,6,11
10/04/2013,12:45,46,6,40
10/04/2013,13:00,21,4,17
10/04/2013,13:15,12,1,11
10/04/2013,13:30,29,14,15
10/04/2013,13:45,13,7,6
10/04/2013,14:00,12,9,3
10/04/2013,14:15,9,6,3
10/04/2013,14:30,11,7,4
10/04/2013,14:45,6,4,2
10/04/2013,15:00,13,9,4
10/04/2013,15:15,18,14,4
10/04/2013,15:30,12,4,8
10/04/2013,15:45,8,5,3
10/04/2013,16:00,13,4,9
10/04/2013,16:15,22,13,9
10/04/2013,16:30,9,4,5
10/04/2013,16:45,16,12,4
10/04/2013,17:00,20,11,9
10/04/2013,17:15,16,11,5
10/04/2013,17:30,23,16,7
10/04/2013,17:45,23,8,15
10/04/2013,18:00,13,5,8
10/04/2013,18:15,10,7,3
10/04/2013,18:30,10,2,8
10/04/2013,18:45,19,11,8
10/04/2013,19:00,12,8,4
10/04/2013,19:15,18,9,9
10/04/2013,19:30,4,1,3
10/04/2013,19:45,4,0,4
10/04/2013,20:00,6,3,3
10/04/2013,20:15,2,1,1
10/04/2013,20:30,1,0,1
10/04/2013,20:45,0,0,0
10/04/2013,21:00,1,1,0
10/04/2013,21:15,0,0,0
10/04/2013,21:30,3,2,1
10/04/2013,21:45,0,0,0
10/04/2013,22:00,2,2,0
10/04/2013,22:15,2,1,1
10/04/2013,22:30,0,0,0
10/04/2013,22:45,0,0,0
10/04/2013,23:00,0,0,0
10/04/2013,23:15,2,2,0
10/04/2013,23:30,0,0,0
10/04/2013,23:45,0,0,0
11/04/2013,00:00,0,0,0
11/04/2013,00:15,0,0,0
11/04/2013,00:30,2,2,0
11/04/2013,00:45,1,0,1
11/04/2013,01:00,0,0,0
11/04/2013,01:15,0,0,0
11/04/2013,01:30,0,0,0
11/04/2013,01:45,0,0,0
11/04/2013,02:00,0,0,0
11/04/2013,02:15,0,0,0
11/04/2013,02:30,0,0,0
11/04/2013,02:45,0,0,0
11/04/2013,03:00,0,0,0
11/04/2013,03:15,0,0,0
11/04/2013,03:30,0,0,0
11/04/2013,03:45,0,0,0
11/04/2013,04:00,0,0,0
11/04/2013,04:15,0,0,0
11/04/2013,04:30,0,0,0
11/04/2013,04:45,0,0,0
11/04/2013,05:00,1,1,0
11/04/2013,05:15,0,0,0
11/04/2013,05:30,0,0,0
11/04/2013,05:45,1,0,1
11/04/2013,06:00,2,1,1
11/04/2013,06:15,3,0,3
11/04/2013,06:30,8,1,7
11/04/2013,06:45,15,4,11
11/04/2013,07:00,15,0,15
11/04/2013,07:15,8,1,7
11/04/2013,07:30,14,4,10
11/04/2013,07:45,12,7,5
11/04/2013,08:00,14,6,8
11/04/2013,08:15,13,6,7
11/04/2013,08:30,19,2,17
11/04/2013,08:45,16,6,10
11/04/2013,09:00,15,5,10
11/04/2013,09:15,15,6,9
11/04/2013,09:30,15,3,12
11/04/2013,09:45,20,7,13
11/04/2013,10:00,28,12,16
11/04/2013,10:15,53,7,46
11/04/2013,10:30,17,9,8
11/04/2013,10:45,19,10,9
11/04/2013,11:00,14,4,10
11/04/2013,11:15,20,7,13
11/04/2013,11:30,9,1,8
11/04/2013,11:45,15,4,11
11/04/2013,12:00,9,3,6
11/04/2013,12:15,16,4,12
11/04/2013,12:30,29,2,27
11/04/2013,12:45,62,3,59
11/04/2013,13:00,13,4,9
11/04/2013,13:15,15,3,12
11/04/2013,13:30,72,2,70
11/04/2013,13:45,26,4,22
11/04/2013,14:00,29,9,20
11/04/2013,14:15,19,4,15
11/04/2013,14:30,13,2,11
11/04/2013,14:45,12,7,5
11/04/2013,15:00,4,1,3
11/04/2013,15:15,14,6,8
11/04/2013,15:30,22,13,9
11/04/2013,15:45,13,4,9
11/04/2013,16:00,13,5,8
11/04/2013,16:15,21,13,8
11/04/2013,16:30,15,8,7
11/04/2013,16:45,16,13,3
11/04/2013,17:00,10,7,3
11/04/2013,17:15,15,11,4
11/04/2013,17:30,26,16,10
11/04/2013,17:45,20,16,4
11/04/2013,18:00,19,10,9
11/04/2013,18:15,14,11,3
11/04/2013,18:30,18,12,6
11/04/2013,18:45,14,9,5
11/04/2013,19:00,9,4,5
11/04/2013,19:15,6,6,0
11/04/2013,19:30,8,1,7
11/04/2013,19:45,2,1,1
11/04/2013,20:00,7,5,2
11/04/2013,20:15,4,3,1
11/04/2013,20:30,0,0,0
11/04/2013,20:45,2,2,0
11/04/2013,21:00,3,0,3
11/04/2013,21:15,0,0,0
11/04/2013,21:30,1,1,0
11/04/2013,21:45,1,0,1
11/04/2013,22:00,0,0,0
11/04/2013,22:15,1,1,0
11/04/2013,22:30,0,0,0
11/04/2013,22:45,2,2,0
11/04/2013,23:00,0,0,0
11/04/2013,23:15,0,0,0
11/04/2013,23:30,0,0,0
11/04/2013,23:45,0,0,0
12/04/2013,00:00,0,0,0
12/04/2013,00:15,2,2,0
12/04/2013,00:30,0,0,0
12/04/2013,00:45,1,1,0
12/04/2013,01:00,0,0,0
12/04/2013,01:15,2,2,0
12/04/2013,01:30,0,0,0
12/04/2013,01:45,0,0,0
12/04/2013,02:00,0,0,0
12/04/2013,02:15,0,0,0
12/04/2013,02:30,0,0,0
12/04/2013,02:45,0,0,0
12/04/2013,03:00,0,0,0
12/04/2013,03:15,0,0,0
12/04/2013,03:30,0,0,0
12/04/2013,03:45,0,0,0
12/04/2013,04:00,0,0,0
12/04/2013,04:15,0,0,0
12/04/2013,04:30,0,0,0
12/04/2013,04:45,0,0,0
12/04/2013,05:00,1,1,0
12/04/2013,05:15,0,0,0
12/04/2013,05:30,0,0,0
12/04/2013,05:45,0,0,0
12/04/2013,06:00,0,0,0
12/04/2013,06:15,0,0,0
12/04/2013,06:30,5,1,4
12/04/2013,06:45,7,3,4
12/04/2013,07:00,5,3,2
12/04/2013,07:15,6,0,6
12/04/2013,07:30,7,3,4
12/04/2013,07:45,12,4,8
12/04/2013,08:00,8,4,4
12/04/2013,08:15,6,2,4
12/04/2013,08:30,10,3,7
12/04/2013,08:45,15,7,8
12/04/2013,09:00,18,8,10
12/04/2013,09:15,5,0,5
12/04/2013,09:30,11,4,7
12/04/2013,09:45,13,4,9
12/04/2013,10:00,24,6,18
12/04/2013,10:15,17,6,11
12/04/2013,10:30,24,9,15
12/04/2013,10:45,18,7,11
12/04/2013,11:00,27,15,12
12/04/2013,11:15,7,2,5
12/04/2013,11:30,19,8,11
12/04/2013,11:45,30,12,18
12/04/2013,12:00,12,5,7
12/04/2013,12:15,24,9,15
12/04/2013,12:30,20,5,15
12/04/2013,12:45,15,4,11
12/04/2013,13:00,15,2,13
12/04/2013,13:15,19,10,9
12/04/2013,13:30,18,11,7
12/04/2013,13:45,15,7,8
12/04/2013,14:00,15,9,6
12/04/2013,14:15,5,3,2
12/04/2013,14:30,15,8,7
12/04/2013,14:45,14,8,6
12/04/2013,15:00,11,6,5
12/04/2013,15:15,12,9,3
12/04/2013,15:30,18,11,7
12/04/2013,15:45,12,5,7
12/04/2013,16:00,20,16,4
12/04/2013,16:15,17,12,5
12/04/2013,16:30,23,13,10
12/04/2013,16:45,18,7,11
12/04/2013,17:00,17,11,6
12/04/2013,17:15,14,7,7
12/04/2013,17:30,29,21,8
12/04/2013,17:45,20,9,11
12/04/2013,18:00,10,6,4
12/04/2013,18:15,9,2,7
12/04/2013,18:30,15,9,6
12/04/2013,18:45,13,9,4
12/04/2013,19:00,16,7,9
12/04/2013,19:15,8,4,4
12/04/2013,19:30,4,2,2
12/04/2013,19:45,4,3,1
12/04/2013,20:00,1,0,1
12/04/2013,20:15,0,0,0
12/04/2013,20:30,6,5,1
12/04/2013,20:45,0,0,0
12/04/2013,21:00,0,0,0
12/04/2013,21:15,0,0,0
12/04/2013,21:30,0,0,0
12/04/2013,21:45,2,2,0
12/04/2013,22:00,0,0,0
12/04/2013,22:15,0,0,0
12/04/2013,22:30,0,0,0
12/04/2013,22:45,0,0,0
12/04/2013,23:00,0,0,0
12/04/2013,23:15,0,0,0
12/04/2013,23:30,0,0,0
12/04/2013,23:45,0,0,0
13/04/2013,00:00,2,2,0
13/04/2013,00:15,0,0,0
13/04/2013,00:30,0,0,0
13/04/2013,00:45,0,0,0
13/04/2013,01:00,0,0,0
13/04/2013,01:15,0,0,0
13/04/2013,01:30,0,0,0
13/04/2013,01:45,0,0,0
13/04/2013,02:00,0,0,0
13/04/2013,02:15,0,0,0
13/04/2013,02:30,0,0,0
13/04/2013,02:45,0,0,0
13/04/2013,03:00,0,0,0
13/04/2013,03:15,0,0,0
13/04/2013,03:30,0,0,0
13/04/2013,03:45,0,0,0
13/04/2013,04:00,0,0,0
13/04/2013,04:15,0,0,0
13/04/2013,04:30,0,0,0
13/04/2013,04:45,0,0,0
13/04/2013,05:00,0,0,0
13/04/2013,05:15,0,0,0
13/04/2013,05:30,0,0,0
13/04/2013,05:45,0,0,0
13/04/2013,06:00,1,1,0
13/04/2013,06:15,1,0,1
13/04/2013,06:30,4,2,2
13/04/2013,06:45,3,3,0
13/04/2013,07:00,4,0,4
13/04/2013,07:15,4,1,3
13/04/2013,07:30,6,1,5
13/04/2013,07:45,11,5,6
13/04/2013,08:00,6,3,3
13/04/2013,08:15,11,5,6
13/04/2013,08:30,10,0,10
13/04/2013,08:45,14,2,12
13/04/2013,09:00,24,3,21
13/04/2013,09:15,11,4,7
13/04/2013,09:30,19,9,10
13/04/2013,09:45,19,6,13
13/04/2013,10:00,10,4,6
13/04/2013,10:15,20,8,12
13/04/2013,10:30,39,14,25
13/04/2013,10:45,25,9,16
13/04/2013,11:00,23,13,10
13/04/2013,11:15,38,21,17
13/04/2013,11:30,34,12,22
13/04/2013,11:45,31,12,19
13/04/2013,12:00,20,12,8
13/04/2013,12:15,26,15,11
13/04/2013,12:30,19,6,13
13/04/2013,12:45,29,20,9
13/04/2013,13:00,26,16,10
13/04/2013,13:15,29,21,8
13/04/2013,13:30,34,19,15
13/04/2013,13:45,10,3,7
13/04/2013,14:00,34,14,20
13/04/2013,14:15,16,6,10
13/04/2013,14:30,24,10,14
13/04/2013,14:45,18,9,9
13/04/2013,15:00,29,14,15
13/04/2013,15:15,20,10,10
13/04/2013,15:30,17,8,9
13/04/2013,15:45,19,13,6
13/04/2013,16:00,29,11,18
13/04/2013,16:15,19,8,11
13/04/2013,16:30,20,9,11
13/04/2013,16:45,21,8,13
13/04/2013,17:00,20,6,14
13/04/2013,17:15,23,6,17
13/04/2013,17:30,13,4,9
13/04/2013,17:45,7,1,6
13/04/2013,18:00,13,3,10
13/04/2013,18:15,24,18,6
13/04/2013,18:30,27,4,23
13/04/2013,18:45,9,0,9
13/04/2013,19:00,9,0,9
13/04/2013,19:15,12,1,11
13/04/2013,19:30,4,1,3
13/04/2013,19:45,1,0,1
13/04/2013,20:00,1,0,1
13/04/2013,20:15,0,0,0
13/04/2013,20:30,0,0,0
13/04/2013,20:45,0,0,0
13/04/2013,21:00,1,0,1
13/04/2013,21:15,1,1,0
13/04/2013,21:30,0,0,0
13/04/2013,21:45,0,0,0
13/04/2013,22:00,1,1,0
13/04/2013,22:15,0,0,0
13/04/2013,22:30,0,0,0
13/04/2013,22:45,0,0,0
13/04/2013,23:00,1,0,1
13/04/2013,23:15,0,0,0
13/04/2013,23:30,0,0,0
13/04/2013,23:45,0,0,0
14/04/2013,00:00,0,0,0
14/04/2013,00:15,0,0,0
14/04/2013,00:30,1,1,0
14/04/2013,00:45,0,0,0
14/04/2013,01:00,0,0,0
14/04/2013,01:15,0,0,0
14/04/2013,01:30,0,0,0
14/04/2013,01:45,0,0,0
14/04/2013,02:00,0,0,0
14/04/2013,02:15,0,0,0
14/04/2013,02:30,0,0,0
14/04/2013,02:45,0,0,0
14/04/2013,03:00,0,0,0
14/04/2013,03:15,0,0,0
14/04/2013,03:30,0,0,0
14/04/2013,03:45,0,0,0
14/04/2013,04:00,0,0,0
14/04/2013,04:15,0,0,0
14/04/2013,04:30,0,0,0
14/04/2013,04:45,0,0,0
14/04/2013,05:00,0,0,0
14/04/2013,05:15,0,0,0
14/04/2013,05:30,0,0,0
14/04/2013,05:45,0,0,0
14/04/2013,06:00,0,0,0
14/04/2013,06:15,1,0,1
14/04/2013,06:30,0,0,0
14/04/2013,06:45,4,0,4
14/04/2013,07:00,1,1,0
14/04/2013,07:15,1,1,0
14/04/2013,07:30,5,2,3
14/04/2013,07:45,12,2,10
14/04/2013,08:00,7,3,4
14/04/2013,08:15,11,1,10
14/04/2013,08:30,11,4,7
14/04/2013,08:45,13,7,6
14/04/2013,09:00,13,1,12
14/04/2013,09:15,22,3,19
14/04/2013,09:30,27,8,19
14/04/2013,09:45,33,10,23
14/04/2013,10:00,33,14,19
14/04/2013,10:15,29,13,16
14/04/2013,10:30,36,18,18
14/04/2013,10:45,18,8,10
14/04/2013,11:00,43,24,19
14/04/2013,11:15,37,25,12
14/04/2013,11:30,34,16,18
14/04/2013,11:45,27,10,17
14/04/2013,12:00,16,12,4
14/04/2013,12:15,21,13,8
14/04/2013,12:30,19,8,11
14/04/2013,12:45,13,8,5
14/04/2013,13:00,24,12,12
14/04/2013,13:15,30,20,10
14/04/2013,13:30,45,21,24
14/04/2013,13:45,43,27,16
14/04/2013,14:00,30,11,19
14/04/2013,14:15,58,17,41
14/04/2013,14:30,46,17,29
14/04/2013,14:45,52,16,36
14/04/2013,15:00,44,12,32
14/04/2013,15:15,26,9,17
14/04/2013,15:30,45,12,33
14/04/2013,15:45,34,15,19
14/04/2013,16:00,29,15,14
14/04/2013,16:15,34,11,23
14/04/2013,16:30,25,6,19
14/04/2013,16:45,18,7,11
14/04/2013,17:00,30,19,11
14/04/2013,17:15,11,3,8
14/04/2013,17:30,17,8,9
14/04/2013,17:45,11,5,6
14/04/2013,18:00,22,6,16
14/04/2013,18:15,15,3,12
14/04/2013,18:30,11,2,9
14/04/2013,18:45,19,2,17
14/04/2013,19:00,16,5,11
14/04/2013,19:15,9,7,2
14/04/2013,19:30,4,2,2
14/04/2013,19:45,2,1,1
14/04/2013,20:00,0,0,0
14/04/2013,20:15,0,0,0
14/04/2013,20:30,0,0,0
14/04/2013,20:45,0,0,0
14/04/2013,21:00,0,0,0
14/04/2013,21:15,0,0,0
14/04/2013,21:30,0,0,0
14/04/2013,21:45,0,0,0
14/04/2013,22:00,0,0,0
14/04/2013,22:15,0,0,0
14/04/2013,22:30,0,0,0
14/04/2013,22:45,0,0,0
14/04/2013,23:00,1,1,0
14/04/2013,23:15,1,1,0
14/04/2013,23:30,0,0,0
14/04/2013,23:45,0,0,0
15/04/2013,00:00,0,0,0
15/04/2013,00:15,1,1,0
15/04/2013,00:30,0,0,0
15/04/2013,00:45,0,0,0
15/04/2013,01:00,0,0,0
15/04/2013,01:15,0,0,0
15/04/2013,01:30,0,0,0
15/04/2013,01:45,0,0,0
15/04/2013,02:00,0,0,0
15/04/2013,02:15,0,0,0
15/04/2013,02:30,0,0,0
15/04/2013,02:45,0,0,0
15/04/2013,03:00,0,0,0
15/04/2013,03:15,0,0,0
15/04/2013,03:30,0,0,0
15/04/2013,03:45,0,0,0
15/04/2013,04:00,0,0,0
15/04/2013,04:15,0,0,0
15/04/2013,04:30,0,0,0
15/04/2013,04:45,0,0,0
15/04/2013,05:00,0,0,0
15/04/2013,05:15,1,1,0
15/04/2013,05:30,1,0,1
15/04/2013,05:45,1,1,0
15/04/2013,06:00,1,1,0
15/04/2013,06:15,6,3,3
15/04/2013,06:30,4,0,4
15/04/2013,06:45,8,4,4
15/04/2013,07:00,3,2,1
15/04/2013,07:15,10,5,5
15/04/2013,07:30,20,14,6
15/04/2013,07:45,18,14,4
15/04/2013,08:00,27,17,10
15/04/2013,08:15,16,6,10
15/04/2013,08:30,10,1,9
15/04/2013,08:45,18,5,13
15/04/2013,09:00,8,3,5
15/04/2013,09:15,7,3,4
15/04/2013,09:30,12,3,9
15/04/2013,09:45,9,1,8
15/04/2013,10:00,10,3,7
15/04/2013,10:15,19,8,11
15/04/2013,10:30,16,10,6
15/04/2013,10:45,12,8,4
15/04/2013,11:00,12,6,6
15/04/2013,11:15,10,6,4
15/04/2013,11:30,13,6,7
15/04/2013,11:45,11,2,9
15/04/2013,12:00,8,1,7
15/04/2013,12:15,17,7,10
15/04/2013,12:30,21,9,12
15/04/2013,12:45,11,0,11
15/04/2013,13:00,7,1,6
15/04/2013,13:15,12,1,11
15/04/2013,13:30,13,1,12
15/04/2013,13:45,12,7,5
15/04/2013,14:00,11,3,8
15/04/2013,14:15,4,1,3
15/04/2013,14:30,9,2,7
15/04/2013,14:45,5,0,5
15/04/2013,15:00,6,2,4
15/04/2013,15:15,6,4,2
15/04/2013,15:30,15,11,4
15/04/2013,15:45,13,10,3
15/04/2013,16:00,11,4,7
15/04/2013,16:15,8,3,5
15/04/2013,16:30,7,2,5
15/04/2013,16:45,16,9,7
15/04/2013,17:00,6,2,4
15/04/2013,17:15,9,7,2
15/04/2013,17:30,9,4,5
15/04/2013,17:45,10,6,4
15/04/2013,18:00,6,2,4
15/04/2013,18:15,13,8,5
15/04/2013,18:30,14,7,7
15/04/2013,18:45,14,9,5
15/04/2013,19:00,7,5,2
15/04/2013,19:15,4,3,1
15/04/2013,19:30,4,1,3
15/04/2013,19:45,2,0,2
15/04/2013,20:00,3,3,0
15/04/2013,20:15,2,1,1
15/04/2013,20:30,0,0,0
15/04/2013,20:45,1,1,0
15/04/2013,21:00,1,1,0
15/04/2013,21:15,3,2,1
15/04/2013,21:30,0,0,0
15/04/2013,21:45,0,0,0
15/04/2013,22:00,2,2,0
15/04/2013,22:15,1,1,0
15/04/2013,22:30,0,0,0
15/04/2013,22:45,0,0,0
15/04/2013,23:00,0,0,0
15/04/2013,23:15,0,0,0
15/04/2013,23:30,0,0,0
15/04/2013,23:45,0,0,0
16/04/2013,00:00,0,0,0
16/04/2013,00:15,0,0,0
16/04/2013,00:30,0,0,0
16/04/2013,00:45,0,0,0
16/04/2013,01:00,1,1,0
16/04/2013,01:15,0,0,0
16/04/2013,01:30,0,0,0
16/04/2013,01:45,0,0,0
16/04/2013,02:00,0,0,0
16/04/2013,02:15,0,0,0
16/04/2013,02:30,0,0,0
16/04/2013,02:45,0,0,0
16/04/2013,03:00,0,0,0
16/04/2013,03:15,0,0,0
16/04/2013,03:30,0,0,0
16/04/2013,03:45,0,0,0
16/04/2013,04:00,0,0,0
16/04/2013,04:15,0,0,0
16/04/2013,04:30,0,0,0
16/04/2013,04:45,0,0,0
16/04/2013,05:00,1,1,0
16/04/2013,05:15,1,0,1
16/04/2013,05:30,1,0,1
16/04/2013,05:45,0,0,0
16/04/2013,06:00,1,0,1
16/04/2013,06:15,2,2,0
16/04/2013,06:30,8,1,7
16/04/2013,06:45,9,5,4
16/04/2013,07:00,11,3,8
16/04/2013,07:15,10,3,7
16/04/2013,07:30,17,9,8
16/04/2013,07:45,15,11,4
16/04/2013,08:00,32,22,10
16/04/2013,08:15,16,7,9
16/04/2013,08:30,21,6,15
16/04/2013,08:45,21,4,17
16/04/2013,09:00,10,1,9
16/04/2013,09:15,13,4,9
16/04/2013,09:30,18,7,11
16/04/2013,09:45,9,2,7
16/04/2013,10:00,17,5,12
16/04/2013,10:15,15,3,12
16/04/2013,10:30,22,3,19
16/04/2013,10:45,20,8,12
16/04/2013,11:00,7,4,3
16/04/2013,11:15,21,7,14
16/04/2013,11:30,12,6,6
16/04/2013,11:45,19,6,13
16/04/2013,12:00,7,0,7
16/04/2013,12:15,23,11,12
16/04/2013,12:30,9,5,4
16/04/2013,12:45,24,6,18
16/04/2013,13:00,15,1,14
16/04/2013,13:15,25,4,21
16/04/2013,13:30,18,1,17
16/04/2013,13:45,17,2,15
16/04/2013,14:00,30,2,28
16/04/2013,14:15,24,14,10
16/04/2013,14:30,14,4,10
16/04/2013,14:45,6,3,3
16/04/2013,15:00,16,9,7
16/04/2013,15:15,12,2,10
16/04/2013,15:30,27,19,8
16/04/2013,15:45,22,17,5
16/04/2013,16:00,11,6,5
16/04/2013,16:15,13,6,7
16/04/2013,16:30,18,3,15
16/04/2013,16:45,21,8,13
16/04/2013,17:00,25,10,15
16/04/2013,17:15,30,16,14
16/04/2013,17:30,12,9,3
16/04/2013,17:45,28,11,17
16/04/2013,18:00,28,9,19
16/04/2013,18:15,13,5,8
16/04/2013,18:30,16,8,8
16/04/2013,18:45,26,16,10
16/04/2013,19:00,16,6,10
16/04/2013,19:15,14,9,5
16/04/2013,19:30,10,4,6
16/04/2013,19:45,9,4,5
16/04/2013,20:00,14,7,7
16/04/2013,20:15,3,3,0
16/04/2013,20:30,0,0,0
16/04/2013,20:45,4,4,0
16/04/2013,21:00,1,1,0
16/04/2013,21:15,1,1,0
16/04/2013,21:30,1,0,1
16/04/2013,21:45,0,0,0
16/04/2013,22:00,0,0,0
16/04/2013,22:15,1,1,0
16/04/2013,22:30,1,1,0
16/04/2013,22:45,1,1,0
16/04/2013,23:00,2,2,0
16/04/2013,23:15,0,0,0
16/04/2013,23:30,0,0,0
16/04/2013,23:45,0,0,0
17/04/2013,00:00,0,0,0
17/04/2013,00:15,0,0,0
17/04/2013,00:30,0,0,0
17/04/2013,00:45,0,0,0
17/04/2013,01:00,0,0,0
17/04/2013,01:15,0,0,0
17/04/2013,01:30,0,0,0
17/04/2013,01:45,0,0,0
17/04/2013,02:00,0,0,0
17/04/2013,02:15,0,0,0
17/04/2013,02:30,0,0,0
17/04/2013,02:45,0,0,0
17/04/2013,03:00,0,0,0
17/04/2013,03:15,0,0,0
17/04/2013,03:30,0,0,0
17/04/2013,03:45,0,0,0
17/04/2013,04:00,0,0,0
17/04/2013,04:15,0,0,0
17/04/2013,04:30,0,0,0
17/04/2013,04:45,0,0,0
17/04/2013,05:00,1,1,0
17/04/2013,05:15,0,0,0
17/04/2013,05:30,1,0,1
17/04/2013,05:45,1,0,1
17/04/2013,06:00,3,3,0
17/04/2013,06:15,4,0,4
17/04/2013,06:30,10,2,8
17/04/2013,06:45,7,2,5
17/04/2013,07:00,4,2,2
17/04/2013,07:15,12,7,5
17/04/2013,07:30,17,12,5
17/04/2013,07:45,20,14,6
17/04/2013,08:00,25,17,8
17/04/2013,08:15,22,13,9
17/04/2013,08:30,12,3,9
17/04/2013,08:45,16,6,10
17/04/2013,09:00,13,4,9
17/04/2013,09:15,15,3,12
17/04/2013,09:30,13,4,9
17/04/2013,09:45,19,4,15
17/04/2013,10:00,23,10,13
17/04/2013,10:15,18,4,14
17/04/2013,10:30,25,2,23
17/04/2013,10:45,17,7,10
17/04/2013,11:00,23,7,16
17/04/2013,11:15,32,7,25
17/04/2013,11:30,11,4,7
17/04/2013,11:45,11,4,7
17/04/2013,12:00,17,2,15
17/04/2013,12:15,13,6,7
17/04/2013,12:30,16,7,9
17/04/2013,12:45,20,3,17
17/04/2013,13:00,13,5,8
17/04/2013,13:15,22,14,8
17/04/2013,13:30,24,10,14
17/04/2013,13:45,15,6,9
17/04/2013,14:00,8,2,6
17/04/2013,14:15,12,7,5
17/04/2013,14:30,6,4,2
17/04/2013,14:45,11,3,8
17/04/2013,15:00,13,5,8
17/04/2013,15:15,25,9,16
17/04/2013,15:30,12,8,4
17/04/2013,15:45,18,6,12
17/04/2013,16:00,10,6,4
17/04/2013,16:15,20,13,7
17/04/2013,16:30,14,2,12
17/04/2013,16:45,15,8,7
17/04/2013,17:00,25,14,11
17/04/2013,17:15,17,2,15
17/04/2013,17:30,17,10,7
17/04/2013,17:45,23,13,10
17/04/2013,18:00,17,7,10
17/04/2013,18:15,24,12,12
17/04/2013,18:30,14,7,7
17/04/2013,18:45,9,7,2
17/04/2013,19:00,12,7,5
17/04/2013,19:15,10,7,3
17/04/2013,19:30,7,5,2
17/04/2013,19:45,3,1,2
17/04/2013,20:00,7,5,2
17/04/2013,20:15,0,0,0
17/04/2013,20:30,2,2,0
17/04/2013,20:45,1,0,1
17/04/2013,21:00,0,0,0
17/04/2013,21:15,1,0,1
17/04/2013,21:30,0,0,0
17/04/2013,21:45,2,1,1
17/04/2013,22:00,0,0,0
17/04/2013,22:15,0,0,0
17/04/2013,22:30,0,0,0
17/04/2013,22:45,0,0,0
17/04/2013,23:00,0,0,0
17/04/2013,23:15,0,0,0
17/04/2013,23:30,0,0,0
17/04/2013,23:45,0,0,0
18/04/2013,00:00,0,0,0
18/04/2013,00:15,0,0,0
18/04/2013,00:30,0,0,0
18/04/2013,00:45,0,0,0
18/04/2013,01:00,0,0,0
18/04/2013,01:15,0,0,0
18/04/2013,01:30,0,0,0
18/04/2013,01:45,0,0,0
18/04/2013,02:00,0,0,0
18/04/2013,02:15,0,0,0
18/04/2013,02:30,0,0,0
18/04/2013,02:45,0,0,0
18/04/2013,03:00,0,0,0
18/04/2013,03:15,0,0,0
18/04/2013,03:30,0,0,0
18/04/2013,03:45,0,0,0
18/04/2013,04:00,0,0,0
18/04/2013,04:15,1,1,0
18/04/2013,04:30,0,0,0
18/04/2013,04:45,0,0,0
18/04/2013,05:00,0,0,0
18/04/2013,05:15,0,0,0
18/04/2013,05:30,0,0,0
18/04/2013,05:45,0,0,0
18/04/2013,06:00,1,0,1
18/04/2013,06:15,2,1,1
18/04/2013,06:30,2,1,1
18/04/2013,06:45,10,6,4
18/04/2013,07:00,6,3,3
18/04/2013,07:15,15,6,9
18/04/2013,07:30,14,11,3
18/04/2013,07:45,16,12,4
18/04/2013,08:00,32,25,7
18/04/2013,08:15,16,8,8
18/04/2013,08:30,13,6,7
18/04/2013,08:45,18,5,13
18/04/2013,09:00,12,6,6
18/04/2013,09:15,15,9,6
18/04/2013,09:30,8,4,4
18/04/2013,09:45,14,5,9
18/04/2013,10:00,14,6,8
18/04/2013,10:15,16,2,14
18/04/2013,10:30,24,7,17
18/04/2013,10:45,18,6,12
18/04/2013,11:00,17,8,9
18/04/2013,11:15,20,9,11
18/04/2013,11:30,15,6,9
18/04/2013,11:45,9,4,5
18/04/2013,12:00,19,3,16
18/04/2013,12:15,19,9,10
18/04/2013,12:30,26,7,19
18/04/2013,12:45,36,10,26
18/04/2013,13:00,19,8,11
18/04/2013,13:15,16,5,11
18/04/2013,13:30,24,4,20
18/04/2013,13:45,24,6,18
18/04/2013,14:00,28,4,24
18/04/2013,14:15,30,3,27
18/04/2013,14:30,18,10,8
18/04/2013,14:45,15,5,10
18/04/2013,15:00,30,5,25
18/04/2013,15:15,32,14,18
18/04/2013,15:30,36,15,21
18/04/2013,15:45,31,10,21
18/04/2013,16:00,42,14,28
18/04/2013,16:15,23,9,14
18/04/2013,16:30,25,7,18
18/04/2013,16:45,28,11,17
18/04/2013,17:00,20,6,14
18/04/2013,17:15,19,14,5
18/04/2013,17:30,14,9,5
18/04/2013,17:45,19,15,4
18/04/2013,18:00,13,9,4
18/04/2013,18:15,13,9,4
18/04/2013,18:30,16,10,6
18/04/2013,18:45,23,16,7
18/04/2013,19:00,14,9,5
18/04/2013,19:15,12,6,6
18/04/2013,19:30,5,1,4
18/04/2013,19:45,5,2,3
18/04/2013,20:00,8,7,1
18/04/2013,20:15,4,2,2
18/04/2013,20:30,3,0,3
18/04/2013,20:45,3,0,3
18/04/2013,21:00,3,3,0
18/04/2013,21:15,1,0,1
18/04/2013,21:30,1,0,1
18/04/2013,21:45,0,0,0
18/04/2013,22:00,0,0,0
18/04/2013,22:15,1,1,0
18/04/2013,22:30,0,0,0
18/04/2013,22:45,0,0,0
18/04/2013,23:00,0,0,0
18/04/2013,23:15,0,0,0
18/04/2013,23:30,0,0,0
18/04/2013,23:45,0,0,0
19/04/2013,00:00,0,0,0
19/04/2013,00:15,0,0,0
19/04/2013,00:30,0,0,0
19/04/2013,00:45,0,0,0
19/04/2013,01:00,0,0,0
19/04/2013,01:15,0,0,0
19/04/2013,01:30,0,0,0
19/04/2013,01:45,0,0,0
19/04/2013,02:00,0,0,0
19/04/2013,02:15,0,0,0
19/04/2013,02:30,0,0,0
19/04/2013,02:45,0,0,0
19/04/2013,03:00,0,0,0
19/04/2013,03:15,0,0,0
19/04/2013,03:30,0,0,0
19/04/2013,03:45,0,0,0
19/04/2013,04:00,0,0,0
19/04/2013,04:15,0,0,0
19/04/2013,04:30,0,0,0
19/04/2013,04:45,0,0,0
19/04/2013,05:00,0,0,0
19/04/2013,05:15,0,0,0
19/04/2013,05:30,1,1,0
19/04/2013,05:45,0,0,0
19/04/2013,06:00,0,0,0
19/04/2013,06:15,4,0,4
19/04/2013,06:30,3,0,3
19/04/2013,06:45,10,3,7
19/04/2013,07:00,10,6,4
19/04/2013,07:15,8,2,6
19/04/2013,07:30,12,9,3
19/04/2013,07:45,17,10,7
19/04/2013,08:00,22,12,10
19/04/2013,08:15,14,4,10
19/04/2013,08:30,14,4,10
19/04/2013,08:45,17,5,12
19/04/2013,09:00,14,8,6
19/04/2013,09:15,5,0,5
19/04/2013,09:30,11,2,9
19/04/2013,09:45,15,6,9
19/04/2013,10:00,12,2,10
19/04/2013,10:15,19,3,16
19/04/2013,10:30,7,1,6
19/04/2013,10:45,12,2,10
19/04/2013,11:00,12,6,6
19/04/2013,11:15,13,7,6
19/04/2013,11:30,10,0,10
19/04/2013,11:45,12,5,7
19/04/2013,12:00,20,5,15
19/04/2013,12:15,20,5,15
19/04/2013,12:30,15,3,12
19/04/2013,12:45,21,4,17
19/04/2013,13:00,12,1,11
19/04/2013,13:15,20,8,12
19/04/2013,13:30,32,8,24
19/04/2013,13:45,22,9,13
19/04/2013,14:00,13,4,9
19/04/2013,14:15,11,4,7
19/04/2013,14:30,13,5,8
19/04/2013,14:45,6,2,4
19/04/2013,15:00,11,5,6
19/04/2013,15:15,13,8,5
19/04/2013,15:30,13,8,5
19/04/2013,15:45,24,16,8
19/04/2013,16:00,12,6,6
19/04/2013,16:15,16,12,4
19/04/2013,16:30,17,15,2
19/04/2013,16:45,13,7,6
19/04/2013,17:00,19,10,9
19/04/2013,17:15,20,16,4
19/04/2013,17:30,10,7,3
19/04/2013,17:45,16,10,6
19/04/2013,18:00,10,8,2
19/04/2013,18:15,6,4,2
19/04/2013,18:30,12,6,6
19/04/2013,18:45,12,12,0
19/04/2013,19:00,9,5,4
19/04/2013,19:15,10,7,3
19/04/2013,19:30,6,3,3
19/04/2013,19:45,3,2,1
19/04/2013,20:00,3,2,1
19/04/2013,20:15,4,3,1
19/04/2013,20:30,3,1,2
19/04/2013,20:45,2,2,0
19/04/2013,21:00,3,2,1
19/04/2013,21:15,0,0,0
19/04/2013,21:30,0,0,0
19/04/2013,21:45,0,0,0
19/04/2013,22:00,1,1,0
19/04/2013,22:15,1,1,0
19/04/2013,22:30,1,1,0
19/04/2013,22:45,0,0,0
19/04/2013,23:00,0,0,0
19/04/2013,23:15,0,0,0
19/04/2013,23:30,0,0,0
19/04/2013,23:45,1,1,0
20/04/2013,00:00,1,0,1
20/04/2013,00:15,0,0,0
20/04/2013,00:30,0,0,0
20/04/2013,00:45,0,0,0
20/04/2013,01:00,0,0,0
20/04/2013,01:15,0,0,0
20/04/2013,01:30,0,0,0
20/04/2013,01:45,0,0,0
20/04/2013,02:00,0,0,0
20/04/2013,02:15,0,0,0
20/04/2013,02:30,0,0,0
20/04/2013,02:45,0,0,0
20/04/2013,03:00,0,0,0
20/04/2013,03:15,0,0,0
20/04/2013,03:30,0,0,0
20/04/2013,03:45,0,0,0
20/04/2013,04:00,0,0,0
20/04/2013,04:15,0,0,0
20/04/2013,04:30,0,0,0
20/04/2013,04:45,0,0,0
20/04/2013,05:00,0,0,0
20/04/2013,05:15,0,0,0
20/04/2013,05:30,0,0,0
20/04/2013,05:45,0,0,0
20/04/2013,06:00,1,0,1
20/04/2013,06:15,1,0,1
20/04/2013,06:30,1,1,0
20/04/2013,06:45,2,0,2
20/04/2013,07:00,2,1,1
20/04/2013,07:15,3,0,3
20/04/2013,07:30,2,0,2
20/04/2013,07:45,7,1,6
20/04/2013,08:00,10,1,9
20/04/2013,08:15,16,1,15
20/04/2013,08:30,21,7,14
20/04/2013,08:45,13,3,10
20/04/2013,09:00,30,3,27
20/04/2013,09:15,20,7,13
20/04/2013,09:30,19,7,12
20/04/2013,09:45,23,3,20
20/04/2013,10:00,21,8,13
20/04/2013,10:15,52,11,41
20/04/2013,10:30,30,10,20
20/04/2013,10:45,22,9,13
20/04/2013,11:00,24,7,17
20/04/2013,11:15,30,8,22
20/04/2013,11:30,21,7,14
20/04/2013,11:45,28,8,20
20/04/2013,12:00,16,7,9
20/04/2013,12:15,25,10,15
20/04/2013,12:30,26,12,14
20/04/2013,12:45,13,5,8
20/04/2013,13:00,21,4,17
20/04/2013,13:15,22,5,17
20/04/2013,13:30,25,6,19
20/04/2013,13:45,40,12,28
20/04/2013,14:00,31,5,26
20/04/2013,14:15,25,12,13
20/04/2013,14:30,28,9,19
20/04/2013,14:45,28,15,13
20/04/2013,15:00,14,7,7
20/04/2013,15:15,37,17,20
20/04/2013,15:30,41,20,21
20/04/2013,15:45,21,14,7
20/04/2013,16:00,21,6,15
20/04/2013,16:15,23,18,5
20/04/2013,16:30,18,9,9
20/04/2013,16:45,14,10,4
20/04/2013,17:00,16,9,7
20/04/2013,17:15,18,12,6
20/04/2013,17:30,20,13,7
20/04/2013,17:45,18,11,7
20/04/2013,18:00,12,5,7
20/04/2013,18:15,10,5,5
20/04/2013,18:30,11,7,4
20/04/2013,18:45,5,4,1
20/04/2013,19:00,11,6,5
20/04/2013,19:15,8,7,1
20/04/2013,19:30,5,2,3
20/04/2013,19:45,1,0,1
20/04/2013,20:00,3,2,1
20/04/2013,20:15,2,2,0
20/04/2013,20:30,1,0,1
20/04/2013,20:45,2,1,1
20/04/2013,21:00,0,0,0
20/04/2013,21:15,0,0,0
20/04/2013,21:30,0,0,0
20/04/2013,21:45,0,0,0
20/04/2013,22:00,0,0,0
20/04/2013,22:15,1,1,0
20/04/2013,22:30,2,2,0
20/04/2013,22:45,1,1,0
20/04/2013,23:00,0,0,0
20/04/2013,23:15,0,0,0
20/04/2013,23:30,0,0,0
20/04/2013,23:45,0,0,0
21/04/2013,00:00,0,0,0
21/04/2013,00:15,0,0,0
21/04/2013,00:30,0,0,0
21/04/2013,00:45,0,0,0
21/04/2013,01:00,0,0,0
21/04/2013,01:15,0,0,0
21/04/2013,01:30,0,0,0
21/04/2013,01:45,0,0,0
21/04/2013,02:00,0,0,0
21/04/2013,02:15,0,0,0
21/04/2013,02:30,0,0,0
21/04/2013,02:45,0,0,0
21/04/2013,03:00,0,0,0
21/04/2013,03:15,0,0,0
21/04/2013,03:30,0,0,0
21/04/2013,03:45,0,0,0
21/04/2013,04:00,0,0,0
21/04/2013,04:15,0,0,0
21/04/2013,04:30,0,0,0
21/04/2013,04:45,0,0,0
21/04/2013,05:00,0,0,0
21/04/2013,05:15,0,0,0
21/04/2013,05:30,0,0,0
21/04/2013,05:45,0,0,0
21/04/2013,06:00,0,0,0
21/04/2013,06:15,0,0,0
21/04/2013,06:30,1,0,1
21/04/2013,06:45,2,0,2
21/04/2013,07:00,0,0,0
21/04/2013,07:15,2,0,2
21/04/2013,07:30,2,0,2
21/04/2013,07:45,4,0,4
21/04/2013,08:00,6,0,6
21/04/2013,08:15,10,2,8
21/04/2013,08:30,16,6,10
21/04/2013,08:45,14,5,9
21/04/2013,09:00,14,6,8
21/04/2013,09:15,11,3,8
21/04/2013,09:30,21,5,16
21/04/2013,09:45,16,3,13
21/04/2013,10:00,24,7,17
21/04/2013,10:15,29,14,15
21/04/2013,10:30,23,13,10
21/04/2013,10:45,67,48,19
21/04/2013,11:00,19,6,13
21/04/2013,11:15,28,13,15
21/04/2013,11:30,33,17,16
21/04/2013,11:45,32,21,11
21/04/2013,12:00,24,13,11
21/04/2013,12:15,34,24,10
21/04/2013,12:30,39,27,12
21/04/2013,12:45,22,13,9
21/04/2013,13:00,26,22,4
21/04/2013,13:15,20,14,6
21/04/2013,13:30,15,13,2
21/04/2013,13:45,18,12,6
21/04/2013,14:00,11,8,3
21/04/2013,14:15,22,18,4
21/04/2013,14:30,25,24,1
21/04/2013,14:45,28,21,7
21/04/2013,15:00,22,21,1
21/04/2013,15:15,15,13,2
21/04/2013,15:30,15,11,4
21/04/2013,15:45,36,32,4
21/04/2013,16:00,22,18,4
21/04/2013,16:15,11,6,5
21/04/2013,16:30,16,12,4
21/04/2013,16:45,18,13,5
21/04/2013,17:00,8,3,5
21/04/2013,17:15,14,13,1
21/04/2013,17:30,8,7,1
21/04/2013,17:45,11,8,3
21/04/2013,18:00,13,8,5
21/04/2013,18:15,13,12,1
21/04/2013,18:30,11,9,2
21/04/2013,18:45,11,6,5
21/04/2013,19:00,3,0,3
21/04/2013,19:15,12,7,5
21/04/2013,19:30,11,5,6
21/04/2013,19:45,20,1,19
21/04/2013,20:00,14,3,11
21/04/2013,20:15,4,0,4
21/04/2013,20:30,3,0,3
21/04/2013,20:45,2,1,1
21/04/2013,21:00,2,0,2
21/04/2013,21:15,0,0,0
21/04/2013,21:30,0,0,0
21/04/2013,21:45,2,0,2
21/04/2013,22:00,1,0,1
21/04/2013,22:15,1,1,0
21/04/2013,22:30,0,0,0
21/04/2013,22:45,1,1,0
21/04/2013,23:00,0,0,0
21/04/2013,23:15,0,0,0
21/04/2013,23:30,0,0,0
21/04/2013,23:45,0,0,0
22/04/2013,00:00,0,0,0
22/04/2013,00:15,0,0,0
22/04/2013,00:30,0,0,0
22/04/2013,00:45,0,0,0
22/04/2013,01:00,0,0,0
22/04/2013,01:15,0,0,0
22/04/2013,01:30,0,0,0
22/04/2013,01:45,0,0,0
22/04/2013,02:00,0,0,0
22/04/2013,02:15,0,0,0
22/04/2013,02:30,0,0,0
22/04/2013,02:45,0,0,0
22/04/2013,03:00,0,0,0
22/04/2013,03:15,0,0,0
22/04/2013,03:30,0,0,0
22/04/2013,03:45,0,0,0
22/04/2013,04:00,0,0,0
22/04/2013,04:15,0,0,0
22/04/2013,04:30,0,0,0
22/04/2013,04:45,0,0,0
22/04/2013,05:00,0,0,0
22/04/2013,05:15,1,1,0
22/04/2013,05:30,1,0,1
22/04/2013,05:45,2,0,2
22/04/2013,06:00,2,1,1
22/04/2013,06:15,7,3,4
22/04/2013,06:30,7,1,6
22/04/2013,06:45,12,5,7
22/04/2013,07:00,5,1,4
22/04/2013,07:15,13,6,7
22/04/2013,07:30,21,12,9
22/04/2013,07:45,13,10,3
22/04/2013,08:00,31,23,8
22/04/2013,08:15,16,11,5
22/04/2013,08:30,14,2,12
22/04/2013,08:45,18,3,15
22/04/2013,09:00,18,2,16
22/04/2013,09:15,14,3,11
22/04/2013,09:30,13,4,9
22/04/2013,09:45,20,7,13
22/04/2013,10:00,21,9,12
22/04/2013,10:15,14,4,10
22/04/2013,10:30,14,4,10
22/04/2013,10:45,18,6,12
22/04/2013,11:00,13,5,8
22/04/2013,11:15,12,6,6
22/04/2013,11:30,13,3,10
22/04/2013,11:45,15,7,8
22/04/2013,12:00,14,4,10
22/04/2013,12:15,12,4,8
22/04/2013,12:30,11,7,4
22/04/2013,12:45,7,2,5
22/04/2013,13:00,18,5,13
22/04/2013,13:15,7,3,4
22/04/2013,13:30,22,10,12
22/04/2013,13:45,9,7,2
22/04/2013,14:00,6,2,4
22/04/2013,14:15,8,2,6
22/04/2013,14:30,10,6,4
22/04/2013,14:45,12,9,3
22/04/2013,15:00,12,2,10
22/04/2013,15:15,22,8,14
22/04/2013,15:30,48,13,35
22/04/2013,15:45,37,20,17
22/04/2013,16:00,23,11,12
22/04/2013,16:15,23,8,15
22/04/2013,16:30,13,7,6
22/04/2013,16:45,6,4,2
22/04/2013,17:00,13,8,5
22/04/2013,17:15,14,9,5
22/04/2013,17:30,15,6,9
22/04/2013,17:45,21,13,8
22/04/2013,18:00,6,3,3
22/04/2013,18:15,18,10,8
22/04/2013,18:30,21,14,7
22/04/2013,18:45,19,9,10
22/04/2013,19:00,14,6,8
22/04/2013,19:15,16,6,10
22/04/2013,19:30,26,9,17
22/04/2013,19:45,11,8,3
22/04/2013,20:00,13,8,5
22/04/2013,20:15,6,2,4
22/04/2013,20:30,4,2,2
22/04/2013,20:45,0,0,0
22/04/2013,21:00,3,1,2
22/04/2013,21:15,1,1,0
22/04/2013,21:30,2,0,2
22/04/2013,21:45,1,1,0
22/04/2013,22:00,2,1,1
22/04/2013,22:15,2,1,1
22/04/2013,22:30,2,0,2
22/04/2013,22:45,1,0,1
22/04/2013,23:00,0,0,0
22/04/2013,23:15,0,0,0
22/04/2013,23:30,0,0,0
22/04/2013,23:45,0,0,0
23/04/2013,00:00,0,0,0
23/04/2013,00:15,1,0,1
23/04/2013,00:30,0,0,0
23/04/2013,00:45,0,0,0
23/04/2013,01:00,0,0,0
23/04/2013,01:15,0,0,0
23/04/2013,01:30,0,0,0
23/04/2013,01:45,0,0,0
23/04/2013,02:00,0,0,0
23/04/2013,02:15,0,0,0
23/04/2013,02:30,0,0,0
23/04/2013,02:45,0,0,0
23/04/2013,03:00,0,0,0
23/04/2013,03:15,0,0,0
23/04/2013,03:30,0,0,0
23/04/2013,03:45,0,0,0
23/04/2013,04:00,0,0,0
23/04/2013,04:15,0,0,0
23/04/2013,04:30,0,0,0
23/04/2013,04:45,0,0,0
23/04/2013,05:00,1,1,0
23/04/2013,05:15,2,0,2
23/04/2013,05:30,1,0,1
23/04/2013,05:45,0,0,0
23/04/2013,06:00,5,1,4
23/04/2013,06:15,7,0,7
23/04/2013,06:30,6,1,5
23/04/2013,06:45,10,6,4
23/04/2013,07:00,9,4,5
23/04/2013,07:15,12,4,8
23/04/2013,07:30,26,15,11
23/04/2013,07:45,14,9,5
23/04/2013,08:00,26,20,6
23/04/2013,08:15,28,14,14
23/04/2013,08:30,13,1,12
23/04/2013,08:45,24,6,18
23/04/2013,09:00,20,8,12
23/04/2013,09:15,20,3,17
23/04/2013,09:30,21,6,15
23/04/2013,09:45,19,6,13
23/04/2013,10:00,13,5,8
23/04/2013,10:15,13,5,8
23/04/2013,10:30,21,4,17
23/04/2013,10:45,12,5,7
23/04/2013,11:00,18,7,11
23/04/2013,11:15,19,9,10
23/04/2013,11:30,16,3,13
23/04/2013,11:45,7,3,4
23/04/2013,12:00,20,10,10
23/04/2013,12:15,19,6,13
23/04/2013,12:30,16,3,13
23/04/2013,12:45,15,4,11
23/04/2013,13:00,10,7,3
23/04/2013,13:15,12,6,6
23/04/2013,13:30,12,7,5
23/04/2013,13:45,20,10,10
23/04/2013,14:00,17,8,9
23/04/2013,14:15,10,1,9
23/04/2013,14:30,7,5,2
23/04/2013,14:45,8,4,4
23/04/2013,15:00,6,3,3
23/04/2013,15:15,13,6,7
23/04/2013,15:30,24,21,3
23/04/2013,15:45,21,15,6
23/04/2013,16:00,13,9,4
23/04/2013,16:15,10,6,4
23/04/2013,16:30,12,8,4
23/04/2013,16:45,14,12,2
23/04/2013,17:00,15,11,4
23/04/2013,17:15,15,12,3
23/04/2013,17:30,14,7,7
23/04/2013,17:45,24,19,5
23/04/2013,18:00,11,7,4
23/04/2013,18:15,19,12,7
23/04/2013,18:30,17,13,4
23/04/2013,18:45,23,13,10
23/04/2013,19:00,19,16,3
23/04/2013,19:15,9,4,5
23/04/2013,19:30,14,6,8
23/04/2013,19:45,1,1,0
23/04/2013,20:00,11,10,1
23/04/2013,20:15,2,2,0
23/04/2013,20:30,5,1,4
23/04/2013,20:45,3,3,0
23/04/2013,21:00,1,0,1
23/04/2013,21:15,1,0,1
23/04/2013,21:30,0,0,0
23/04/2013,21:45,0,0,0
23/04/2013,22:00,1,1,0
23/04/2013,22:15,0,0,0
23/04/2013,22:30,0,0,0
23/04/2013,22:45,0,0,0
23/04/2013,23:00,0,0,0
23/04/2013,23:15,1,1,0
23/04/2013,23:30,1,0,1
23/04/2013,23:45,0,0,0
24/04/2013,00:00,0,0,0
24/04/2013,00:15,0,0,0
24/04/2013,00:30,0,0,0
24/04/2013,00:45,0,0,0
24/04/2013,01:00,0,0,0
24/04/2013,01:15,0,0,0
24/04/2013,01:30,0,0,0
24/04/2013,01:45,0,0,0
24/04/2013,02:00,0,0,0
24/04/2013,02:15,0,0,0
24/04/2013,02:30,0,0,0
24/04/2013,02:45,1,0,1
24/04/2013,03:00,0,0,0
24/04/2013,03:15,0,0,0
24/04/2013,03:30,0,0,0
24/04/2013,03:45,0,0,0
24/04/2013,04:00,0,0,0
24/04/2013,04:15,0,0,0
24/04/2013,04:30,0,0,0
24/04/2013,04:45,1,1,0
24/04/2013,05:00,1,1,0
24/04/2013,05:15,0,0,0
24/04/2013,05:30,0,0,0
24/04/2013,05:45,3,0,3
24/04/2013,06:00,0,0,0
24/04/2013,06:15,6,3,3
24/04/2013,06:30,5,1,4
24/04/2013,06:45,13,5,8
24/04/2013,07:00,5,1,4
24/04/2013,07:15,17,6,11
24/04/2013,07:30,15,8,7
24/04/2013,07:45,23,17,6
24/04/2013,08:00,28,16,12
24/04/2013,08:15,30,13,17
24/04/2013,08:30,20,2,18
24/04/2013,08:45,16,5,11
24/04/2013,09:00,30,6,24
24/04/2013,09:15,20,5,15
24/04/2013,09:30,21,5,16
24/04/2013,09:45,19,7,12
24/04/2013,10:00,28,5,23
24/04/2013,10:15,17,1,16
24/04/2013,10:30,22,3,19
24/04/2013,10:45,20,3,17
24/04/2013,11:00,11,5,6
24/04/2013,11:15,15,6,9
24/04/2013,11:30,16,10,6
24/04/2013,11:45,6,4,2
24/04/2013,12:00,17,10,7
24/04/2013,12:15,15,9,6
24/04/2013,12:30,11,3,8
24/04/2013,12:45,20,3,17
24/04/2013,13:00,10,3,7
24/04/2013,13:15,21,7,14
24/04/2013,13:30,27,11,16
24/04/2013,13:45,26,9,17
24/04/2013,14:00,17,9,8
24/04/2013,14:15,7,2,5
24/04/2013,14:30,15,10,5
24/04/2013,14:45,5,2,3
24/04/2013,15:00,8,3,5
24/04/2013,15:15,15,6,9
24/04/2013,15:30,9,5,4
24/04/2013,15:45,7,4,3
24/04/2013,16:00,7,5,2
24/04/2013,16:15,14,7,7
24/04/2013,16:30,27,9,18
24/04/2013,16:45,14,7,7
24/04/2013,17:00,24,12,12
24/04/2013,17:15,18,9,9
24/04/2013,17:30,24,13,11
24/04/2013,17:45,27,16,11
24/04/2013,18:00,16,5,11
24/04/2013,18:15,18,13,5
24/04/2013,18:30,19,10,9
24/04/2013,18:45,19,9,10
24/04/2013,19:00,13,5,8
24/04/2013,19:15,9,5,4
24/04/2013,19:30,6,1,5
24/04/2013,19:45,7,3,4
24/04/2013,20:00,14,10,4
24/04/2013,20:15,5,0,5
24/04/2013,20:30,4,1,3
24/04/2013,20:45,1,1,0
24/04/2013,21:00,2,0,2
24/04/2013,21:15,0,0,0
24/04/2013,21:30,2,0,2
24/04/2013,21:45,2,1,1
24/04/2013,22:00,1,0,1
24/04/2013,22:15,2,2,0
24/04/2013,22:30,0,0,0
24/04/2013,22:45,0,0,0
24/04/2013,23:00,0,0,0
24/04/2013,23:15,0,0,0
24/04/2013,23:30,0,0,0
24/04/2013,23:45,0,0,0
25/04/2013,00:00,0,0,0
25/04/2013,00:15,0,0,0
25/04/2013,00:30,0,0,0
25/04/2013,00:45,0,0,0
25/04/2013,01:00,0,0,0
25/04/2013,01:15,0,0,0
25/04/2013,01:30,0,0,0
25/04/2013,01:45,0,0,0
25/04/2013,02:00,0,0,0
25/04/2013,02:15,0,0,0
25/04/2013,02:30,0,0,0
25/04/2013,02:45,0,0,0
25/04/2013,03:00,0,0,0
25/04/2013,03:15,0,0,0
25/04/2013,03:30,0,0,0
25/04/2013,03:45,0,0,0
25/04/2013,04:00,0,0,0
25/04/2013,04:15,0,0,0
25/04/2013,04:30,1,0,1
25/04/2013,04:45,1,1,0
25/04/2013,05:00,1,1,0
25/04/2013,05:15,1,0,1
25/04/2013,05:30,0,0,0
25/04/2013,05:45,1,1,0
25/04/2013,06:00,3,2,1
25/04/2013,06:15,5,4,1
25/04/2013,06:30,11,0,11
25/04/2013,06:45,8,2,6
25/04/2013,07:00,15,3,12
25/04/2013,07:15,15,7,8
25/04/2013,07:30,16,14,2
25/04/2013,07:45,18,11,7
25/04/2013,08:00,23,20,3
25/04/2013,08:15,26,11,15
25/04/2013,08:30,12,2,10
25/04/2013,08:45,31,11,20
25/04/2013,09:00,22,11,11
25/04/2013,09:15,13,5,8
25/04/2013,09:30,20,4,16
25/04/2013,09:45,15,3,12
25/04/2013,10:00,11,5,6
25/04/2013,10:15,6,0,6
25/04/2013,10:30,10,2,8
25/04/2013,10:45,16,8,8
25/04/2013,11:00,10,3,7
25/04/2013,11:15,7,3,4
25/04/2013,11:30,3,1,2
25/04/2013,11:45,5,1,4
25/04/2013,12:00,9,2,7
25/04/2013,12:15,9,3,6
25/04/2013,12:30,12,3,9
25/04/2013,12:45,13,6,7
25/04/2013,13:00,15,3,12
25/04/2013,13:15,14,5,9
25/04/2013,13:30,12,2,10
25/04/2013,13:45,14,5,9
25/04/2013,14:00,12,3,9
25/04/2013,14:15,11,3,8
25/04/2013,14:30,13,8,5
25/04/2013,14:45,11,3,8
25/04/2013,15:00,13,5,8
25/04/2013,15:15,15,5,10
25/04/2013,15:30,13,7,6
25/04/2013,15:45,35,27,8
25/04/2013,16:00,17,8,9
25/04/2013,16:15,23,4,19
25/04/2013,16:30,18,9,9
25/04/2013,16:45,11,8,3
25/04/2013,17:00,17,12,5
25/04/2013,17:15,13,7,6
25/04/2013,17:30,13,3,10
25/04/2013,17:45,17,12,5
25/04/2013,18:00,23,15,8
25/04/2013,18:15,12,6,6
25/04/2013,18:30,11,6,5
25/04/2013,18:45,19,17,2
25/04/2013,19:00,11,6,5
25/04/2013,19:15,24,4,20
25/04/2013,19:30,21,5,16
25/04/2013,19:45,19,10,9
25/04/2013,20:00,10,7,3
25/04/2013,20:15,3,2,1
25/04/2013,20:30,3,3,0
25/04/2013,20:45,0,0,0
25/04/2013,21:00,2,2,0
25/04/2013,21:15,3,1,2
25/04/2013,21:30,2,0,2
25/04/2013,21:45,0,0,0
25/04/2013,22:00,0,0,0
25/04/2013,22:15,0,0,0
25/04/2013,22:30,2,2,0
25/04/2013,22:45,1,0,1
25/04/2013,23:00,0,0,0
25/04/2013,23:15,0,0,0
25/04/2013,23:30,0,0,0
25/04/2013,23:45,0,0,0
26/04/2013,00:00,0,0,0
26/04/2013,00:15,2,0,2
26/04/2013,00:30,0,0,0
26/04/2013,00:45,0,0,0
26/04/2013,01:00,0,0,0
26/04/2013,01:15,0,0,0
26/04/2013,01:30,0,0,0
26/04/2013,01:45,0,0,0
26/04/2013,02:00,0,0,0
26/04/2013,02:15,0,0,0
26/04/2013,02:30,0,0,0
26/04/2013,02:45,0,0,0
26/04/2013,03:00,0,0,0
26/04/2013,03:15,0,0,0
26/04/2013,03:30,0,0,0
26/04/2013,03:45,0,0,0
26/04/2013,04:00,0,0,0
26/04/2013,04:15,0,0,0
26/04/2013,04:30,0,0,0
26/04/2013,04:45,1,1,0
26/04/2013,05:00,1,1,0
26/04/2013,05:15,1,0,1
26/04/2013,05:30,0,0,0
26/04/2013,05:45,1,1,0
26/04/2013,06:00,0,0,0
26/04/2013,06:15,7,1,6
26/04/2013,06:30,5,0,5
26/04/2013,06:45,8,4,4
26/04/2013,07:00,9,4,5
26/04/2013,07:15,13,4,9
26/04/2013,07:30,10,7,3
26/04/2013,07:45,19,11,8
26/04/2013,08:00,26,16,10
26/04/2013,08:15,16,6,10
26/04/2013,08:30,18,6,12
26/04/2013,08:45,21,4,17
26/04/2013,09:00,8,4,4
26/04/2013,09:15,6,2,4
26/04/2013,09:30,10,3,7
26/04/2013,09:45,9,1,8
26/04/2013,10:00,15,6,9
26/04/2013,10:15,13,5,8
26/04/2013,10:30,23,3,20
26/04/2013,10:45,16,3,13
26/04/2013,11:00,13,1,12
26/04/2013,11:15,17,6,11
26/04/2013,11:30,18,10,8
26/04/2013,11:45,27,18,9
26/04/2013,12:00,25,12,13
26/04/2013,12:15,21,6,15
26/04/2013,12:30,22,10,12
26/04/2013,12:45,22,8,14
26/04/2013,13:00,12,1,11
26/04/2013,13:15,18,8,10
26/04/2013,13:30,15,2,13
26/04/2013,13:45,21,8,13
26/04/2013,14:00,12,6,6
26/04/2013,14:15,17,9,8
26/04/2013,14:30,21,12,9
26/04/2013,14:45,8,4,4
26/04/2013,15:00,11,8,3
26/04/2013,15:15,16,7,9
26/04/2013,15:30,21,15,6
26/04/2013,15:45,27,17,10
26/04/2013,16:00,13,9,4
26/04/2013,16:15,22,16,6
26/04/2013,16:30,13,7,6
26/04/2013,16:45,13,8,5
26/04/2013,17:00,24,16,8
26/04/2013,17:15,21,10,11
26/04/2013,17:30,18,14,4
26/04/2013,17:45,12,8,4
26/04/2013,18:00,15,7,8
26/04/2013,18:15,15,11,4
26/04/2013,18:30,11,8,3
26/04/2013,18:45,11,9,2
26/04/2013,19:00,9,7,2
26/04/2013,19:15,6,3,3
26/04/2013,19:30,10,8,2
26/04/2013,19:45,5,0,5
26/04/2013,20:00,1,1,0
26/04/2013,20:15,1,0,1
26/04/2013,20:30,2,0,2
26/04/2013,20:45,3,3,0
26/04/2013,21:00,0,0,0
26/04/2013,21:15,0,0,0
26/04/2013,21:30,0,0,0
26/04/2013,21:45,0,0,0
26/04/2013,22:00,0,0,0
26/04/2013,22:15,0,0,0
26/04/2013,22:30,0,0,0
26/04/2013,22:45,0,0,0
26/04/2013,23:00,0,0,0
26/04/2013,23:15,0,0,0
26/04/2013,23:30,0,0,0
26/04/2013,23:45,0,0,0
27/04/2013,00:00,0,0,0
27/04/2013,00:15,0,0,0
27/04/2013,00:30,0,0,0
27/04/2013,00:45,0,0,0
27/04/2013,01:00,0,0,0
27/04/2013,01:15,0,0,0
27/04/2013,01:30,0,0,0
27/04/2013,01:45,0,0,0
27/04/2013,02:00,0,0,0
27/04/2013,02:15,0,0,0
27/04/2013,02:30,1,1,0
27/04/2013,02:45,0,0,0
27/04/2013,03:00,0,0,0
27/04/2013,03:15,0,0,0
27/04/2013,03:30,0,0,0
27/04/2013,03:45,0,0,0
27/04/2013,04:00,0,0,0
27/04/2013,04:15,0,0,0
27/04/2013,04:30,0,0,0
27/04/2013,04:45,0,0,0
27/04/2013,05:00,0,0,0
27/04/2013,05:15,0,0,0
27/04/2013,05:30,0,0,0
27/04/2013,05:45,0,0,0
27/04/2013,06:00,2,0,2
27/04/2013,06:15,1,1,0
27/04/2013,06:30,2,1,1
27/04/2013,06:45,7,2,5
27/04/2013,07:00,4,2,2
27/04/2013,07:15,3,1,2
27/04/2013,07:30,3,1,2
27/04/2013,07:45,3,3,0
27/04/2013,08:00,8,3,5
27/04/2013,08:15,10,6,4
27/04/2013,08:30,14,5,9
27/04/2013,08:45,9,1,8
27/04/2013,09:00,11,3,8
27/04/2013,09:15,11,1,10
27/04/2013,09:30,15,8,7
27/04/2013,09:45,11,4,7
27/04/2013,10:00,14,3,11
27/04/2013,10:15,15,9,6
27/04/2013,10:30,16,10,6
27/04/2013,10:45,21,9,12
27/04/2013,11:00,22,10,12
27/04/2013,11:15,22,9,13
27/04/2013,11:30,5,3,2
27/04/2013,11:45,25,8,17
27/04/2013,12:00,21,9,12
27/04/2013,12:15,37,19,18
27/04/2013,12:30,29,17,12
27/04/2013,12:45,27,18,9
27/04/2013,13:00,25,16,9
27/04/2013,13:15,14,4,10
27/04/2013,13:30,10,6,4
27/04/2013,13:45,16,7,9
27/04/2013,14:00,9,4,5
27/04/2013,14:15,23,16,7
27/04/2013,14:30,15,10,5
27/04/2013,14:45,14,9,5
27/04/2013,15:00,26,20,6
27/04/2013,15:15,24,11,13
27/04/2013,15:30,24,14,10
27/04/2013,15:45,12,10,2
27/04/2013,16:00,30,17,13
27/04/2013,16:15,20,15,5
27/04/2013,16:30,23,13,10
27/04/2013,16:45,26,19,7
27/04/2013,17:00,21,7,14
27/04/2013,17:15,26,13,13
27/04/2013,17:30,16,13,3
27/04/2013,17:45,21,16,5
27/04/2013,18:00,8,7,1
27/04/2013,18:15,8,3,5
27/04/2013,18:30,11,10,1
27/04/2013,18:45,7,3,4
27/04/2013,19:00,10,0,10
27/04/2013,19:15,9,2,7
27/04/2013,19:30,6,3,3
27/04/2013,19:45,0,0,0
27/04/2013,20:00,4,0,4
27/04/2013,20:15,4,4,0
27/04/2013,20:30,0,0,0
27/04/2013,20:45,0,0,0
27/04/2013,21:00,0,0,0
27/04/2013,21:15,2,2,0
27/04/2013,21:30,0,0,0
27/04/2013,21:45,0,0,0
27/04/2013,22:00,0,0,0
27/04/2013,22:15,0,0,0
27/04/2013,22:30,0,0,0
27/04/2013,22:45,0,0,0
27/04/2013,23:00,1,1,0
27/04/2013,23:15,1,1,0
27/04/2013,23:30,0,0,0
27/04/2013,23:45,0,0,0
28/04/2013,00:00,0,0,0
28/04/2013,00:15,0,0,0
28/04/2013,00:30,0,0,0
28/04/2013,00:45,0,0,0
28/04/2013,01:00,0,0,0
28/04/2013,01:15,0,0,0
28/04/2013,01:30,0,0,0
28/04/2013,01:45,2,0,2
28/04/2013,02:00,0,0,0
28/04/2013,02:15,0,0,0
28/04/2013,02:30,0,0,0
28/04/2013,02:45,0,0,0
28/04/2013,03:00,0,0,0
28/04/2013,03:15,0,0,0
28/04/2013,03:30,0,0,0
28/04/2013,03:45,0,0,0
28/04/2013,04:00,0,0,0
28/04/2013,04:15,0,0,0
28/04/2013,04:30,0,0,0
28/04/2013,04:45,0,0,0
28/04/2013,05:00,0,0,0
28/04/2013,05:15,0,0,0
28/04/2013,05:30,0,0,0
28/04/2013,05:45,0,0,0
28/04/2013,06:00,0,0,0
28/04/2013,06:15,0,0,0
28/04/2013,06:30,1,0,1
28/04/2013,06:45,0,0,0
28/04/2013,07:00,2,1,1
28/04/2013,07:15,8,3,5
28/04/2013,07:30,5,2,3
28/04/2013,07:45,3,1,2
28/04/2013,08:00,7,1,6
28/04/2013,08:15,11,3,8
28/04/2013,08:30,15,7,8
28/04/2013,08:45,20,4,16
28/04/2013,09:00,24,2,22
28/04/2013,09:15,21,7,14
28/04/2013,09:30,23,11,12
28/04/2013,09:45,27,9,18
28/04/2013,10:00,33,14,19
28/04/2013,10:15,26,7,19
28/04/2013,10:30,19,7,12
28/04/2013,10:45,33,10,23
28/04/2013,11:00,38,17,21
28/04/2013,11:15,29,12,17
28/04/2013,11:30,28,14,14
28/04/2013,11:45,24,9,15
28/04/2013,12:00,30,18,12
28/04/2013,12:15,38,19,19
28/04/2013,12:30,31,20,11
28/04/2013,12:45,30,19,11
28/04/2013,13:00,35,19,16
28/04/2013,13:15,32,22,10
28/04/2013,13:30,35,14,21
28/04/2013,13:45,21,15,6
28/04/2013,14:00,44,22,22
28/04/2013,14:15,32,19,13
28/04/2013,14:30,35,22,13
28/04/2013,14:45,24,15,9
28/04/2013,15:00,24,14,10
28/04/2013,15:15,17,9,8
28/04/2013,15:30,26,18,8
28/04/2013,15:45,26,16,10
28/04/2013,16:00,26,16,10
28/04/2013,16:15,18,14,4
28/04/2013,16:30,18,14,4
28/04/2013,16:45,21,13,8
28/04/2013,17:00,14,9,5
28/04/2013,17:15,20,14,6
28/04/2013,17:30,21,10,11
28/04/2013,17:45,17,12,5
28/04/2013,18:00,18,9,9
28/04/2013,18:15,14,7,7
28/04/2013,18:30,8,6,2
28/04/2013,18:45,8,3,5
28/04/2013,19:00,52,5,47
28/04/2013,19:15,69,7,62
28/04/2013,19:30,17,7,10
28/04/2013,19:45,7,1,6
28/04/2013,20:00,2,0,2
28/04/2013,20:15,6,2,4
28/04/2013,20:30,1,0,1
28/04/2013,20:45,1,0,1
28/04/2013,21:00,4,1,3
28/04/2013,21:15,0,0,0
28/04/2013,21:30,0,0,0
28/04/2013,21:45,0,0,0
28/04/2013,22:00,0,0,0
28/04/2013,22:15,0,0,0
28/04/2013,22:30,0,0,0
28/04/2013,22:45,0,0,0
28/04/2013,23:00,1,1,0
28/04/2013,23:15,1,1,0
28/04/2013,23:30,0,0,0
28/04/2013,23:45,0,0,0
29/04/2013,00:00,0,0,0
29/04/2013,00:15,0,0,0
29/04/2013,00:30,0,0,0
29/04/2013,00:45,0,0,0
29/04/2013,01:00,0,0,0
29/04/2013,01:15,0,0,0
29/04/2013,01:30,0,0,0
29/04/2013,01:45,0,0,0
29/04/2013,02:00,0,0,0
29/04/2013,02:15,0,0,0
29/04/2013,02:30,0,0,0
29/04/2013,02:45,0,0,0
29/04/2013,03:00,0,0,0
29/04/2013,03:15,0,0,0
29/04/2013,03:30,0,0,0
29/04/2013,03:45,0,0,0
29/04/2013,04:00,0,0,0
29/04/2013,04:15,0,0,0
29/04/2013,04:30,0,0,0
29/04/2013,04:45,0,0,0
29/04/2013,05:00,0,0,0
29/04/2013,05:15,1,1,0
29/04/2013,05:30,1,0,1
29/04/2013,05:45,2,0,2
29/04/2013,06:00,3,1,2
29/04/2013,06:15,0,0,0
29/04/2013,06:30,9,2,7
29/04/2013,06:45,8,2,6
29/04/2013,07:00,2,0,2
29/04/2013,07:15,19,8,11
29/04/2013,07:30,15,11,4
29/04/2013,07:45,21,14,7
29/04/2013,08:00,26,18,8
29/04/2013,08:15,25,13,12
29/04/2013,08:30,20,2,18
29/04/2013,08:45,16,7,9
29/04/2013,09:00,17,7,10
29/04/2013,09:15,13,5,8
29/04/2013,09:30,21,12,9
29/04/2013,09:45,16,5,11
29/04/2013,10:00,14,5,9
29/04/2013,10:15,23,6,17
29/04/2013,10:30,14,6,8
29/04/2013,10:45,11,6,5
29/04/2013,11:00,14,2,12
29/04/2013,11:15,16,5,11
29/04/2013,11:30,17,7,10
29/04/2013,11:45,10,3,7
29/04/2013,12:00,14,3,11
29/04/2013,12:15,11,5,6
29/04/2013,12:30,13,6,7
29/04/2013,12:45,9,5,4
29/04/2013,13:00,9,2,7
29/04/2013,13:15,15,3,12
29/04/2013,13:30,15,8,7
29/04/2013,13:45,5,4,1
29/04/2013,14:00,6,5,1
29/04/2013,14:15,6,4,2
29/04/2013,14:30,6,3,3
29/04/2013,14:45,5,3,2
29/04/2013,15:00,2,2,0
29/04/2013,15:15,4,1,3
29/04/2013,15:30,24,23,1
29/04/2013,15:45,15,12,3
29/04/2013,16:00,7,4,3
29/04/2013,16:15,12,7,5
29/04/2013,16:30,12,8,4
29/04/2013,16:45,17,12,5
29/04/2013,17:00,15,11,4
29/04/2013,17:15,11,7,4
29/04/2013,17:30,10,5,5
29/04/2013,17:45,18,14,4
29/04/2013,18:00,12,6,6
29/04/2013,18:15,19,15,4
29/04/2013,18:30,8,5,3
29/04/2013,18:45,13,10,3
29/04/2013,19:00,21,12,9
29/04/2013,19:15,28,10,18
29/04/2013,19:30,97,5,92
29/04/2013,19:45,56,5,51
29/04/2013,20:00,16,3,13
29/04/2013,20:15,8,2,6
29/04/2013,20:30,7,1,6
29/04/2013,20:45,4,2,2
29/04/2013,21:00,1,1,0
29/04/2013,21:15,0,0,0
29/04/2013,21:30,1,1,0
29/04/2013,21:45,1,1,0
29/04/2013,22:00,1,1,0
29/04/2013,22:15,1,1,0
29/04/2013,22:30,0,0,0
29/04/2013,22:45,0,0,0
29/04/2013,23:00,0,0,0
29/04/2013,23:15,0,0,0
29/04/2013,23:30,1,0,1
29/04/2013,23:45,0,0,0
30/04/2013,00:00,0,0,0
30/04/2013,00:15,0,0,0
30/04/2013,00:30,0,0,0
30/04/2013,00:45,0,0,0
30/04/2013,01:00,0,0,0
30/04/2013,01:15,0,0,0
30/04/2013,01:30,0,0,0
30/04/2013,01:45,0,0,0
30/04/2013,02:00,0,0,0
30/04/2013,02:15,0,0,0
30/04/2013,02:30,0,0,0
30/04/2013,02:45,0,0,0
30/04/2013,03:00,0,0,0
30/04/2013,03:15,0,0,0
30/04/2013,03:30,0,0,0
30/04/2013,03:45,0,0,0
30/04/2013,04:00,0,0,0
30/04/2013,04:15,0,0,0
30/04/2013,04:30,0,0,0
30/04/2013,04:45,0,0,0
30/04/2013,05:00,0,0,0
30/04/2013,05:15,0,0,0
30/04/2013,05:30,0,0,0
30/04/2013,05:45,1,0,1
30/04/2013,06:00,3,1,2
30/04/2013,06:15,7,3,4
30/04/2013,06:30,5,0,5
30/04/2013,06:45,8,1,7
30/04/2013,07:00,3,1,2
30/04/2013,07:15,13,5,8
30/04/2013,07:30,27,20,7
30/04/2013,07:45,23,15,8
30/04/2013,08:00,24,19,5
30/04/2013,08:15,24,10,14
30/04/2013,08:30,23,4,19
30/04/2013,08:45,26,9,17
30/04/2013,09:00,14,5,9
30/04/2013,09:15,18,4,14
30/04/2013,09:30,22,8,14
30/04/2013,09:45,32,14,18
30/04/2013,10:00,11,4,7
30/04/2013,10:15,18,7,11
30/04/2013,10:30,14,1,13
30/04/2013,10:45,14,6,8
30/04/2013,11:00,18,8,10
30/04/2013,11:15,12,7,5
30/04/2013,11:30,9,3,6
30/04/2013,11:45,17,5,12
30/04/2013,12:00,11,7,4
30/04/2013,12:15,10,6,4
30/04/2013,12:30,11,5,6
30/04/2013,12:45,16,6,10
30/04/2013,13:00,13,9,4
30/04/2013,13:15,10,6,4
30/04/2013,13:30,14,5,9
30/04/2013,13:45,13,1,12
30/04/2013,14:00,11,8,3
30/04/2013,14:15,16,3,13
30/04/2013,14:30,15,11,4
30/04/2013,14:45,10,6,4
30/04/2013,15:00,6,2,4
30/04/2013,15:15,7,3,4
30/04/2013,15:30,20,15,5
30/04/2013,15:45,21,15,6
30/04/2013,16:00,10,7,3
30/04/2013,16:15,12,8,4
30/04/2013,16:30,16,10,6
30/04/2013,16:45,14,5,9
30/04/2013,17:00,20,12,8
30/04/2013,17:15,28,13,15
30/04/2013,17:30,14,7,7
30/04/2013,17:45,18,9,9
30/04/2013,18:00,24,15,9
30/04/2013,18:15,12,4,8
30/04/2013,18:30,18,15,3
30/04/2013,18:45,20,13,7
30/04/2013,19:00,23,13,10
30/04/2013,19:15,17,13,4
30/04/2013,19:30,6,5,1
30/04/2013,19:45,1,0,1
30/04/2013,20:00,8,3,5
30/04/2013,20:15,5,1,4
30/04/2013,20:30,2,2,0
30/04/2013,20:45,1,0,1
30/04/2013,21:00,2,0,2
30/04/2013,21:15,0,0,0
30/04/2013,21:30,2,2,0
30/04/2013,21:45,0,0,0
30/04/2013,22:00,0,0,0
30/04/2013,22:15,0,0,0
30/04/2013,22:30,0,0,0
30/04/2013,22:45,0,0,0
30/04/2013,23:00,1,0,1
30/04/2013,23:15,0,0,0
30/04/2013,23:30,1,1,0
30/04/2013,23:45,0,0,0
01/05/2013,00:00,0,0,0
01/05/2013,00:15,0,0,0
01/05/2013,00:30,0,0,0
01/05/2013,00:45,0,0,0
01/05/2013,01:00,0,0,0
01/05/2013,01:15,0,0,0
01/05/2013,01:30,1,0,1
01/05/2013,01:45,0,0,0
01/05/2013,02:00,0,0,0
01/05/2013,02:15,0,0,0
01/05/2013,02:30,0,0,0
01/05/2013,02:45,0,0,0
01/05/2013,03:00,0,0,0
01/05/2013,03:15,0,0,0
01/05/2013,03:30,0,0,0
01/05/2013,03:45,0,0,0
01/05/2013,04:00,0,0,0
01/05/2013,04:15,0,0,0
01/05/2013,04:30,0,0,0
01/05/2013,04:45,0,0,0
01/05/2013,05:00,1,1,0
01/05/2013,05:15,0,0,0
01/05/2013,05:30,0,0,0
01/05/2013,05:45,4,0,4
01/05/2013,06:00,1,0,1
01/05/2013,06:15,5,2,3
01/05/2013,06:30,7,2,5
01/05/2013,06:45,8,6,2
01/05/2013,07:00,14,5,9
01/05/2013,07:15,18,5,13
01/05/2013,07:30,21,14,7
01/05/2013,07:45,12,6,6
01/05/2013,08:00,30,16,14
01/05/2013,08:15,21,10,11
01/05/2013,08:30,19,4,15
01/05/2013,08:45,15,3,12
01/05/2013,09:00,16,7,9
01/05/2013,09:15,22,11,11
01/05/2013,09:30,25,9,16
01/05/2013,09:45,18,3,15
01/05/2013,10:00,15,3,12
01/05/2013,10:15,23,8,15
01/05/2013,10:30,13,1,12
01/05/2013,10:45,18,5,13
01/05/2013,11:00,13,3,10
01/05/2013,11:15,14,7,7
01/05/2013,11:30,12,6,6
01/05/2013,11:45,12,7,5
01/05/2013,12:00,10,7,3
01/05/2013,12:15,8,4,4
01/05/2013,12:30,12,7,5
01/05/2013,12:45,5,1,4
01/05/2013,13:00,10,6,4
01/05/2013,13:15,11,5,6
01/05/2013,13:30,29,21,8
01/05/2013,13:45,13,8,5
01/05/2013,14:00,8,4,4
01/05/2013,14:15,8,2,6
01/05/2013,14:30,11,8,3
01/05/2013,14:45,7,4,3
01/05/2013,15:00,8,4,4
01/05/2013,15:15,12,8,4
01/05/2013,15:30,15,8,7
01/05/2013,15:45,6,4,2
01/05/2013,16:00,10,9,1
01/05/2013,16:15,8,6,2
01/05/2013,16:30,10,6,4
01/05/2013,16:45,15,9,6
01/05/2013,17:00,17,16,1
01/05/2013,17:15,16,8,8
01/05/2013,17:30,17,9,8
01/05/2013,17:45,16,12,4
01/05/2013,18:00,14,9,5
01/05/2013,18:15,22,13,9
01/05/2013,18:30,13,10,3
01/05/2013,18:45,12,7,5
01/05/2013,19:00,20,13,7
01/05/2013,19:15,13,9,4
01/05/2013,19:30,18,7,11
01/05/2013,19:45,37,3,34
01/05/2013,20:00,39,6,33
01/05/2013,20:15,23,6,17
01/05/2013,20:30,8,6,2
01/05/2013,20:45,4,2,2
01/05/2013,21:00,1,0,1
01/05/2013,21:15,2,0,2
01/05/2013,21:30,0,0,0
01/05/2013,21:45,1,0,1
01/05/2013,22:00,1,0,1
01/05/2013,22:15,0,0,0
01/05/2013,22:30,1,1,0
01/05/2013,22:45,0,0,0
01/05/2013,23:00,0,0,0
01/05/2013,23:15,0,0,0
01/05/2013,23:30,0,0,0
01/05/2013,23:45,0,0,0
02/05/2013,00:00,0,0,0
02/05/2013,00:15,0,0,0
02/05/2013,00:30,0,0,0
02/05/2013,00:45,0,0,0
02/05/2013,01:00,0,0,0
02/05/2013,01:15,0,0,0
02/05/2013,01:30,0,0,0
02/05/2013,01:45,0,0,0
02/05/2013,02:00,0,0,0
02/05/2013,02:15,0,0,0
02/05/2013,02:30,0,0,0
02/05/2013,02:45,0,0,0
02/05/2013,03:00,0,0,0
02/05/2013,03:15,0,0,0
02/05/2013,03:30,0,0,0
02/05/2013,03:45,0,0,0
02/05/2013,04:00,0,0,0
02/05/2013,04:15,0,0,0
02/05/2013,04:30,0,0,0
02/05/2013,04:45,1,1,0
02/05/2013,05:00,1,1,0
02/05/2013,05:15,0,0,0
02/05/2013,05:30,0,0,0
02/05/2013,05:45,0,0,0
02/05/2013,06:00,3,0,3
02/05/2013,06:15,4,1,3
02/05/2013,06:30,8,0,8
02/05/2013,06:45,8,3,5
02/05/2013,07:00,4,2,2
02/05/2013,07:15,23,7,16
02/05/2013,07:30,13,10,3
02/05/2013,07:45,21,14,7
02/05/2013,08:00,33,23,10
02/05/2013,08:15,24,10,14
02/05/2013,08:30,20,1,19
02/05/2013,08:45,26,7,19
02/05/2013,09:00,21,3,18
02/05/2013,09:15,28,12,16
02/05/2013,09:30,17,5,12
02/05/2013,09:45,15,9,6
02/05/2013,10:00,24,5,19
02/05/2013,10:15,20,4,16
02/05/2013,10:30,11,2,9
02/05/2013,10:45,16,7,9
02/05/2013,11:00,18,6,12
02/05/2013,11:15,13,4,9
02/05/2013,11:30,6,4,2
02/05/2013,11:45,13,6,7
02/05/2013,12:00,10,5,5
02/05/2013,12:15,16,8,8
02/05/2013,12:30,12,4,8
02/05/2013,12:45,14,6,8
02/05/2013,13:00,4,4,0
02/05/2013,13:15,11,6,5
02/05/2013,13:30,7,2,5
02/05/2013,13:45,6,1,5
02/05/2013,14:00,5,5,0
02/05/2013,14:15,7,5,2
02/05/2013,14:30,11,5,6
02/05/2013,14:45,9,6,3
02/05/2013,15:00,6,6,0
02/05/2013,15:15,5,4,1
02/05/2013,15:30,14,14,0
02/05/2013,15:45,25,24,1
02/05/2013,16:00,11,8,3
02/05/2013,16:15,10,8,2
02/05/2013,16:30,14,10,4
02/05/2013,16:45,6,4,2
02/05/2013,17:00,11,10,1
02/05/2013,17:15,8,6,2
02/05/2013,17:30,10,8,2
02/05/2013,17:45,18,14,4
02/05/2013,18:00,12,5,7
02/05/2013,18:15,20,13,7
02/05/2013,18:30,19,16,3
02/05/2013,18:45,15,7,8
02/05/2013,19:00,15,10,5
02/05/2013,19:15,11,8,3
02/05/2013,19:30,19,8,11
02/05/2013,19:45,10,4,6
02/05/2013,20:00,9,4,5
02/05/2013,20:15,8,6,2
02/05/2013,20:30,4,2,2
02/05/2013,20:45,3,3,0
02/05/2013,21:00,1,0,1
02/05/2013,21:15,5,4,1
02/05/2013,21:30,1,1,0
02/05/2013,21:45,1,0,1
02/05/2013,22:00,0,0,0
02/05/2013,22:15,0,0,0
02/05/2013,22:30,0,0,0
02/05/2013,22:45,0,0,0
02/05/2013,23:00,1,0,1
02/05/2013,23:15,1,1,0
02/05/2013,23:30,0,0,0
02/05/2013,23:45,0,0,0
03/05/2013,00:00,0,0,0
03/05/2013,00:15,0,0,0
03/05/2013,00:30,0,0,0
03/05/2013,00:45,0,0,0
03/05/2013,01:00,0,0,0
03/05/2013,01:15,0,0,0
03/05/2013,01:30,0,0,0
03/05/2013,01:45,0,0,0
03/05/2013,02:00,0,0,0
03/05/2013,02:15,0,0,0
03/05/2013,02:30,0,0,0
03/05/2013,02:45,0,0,0
03/05/2013,03:00,0,0,0
03/05/2013,03:15,0,0,0
03/05/2013,03:30,0,0,0
03/05/2013,03:45,0,0,0
03/05/2013,04:00,0,0,0
03/05/2013,04:15,0,0,0
03/05/2013,04:30,0,0,0
03/05/2013,04:45,2,2,0
03/05/2013,05:00,1,1,0
03/05/2013,05:15,1,1,0
03/05/2013,05:30,1,0,1
03/05/2013,05:45,1,0,1
03/05/2013,06:00,1,0,1
03/05/2013,06:15,7,1,6
03/05/2013,06:30,9,2,7
03/05/2013,06:45,14,6,8
03/05/2013,07:00,9,5,4
03/05/2013,07:15,21,8,13
03/05/2013,07:30,16,10,6
03/05/2013,07:45,21,8,13
03/05/2013,08:00,36,22,14
03/05/2013,08:15,17,9,8
03/05/2013,08:30,22,4,18
03/05/2013,08:45,26,5,21
03/05/2013,09:00,23,15,8
03/05/2013,09:15,28,17,11
03/05/2013,09:30,20,5,15
03/05/2013,09:45,11,6,5
03/05/2013,10:00,15,2,13
03/05/2013,10:15,13,6,7
03/05/2013,10:30,17,2,15
03/05/2013,10:45,9,4,5
03/05/2013,11:00,9,3,6
03/05/2013,11:15,12,4,8
03/05/2013,11:30,11,6,5
03/05/2013,11:45,6,1,5
03/05/2013,12:00,11,5,6
03/05/2013,12:15,6,2,4
03/05/2013,12:30,11,4,7
03/05/2013,12:45,12,3,9
03/05/2013,13:00,20,14,6
03/05/2013,13:15,17,7,10
03/05/2013,13:30,12,7,5
03/05/2013,13:45,16,10,6
03/05/2013,14:00,4,2,2
03/05/2013,14:15,8,3,5
03/05/2013,14:30,5,5,0
03/05/2013,14:45,10,8,2
03/05/2013,15:00,6,4,2
03/05/2013,15:15,5,4,1
03/05/2013,15:30,10,7,3
03/05/2013,15:45,27,24,3
03/05/2013,16:00,2,2,0
03/05/2013,16:15,9,7,2
03/05/2013,16:30,12,10,2
03/05/2013,16:45,7,6,1
03/05/2013,17:00,11,9,2
03/05/2013,17:15,17,13,4
03/05/2013,17:30,12,10,2
03/05/2013,17:45,18,14,4
03/05/2013,18:00,7,6,1
03/05/2013,18:15,11,10,1
03/05/2013,18:30,18,16,2
03/05/2013,18:45,13,6,7
03/05/2013,19:00,22,14,8
03/05/2013,19:15,16,13,3
03/05/2013,19:30,8,7,1
03/05/2013,19:45,6,4,2
03/05/2013,20:00,11,7,4
03/05/2013,20:15,6,4,2
03/05/2013,20:30,3,1,2
03/05/2013,20:45,9,5,4
03/05/2013,21:00,1,0,1
03/05/2013,21:15,1,0,1
03/05/2013,21:30,1,1,0
03/05/2013,21:45,0,0,0
03/05/2013,22:00,0,0,0
03/05/2013,22:15,1,1,0
03/05/2013,22:30,0,0,0
03/05/2013,22:45,1,0,1
03/05/2013,23:00,0,0,0
03/05/2013,23:15,0,0,0
03/05/2013,23:30,0,0,0
03/05/2013,23:45,0,0,0
04/05/2013,00:00,0,0,0
04/05/2013,00:15,0,0,0
04/05/2013,00:30,0,0,0
04/05/2013,00:45,0,0,0
04/05/2013,01:00,1,0,1
04/05/2013,01:15,0,0,0
04/05/2013,01:30,0,0,0
04/05/2013,01:45,0,0,0
04/05/2013,02:00,0,0,0
04/05/2013,02:15,0,0,0
04/05/2013,02:30,0,0,0
04/05/2013,02:45,0,0,0
04/05/2013,03:00,0,0,0
04/05/2013,03:15,0,0,0
04/05/2013,03:30,0,0,0
04/05/2013,03:45,0,0,0
04/05/2013,04:00,1,0,1
04/05/2013,04:15,0,0,0
04/05/2013,04:30,0,0,0
04/05/2013,04:45,0,0,0
04/05/2013,05:00,0,0,0
04/05/2013,05:15,0,0,0
04/05/2013,05:30,0,0,0
04/05/2013,05:45,0,0,0
04/05/2013,06:00,1,0,1
04/05/2013,06:15,0,0,0
04/05/2013,06:30,7,4,3
04/05/2013,06:45,4,1,3
04/05/2013,07:00,14,4,10
04/05/2013,07:15,13,2,11
04/05/2013,07:30,11,1,10
04/05/2013,07:45,14,2,12
04/05/2013,08:00,18,1,17
04/05/2013,08:15,14,3,11
04/05/2013,08:30,11,4,7
04/05/2013,08:45,25,8,17
04/05/2013,09:00,32,10,22
04/05/2013,09:15,41,8,33
04/05/2013,09:30,22,5,17
04/05/2013,09:45,18,8,10
04/05/2013,10:00,26,13,13
04/05/2013,10:15,35,20,15
04/05/2013,10:30,27,9,18
04/05/2013,10:45,26,9,17
04/05/2013,11:00,27,14,13
04/05/2013,11:15,26,13,13
04/05/2013,11:30,27,10,17
04/05/2013,11:45,27,15,12
04/05/2013,12:00,19,11,8
04/05/2013,12:15,34,14,20
04/05/2013,12:30,34,26,8
04/05/2013,12:45,15,11,4
04/05/2013,13:00,19,7,12
04/05/2013,13:15,13,7,6
04/05/2013,13:30,15,7,8
04/05/2013,13:45,22,12,10
04/05/2013,14:00,23,13,10
04/05/2013,14:15,13,10,3
04/05/2013,14:30,10,5,5
04/05/2013,14:45,10,3,7
04/05/2013,15:00,19,14,5
04/05/2013,15:15,15,11,4
04/05/2013,15:30,15,12,3
04/05/2013,15:45,22,10,12
04/05/2013,16:00,25,2,23
04/05/2013,16:15,36,5,31
04/05/2013,16:30,54,10,44
04/05/2013,16:45,29,6,23
04/05/2013,17:00,20,7,13
04/05/2013,17:15,23,7,16
04/05/2013,17:30,6,1,5
04/05/2013,17:45,24,11,13
04/05/2013,18:00,7,0,7
04/05/2013,18:15,15,3,12
04/05/2013,18:30,7,4,3
04/05/2013,18:45,7,3,4
04/05/2013,19:00,2,1,1
04/05/2013,19:15,5,2,3
04/05/2013,19:30,4,0,4
04/05/2013,19:45,9,4,5
04/05/2013,20:00,7,4,3
04/05/2013,20:15,0,0,0
04/05/2013,20:30,2,1,1
04/05/2013,20:45,0,0,0
04/05/2013,21:00,1,0,1
04/05/2013,21:15,2,0,2
04/05/2013,21:30,0,0,0
04/05/2013,21:45,0,0,0
04/05/2013,22:00,2,0,2
04/05/2013,22:15,0,0,0
04/05/2013,22:30,0,0,0
04/05/2013,22:45,0,0,0
04/05/2013,23:00,0,0,0
04/05/2013,23:15,0,0,0
04/05/2013,23:30,0,0,0
04/05/2013,23:45,0,0,0
05/05/2013,00:00,0,0,0
05/05/2013,00:15,0,0,0
05/05/2013,00:30,0,0,0
05/05/2013,00:45,0,0,0
05/05/2013,01:00,0,0,0
05/05/2013,01:15,0,0,0
05/05/2013,01:30,0,0,0
05/05/2013,01:45,0,0,0
05/05/2013,02:00,0,0,0
05/05/2013,02:15,0,0,0
05/05/2013,02:30,0,0,0
05/05/2013,02:45,0,0,0
05/05/2013,03:00,0,0,0
05/05/2013,03:15,0,0,0
05/05/2013,03:30,0,0,0
05/05/2013,03:45,0,0,0
05/05/2013,04:00,0,0,0
05/05/2013,04:15,0,0,0
05/05/2013,04:30,0,0,0
05/05/2013,04:45,0,0,0
05/05/2013,05:00,0,0,0
05/05/2013,05:15,0,0,0
05/05/2013,05:30,0,0,0
05/05/2013,05:45,0,0,0
05/05/2013,06:00,0,0,0
05/05/2013,06:15,1,0,1
05/05/2013,06:30,3,0,3
05/05/2013,06:45,3,2,1
05/05/2013,07:00,3,2,1
05/05/2013,07:15,3,1,2
05/05/2013,07:30,8,1,7
05/05/2013,07:45,5,2,3
05/05/2013,08:00,6,0,6
05/05/2013,08:15,9,2,7
05/05/2013,08:30,18,5,13
05/05/2013,08:45,10,0,10
05/05/2013,09:00,12,0,12
05/05/2013,09:15,6,0,6
05/05/2013,09:30,12,4,8
05/05/2013,09:45,16,5,11
05/05/2013,10:00,16,6,10
05/05/2013,10:15,10,4,6
05/05/2013,10:30,10,2,8
05/05/2013,10:45,18,7,11
05/05/2013,11:00,15,4,11
05/05/2013,11:15,12,7,5
05/05/2013,11:30,16,5,11
05/05/2013,11:45,13,5,8
05/05/2013,12:00,10,7,3
05/05/2013,12:15,6,3,3
05/05/2013,12:30,9,2,7
05/05/2013,12:45,2,0,2
05/05/2013,13:00,13,10,3
05/05/2013,13:15,5,3,2
05/05/2013,13:30,9,2,7
05/05/2013,13:45,13,3,10
05/05/2013,14:00,16,6,10
05/05/2013,14:15,11,5,6
05/05/2013,14:30,15,3,12
05/05/2013,14:45,21,11,10
05/05/2013,15:00,15,6,9
05/05/2013,15:15,22,7,15
05/05/2013,15:30,15,7,8
05/05/2013,15:45,16,7,9
05/05/2013,16:00,7,2,5
05/05/2013,16:15,18,7,11
05/05/2013,16:30,21,6,15
05/05/2013,16:45,14,0,14
05/05/2013,17:00,10,2,8
05/05/2013,17:15,7,2,5
05/05/2013,17:30,15,4,11
05/05/2013,17:45,16,9,7
05/05/2013,18:00,7,4,3
05/05/2013,18:15,4,1,3
05/05/2013,18:30,7,1,6
05/05/2013,18:45,7,1,6
05/05/2013,19:00,9,2,7
05/05/2013,19:15,9,1,8
05/05/2013,19:30,11,1,10
05/05/2013,19:45,5,1,4
05/05/2013,20:00,3,2,1
05/05/2013,20:15,2,1,1
05/05/2013,20:30,1,0,1
05/05/2013,20:45,1,0,1
05/05/2013,21:00,0,0,0
05/05/2013,21:15,1,1,0
05/05/2013,21:30,1,0,1
05/05/2013,21:45,0,0,0
05/05/2013,22:00,0,0,0
05/05/2013,22:15,0,0,0
05/05/2013,22:30,0,0,0
05/05/2013,22:45,0,0,0
05/05/2013,23:00,1,0,1
05/05/2013,23:15,0,0,0
05/05/2013,23:30,0,0,0
05/05/2013,23:45,0,0,0
06/05/2013,00:00,0,0,0
06/05/2013,00:15,0,0,0
06/05/2013,00:30,0,0,0
06/05/2013,00:45,0,0,0
06/05/2013,01:00,0,0,0
06/05/2013,01:15,0,0,0
06/05/2013,01:30,0,0,0
06/05/2013,01:45,0,0,0
06/05/2013,02:00,0,0,0
06/05/2013,02:15,0,0,0
06/05/2013,02:30,0,0,0
06/05/2013,02:45,0,0,0
06/05/2013,03:00,0,0,0
06/05/2013,03:15,0,0,0
06/05/2013,03:30,0,0,0
06/05/2013,03:45,0,0,0
06/05/2013,04:00,0,0,0
06/05/2013,04:15,0,0,0
06/05/2013,04:30,0,0,0
06/05/2013,04:45,0,0,0
06/05/2013,05:00,0,0,0
06/05/2013,05:15,1,1,0
06/05/2013,05:30,0,0,0
06/05/2013,05:45,3,1,2
06/05/2013,06:00,1,0,1
06/05/2013,06:15,6,3,3
06/05/2013,06:30,11,1,10
06/05/2013,06:45,9,6,3
06/05/2013,07:00,5,0,5
06/05/2013,07:15,18,8,10
06/05/2013,07:30,16,6,10
06/05/2013,07:45,17,10,7
06/05/2013,08:00,31,24,7
06/05/2013,08:15,27,9,18
06/05/2013,08:30,12,7,5
06/05/2013,08:45,18,5,13
06/05/2013,09:00,13,3,10
06/05/2013,09:15,18,5,13
06/05/2013,09:30,18,4,14
06/05/2013,09:45,22,2,20
06/05/2013,10:00,18,5,13
06/05/2013,10:15,13,4,9
06/05/2013,10:30,13,2,11
06/05/2013,10:45,13,2,11
06/05/2013,11:00,13,4,9
06/05/2013,11:15,12,3,9
06/05/2013,11:30,19,12,7
06/05/2013,11:45,11,2,9
06/05/2013,12:00,13,6,7
06/05/2013,12:15,18,7,11
06/05/2013,12:30,19,4,15
06/05/2013,12:45,21,3,18
06/05/2013,13:00,18,5,13
06/05/2013,13:15,14,6,8
06/05/2013,13:30,13,5,8
06/05/2013,13:45,18,5,13
06/05/2013,14:00,15,5,10
06/05/2013,14:15,8,4,4
06/05/2013,14:30,25,5,20
06/05/2013,14:45,13,3,10
06/05/2013,15:00,11,6,5
06/05/2013,15:15,12,5,7
06/05/2013,15:30,23,17,6
06/05/2013,15:45,33,27,6
06/05/2013,16:00,10,4,6
06/05/2013,16:15,21,9,12
06/05/2013,16:30,22,9,13
06/05/2013,16:45,18,5,13
06/05/2013,17:00,21,9,12
06/05/2013,17:15,14,6,8
06/05/2013,17:30,21,14,7
06/05/2013,17:45,13,8,5
06/05/2013,18:00,11,7,4
06/05/2013,18:15,11,8,3
06/05/2013,18:30,14,9,5
06/05/2013,18:45,15,10,5
06/05/2013,19:00,20,6,14
06/05/2013,19:15,15,6,9
06/05/2013,19:30,8,2,6
06/05/2013,19:45,6,2,4
06/05/2013,20:00,6,1,5
06/05/2013,20:15,4,0,4
06/05/2013,20:30,2,1,1
06/05/2013,20:45,4,1,3
06/05/2013,21:00,3,1,2
06/05/2013,21:15,0,0,0
06/05/2013,21:30,1,0,1
06/05/2013,21:45,1,1,0
06/05/2013,22:00,2,2,0
06/05/2013,22:15,3,3,0
06/05/2013,22:30,0,0,0
06/05/2013,22:45,1,1,0
06/05/2013,23:00,0,0,0
06/05/2013,23:15,0,0,0
06/05/2013,23:30,1,0,1
06/05/2013,23:45,0,0,0
07/05/2013,00:00,0,0,0
07/05/2013,00:15,0,0,0
07/05/2013,00:30,0,0,0
07/05/2013,00:45,0,0,0
07/05/2013,01:00,0,0,0
07/05/2013,01:15,0,0,0
07/05/2013,01:30,0,0,0
07/05/2013,01:45,1,0,1
07/05/2013,02:00,1,0,1
07/05/2013,02:15,0,0,0
07/05/2013,02:30,0,0,0
07/05/2013,02:45,0,0,0
07/05/2013,03:00,0,0,0
07/05/2013,03:15,0,0,0
07/05/2013,03:30,0,0,0
07/05/2013,03:45,0,0,0
07/05/2013,04:00,0,0,0
07/05/2013,04:15,0,0,0
07/05/2013,04:30,0,0,0
07/05/2013,04:45,0,0,0
07/05/2013,05:00,0,0,0
07/05/2013,05:15,2,0,2
07/05/2013,05:30,0,0,0
07/05/2013,05:45,0,0,0
07/05/2013,06:00,1,0,1
07/05/2013,06:15,7,2,5
07/05/2013,06:30,8,0,8
07/05/2013,06:45,11,4,7
07/05/2013,07:00,14,5,9
07/05/2013,07:15,11,3,8
07/05/2013,07:30,20,9,11
07/05/2013,07:45,24,15,9
07/05/2013,08:00,32,17,15
07/05/2013,08:15,24,15,9
07/05/2013,08:30,17,3,14
07/05/2013,08:45,15,8,7
07/05/2013,09:00,16,5,11
07/05/2013,09:15,12,1,11
07/05/2013,09:30,21,8,13
07/05/2013,09:45,26,10,16
07/05/2013,10:00,9,3,6
07/05/2013,10:15,13,4,9
07/05/2013,10:30,10,3,7
07/05/2013,10:45,15,3,12
07/05/2013,11:00,19,3,16
07/05/2013,11:15,12,2,10
07/05/2013,11:30,10,0,10
07/05/2013,11:45,14,6,8
07/05/2013,12:00,16,4,12
07/05/2013,12:15,15,6,9
07/05/2013,12:30,10,3,7
07/05/2013,12:45,18,2,16
07/05/2013,13:00,8,2,6
07/05/2013,13:15,15,4,11
07/05/2013,13:30,14,4,10
07/05/2013,13:45,10,2,8
07/05/2013,14:00,13,5,8
07/05/2013,14:15,15,3,12
07/05/2013,14:30,20,8,12
07/05/2013,14:45,8,2,6
07/05/2013,15:00,14,1,13
07/05/2013,15:15,20,11,9
07/05/2013,15:30,30,18,12
07/05/2013,15:45,50,20,30
07/05/2013,16:00,22,11,11
07/05/2013,16:15,23,13,10
07/05/2013,16:30,19,7,12
07/05/2013,16:45,26,10,16
07/05/2013,17:00,16,4,12
07/05/2013,17:15,28,17,11
07/05/2013,17:30,24,9,15
07/05/2013,17:45,29,12,17
07/05/2013,18:00,25,10,15
07/05/2013,18:15,43,10,33
07/05/2013,18:30,75,4,71
07/05/2013,18:45,56,7,49
07/05/2013,19:00,84,14,70
07/05/2013,19:15,67,4,63
07/05/2013,19:30,12,2,10
07/05/2013,19:45,35,5,30
07/05/2013,20:00,37,4,33
07/05/2013,20:15,16,10,6
07/05/2013,20:30,3,0,3
07/05/2013,20:45,5,1,4
07/05/2013,21:00,3,3,0
07/05/2013,21:15,0,0,0
07/05/2013,21:30,0,0,0
07/05/2013,21:45,2,0,2
07/05/2013,22:00,0,0,0
07/05/2013,22:15,0,0,0
07/05/2013,22:30,0,0,0
07/05/2013,22:45,0,0,0
07/05/2013,23:00,0,0,0
07/05/2013,23:15,0,0,0
07/05/2013,23:30,0,0,0
07/05/2013,23:45,0,0,0
08/05/2013,00:00,0,0,0
08/05/2013,00:15,0,0,0
08/05/2013,00:30,0,0,0
08/05/2013,00:45,0,0,0
08/05/2013,01:00,0,0,0
08/05/2013,01:15,0,0,0
08/05/2013,01:30,0,0,0
08/05/2013,01:45,0,0,0
08/05/2013,02:00,0,0,0
08/05/2013,02:15,0,0,0
08/05/2013,02:30,0,0,0
08/05/2013,02:45,0,0,0
08/05/2013,03:00,0,0,0
08/05/2013,03:15,0,0,0
08/05/2013,03:30,0,0,0
08/05/2013,03:45,0,0,0
08/05/2013,04:00,0,0,0
08/05/2013,04:15,0,0,0
08/05/2013,04:30,0,0,0
08/05/2013,04:45,1,1,0
08/05/2013,05:00,0,0,0
08/05/2013,05:15,0,0,0
08/05/2013,05:30,0,0,0
08/05/2013,05:45,3,1,2
08/05/2013,06:00,2,0,2
08/05/2013,06:15,5,2,3
08/05/2013,06:30,15,3,12
08/05/2013,06:45,8,5,3
08/05/2013,07:00,10,3,7
08/05/2013,07:15,15,5,10
08/05/2013,07:30,16,8,8
08/05/2013,07:45,41,30,11
08/05/2013,08:00,50,38,12
08/05/2013,08:15,34,23,11
08/05/2013,08:30,14,4,10
08/05/2013,08:45,9,4,5
08/05/2013,09:00,9,4,5
08/05/2013,09:15,12,4,8
08/05/2013,09:30,10,4,6
08/05/2013,09:45,10,4,6
08/05/2013,10:00,13,4,9
08/05/2013,10:15,12,4,8
08/05/2013,10:30,7,3,4
08/05/2013,10:45,9,3,6
08/05/2013,11:00,12,2,10
08/05/2013,11:15,10,3,7
08/05/2013,11:30,6,3,3
08/05/2013,11:45,11,5,6
08/05/2013,12:00,9,4,5
08/05/2013,12:15,16,8,8
08/05/2013,12:30,10,6,4
08/05/2013,12:45,15,8,7
08/05/2013,13:00,14,4,10
08/05/2013,13:15,23,10,13
08/05/2013,13:30,29,16,13
08/05/2013,13:45,33,10,23
08/05/2013,14:00,19,7,12
08/05/2013,14:15,18,7,11
08/05/2013,14:30,18,2,16
08/05/2013,14:45,25,7,18
08/05/2013,15:00,16,1,15
08/05/2013,15:15,21,6,15
08/05/2013,15:30,24,11,13
08/05/2013,15:45,24,5,19
08/05/2013,16:00,23,10,13
08/05/2013,16:15,15,3,12
08/05/2013,16:30,26,9,17
08/05/2013,16:45,37,5,32
08/05/2013,17:00,34,6,28
08/05/2013,17:15,35,8,27
08/05/2013,17:30,38,12,26
08/05/2013,17:45,43,8,35
08/05/2013,18:00,16,2,14
08/05/2013,18:15,20,10,10
08/05/2013,18:30,29,8,21
08/05/2013,18:45,39,10,29
08/05/2013,19:00,29,5,24
08/05/2013,19:15,22,5,17
08/05/2013,19:30,34,4,30
08/05/2013,19:45,23,8,15
08/05/2013,20:00,15,5,10
08/05/2013,20:15,4,0,4
08/05/2013,20:30,5,1,4
08/05/2013,20:45,2,0,2
08/05/2013,21:00,4,4,0
08/05/2013,21:15,0,0,0
08/05/2013,21:30,0,0,0
08/05/2013,21:45,1,1,0
08/05/2013,22:00,0,0,0
08/05/2013,22:15,4,2,2
08/05/2013,22:30,0,0,0
08/05/2013,22:45,0,0,0
08/05/2013,23:00,0,0,0
08/05/2013,23:15,0,0,0
08/05/2013,23:30,0,0,0
08/05/2013,23:45,0,0,0
09/05/2013,00:00,0,0,0
09/05/2013,00:15,0,0,0
09/05/2013,00:30,0,0,0
09/05/2013,00:45,0,0,0
09/05/2013,01:00,0,0,0
09/05/2013,01:15,0,0,0
09/05/2013,01:30,0,0,0
09/05/2013,01:45,0,0,0
09/05/2013,02:00,0,0,0
09/05/2013,02:15,0,0,0
09/05/2013,02:30,0,0,0
09/05/2013,02:45,0,0,0
09/05/2013,03:00,0,0,0
09/05/2013,03:15,0,0,0
09/05/2013,03:30,0,0,0
09/05/2013,03:45,0,0,0
09/05/2013,04:00,0,0,0
09/05/2013,04:15,0,0,0
09/05/2013,04:30,0,0,0
09/05/2013,04:45,0,0,0
09/05/2013,05:00,1,1,0
09/05/2013,05:15,3,0,3
09/05/2013,05:30,0,0,0
09/05/2013,05:45,2,0,2
09/05/2013,06:00,6,4,2
09/05/2013,06:15,9,3,6
09/05/2013,06:30,9,0,9
09/05/2013,06:45,15,8,7
09/05/2013,07:00,15,7,8
09/05/2013,07:15,32,9,23
09/05/2013,07:30,19,12,7
09/05/2013,07:45,21,14,7
09/05/2013,08:00,38,25,13
09/05/2013,08:15,31,17,14
09/05/2013,08:30,18,2,16
09/05/2013,08:45,15,3,12
09/05/2013,09:00,24,8,16
09/05/2013,09:15,26,7,19
09/05/2013,09:30,12,3,9
09/05/2013,09:45,14,3,11
09/05/2013,10:00,16,5,11
09/05/2013,10:15,11,4,7
09/05/2013,10:30,16,5,11
09/05/2013,10:45,13,1,12
09/05/2013,11:00,14,2,12
09/05/2013,11:15,12,5,7
09/05/2013,11:30,16,6,10
09/05/2013,11:45,20,8,12
09/05/2013,12:00,11,3,8
09/05/2013,12:15,12,1,11
09/05/2013,12:30,15,3,12
09/05/2013,12:45,16,6,10
09/05/2013,13:00,16,5,11
09/05/2013,13:15,17,9,8
09/05/2013,13:30,14,3,11
09/05/2013,13:45,20,3,17
09/05/2013,14:00,13,2,11
09/05/2013,14:15,13,5,8
09/05/2013,14:30,13,5,8
09/05/2013,14:45,10,4,6
09/05/2013,15:00,15,7,8
09/05/2013,15:15,35,30,5
09/05/2013,15:30,18,15,3
09/05/2013,15:45,27,21,6
09/05/2013,16:00,14,7,7
09/05/2013,16:15,20,10,10
09/05/2013,16:30,19,11,8
09/05/2013,16:45,16,10,6
09/05/2013,17:00,24,9,15
09/05/2013,17:15,24,18,6
09/05/2013,17:30,17,8,9
09/05/2013,17:45,31,22,9
09/05/2013,18:00,13,5,8
09/05/2013,18:15,14,5,9
09/05/2013,18:30,23,18,5
09/05/2013,18:45,26,14,12
09/05/2013,19:00,8,2,6
09/05/2013,19:15,10,4,6
09/05/2013,19:30,2,1,1
09/05/2013,19:45,5,3,2
09/05/2013,20:00,13,10,3
09/05/2013,20:15,3,1,2
09/05/2013,20:30,1,0,1
09/05/2013,20:45,1,0,1
09/05/2013,21:00,2,2,0
09/05/2013,21:15,1,1,0
09/05/2013,21:30,2,1,1
09/05/2013,21:45,0,0,0
09/05/2013,22:00,0,0,0
09/05/2013,22:15,3,3,0
09/05/2013,22:30,0,0,0
09/05/2013,22:45,0,0,0
09/05/2013,23:00,0,0,0
09/05/2013,23:15,0,0,0
09/05/2013,23:30,0,0,0
09/05/2013,23:45,0,0,0
10/05/2013,00:00,0,0,0
10/05/2013,00:15,0,0,0
10/05/2013,00:30,0,0,0
10/05/2013,00:45,0,0,0
10/05/2013,01:00,0,0,0
10/05/2013,01:15,0,0,0
10/05/2013,01:30,0,0,0
10/05/2013,01:45,0,0,0
10/05/2013,02:00,0,0,0
10/05/2013,02:15,0,0,0
10/05/2013,02:30,0,0,0
10/05/2013,02:45,0,0,0
10/05/2013,03:00,0,0,0
10/05/2013,03:15,0,0,0
10/05/2013,03:30,0,0,0
10/05/2013,03:45,0,0,0
10/05/2013,04:00,0,0,0
10/05/2013,04:15,0,0,0
10/05/2013,04:30,0,0,0
10/05/2013,04:45,0,0,0
10/05/2013,05:00,0,0,0
10/05/2013,05:15,0,0,0
10/05/2013,05:30,0,0,0
10/05/2013,05:45,0,0,0
10/05/2013,06:00,2,0,2
10/05/2013,06:15,7,2,5
10/05/2013,06:30,3,1,2
10/05/2013,06:45,14,5,9
10/05/2013,07:00,12,4,8
10/05/2013,07:15,9,3,6
10/05/2013,07:30,13,5,8
10/05/2013,07:45,19,15,4
10/05/2013,08:00,25,17,8
10/05/2013,08:15,17,10,7
10/05/2013,08:30,10,3,7
10/05/2013,08:45,18,8,10
10/05/2013,09:00,19,8,11
10/05/2013,09:15,8,1,7
10/05/2013,09:30,16,1,15
10/05/2013,09:45,16,7,9
10/05/2013,10:00,19,6,13
10/05/2013,10:15,13,1,12
10/05/2013,10:30,16,4,12
10/05/2013,10:45,19,1,18
10/05/2013,11:00,15,4,11
10/05/2013,11:15,19,6,13
10/05/2013,11:30,15,5,10
10/05/2013,11:45,18,9,9
10/05/2013,12:00,15,6,9
10/05/2013,12:15,23,5,18
10/05/2013,12:30,18,6,12
10/05/2013,12:45,20,4,16
10/05/2013,13:00,23,4,19
10/05/2013,13:15,24,10,14
10/05/2013,13:30,16,3,13
10/05/2013,13:45,11,6,5
10/05/2013,14:00,20,7,13
10/05/2013,14:15,10,6,4
10/05/2013,14:30,18,6,12
10/05/2013,14:45,14,11,3
10/05/2013,15:00,13,7,6
10/05/2013,15:15,10,8,2
10/05/2013,15:30,11,7,4
10/05/2013,15:45,32,29,3
10/05/2013,16:00,11,6,5
10/05/2013,16:15,35,20,15
10/05/2013,16:30,21,15,6
10/05/2013,16:45,21,7,14
10/05/2013,17:00,9,5,4
10/05/2013,17:15,10,5,5
10/05/2013,17:30,15,6,9
10/05/2013,17:45,18,7,11
10/05/2013,18:00,13,7,6
10/05/2013,18:15,16,10,6
10/05/2013,18:30,14,7,7
10/05/2013,18:45,7,5,2
10/05/2013,19:00,3,3,0
10/05/2013,19:15,4,3,1
10/05/2013,19:30,13,8,5
10/05/2013,19:45,2,1,1
10/05/2013,20:00,3,2,1
10/05/2013,20:15,1,1,0
10/05/2013,20:30,3,2,1
10/05/2013,20:45,4,3,1
10/05/2013,21:00,1,1,0
10/05/2013,21:15,0,0,0
10/05/2013,21:30,1,1,0
10/05/2013,21:45,0,0,0
10/05/2013,22:00,2,0,2
10/05/2013,22:15,0,0,0
10/05/2013,22:30,1,1,0
10/05/2013,22:45,0,0,0
10/05/2013,23:00,0,0,0
10/05/2013,23:15,0,0,0
10/05/2013,23:30,0,0,0
10/05/2013,23:45,0,0,0
11/05/2013,00:00,0,0,0
11/05/2013,00:15,0,0,0
11/05/2013,00:30,0,0,0
11/05/2013,00:45,0,0,0
11/05/2013,01:00,0,0,0
11/05/2013,01:15,0,0,0
11/05/2013,01:30,0,0,0
11/05/2013,01:45,0,0,0
11/05/2013,02:00,0,0,0
11/05/2013,02:15,0,0,0
11/05/2013,02:30,0,0,0
11/05/2013,02:45,0,0,0
11/05/2013,03:00,0,0,0
11/05/2013,03:15,0,0,0
11/05/2013,03:30,0,0,0
11/05/2013,03:45,0,0,0
11/05/2013,04:00,0,0,0
11/05/2013,04:15,0,0,0
11/05/2013,04:30,0,0,0
11/05/2013,04:45,0,0,0
11/05/2013,05:00,0,0,0
11/05/2013,05:15,0,0,0
11/05/2013,05:30,1,0,1
11/05/2013,05:45,1,0,1
11/05/2013,06:00,4,0,4
11/05/2013,06:15,1,0,1
11/05/2013,06:30,3,0,3
11/05/2013,06:45,4,0,4
11/05/2013,07:00,10,1,9
11/05/2013,07:15,12,3,9
11/05/2013,07:30,11,0,11
11/05/2013,07:45,13,2,11
11/05/2013,08:00,7,2,5
11/05/2013,08:15,16,7,9
11/05/2013,08:30,24,3,21
11/05/2013,08:45,26,3,23
11/05/2013,09:00,17,1,16
11/05/2013,09:15,23,3,20
11/05/2013,09:30,16,6,10
11/05/2013,09:45,32,8,24
11/05/2013,10:00,22,7,15
11/05/2013,10:15,14,4,10
11/05/2013,10:30,19,10,9
11/05/2013,10:45,33,13,20
11/05/2013,11:00,30,10,20
11/05/2013,11:15,34,10,24
11/05/2013,11:30,36,17,19
11/05/2013,11:45,32,14,18
11/05/2013,12:00,22,13,9
11/05/2013,12:15,25,11,14
11/05/2013,12:30,23,12,11
11/05/2013,12:45,14,4,10
11/05/2013,13:00,32,15,17
11/05/2013,13:15,15,8,7
11/05/2013,13:30,22,17,5
11/05/2013,13:45,11,6,5
11/05/2013,14:00,12,10,2
11/05/2013,14:15,16,9,7
11/05/2013,14:30,19,12,7
11/05/2013,14:45,15,11,4
11/05/2013,15:00,13,6,7
11/05/2013,15:15,11,7,4
11/05/2013,15:30,14,9,5
11/05/2013,15:45,17,11,6
11/05/2013,16:00,15,11,4
11/05/2013,16:15,16,10,6
11/05/2013,16:30,16,13,3
11/05/2013,16:45,15,11,4
11/05/2013,17:00,21,16,5
11/05/2013,17:15,13,9,4
11/05/2013,17:30,12,10,2
11/05/2013,17:45,13,8,5
11/05/2013,18:00,14,5,9
11/05/2013,18:15,14,5,9
11/05/2013,18:30,15,11,4
11/05/2013,18:45,10,6,4
11/05/2013,19:00,20,14,6
11/05/2013,19:15,21,3,18
11/05/2013,19:30,11,7,4
11/05/2013,19:45,6,3,3
11/05/2013,20:00,4,1,3
11/05/2013,20:15,0,0,0
11/05/2013,20:30,4,1,3
11/05/2013,20:45,1,0,1
11/05/2013,21:00,6,4,2
11/05/2013,21:15,1,1,0
11/05/2013,21:30,1,0,1
11/05/2013,21:45,1,0,1
11/05/2013,22:00,2,2,0
11/05/2013,22:15,2,0,2
11/05/2013,22:30,0,0,0
11/05/2013,22:45,2,2,0
11/05/2013,23:00,0,0,0
11/05/2013,23:15,0,0,0
11/05/2013,23:30,0,0,0
11/05/2013,23:45,0,0,0
12/05/2013,00:00,0,0,0
12/05/2013,00:15,0,0,0
12/05/2013,00:30,0,0,0
12/05/2013,00:45,0,0,0
12/05/2013,01:00,0,0,0
12/05/2013,01:15,0,0,0
12/05/2013,01:30,0,0,0
12/05/2013,01:45,0,0,0
12/05/2013,02:00,0,0,0
12/05/2013,02:15,0,0,0
12/05/2013,02:30,0,0,0
12/05/2013,02:45,0,0,0
12/05/2013,03:00,0,0,0
12/05/2013,03:15,0,0,0
12/05/2013,03:30,0,0,0
12/05/2013,03:45,0,0,0
12/05/2013,04:00,0,0,0
12/05/2013,04:15,0,0,0
12/05/2013,04:30,0,0,0
12/05/2013,04:45,0,0,0
12/05/2013,05:00,0,0,0
12/05/2013,05:15,0,0,0
12/05/2013,05:30,0,0,0
12/05/2013,05:45,0,0,0
12/05/2013,06:00,0,0,0
12/05/2013,06:15,0,0,0
12/05/2013,06:30,3,0,3
12/05/2013,06:45,4,0,4
12/05/2013,07:00,4,1,3
12/05/2013,07:15,8,4,4
12/05/2013,07:30,8,1,7
12/05/2013,07:45,8,4,4
12/05/2013,08:00,15,2,13
12/05/2013,08:15,14,4,10
12/05/2013,08:30,11,3,8
12/05/2013,08:45,17,6,11
12/05/2013,09:00,22,3,19
12/05/2013,09:15,19,5,14
12/05/2013,09:30,20,6,14
12/05/2013,09:45,18,5,13
12/05/2013,10:00,30,8,22
12/05/2013,10:15,33,9,24
12/05/2013,10:30,31,12,19
12/05/2013,10:45,26,7,19
12/05/2013,11:00,18,9,9
12/05/2013,11:15,28,9,19
12/05/2013,11:30,38,24,14
12/05/2013,11:45,31,25,6
12/05/2013,12:00,29,9,20
12/05/2013,12:15,31,18,13
12/05/2013,12:30,40,25,15
12/05/2013,12:45,28,17,11
12/05/2013,13:00,21,15,6
12/05/2013,13:15,13,10,3
12/05/2013,13:30,25,15,10
12/05/2013,13:45,17,10,7
12/05/2013,14:00,18,7,11
12/05/2013,14:15,23,11,12
12/05/2013,14:30,22,16,6
12/05/2013,14:45,33,26,7
12/05/2013,15:00,19,13,6
12/05/2013,15:15,17,11,6
12/05/2013,15:30,18,6,12
12/05/2013,15:45,11,3,8
12/05/2013,16:00,21,12,9
12/05/2013,16:15,14,7,7
12/05/2013,16:30,20,11,9
12/05/2013,16:45,18,7,11
12/05/2013,17:00,20,17,3
12/05/2013,17:15,24,15,9
12/05/2013,17:30,10,5,5
12/05/2013,17:45,10,10,0
12/05/2013,18:00,10,6,4
12/05/2013,18:15,9,4,5
12/05/2013,18:30,14,6,8
12/05/2013,18:45,9,1,8
12/05/2013,19:00,8,1,7
12/05/2013,19:15,8,1,7
12/05/2013,19:30,6,3,3
12/05/2013,19:45,5,1,4
12/05/2013,20:00,4,0,4
12/05/2013,20:15,4,0,4
12/05/2013,20:30,4,2,2
12/05/2013,20:45,1,0,1
12/05/2013,21:00,1,0,1
12/05/2013,21:15,0,0,0
12/05/2013,21:30,0,0,0
12/05/2013,21:45,0,0,0
12/05/2013,22:00,0,0,0
12/05/2013,22:15,2,0,2
12/05/2013,22:30,0,0,0
12/05/2013,22:45,1,1,0
12/05/2013,23:00,0,0,0
12/05/2013,23:15,0,0,0
12/05/2013,23:30,0,0,0
12/05/2013,23:45,0,0,0
13/05/2013,00:00,0,0,0
13/05/2013,00:15,0,0,0
13/05/2013,00:30,0,0,0
13/05/2013,00:45,0,0,0
13/05/2013,01:00,0,0,0
13/05/2013,01:15,0,0,0
13/05/2013,01:30,0,0,0
13/05/2013,01:45,0,0,0
13/05/2013,02:00,0,0,0
13/05/2013,02:15,0,0,0
13/05/2013,02:30,0,0,0
13/05/2013,02:45,0,0,0
13/05/2013,03:00,0,0,0
13/05/2013,03:15,0,0,0
13/05/2013,03:30,0,0,0
13/05/2013,03:45,0,0,0
13/05/2013,04:00,0,0,0
13/05/2013,04:15,0,0,0
13/05/2013,04:30,0,0,0
13/05/2013,04:45,0,0,0
13/05/2013,05:00,0,0,0
13/05/2013,05:15,0,0,0
13/05/2013,05:30,2,1,1
13/05/2013,05:45,2,0,2
13/05/2013,06:00,5,1,4
13/05/2013,06:15,9,2,7
13/05/2013,06:30,10,0,10
13/05/2013,06:45,14,7,7
13/05/2013,07:00,15,3,12
13/05/2013,07:15,17,6,11
13/05/2013,07:30,17,9,8
13/05/2013,07:45,26,14,12
13/05/2013,08:00,31,28,3
13/05/2013,08:15,22,7,15
13/05/2013,08:30,27,3,24
13/05/2013,08:45,22,9,13
13/05/2013,09:00,18,9,9
13/05/2013,09:15,19,5,14
13/05/2013,09:30,14,2,12
13/05/2013,09:45,11,6,5
13/05/2013,10:00,22,12,10
13/05/2013,10:15,17,4,13
13/05/2013,10:30,28,13,15
13/05/2013,10:45,18,7,11
13/05/2013,11:00,17,4,13
13/05/2013,11:15,12,4,8
13/05/2013,11:30,13,6,7
13/05/2013,11:45,19,8,11
13/05/2013,12:00,12,7,5
13/05/2013,12:15,9,3,6
13/05/2013,12:30,13,5,8
13/05/2013,12:45,15,6,9
13/05/2013,13:00,15,8,7
13/05/2013,13:15,8,4,4
13/05/2013,13:30,23,8,15
13/05/2013,13:45,16,5,11
13/05/2013,14:00,12,3,9
13/05/2013,14:15,11,6,5
13/05/2013,14:30,9,4,5
13/05/2013,14:45,9,4,5
13/05/2013,15:00,10,5,5
13/05/2013,15:15,9,8,1
13/05/2013,15:30,13,11,2
13/05/2013,15:45,24,21,3
13/05/2013,16:00,6,6,0
13/05/2013,16:15,11,6,5
13/05/2013,16:30,18,10,8
13/05/2013,16:45,10,4,6
13/05/2013,17:00,14,8,6
13/05/2013,17:15,22,13,9
13/05/2013,17:30,8,2,6
13/05/2013,17:45,30,16,14
13/05/2013,18:00,23,12,11
13/05/2013,18:15,22,12,10
13/05/2013,18:30,22,15,7
13/05/2013,18:45,22,14,8
13/05/2013,19:00,43,10,33
13/05/2013,19:15,80,8,72
13/05/2013,19:30,102,6,96
13/05/2013,19:45,57,5,52
13/05/2013,20:00,34,7,27
13/05/2013,20:15,8,1,7
13/05/2013,20:30,13,4,9
13/05/2013,20:45,4,2,2
13/05/2013,21:00,1,1,0
13/05/2013,21:15,0,0,0
13/05/2013,21:30,2,1,1
13/05/2013,21:45,1,0,1
13/05/2013,22:00,2,0,2
13/05/2013,22:15,0,0,0
13/05/2013,22:30,0,0,0
13/05/2013,22:45,0,0,0
13/05/2013,23:00,0,0,0
13/05/2013,23:15,0,0,0
13/05/2013,23:30,0,0,0
13/05/2013,23:45,0,0,0
14/05/2013,00:00,0,0,0
14/05/2013,00:15,0,0,0
14/05/2013,00:30,0,0,0
14/05/2013,00:45,0,0,0
14/05/2013,01:00,0,0,0
14/05/2013,01:15,0,0,0
14/05/2013,01:30,0,0,0
14/05/2013,01:45,0,0,0
14/05/2013,02:00,0,0,0
14/05/2013,02:15,0,0,0
14/05/2013,02:30,0,0,0
14/05/2013,02:45,0,0,0
14/05/2013,03:00,0,0,0
14/05/2013,03:15,0,0,0
14/05/2013,03:30,0,0,0
14/05/2013,03:45,0,0,0
14/05/2013,04:00,0,0,0
14/05/2013,04:15,0,0,0
14/05/2013,04:30,0,0,0
14/05/2013,04:45,0,0,0
14/05/2013,05:00,1,1,0
14/05/2013,05:15,1,0,1
14/05/2013,05:30,1,0,1
14/05/2013,05:45,1,0,1
14/05/2013,06:00,4,1,3
14/05/2013,06:15,9,4,5
14/05/2013,06:30,9,1,8
14/05/2013,06:45,11,2,9
14/05/2013,07:00,18,5,13
14/05/2013,07:15,11,1,10
14/05/2013,07:30,16,10,6
14/05/2013,07:45,21,10,11
14/05/2013,08:00,41,25,16
14/05/2013,08:15,31,18,13
14/05/2013,08:30,28,5,23
14/05/2013,08:45,28,6,22
14/05/2013,09:00,17,5,12
14/05/2013,09:15,19,3,16
14/05/2013,09:30,26,9,17
14/05/2013,09:45,21,6,15
14/05/2013,10:00,18,3,15
14/05/2013,10:15,20,4,16
14/05/2013,10:30,19,6,13
14/05/2013,10:45,17,2,15
14/05/2013,11:00,21,5,16
14/05/2013,11:15,19,3,16
14/05/2013,11:30,6,1,5
14/05/2013,11:45,19,7,12
14/05/2013,12:00,14,5,9
14/05/2013,12:15,16,5,11
14/05/2013,12:30,19,9,10
14/05/2013,12:45,23,4,19
14/05/2013,13:00,13,4,9
14/05/2013,13:15,20,4,16
14/05/2013,13:30,17,5,12
14/05/2013,13:45,11,3,8
14/05/2013,14:00,9,2,7
14/05/2013,14:15,8,4,4
14/05/2013,14:30,8,5,3
14/05/2013,14:45,12,10,2
14/05/2013,15:00,7,1,6
14/05/2013,15:15,12,8,4
14/05/2013,15:30,24,17,7
14/05/2013,15:45,25,21,4
14/05/2013,16:00,18,10,8
14/05/2013,16:15,13,11,2
14/05/2013,16:30,12,9,3
14/05/2013,16:45,19,12,7
14/05/2013,17:00,22,17,5
14/05/2013,17:15,13,8,5
14/05/2013,17:30,20,12,8
14/05/2013,17:45,34,21,13
14/05/2013,18:00,12,9,3
14/05/2013,18:15,11,6,5
14/05/2013,18:30,22,12,10
14/05/2013,18:45,19,10,9
14/05/2013,19:00,23,16,7
14/05/2013,19:15,14,9,5
14/05/2013,19:30,17,10,7
14/05/2013,19:45,10,2,8
14/05/2013,20:00,8,4,4
14/05/2013,20:15,2,2,0
14/05/2013,20:30,6,3,3
14/05/2013,20:45,2,1,1
14/05/2013,21:00,2,2,0
14/05/2013,21:15,3,1,2
14/05/2013,21:30,0,0,0
14/05/2013,21:45,0,0,0
14/05/2013,22:00,0,0,0
14/05/2013,22:15,3,3,0
14/05/2013,22:30,0,0,0
14/05/2013,22:45,1,0,1
14/05/2013,23:00,0,0,0
14/05/2013,23:15,0,0,0
14/05/2013,23:30,0,0,0
14/05/2013,23:45,0,0,0
15/05/2013,00:00,0,0,0
15/05/2013,00:15,2,2,0
15/05/2013,00:30,0,0,0
15/05/2013,00:45,0,0,0
15/05/2013,01:00,0,0,0
15/05/2013,01:15,0,0,0
15/05/2013,01:30,0,0,0
15/05/2013,01:45,0,0,0
15/05/2013,02:00,0,0,0
15/05/2013,02:15,0,0,0
15/05/2013,02:30,0,0,0
15/05/2013,02:45,0,0,0
15/05/2013,03:00,0,0,0
15/05/2013,03:15,0,0,0
15/05/2013,03:30,0,0,0
15/05/2013,03:45,0,0,0
15/05/2013,04:00,0,0,0
15/05/2013,04:15,0,0,0
15/05/2013,04:30,1,1,0
15/05/2013,04:45,0,0,0
15/05/2013,05:00,1,0,1
15/05/2013,05:15,4,1,3
15/05/2013,05:30,1,1,0
15/05/2013,05:45,1,0,1
15/05/2013,06:00,3,1,2
15/05/2013,06:15,4,1,3
15/05/2013,06:30,12,1,11
15/05/2013,06:45,12,7,5
15/05/2013,07:00,16,5,11
15/05/2013,07:15,14,1,13
15/05/2013,07:30,18,11,7
15/05/2013,07:45,27,16,11
15/05/2013,08:00,29,22,7
15/05/2013,08:15,25,15,10
15/05/2013,08:30,12,6,6
15/05/2013,08:45,32,8,24
15/05/2013,09:00,23,7,16
15/05/2013,09:15,15,5,10
15/05/2013,09:30,24,12,12
15/05/2013,09:45,17,8,9
15/05/2013,10:00,14,6,8
15/05/2013,10:15,15,0,15
15/05/2013,10:30,19,4,15
15/05/2013,10:45,16,2,14
15/05/2013,11:00,23,4,19
15/05/2013,11:15,19,5,14
15/05/2013,11:30,12,1,11
15/05/2013,11:45,6,1,5
15/05/2013,12:00,18,7,11
15/05/2013,12:15,13,4,9
15/05/2013,12:30,16,6,10
15/05/2013,12:45,11,1,10
15/05/2013,13:00,10,1,9
15/05/2013,13:15,17,5,12
15/05/2013,13:30,32,16,16
15/05/2013,13:45,19,9,10
15/05/2013,14:00,24,2,22
15/05/2013,14:15,14,5,9
15/05/2013,14:30,6,3,3
15/05/2013,14:45,14,8,6
15/05/2013,15:00,16,4,12
15/05/2013,15:15,19,7,12
15/05/2013,15:30,18,10,8
15/05/2013,15:45,10,6,4
15/05/2013,16:00,14,7,7
15/05/2013,16:15,17,9,8
15/05/2013,16:30,26,3,23
15/05/2013,16:45,59,9,50
15/05/2013,17:00,36,2,34
15/05/2013,17:15,64,9,55
15/05/2013,17:30,45,7,38
15/05/2013,17:45,41,11,30
15/05/2013,18:00,10,5,5
15/05/2013,18:15,20,9,11
15/05/2013,18:30,20,4,16
15/05/2013,18:45,77,19,58
15/05/2013,19:00,19,12,7
15/05/2013,19:15,15,8,7
15/05/2013,19:30,9,2,7
15/05/2013,19:45,14,1,13
15/05/2013,20:00,22,4,18
15/05/2013,20:15,10,2,8
15/05/2013,20:30,6,1,5
15/05/2013,20:45,4,2,2
15/05/2013,21:00,2,1,1
15/05/2013,21:15,1,0,1
15/05/2013,21:30,0,0,0
15/05/2013,21:45,0,0,0
15/05/2013,22:00,0,0,0
15/05/2013,22:15,1,1,0
15/05/2013,22:30,0,0,0
15/05/2013,22:45,0,0,0
15/05/2013,23:00,0,0,0
15/05/2013,23:15,0,0,0
15/05/2013,23:30,0,0,0
15/05/2013,23:45,0,0,0
16/05/2013,00:00,0,0,0
16/05/2013,00:15,0,0,0
16/05/2013,00:30,0,0,0
16/05/2013,00:45,0,0,0
16/05/2013,01:00,0,0,0
16/05/2013,01:15,0,0,0
16/05/2013,01:30,0,0,0
16/05/2013,01:45,0,0,0
16/05/2013,02:00,0,0,0
16/05/2013,02:15,0,0,0
16/05/2013,02:30,0,0,0
16/05/2013,02:45,0,0,0
16/05/2013,03:00,0,0,0
16/05/2013,03:15,0,0,0
16/05/2013,03:30,0,0,0
16/05/2013,03:45,0,0,0
16/05/2013,04:00,0,0,0
16/05/2013,04:15,0,0,0
16/05/2013,04:30,0,0,0
16/05/2013,04:45,0,0,0
16/05/2013,05:00,0,0,0
16/05/2013,05:15,2,1,1
16/05/2013,05:30,1,0,1
16/05/2013,05:45,1,0,1
16/05/2013,06:00,1,1,0
16/05/2013,06:15,9,2,7
16/05/2013,06:30,7,0,7
16/05/2013,06:45,9,3,6
16/05/2013,07:00,8,4,4
16/05/2013,07:15,15,2,13
16/05/2013,07:30,9,5,4
16/05/2013,07:45,10,9,1
16/05/2013,08:00,19,18,1
16/05/2013,08:15,15,9,6
16/05/2013,08:30,16,4,12
16/05/2013,08:45,14,3,11
16/05/2013,09:00,16,6,10
16/05/2013,09:15,11,2,9
16/05/2013,09:30,9,4,5
16/05/2013,09:45,13,2,11
16/05/2013,10:00,11,3,8
16/05/2013,10:15,10,2,8
16/05/2013,10:30,6,1,5
16/05/2013,10:45,10,2,8
16/05/2013,11:00,12,2,10
16/05/2013,11:15,11,2,9
16/05/2013,11:30,10,3,7
16/05/2013,11:45,11,7,4
16/05/2013,12:00,13,4,9
16/05/2013,12:15,11,2,9
16/05/2013,12:30,11,2,9
16/05/2013,12:45,13,2,11
16/05/2013,13:00,23,2,21
16/05/2013,13:15,20,7,13
16/05/2013,13:30,14,1,13
16/05/2013,13:45,18,5,13
16/05/2013,14:00,15,2,13
16/05/2013,14:15,17,4,13
16/05/2013,14:30,16,6,10
16/05/2013,14:45,21,6,15
16/05/2013,15:00,22,6,16
16/05/2013,15:15,26,8,18
16/05/2013,15:30,21,7,14
16/05/2013,15:45,33,22,11
16/05/2013,16:00,21,7,14
16/05/2013,16:15,21,7,14
16/05/2013,16:30,26,17,9
16/05/2013,16:45,35,9,26
16/05/2013,17:00,31,4,27
16/05/2013,17:15,19,3,16
16/05/2013,17:30,33,5,28
16/05/2013,17:45,57,13,44
16/05/2013,18:00,46,2,44
16/05/2013,18:15,28,10,18
16/05/2013,18:30,50,9,41
16/05/2013,18:45,44,4,40
16/05/2013,19:00,29,5,24
16/05/2013,19:15,31,5,26
16/05/2013,19:30,5,2,3
16/05/2013,19:45,12,2,10
16/05/2013,20:00,10,5,5
16/05/2013,20:15,13,3,10
16/05/2013,20:30,2,0,2
16/05/2013,20:45,6,4,2
16/05/2013,21:00,1,1,0
16/05/2013,21:15,1,1,0
16/05/2013,21:30,1,1,0
16/05/2013,21:45,0,0,0
16/05/2013,22:00,2,0,2
16/05/2013,22:15,1,1,0
16/05/2013,22:30,0,0,0
16/05/2013,22:45,0,0,0
16/05/2013,23:00,0,0,0
16/05/2013,23:15,0,0,0
16/05/2013,23:30,1,1,0
16/05/2013,23:45,0,0,0
17/05/2013,00:00,0,0,0
17/05/2013,00:15,0,0,0
17/05/2013,00:30,0,0,0
17/05/2013,00:45,0,0,0
17/05/2013,01:00,0,0,0
17/05/2013,01:15,0,0,0
17/05/2013,01:30,0,0,0
17/05/2013,01:45,0,0,0
17/05/2013,02:00,0,0,0
17/05/2013,02:15,0,0,0
17/05/2013,02:30,0,0,0
17/05/2013,02:45,0,0,0
17/05/2013,03:00,0,0,0
17/05/2013,03:15,0,0,0
17/05/2013,03:30,0,0,0
17/05/2013,03:45,0,0,0
17/05/2013,04:00,0,0,0
17/05/2013,04:15,0,0,0
17/05/2013,04:30,0,0,0
17/05/2013,04:45,0,0,0
17/05/2013,05:00,0,0,0
17/05/2013,05:15,0,0,0
17/05/2013,05:30,1,0,1
17/05/2013,05:45,1,0,1
17/05/2013,06:00,1,0,1
17/05/2013,06:15,6,2,4
17/05/2013,06:30,10,1,9
17/05/2013,06:45,7,1,6
17/05/2013,07:00,11,2,9
17/05/2013,07:15,12,4,8
17/05/2013,07:30,14,5,9
17/05/2013,07:45,31,16,15
17/05/2013,08:00,22,13,9
17/05/2013,08:15,20,7,13
17/05/2013,08:30,20,2,18
17/05/2013,08:45,24,1,23
17/05/2013,09:00,22,6,16
17/05/2013,09:15,11,1,10
17/05/2013,09:30,14,0,14
17/05/2013,09:45,25,9,16
17/05/2013,10:00,21,8,13
17/05/2013,10:15,16,4,12
17/05/2013,10:30,15,4,11
17/05/2013,10:45,14,7,7
17/05/2013,11:00,17,4,13
17/05/2013,11:15,11,5,6
17/05/2013,11:30,19,10,9
17/05/2013,11:45,19,4,15
17/05/2013,12:00,17,6,11
17/05/2013,12:15,21,6,15
17/05/2013,12:30,20,9,11
17/05/2013,12:45,25,3,22
17/05/2013,13:00,20,4,16
17/05/2013,13:15,13,4,9
17/05/2013,13:30,26,6,20
17/05/2013,13:45,39,11,28
17/05/2013,14:00,43,4,39
17/05/2013,14:15,19,2,17
17/05/2013,14:30,20,3,17
17/05/2013,14:45,28,6,22
17/05/2013,15:00,30,10,20
17/05/2013,15:15,22,3,19
17/05/2013,15:30,29,5,24
17/05/2013,15:45,35,13,22
17/05/2013,16:00,29,4,25
17/05/2013,16:15,16,8,8
17/05/2013,16:30,24,4,20
17/05/2013,16:45,19,5,14
17/05/2013,17:00,51,8,43
17/05/2013,17:15,27,12,15
17/05/2013,17:30,36,8,28
17/05/2013,17:45,29,10,19
17/05/2013,18:00,45,8,37
17/05/2013,18:15,57,2,55
17/05/2013,18:30,55,9,46
17/05/2013,18:45,35,5,30
17/05/2013,19:00,41,7,34
17/05/2013,19:15,38,9,29
17/05/2013,19:30,16,3,13
17/05/2013,19:45,13,5,8
17/05/2013,20:00,22,2,20
17/05/2013,20:15,7,0,7
17/05/2013,20:30,1,0,1
17/05/2013,20:45,1,1,0
17/05/2013,21:00,2,1,1
17/05/2013,21:15,0,0,0
17/05/2013,21:30,1,0,1
17/05/2013,21:45,0,0,0
17/05/2013,22:00,0,0,0
17/05/2013,22:15,0,0,0
17/05/2013,22:30,1,1,0
17/05/2013,22:45,0,0,0
17/05/2013,23:00,0,0,0
17/05/2013,23:15,0,0,0
17/05/2013,23:30,0,0,0
17/05/2013,23:45,0,0,0
18/05/2013,00:00,0,0,0
18/05/2013,00:15,0,0,0
18/05/2013,00:30,0,0,0
18/05/2013,00:45,0,0,0
18/05/2013,01:00,0,0,0
18/05/2013,01:15,0,0,0
18/05/2013,01:30,0,0,0
18/05/2013,01:45,0,0,0
18/05/2013,02:00,0,0,0
18/05/2013,02:15,1,1,0
18/05/2013,02:30,0,0,0
18/05/2013,02:45,0,0,0
18/05/2013,03:00,0,0,0
18/05/2013,03:15,0,0,0
18/05/2013,03:30,0,0,0
18/05/2013,03:45,0,0,0
18/05/2013,04:00,0,0,0
18/05/2013,04:15,0,0,0
18/05/2013,04:30,0,0,0
18/05/2013,04:45,0,0,0
18/05/2013,05:00,0,0,0
18/05/2013,05:15,0,0,0
18/05/2013,05:30,0,0,0
18/05/2013,05:45,1,0,1
18/05/2013,06:00,0,0,0
18/05/2013,06:15,2,1,1
18/05/2013,06:30,5,0,5
18/05/2013,06:45,8,5,3
18/05/2013,07:00,2,1,1
18/05/2013,07:15,7,0,7
18/05/2013,07:30,11,0,11
18/05/2013,07:45,13,2,11
18/05/2013,08:00,10,3,7
18/05/2013,08:15,12,3,9
18/05/2013,08:30,19,2,17
18/05/2013,08:45,22,2,20
18/05/2013,09:00,21,3,18
18/05/2013,09:15,31,9,22
18/05/2013,09:30,26,7,19
18/05/2013,09:45,26,4,22
18/05/2013,10:00,22,7,15
18/05/2013,10:15,28,7,21
18/05/2013,10:30,17,5,12
18/05/2013,10:45,42,15,27
18/05/2013,11:00,25,13,12
18/05/2013,11:15,22,11,11
18/05/2013,11:30,29,11,18
18/05/2013,11:45,18,9,9
18/05/2013,12:00,11,7,4
18/05/2013,12:15,22,10,12
18/05/2013,12:30,21,12,9
18/05/2013,12:45,35,25,10
18/05/2013,13:00,17,14,3
18/05/2013,13:15,25,11,14
18/05/2013,13:30,17,10,7
18/05/2013,13:45,16,10,6
18/05/2013,14:00,19,11,8
18/05/2013,14:15,20,17,3
18/05/2013,14:30,22,19,3
18/05/2013,14:45,24,9,15
18/05/2013,15:00,26,15,11
18/05/2013,15:15,25,12,13
18/05/2013,15:30,17,8,9
18/05/2013,15:45,40,32,8
18/05/2013,16:00,20,12,8
18/05/2013,16:15,13,7,6
18/05/2013,16:30,27,17,10
18/05/2013,16:45,30,23,7
18/05/2013,17:00,31,19,12
18/05/2013,17:15,19,8,11
18/05/2013,17:30,25,16,9
18/05/2013,17:45,36,8,28
18/05/2013,18:00,29,4,25
18/05/2013,18:15,28,7,21
18/05/2013,18:30,24,11,13
18/05/2013,18:45,13,1,12
18/05/2013,19:00,13,9,4
18/05/2013,19:15,12,7,5
18/05/2013,19:30,12,1,11
18/05/2013,19:45,9,0,9
18/05/2013,20:00,1,0,1
18/05/2013,20:15,10,2,8
18/05/2013,20:30,5,2,3
18/05/2013,20:45,1,0,1
18/05/2013,21:00,1,0,1
18/05/2013,21:15,2,1,1
18/05/2013,21:30,0,0,0
18/05/2013,21:45,0,0,0
18/05/2013,22:00,0,0,0
18/05/2013,22:15,2,0,2
18/05/2013,22:30,2,2,0
18/05/2013,22:45,0,0,0
18/05/2013,23:00,2,1,1
18/05/2013,23:15,0,0,0
18/05/2013,23:30,0,0,0
18/05/2013,23:45,0,0,0
19/05/2013,00:00,0,0,0
19/05/2013,00:15,1,1,0
19/05/2013,00:30,0,0,0
19/05/2013,00:45,0,0,0
19/05/2013,01:00,0,0,0
19/05/2013,01:15,0,0,0
19/05/2013,01:30,0,0,0
19/05/2013,01:45,0,0,0
19/05/2013,02:00,0,0,0
19/05/2013,02:15,0,0,0
19/05/2013,02:30,0,0,0
19/05/2013,02:45,0,0,0
19/05/2013,03:00,0,0,0
19/05/2013,03:15,0,0,0
19/05/2013,03:30,0,0,0
19/05/2013,03:45,0,0,0
19/05/2013,04:00,0,0,0
19/05/2013,04:15,0,0,0
19/05/2013,04:30,1,0,1
19/05/2013,04:45,0,0,0
19/05/2013,05:00,0,0,0
19/05/2013,05:15,1,0,1
19/05/2013,05:30,0,0,0
19/05/2013,05:45,0,0,0
19/05/2013,06:00,2,0,2
19/05/2013,06:15,1,1,0
19/05/2013,06:30,2,1,1
19/05/2013,06:45,8,1,7
19/05/2013,07:00,7,3,4
19/05/2013,07:15,3,0,3
19/05/2013,07:30,8,0,8
19/05/2013,07:45,4,1,3
19/05/2013,08:00,12,1,11
19/05/2013,08:15,10,1,9
19/05/2013,08:30,14,4,10
19/05/2013,08:45,9,5,4
19/05/2013,09:00,11,3,8
19/05/2013,09:15,21,5,16
19/05/2013,09:30,26,7,19
19/05/2013,09:45,34,7,27
19/05/2013,10:00,23,6,17
19/05/2013,10:15,38,15,23
19/05/2013,10:30,29,14,15
19/05/2013,10:45,22,13,9
19/05/2013,11:00,39,19,20
19/05/2013,11:15,36,28,8
19/05/2013,11:30,27,18,9
19/05/2013,11:45,24,10,14
19/05/2013,12:00,25,10,15
19/05/2013,12:15,27,18,9
19/05/2013,12:30,26,15,11
19/05/2013,12:45,18,9,9
19/05/2013,13:00,16,7,9
19/05/2013,13:15,31,22,9
19/05/2013,13:30,24,10,14
19/05/2013,13:45,22,13,9
19/05/2013,14:00,30,18,12
19/05/2013,14:15,19,10,9
19/05/2013,14:30,22,13,9
19/05/2013,14:45,21,7,14
19/05/2013,15:00,17,13,4
19/05/2013,15:15,20,9,11
19/05/2013,15:30,20,14,6
19/05/2013,15:45,22,19,3
19/05/2013,16:00,18,12,6
19/05/2013,16:15,6,5,1
19/05/2013,16:30,29,25,4
19/05/2013,16:45,16,6,10
19/05/2013,17:00,12,6,6
19/05/2013,17:15,19,12,7
19/05/2013,17:30,19,10,9
19/05/2013,17:45,8,5,3
19/05/2013,18:00,9,2,7
19/05/2013,18:15,2,1,1
19/05/2013,18:30,14,8,6
19/05/2013,18:45,7,4,3
19/05/2013,19:00,7,3,4
19/05/2013,19:15,5,1,4
19/05/2013,19:30,5,2,3
19/05/2013,19:45,7,4,3
19/05/2013,20:00,4,1,3
19/05/2013,20:15,7,6,1
19/05/2013,20:30,5,2,3
19/05/2013,20:45,3,2,1
19/05/2013,21:00,2,1,1
19/05/2013,21:15,0,0,0
19/05/2013,21:30,0,0,0
19/05/2013,21:45,0,0,0
19/05/2013,22:00,0,0,0
19/05/2013,22:15,0,0,0
19/05/2013,22:30,0,0,0
19/05/2013,22:45,1,1,0
19/05/2013,23:00,1,0,1
19/05/2013,23:15,0,0,0
19/05/2013,23:30,0,0,0
19/05/2013,23:45,0,0,0
20/05/2013,00:00,0,0,0
20/05/2013,00:15,2,2,0
20/05/2013,00:30,0,0,0
20/05/2013,00:45,0,0,0
20/05/2013,01:00,0,0,0
20/05/2013,01:15,0,0,0
20/05/2013,01:30,0,0,0
20/05/2013,01:45,0,0,0
20/05/2013,02:00,0,0,0
20/05/2013,02:15,0,0,0
20/05/2013,02:30,0,0,0
20/05/2013,02:45,0,0,0
20/05/2013,03:00,0,0,0
20/05/2013,03:15,0,0,0
20/05/2013,03:30,0,0,0
20/05/2013,03:45,0,0,0
20/05/2013,04:00,0,0,0
20/05/2013,04:15,0,0,0
20/05/2013,04:30,0,0,0
20/05/2013,04:45,0,0,0
20/05/2013,05:00,0,0,0
20/05/2013,05:15,1,1,0
20/05/2013,05:30,0,0,0
20/05/2013,05:45,0,0,0
20/05/2013,06:00,2,0,2
20/05/2013,06:15,8,1,7
20/05/2013,06:30,11,0,11
20/05/2013,06:45,9,3,6
20/05/2013,07:00,16,4,12
20/05/2013,07:15,21,9,12
20/05/2013,07:30,22,9,13
20/05/2013,07:45,24,16,8
20/05/2013,08:00,27,19,8
20/05/2013,08:15,27,10,17
20/05/2013,08:30,18,2,16
20/05/2013,08:45,22,1,21
20/05/2013,09:00,21,7,14
20/05/2013,09:15,11,4,7
20/05/2013,09:30,24,4,20
20/05/2013,09:45,19,3,16
20/05/2013,10:00,18,3,15
20/05/2013,10:15,11,3,8
20/05/2013,10:30,14,4,10
20/05/2013,10:45,19,5,14
20/05/2013,11:00,11,5,6
20/05/2013,11:15,8,3,5
20/05/2013,11:30,10,3,7
20/05/2013,11:45,10,4,6
20/05/2013,12:00,9,5,4
20/05/2013,12:15,10,7,3
20/05/2013,12:30,10,8,2
20/05/2013,12:45,5,2,3
20/05/2013,13:00,8,1,7
20/05/2013,13:15,12,7,5
20/05/2013,13:30,11,4,7
20/05/2013,13:45,14,7,7
20/05/2013,14:00,8,1,7
20/05/2013,14:15,9,4,5
20/05/2013,14:30,14,1,13
20/05/2013,14:45,9,2,7
20/05/2013,15:00,21,1,20
20/05/2013,15:15,12,5,7
20/05/2013,15:30,26,9,17
20/05/2013,15:45,30,22,8
20/05/2013,16:00,6,6,0
20/05/2013,16:15,12,6,6
20/05/2013,16:30,18,7,11
20/05/2013,16:45,21,8,13
20/05/2013,17:00,12,9,3
20/05/2013,17:15,33,16,17
20/05/2013,17:30,38,5,33
20/05/2013,17:45,28,19,9
20/05/2013,18:00,12,5,7
20/05/2013,18:15,14,11,3
20/05/2013,18:30,20,10,10
20/05/2013,18:45,20,13,7
20/05/2013,19:00,10,8,2
20/05/2013,19:15,19,6,13
20/05/2013,19:30,7,2,5
20/05/2013,19:45,14,7,7
20/05/2013,20:00,22,6,16
20/05/2013,20:15,8,2,6
20/05/2013,20:30,3,1,2
20/05/2013,20:45,9,3,6
20/05/2013,21:00,3,0,3
20/05/2013,21:15,2,0,2
20/05/2013,21:30,3,1,2
20/05/2013,21:45,0,0,0
20/05/2013,22:00,0,0,0
20/05/2013,22:15,0,0,0
20/05/2013,22:30,1,1,0
20/05/2013,22:45,0,0,0
20/05/2013,23:00,0,0,0
20/05/2013,23:15,0,0,0
20/05/2013,23:30,0,0,0
20/05/2013,23:45,0,0,0
21/05/2013,00:00,1,1,0
21/05/2013,00:15,0,0,0
21/05/2013,00:30,0,0,0
21/05/2013,00:45,0,0,0
21/05/2013,01:00,0,0,0
21/05/2013,01:15,0,0,0
21/05/2013,01:30,0,0,0
21/05/2013,01:45,0,0,0
21/05/2013,02:00,0,0,0
21/05/2013,02:15,0,0,0
21/05/2013,02:30,0,0,0
21/05/2013,02:45,0,0,0
21/05/2013,03:00,0,0,0
21/05/2013,03:15,0,0,0
21/05/2013,03:30,0,0,0
21/05/2013,03:45,0,0,0
21/05/2013,04:00,0,0,0
21/05/2013,04:15,0,0,0
21/05/2013,04:30,0,0,0
21/05/2013,04:45,0,0,0
21/05/2013,05:00,1,0,1
21/05/2013,05:15,3,1,2
21/05/2013,05:30,3,0,3
21/05/2013,05:45,2,0,2
21/05/2013,06:00,3,0,3
21/05/2013,06:15,17,6,11
21/05/2013,06:30,10,0,10
21/05/2013,06:45,6,3,3
21/05/2013,07:00,10,2,8
21/05/2013,07:15,13,6,7
21/05/2013,07:30,14,10,4
21/05/2013,07:45,18,10,8
21/05/2013,08:00,37,27,10
21/05/2013,08:15,18,9,9
21/05/2013,08:30,18,9,9
21/05/2013,08:45,33,14,19
21/05/2013,09:00,22,6,16
21/05/2013,09:15,29,4,25
21/05/2013,09:30,10,6,4
21/05/2013,09:45,24,5,19
21/05/2013,10:00,15,2,13
21/05/2013,10:15,14,3,11
21/05/2013,10:30,17,1,16
21/05/2013,10:45,14,3,11
21/05/2013,11:00,10,3,7
21/05/2013,11:15,10,2,8
21/05/2013,11:30,19,7,12
21/05/2013,11:45,11,0,11
21/05/2013,12:00,14,3,11
21/05/2013,12:15,16,8,8
21/05/2013,12:30,20,7,13
21/05/2013,12:45,14,4,10
21/05/2013,13:00,15,2,13
21/05/2013,13:15,11,6,5
21/05/2013,13:30,14,3,11
21/05/2013,13:45,14,2,12
21/05/2013,14:00,10,0,10
21/05/2013,14:15,7,3,4
21/05/2013,14:30,14,4,10
21/05/2013,14:45,17,7,10
21/05/2013,15:00,31,5,26
21/05/2013,15:15,14,1,13
21/05/2013,15:30,19,13,6
21/05/2013,15:45,26,10,16
21/05/2013,16:00,21,10,11
21/05/2013,16:15,10,5,5
21/05/2013,16:30,20,6,14
21/05/2013,16:45,15,7,8
21/05/2013,17:00,17,4,13
21/05/2013,17:15,23,15,8
21/05/2013,17:30,7,3,4
21/05/2013,17:45,20,15,5
21/05/2013,18:00,16,7,9
21/05/2013,18:15,7,5,2
21/05/2013,18:30,10,5,5
21/05/2013,18:45,20,9,11
21/05/2013,19:00,18,6,12
21/05/2013,19:15,21,8,13
21/05/2013,19:30,11,3,8
21/05/2013,19:45,18,1,17
21/05/2013,20:00,12,1,11
21/05/2013,20:15,7,3,4
21/05/2013,20:30,2,2,0
21/05/2013,20:45,1,1,0
21/05/2013,21:00,3,3,0
21/05/2013,21:15,0,0,0
21/05/2013,21:30,3,1,2
21/05/2013,21:45,1,1,0
21/05/2013,22:00,0,0,0
21/05/2013,22:15,2,2,0
21/05/2013,22:30,0,0,0
21/05/2013,22:45,0,0,0
21/05/2013,23:00,0,0,0
21/05/2013,23:15,0,0,0
21/05/2013,23:30,0,0,0
21/05/2013,23:45,0,0,0
22/05/2013,00:00,1,1,0
22/05/2013,00:15,0,0,0
22/05/2013,00:30,0,0,0
22/05/2013,00:45,0,0,0
22/05/2013,01:00,0,0,0
22/05/2013,01:15,0,0,0
22/05/2013,01:30,0,0,0
22/05/2013,01:45,0,0,0
22/05/2013,02:00,0,0,0
22/05/2013,02:15,0,0,0
22/05/2013,02:30,0,0,0
22/05/2013,02:45,0,0,0
22/05/2013,03:00,0,0,0
22/05/2013,03:15,0,0,0
22/05/2013,03:30,0,0,0
22/05/2013,03:45,0,0,0
22/05/2013,04:00,0,0,0
22/05/2013,04:15,1,1,0
22/05/2013,04:30,0,0,0
22/05/2013,04:45,0,0,0
22/05/2013,05:00,0,0,0
22/05/2013,05:15,1,1,0
22/05/2013,05:30,0,0,0
22/05/2013,05:45,2,0,2
22/05/2013,06:00,3,1,2
22/05/2013,06:15,11,1,10
22/05/2013,06:30,6,0,6
22/05/2013,06:45,12,1,11
22/05/2013,07:00,14,5,9
22/05/2013,07:15,16,4,12
22/05/2013,07:30,21,14,7
22/05/2013,07:45,25,15,10
22/05/2013,08:00,33,24,9
22/05/2013,08:15,23,17,6
22/05/2013,08:30,19,4,15
22/05/2013,08:45,22,6,16
22/05/2013,09:00,16,7,9
22/05/2013,09:15,24,5,19
22/05/2013,09:30,19,4,15
22/05/2013,09:45,19,4,15
22/05/2013,10:00,9,2,7
22/05/2013,10:15,17,3,14
22/05/2013,10:30,12,0,12
22/05/2013,10:45,25,5,20
22/05/2013,11:00,14,5,9
22/05/2013,11:15,16,4,12
22/05/2013,11:30,18,5,13
22/05/2013,11:45,23,6,17
22/05/2013,12:00,11,4,7
22/05/2013,12:15,11,2,9
22/05/2013,12:30,18,4,14
22/05/2013,12:45,25,8,17
22/05/2013,13:00,13,5,8
22/05/2013,13:15,13,7,6
22/05/2013,13:30,35,11,24
22/05/2013,13:45,17,4,13
22/05/2013,14:00,16,6,10
22/05/2013,14:15,26,10,16
22/05/2013,14:30,23,5,18
22/05/2013,14:45,21,5,16
22/05/2013,15:00,19,3,16
22/05/2013,15:15,15,4,11
22/05/2013,15:30,27,5,22
22/05/2013,15:45,24,6,18
22/05/2013,16:00,26,3,23
22/05/2013,16:15,23,3,20
22/05/2013,16:30,15,3,12
22/05/2013,16:45,23,6,17
22/05/2013,17:00,20,7,13
22/05/2013,17:15,19,10,9
22/05/2013,17:30,16,4,12
22/05/2013,17:45,19,9,10
22/05/2013,18:00,21,3,18
22/05/2013,18:15,37,8,29
22/05/2013,18:30,32,2,30
22/05/2013,18:45,22,11,11
22/05/2013,19:00,18,5,13
22/05/2013,19:15,21,5,16
22/05/2013,19:30,15,1,14
22/05/2013,19:45,19,6,13
22/05/2013,20:00,18,7,11
22/05/2013,20:15,12,4,8
22/05/2013,20:30,2,0,2
22/05/2013,20:45,1,1,0
22/05/2013,21:00,5,4,1
22/05/2013,21:15,3,0,3
22/05/2013,21:30,2,1,1
22/05/2013,21:45,0,0,0
22/05/2013,22:00,1,0,1
22/05/2013,22:15,1,1,0
22/05/2013,22:30,0,0,0
22/05/2013,22:45,0,0,0
22/05/2013,23:00,0,0,0
22/05/2013,23:15,0,0,0
22/05/2013,23:30,0,0,0
22/05/2013,23:45,0,0,0
23/05/2013,00:00,0,0,0
23/05/2013,00:15,0,0,0
23/05/2013,00:30,0,0,0
23/05/2013,00:45,1,0,1
23/05/2013,01:00,0,0,0
23/05/2013,01:15,0,0,0
23/05/2013,01:30,0,0,0
23/05/2013,01:45,0,0,0
23/05/2013,02:00,0,0,0
23/05/2013,02:15,0,0,0
23/05/2013,02:30,0,0,0
23/05/2013,02:45,0,0,0
23/05/2013,03:00,0,0,0
23/05/2013,03:15,0,0,0
23/05/2013,03:30,0,0,0
23/05/2013,03:45,0,0,0
23/05/2013,04:00,0,0,0
23/05/2013,04:15,0,0,0
23/05/2013,04:30,0,0,0
23/05/2013,04:45,0,0,0
23/05/2013,05:00,0,0,0
23/05/2013,05:15,1,0,1
23/05/2013,05:30,1,0,1
23/05/2013,05:45,3,1,2
23/05/2013,06:00,1,0,1
23/05/2013,06:15,8,1,7
23/05/2013,06:30,4,0,4
23/05/2013,06:45,9,2,7
23/05/2013,07:00,6,5,1
23/05/2013,07:15,27,4,23
23/05/2013,07:30,11,5,6
23/05/2013,07:45,24,9,15
23/05/2013,08:00,35,18,17
23/05/2013,08:15,14,4,10
23/05/2013,08:30,18,2,16
23/05/2013,08:45,26,3,23
23/05/2013,09:00,16,4,12
23/05/2013,09:15,22,6,16
23/05/2013,09:30,18,3,15
23/05/2013,09:45,12,2,10
23/05/2013,10:00,15,4,11
23/05/2013,10:15,7,1,6
23/05/2013,10:30,12,6,6
23/05/2013,10:45,19,7,12
23/05/2013,11:00,22,8,14
23/05/2013,11:15,18,4,14
23/05/2013,11:30,16,6,10
23/05/2013,11:45,14,6,8
23/05/2013,12:00,15,5,10
23/05/2013,12:15,16,3,13
23/05/2013,12:30,11,3,8
23/05/2013,12:45,15,5,10
23/05/2013,13:00,24,9,15
23/05/2013,13:15,13,4,9
23/05/2013,13:30,16,3,13
23/05/2013,13:45,40,21,19
23/05/2013,14:00,18,4,14
23/05/2013,14:15,14,2,12
23/05/2013,14:30,16,5,11
23/05/2013,14:45,31,8,23
23/05/2013,15:00,19,6,13
23/05/2013,15:15,20,9,11
23/05/2013,15:30,13,8,5
23/05/2013,15:45,18,13,5
23/05/2013,16:00,10,6,4
23/05/2013,16:15,11,2,9
23/05/2013,16:30,22,18,4
23/05/2013,16:45,21,12,9
23/05/2013,17:00,20,9,11
23/05/2013,17:15,26,11,15
23/05/2013,17:30,16,9,7
23/05/2013,17:45,18,6,12
23/05/2013,18:00,16,8,8
23/05/2013,18:15,17,10,7
23/05/2013,18:30,13,7,6
23/05/2013,18:45,33,10,23
23/05/2013,19:00,17,7,10
23/05/2013,19:15,23,9,14
23/05/2013,19:30,13,3,10
23/05/2013,19:45,36,1,35
23/05/2013,20:00,45,3,42
23/05/2013,20:15,26,4,22
23/05/2013,20:30,25,0,25
23/05/2013,20:45,9,1,8
23/05/2013,21:00,2,0,2
23/05/2013,21:15,0,0,0
23/05/2013,21:30,2,1,1
23/05/2013,21:45,0,0,0
23/05/2013,22:00,1,0,1
23/05/2013,22:15,1,0,1
23/05/2013,22:30,0,0,0
23/05/2013,22:45,0,0,0
23/05/2013,23:00,0,0,0
23/05/2013,23:15,1,1,0
23/05/2013,23:30,0,0,0
23/05/2013,23:45,1,0,1
24/05/2013,00:00,1,0,1
24/05/2013,00:15,0,0,0
24/05/2013,00:30,0,0,0
24/05/2013,00:45,0,0,0
24/05/2013,01:00,0,0,0
24/05/2013,01:15,0,0,0
24/05/2013,01:30,0,0,0
24/05/2013,01:45,0,0,0
24/05/2013,02:00,0,0,0
24/05/2013,02:15,0,0,0
24/05/2013,02:30,0,0,0
24/05/2013,02:45,0,0,0
24/05/2013,03:00,0,0,0
24/05/2013,03:15,0,0,0
24/05/2013,03:30,0,0,0
24/05/2013,03:45,0,0,0
24/05/2013,04:00,0,0,0
24/05/2013,04:15,0,0,0
24/05/2013,04:30,1,1,0
24/05/2013,04:45,1,1,0
24/05/2013,05:00,0,0,0
24/05/2013,05:15,0,0,0
24/05/2013,05:30,1,0,1
24/05/2013,05:45,3,1,2
24/05/2013,06:00,2,0,2
24/05/2013,06:15,5,2,3
24/05/2013,06:30,5,0,5
24/05/2013,06:45,11,2,9
24/05/2013,07:00,7,2,5
24/05/2013,07:15,13,5,8
24/05/2013,07:30,15,10,5
24/05/2013,07:45,27,17,10
24/05/2013,08:00,16,8,8
24/05/2013,08:15,19,10,9
24/05/2013,08:30,16,3,13
24/05/2013,08:45,13,4,9
24/05/2013,09:00,18,5,13
24/05/2013,09:15,16,5,11
24/05/2013,09:30,15,3,12
24/05/2013,09:45,18,9,9
24/05/2013,10:00,23,4,19
24/05/2013,10:15,27,2,25
24/05/2013,10:30,20,5,15
24/05/2013,10:45,23,9,14
24/05/2013,11:00,17,3,14
24/05/2013,11:15,20,3,17
24/05/2013,11:30,29,8,21
24/05/2013,11:45,10,6,4
24/05/2013,12:00,17,6,11
24/05/2013,12:15,15,6,9
24/05/2013,12:30,14,7,7
24/05/2013,12:45,17,8,9
24/05/2013,13:00,11,2,9
24/05/2013,13:15,18,8,10
24/05/2013,13:30,16,6,10
24/05/2013,13:45,20,7,13
24/05/2013,14:00,16,7,9
24/05/2013,14:15,13,9,4
24/05/2013,14:30,14,10,4
24/05/2013,14:45,9,3,6
24/05/2013,15:00,15,7,8
24/05/2013,15:15,19,9,10
24/05/2013,15:30,18,10,8
24/05/2013,15:45,34,18,16
24/05/2013,16:00,22,13,9
24/05/2013,16:15,15,9,6
24/05/2013,16:30,10,6,4
24/05/2013,16:45,19,7,12
24/05/2013,17:00,20,10,10
24/05/2013,17:15,18,8,10
24/05/2013,17:30,35,9,26
24/05/2013,17:45,39,8,31
24/05/2013,18:00,56,3,53
24/05/2013,18:15,20,4,16
24/05/2013,18:30,31,5,26
24/05/2013,18:45,20,4,16
24/05/2013,19:00,35,3,32
24/05/2013,19:15,49,6,43
24/05/2013,19:30,38,0,38
24/05/2013,19:45,49,5,44
24/05/2013,20:00,81,0,81
24/05/2013,20:15,25,0,25
24/05/2013,20:30,10,0,10
24/05/2013,20:45,4,0,4
24/05/2013,21:00,0,0,0
24/05/2013,21:15,2,2,0
24/05/2013,21:30,0,0,0
24/05/2013,21:45,0,0,0
24/05/2013,22:00,0,0,0
24/05/2013,22:15,2,1,1
24/05/2013,22:30,2,0,2
24/05/2013,22:45,0,0,0
24/05/2013,23:00,0,0,0
24/05/2013,23:15,1,1,0
24/05/2013,23:30,1,1,0
24/05/2013,23:45,0,0,0
25/05/2013,00:00,0,0,0
25/05/2013,00:15,0,0,0
25/05/2013,00:30,0,0,0
25/05/2013,00:45,0,0,0
25/05/2013,01:00,1,1,0
25/05/2013,01:15,0,0,0
25/05/2013,01:30,0,0,0
25/05/2013,01:45,0,0,0
25/05/2013,02:00,0,0,0
25/05/2013,02:15,0,0,0
25/05/2013,02:30,0,0,0
25/05/2013,02:45,0,0,0
25/05/2013,03:00,0,0,0
25/05/2013,03:15,0,0,0
25/05/2013,03:30,0,0,0
25/05/2013,03:45,0,0,0
25/05/2013,04:00,0,0,0
25/05/2013,04:15,0,0,0
25/05/2013,04:30,0,0,0
25/05/2013,04:45,0,0,0
25/05/2013,05:00,0,0,0
25/05/2013,05:15,0,0,0
25/05/2013,05:30,1,0,1
25/05/2013,05:45,0,0,0
25/05/2013,06:00,1,1,0
25/05/2013,06:15,2,0,2
25/05/2013,06:30,6,3,3
25/05/2013,06:45,6,5,1
25/05/2013,07:00,4,0,4
25/05/2013,07:15,7,1,6
25/05/2013,07:30,8,1,7
25/05/2013,07:45,9,2,7
25/05/2013,08:00,10,2,8
25/05/2013,08:15,16,5,11
25/05/2013,08:30,14,4,10
25/05/2013,08:45,19,2,17
25/05/2013,09:00,41,7,34
25/05/2013,09:15,25,3,22
25/05/2013,09:30,21,6,15
25/05/2013,09:45,25,9,16
25/05/2013,10:00,21,5,16
25/05/2013,10:15,36,12,24
25/05/2013,10:30,24,6,18
25/05/2013,10:45,20,5,15
25/05/2013,11:00,32,19,13
25/05/2013,11:15,25,10,15
25/05/2013,11:30,44,24,20
25/05/2013,11:45,30,10,20
25/05/2013,12:00,32,14,18
25/05/2013,12:15,25,15,10
25/05/2013,12:30,19,11,8
25/05/2013,12:45,23,8,15
25/05/2013,13:00,32,16,16
25/05/2013,13:15,40,23,17
25/05/2013,13:30,19,14,5
25/05/2013,13:45,22,12,10
25/05/2013,14:00,34,27,7
25/05/2013,14:15,11,6,5
25/05/2013,14:30,29,18,11
25/05/2013,14:45,25,15,10
25/05/2013,15:00,23,12,11
25/05/2013,15:15,23,19,4
25/05/2013,15:30,16,5,11
25/05/2013,15:45,31,18,13
25/05/2013,16:00,30,9,21
25/05/2013,16:15,20,10,10
25/05/2013,16:30,25,10,15
25/05/2013,16:45,33,16,17
25/05/2013,17:00,40,4,36
25/05/2013,17:15,35,3,32
25/05/2013,17:30,82,6,76
25/05/2013,17:45,65,5,60
25/05/2013,18:00,32,15,17
25/05/2013,18:15,20,1,19
25/05/2013,18:30,25,1,24
25/05/2013,18:45,24,3,21
25/05/2013,19:00,16,0,16
25/05/2013,19:15,17,1,16
25/05/2013,19:30,39,4,35
25/05/2013,19:45,41,1,40
25/05/2013,20:00,28,2,26
25/05/2013,20:15,10,0,10
25/05/2013,20:30,17,2,15
25/05/2013,20:45,1,0,1
25/05/2013,21:00,0,0,0
25/05/2013,21:15,2,0,2
25/05/2013,21:30,0,0,0
25/05/2013,21:45,0,0,0
25/05/2013,22:00,0,0,0
25/05/2013,22:15,0,0,0
25/05/2013,22:30,1,1,0
25/05/2013,22:45,1,1,0
25/05/2013,23:00,0,0,0
25/05/2013,23:15,1,1,0
25/05/2013,23:30,0,0,0
25/05/2013,23:45,0,0,0
26/05/2013,00:00,0,0,0
26/05/2013,00:15,1,1,0
26/05/2013,00:30,0,0,0
26/05/2013,00:45,0,0,0
26/05/2013,01:00,0,0,0
26/05/2013,01:15,0,0,0
26/05/2013,01:30,0,0,0
26/05/2013,01:45,0,0,0
26/05/2013,02:00,0,0,0
26/05/2013,02:15,0,0,0
26/05/2013,02:30,0,0,0
26/05/2013,02:45,0,0,0
26/05/2013,03:00,0,0,0
26/05/2013,03:15,0,0,0
26/05/2013,03:30,0,0,0
26/05/2013,03:45,0,0,0
26/05/2013,04:00,0,0,0
26/05/2013,04:15,0,0,0
26/05/2013,04:30,0,0,0
26/05/2013,04:45,0,0,0
26/05/2013,05:00,0,0,0
26/05/2013,05:15,0,0,0
26/05/2013,05:30,0,0,0
26/05/2013,05:45,0,0,0
26/05/2013,06:00,2,1,1
26/05/2013,06:15,2,1,1
26/05/2013,06:30,1,0,1
26/05/2013,06:45,1,1,0
26/05/2013,07:00,3,1,2
26/05/2013,07:15,10,2,8
26/05/2013,07:30,6,3,3
26/05/2013,07:45,5,2,3
26/05/2013,08:00,10,2,8
26/05/2013,08:15,8,1,7
26/05/2013,08:30,11,2,9
26/05/2013,08:45,19,9,10
26/05/2013,09:00,19,4,15
26/05/2013,09:15,11,1,10
26/05/2013,09:30,18,4,14
26/05/2013,09:45,25,7,18
26/05/2013,10:00,24,10,14
26/05/2013,10:15,11,2,9
26/05/2013,10:30,23,8,15
26/05/2013,10:45,29,7,22
26/05/2013,11:00,32,10,22
26/05/2013,11:15,26,5,21
26/05/2013,11:30,27,14,13
26/05/2013,11:45,23,10,13
26/05/2013,12:00,36,17,19
26/05/2013,12:15,21,9,12
26/05/2013,12:30,25,11,14
26/05/2013,12:45,26,16,10
26/05/2013,13:00,25,11,14
26/05/2013,13:15,31,17,14
26/05/2013,13:30,27,17,10
26/05/2013,13:45,27,12,15
26/05/2013,14:00,32,17,15
26/05/2013,14:15,31,16,15
26/05/2013,14:30,19,5,14
26/05/2013,14:45,20,11,9
26/05/2013,15:00,21,14,7
26/05/2013,15:15,30,19,11
26/05/2013,15:30,21,14,7
26/05/2013,15:45,36,23,13
26/05/2013,16:00,21,10,11
26/05/2013,16:15,36,19,17
26/05/2013,16:30,25,14,11
26/05/2013,16:45,15,1,14
26/05/2013,17:00,18,9,9
26/05/2013,17:15,22,8,14
26/05/2013,17:30,13,7,6
26/05/2013,17:45,34,13,21
26/05/2013,18:00,12,3,9
26/05/2013,18:15,3,0,3
26/05/2013,18:30,12,4,8
26/05/2013,18:45,9,1,8
26/05/2013,19:00,19,6,13
26/05/2013,19:15,12,5,7
26/05/2013,19:30,18,4,14
26/05/2013,19:45,30,1,29
26/05/2013,20:00,64,3,61
26/05/2013,20:15,25,1,24
26/05/2013,20:30,15,1,14
26/05/2013,20:45,8,0,8
26/05/2013,21:00,5,0,5
26/05/2013,21:15,2,2,0
26/05/2013,21:30,2,0,2
26/05/2013,21:45,0,0,0
26/05/2013,22:00,0,0,0
26/05/2013,22:15,0,0,0
26/05/2013,22:30,1,1,0
26/05/2013,22:45,0,0,0
26/05/2013,23:00,0,0,0
26/05/2013,23:15,0,0,0
26/05/2013,23:30,0,0,0
26/05/2013,23:45,0,0,0
27/05/2013,00:00,0,0,0
27/05/2013,00:15,0,0,0
27/05/2013,00:30,1,0,1
27/05/2013,00:45,1,1,0
27/05/2013,01:00,0,0,0
27/05/2013,01:15,0,0,0
27/05/2013,01:30,0,0,0
27/05/2013,01:45,0,0,0
27/05/2013,02:00,0,0,0
27/05/2013,02:15,0,0,0
27/05/2013,02:30,1,0,1
27/05/2013,02:45,0,0,0
27/05/2013,03:00,0,0,0
27/05/2013,03:15,0,0,0
27/05/2013,03:30,0,0,0
27/05/2013,03:45,0,0,0
27/05/2013,04:00,0,0,0
27/05/2013,04:15,0,0,0
27/05/2013,04:30,0,0,0
27/05/2013,04:45,1,0,1
27/05/2013,05:00,0,0,0
27/05/2013,05:15,1,1,0
27/05/2013,05:30,0,0,0
27/05/2013,05:45,0,0,0
27/05/2013,06:00,0,0,0
27/05/2013,06:15,0,0,0
27/05/2013,06:30,6,0,6
27/05/2013,06:45,7,2,5
27/05/2013,07:00,7,2,5
27/05/2013,07:15,10,5,5
27/05/2013,07:30,7,2,5
27/05/2013,07:45,5,0,5
27/05/2013,08:00,28,7,21
27/05/2013,08:15,174,7,167
27/05/2013,08:30,19,4,15
27/05/2013,08:45,35,7,28
27/05/2013,09:00,316,6,310
27/05/2013,09:15,120,5,115
27/05/2013,09:30,34,10,24
27/05/2013,09:45,38,12,26
27/05/2013,10:00,26,16,10
27/05/2013,10:15,21,13,8
27/05/2013,10:30,26,4,22
27/05/2013,10:45,20,4,16
27/05/2013,11:00,35,13,22
27/05/2013,11:15,19,11,8
27/05/2013,11:30,28,17,11
27/05/2013,11:45,25,16,9
27/05/2013,12:00,34,16,18
27/05/2013,12:15,38,24,14
27/05/2013,12:30,9,3,6
27/05/2013,12:45,26,18,8
27/05/2013,13:00,2,0,2
27/05/2013,13:15,7,3,4
27/05/2013,13:30,15,11,4
27/05/2013,13:45,9,7,2
27/05/2013,14:00,23,7,16
27/05/2013,14:15,12,5,7
27/05/2013,14:30,20,10,10
27/05/2013,14:45,14,4,10
27/05/2013,15:00,14,5,9
27/05/2013,15:15,12,4,8
27/05/2013,15:30,14,5,9
27/05/2013,15:45,11,5,6
27/05/2013,16:00,18,2,16
27/05/2013,16:15,8,1,7
27/05/2013,16:30,21,11,10
27/05/2013,16:45,20,6,14
27/05/2013,17:00,15,12,3
27/05/2013,17:15,19,9,10
27/05/2013,17:30,14,4,10
27/05/2013,17:45,10,4,6
27/05/2013,18:00,12,5,7
27/05/2013,18:15,15,4,11
27/05/2013,18:30,14,6,8
27/05/2013,18:45,2,0,2
27/05/2013,19:00,7,4,3
27/05/2013,19:15,2,0,2
27/05/2013,19:30,5,1,4
27/05/2013,19:45,3,0,3
27/05/2013,20:00,5,0,5
27/05/2013,20:15,4,0,4
27/05/2013,20:30,1,1,0
27/05/2013,20:45,1,0,1
27/05/2013,21:00,0,0,0
27/05/2013,21:15,0,0,0
27/05/2013,21:30,1,0,1
27/05/2013,21:45,0,0,0
27/05/2013,22:00,0,0,0
27/05/2013,22:15,0,0,0
27/05/2013,22:30,0,0,0
27/05/2013,22:45,0,0,0
27/05/2013,23:00,0,0,0
27/05/2013,23:15,0,0,0
27/05/2013,23:30,1,0,1
27/05/2013,23:45,2,0,2
28/05/2013,00:00,0,0,0
28/05/2013,00:15,0,0,0
28/05/2013,00:30,0,0,0
28/05/2013,00:45,0,0,0
28/05/2013,01:00,0,0,0
28/05/2013,01:15,0,0,0
28/05/2013,01:30,0,0,0
28/05/2013,01:45,0,0,0
28/05/2013,02:00,0,0,0
28/05/2013,02:15,0,0,0
28/05/2013,02:30,0,0,0
28/05/2013,02:45,0,0,0
28/05/2013,03:00,0,0,0
28/05/2013,03:15,0,0,0
28/05/2013,03:30,0,0,0
28/05/2013,03:45,0,0,0
28/05/2013,04:00,0,0,0
28/05/2013,04:15,0,0,0
28/05/2013,04:30,0,0,0
28/05/2013,04:45,0,0,0
28/05/2013,05:00,2,0,2
28/05/2013,05:15,1,0,1
28/05/2013,05:30,0,0,0
28/05/2013,05:45,4,0,4
28/05/2013,06:00,2,0,2
28/05/2013,06:15,8,3,5
28/05/2013,06:30,15,1,14
28/05/2013,06:45,8,2,6
28/05/2013,07:00,12,3,9
28/05/2013,07:15,14,7,7
28/05/2013,07:30,13,6,7
28/05/2013,07:45,17,10,7
28/05/2013,08:00,22,14,8
28/05/2013,08:15,25,15,10
28/05/2013,08:30,15,2,13
28/05/2013,08:45,16,6,10
28/05/2013,09:00,24,7,17
28/05/2013,09:15,9,1,8
28/05/2013,09:30,9,3,6
28/05/2013,09:45,11,4,7
28/05/2013,10:00,7,0,7
28/05/2013,10:15,10,3,7
28/05/2013,10:30,11,1,10
28/05/2013,10:45,17,4,13
28/05/2013,11:00,15,3,12
28/05/2013,11:15,11,5,6
28/05/2013,11:30,15,3,12
28/05/2013,11:45,14,3,11
28/05/2013,12:00,11,4,7
28/05/2013,12:15,22,3,19
28/05/2013,12:30,14,5,9
28/05/2013,12:45,21,4,17
28/05/2013,13:00,17,5,12
28/05/2013,13:15,22,6,16
28/05/2013,13:30,21,7,14
28/05/2013,13:45,17,6,11
28/05/2013,14:00,21,10,11
28/05/2013,14:15,11,6,5
28/05/2013,14:30,7,5,2
28/05/2013,14:45,9,3,6
28/05/2013,15:00,17,6,11
28/05/2013,15:15,25,15,10
28/05/2013,15:30,15,11,4
28/05/2013,15:45,38,22,16
28/05/2013,16:00,20,11,9
28/05/2013,16:15,20,12,8
28/05/2013,16:30,24,15,9
28/05/2013,16:45,27,7,20
28/05/2013,17:00,19,10,9
28/05/2013,17:15,19,7,12
28/05/2013,17:30,22,10,12
28/05/2013,17:45,23,10,13
28/05/2013,18:00,14,7,7
28/05/2013,18:15,15,8,7
28/05/2013,18:30,25,15,10
28/05/2013,18:45,30,17,13
28/05/2013,19:00,6,2,4
28/05/2013,19:15,21,11,10
28/05/2013,19:30,25,5,20
28/05/2013,19:45,48,6,42
28/05/2013,20:00,13,1,12
28/05/2013,20:15,15,3,12
28/05/2013,20:30,9,1,8
28/05/2013,20:45,4,0,4
28/05/2013,21:00,8,6,2
28/05/2013,21:15,0,0,0
28/05/2013,21:30,1,1,0
28/05/2013,21:45,2,0,2
28/05/2013,22:00,0,0,0
28/05/2013,22:15,1,1,0
28/05/2013,22:30,0,0,0
28/05/2013,22:45,0,0,0
28/05/2013,23:00,0,0,0
28/05/2013,23:15,0,0,0
28/05/2013,23:30,1,1,0
28/05/2013,23:45,0,0,0
29/05/2013,00:00,0,0,0
29/05/2013,00:15,0,0,0
29/05/2013,00:30,0,0,0
29/05/2013,00:45,0,0,0
29/05/2013,01:00,0,0,0
29/05/2013,01:15,0,0,0
29/05/2013,01:30,0,0,0
29/05/2013,01:45,0,0,0
29/05/2013,02:00,0,0,0
29/05/2013,02:15,0,0,0
29/05/2013,02:30,0,0,0
29/05/2013,02:45,0,0,0
29/05/2013,03:00,0,0,0
29/05/2013,03:15,0,0,0
29/05/2013,03:30,0,0,0
29/05/2013,03:45,0,0,0
29/05/2013,04:00,0,0,0
29/05/2013,04:15,0,0,0
29/05/2013,04:30,1,1,0
29/05/2013,04:45,0,0,0
29/05/2013,05:00,0,0,0
29/05/2013,05:15,1,0,1
29/05/2013,05:30,1,0,1
29/05/2013,05:45,3,0,3
29/05/2013,06:00,1,1,0
29/05/2013,06:15,6,2,4
29/05/2013,06:30,15,1,14
29/05/2013,06:45,5,3,2
29/05/2013,07:00,9,4,5
29/05/2013,07:15,15,6,9
29/05/2013,07:30,15,9,6
29/05/2013,07:45,28,21,7
29/05/2013,08:00,25,19,6
29/05/2013,08:15,17,13,4
29/05/2013,08:30,19,2,17
29/05/2013,08:45,14,3,11
29/05/2013,09:00,23,8,15
29/05/2013,09:15,14,4,10
29/05/2013,09:30,13,4,9
29/05/2013,09:45,19,4,15
29/05/2013,10:00,11,3,8
29/05/2013,10:15,18,3,15
29/05/2013,10:30,21,5,16
29/05/2013,10:45,17,6,11
29/05/2013,11:00,21,8,13
29/05/2013,11:15,27,9,18
29/05/2013,11:30,22,6,16
29/05/2013,11:45,28,12,16
29/05/2013,12:00,23,4,19
29/05/2013,12:15,14,3,11
29/05/2013,12:30,16,2,14
29/05/2013,12:45,16,5,11
29/05/2013,13:00,14,3,11
29/05/2013,13:15,24,12,12
29/05/2013,13:30,22,12,10
29/05/2013,13:45,33,6,27
29/05/2013,14:00,17,7,10
29/05/2013,14:15,13,4,9
29/05/2013,14:30,18,4,14
29/05/2013,14:45,15,8,7
29/05/2013,15:00,20,3,17
29/05/2013,15:15,21,8,13
29/05/2013,15:30,22,10,12
29/05/2013,15:45,21,5,16
29/05/2013,16:00,28,5,23
29/05/2013,16:15,68,9,59
29/05/2013,16:30,58,9,49
29/05/2013,16:45,57,7,50
29/05/2013,17:00,44,4,40
29/05/2013,17:15,69,14,55
29/05/2013,17:30,51,10,41
29/05/2013,17:45,27,12,15
29/05/2013,18:00,22,5,17
29/05/2013,18:15,23,9,14
29/05/2013,18:30,48,4,44
29/05/2013,18:45,49,13,36
29/05/2013,19:00,53,4,49
29/05/2013,19:15,61,13,48
29/05/2013,19:30,42,3,39
29/05/2013,19:45,40,4,36
29/05/2013,20:00,95,0,95
29/05/2013,20:15,45,0,45
29/05/2013,20:30,33,1,32
29/05/2013,20:45,11,2,9
29/05/2013,21:00,1,0,1
29/05/2013,21:15,0,0,0
29/05/2013,21:30,7,2,5
29/05/2013,21:45,3,0,3
29/05/2013,22:00,1,0,1
29/05/2013,22:15,1,1,0
29/05/2013,22:30,0,0,0
29/05/2013,22:45,0,0,0
29/05/2013,23:00,1,0,1
29/05/2013,23:15,1,0,1
29/05/2013,23:30,2,0,2
29/05/2013,23:45,1,1,0
30/05/2013,00:00,1,1,0
30/05/2013,00:15,0,0,0
30/05/2013,00:30,0,0,0
30/05/2013,00:45,0,0,0
30/05/2013,01:00,0,0,0
30/05/2013,01:15,0,0,0
30/05/2013,01:30,0,0,0
30/05/2013,01:45,0,0,0
30/05/2013,02:00,0,0,0
30/05/2013,02:15,0,0,0
30/05/2013,02:30,0,0,0
30/05/2013,02:45,0,0,0
30/05/2013,03:00,0,0,0
30/05/2013,03:15,0,0,0
30/05/2013,03:30,0,0,0
30/05/2013,03:45,0,0,0
30/05/2013,04:00,0,0,0
30/05/2013,04:15,0,0,0
30/05/2013,04:30,0,0,0
30/05/2013,04:45,0,0,0
30/05/2013,05:00,0,0,0
30/05/2013,05:15,2,1,1
30/05/2013,05:30,0,0,0
30/05/2013,05:45,0,0,0
30/05/2013,06:00,4,0,4
30/05/2013,06:15,10,2,8
30/05/2013,06:30,9,1,8
30/05/2013,06:45,5,0,5
30/05/2013,07:00,10,3,7
30/05/2013,07:15,33,2,31
30/05/2013,07:30,14,6,8
30/05/2013,07:45,21,14,7
30/05/2013,08:00,33,21,12
30/05/2013,08:15,20,9,11
30/05/2013,08:30,16,2,14
30/05/2013,08:45,13,2,11
30/05/2013,09:00,21,6,15
30/05/2013,09:15,23,10,13
30/05/2013,09:30,15,6,9
30/05/2013,09:45,17,3,14
30/05/2013,10:00,25,10,15
30/05/2013,10:15,22,9,13
30/05/2013,10:30,20,8,12
30/05/2013,10:45,33,10,23
30/05/2013,11:00,21,6,15
30/05/2013,11:15,18,8,10
30/05/2013,11:30,18,3,15
30/05/2013,11:45,16,8,8
30/05/2013,12:00,18,6,12
30/05/2013,12:15,20,8,12
30/05/2013,12:30,26,10,16
30/05/2013,12:45,27,2,25
30/05/2013,13:00,20,6,14
30/05/2013,13:15,20,5,15
30/05/2013,13:30,29,10,19
30/05/2013,13:45,18,8,10
30/05/2013,14:00,15,6,9
30/05/2013,14:15,13,2,11
30/05/2013,14:30,12,4,8
30/05/2013,14:45,16,12,4
30/05/2013,15:00,7,2,5
30/05/2013,15:15,13,8,5
30/05/2013,15:30,23,11,12
30/05/2013,15:45,34,27,7
30/05/2013,16:00,21,9,12
30/05/2013,16:15,21,9,12
30/05/2013,16:30,31,11,20
30/05/2013,16:45,41,7,34
30/05/2013,17:00,35,6,29
30/05/2013,17:15,27,16,11
30/05/2013,17:30,27,9,18
30/05/2013,17:45,77,10,67
30/05/2013,18:00,115,9,106
30/05/2013,18:15,79,12,67
30/05/2013,18:30,70,7,63
30/05/2013,18:45,43,19,24
30/05/2013,19:00,48,5,43
30/05/2013,19:15,99,8,91
30/05/2013,19:30,125,6,119
30/05/2013,19:45,112,2,110
30/05/2013,20:00,112,3,109
30/05/2013,20:15,14,1,13
30/05/2013,20:30,18,0,18
30/05/2013,20:45,18,3,15
30/05/2013,21:00,0,0,0
30/05/2013,21:15,3,1,2
30/05/2013,21:30,1,1,0
30/05/2013,21:45,0,0,0
30/05/2013,22:00,2,1,1
30/05/2013,22:15,1,1,0
30/05/2013,22:30,0,0,0
30/05/2013,22:45,0,0,0
30/05/2013,23:00,1,0,1
30/05/2013,23:15,0,0,0
30/05/2013,23:30,0,0,0
30/05/2013,23:45,0,0,0
31/05/2013,00:00,0,0,0
31/05/2013,00:15,0,0,0
31/05/2013,00:30,0,0,0
31/05/2013,00:45,0,0,0
31/05/2013,01:00,0,0,0
31/05/2013,01:15,0,0,0
31/05/2013,01:30,0,0,0
31/05/2013,01:45,0,0,0
31/05/2013,02:00,0,0,0
31/05/2013,02:15,0,0,0
31/05/2013,02:30,0,0,0
31/05/2013,02:45,0,0,0
31/05/2013,03:00,0,0,0
31/05/2013,03:15,0,0,0
31/05/2013,03:30,0,0,0
31/05/2013,03:45,0,0,0
31/05/2013,04:00,0,0,0
31/05/2013,04:15,0,0,0
31/05/2013,04:30,0,0,0
31/05/2013,04:45,1,1,0
31/05/2013,05:00,0,0,0
31/05/2013,05:15,0,0,0
31/05/2013,05:30,2,1,1
31/05/2013,05:45,0,0,0
31/05/2013,06:00,5,1,4
31/05/2013,06:15,3,1,2
31/05/2013,06:30,9,1,8
31/05/2013,06:45,15,2,13
31/05/2013,07:00,9,3,6
31/05/2013,07:15,14,5,9
31/05/2013,07:30,27,11,16
31/05/2013,07:45,29,15,14
31/05/2013,08:00,30,16,14
31/05/2013,08:15,20,6,14
31/05/2013,08:30,27,8,19
31/05/2013,08:45,19,2,17
31/05/2013,09:00,22,8,14
31/05/2013,09:15,19,5,14
31/05/2013,09:30,22,11,11
31/05/2013,09:45,15,3,12
31/05/2013,10:00,13,3,10
31/05/2013,10:15,15,5,10
31/05/2013,10:30,13,5,8
31/05/2013,10:45,12,2,10
31/05/2013,11:00,9,3,6
31/05/2013,11:15,15,4,11
31/05/2013,11:30,11,2,9
31/05/2013,11:45,9,3,6
31/05/2013,12:00,14,3,11
31/05/2013,12:15,8,6,2
31/05/2013,12:30,10,6,4
31/05/2013,12:45,6,2,4
31/05/2013,13:00,12,8,4
31/05/2013,13:15,15,12,3
31/05/2013,13:30,17,11,6
31/05/2013,13:45,9,5,4
31/05/2013,14:00,10,6,4
31/05/2013,14:15,8,7,1
31/05/2013,14:30,9,2,7
31/05/2013,14:45,12,6,6
31/05/2013,15:00,8,5,3
31/05/2013,15:15,11,8,3
31/05/2013,15:30,6,5,1
31/05/2013,15:45,30,26,4
31/05/2013,16:00,10,7,3
31/05/2013,16:15,9,5,4
31/05/2013,16:30,9,5,4
31/05/2013,16:45,10,6,4
31/05/2013,17:00,21,13,8
31/05/2013,17:15,20,12,8
31/05/2013,17:30,10,7,3
31/05/2013,17:45,14,9,5
31/05/2013,18:00,18,10,8
31/05/2013,18:15,21,4,17
31/05/2013,18:30,24,8,16
31/05/2013,18:45,40,11,29
31/05/2013,19:00,30,5,25
31/05/2013,19:15,24,6,18
31/05/2013,19:30,54,7,47
31/05/2013,19:45,27,3,24
31/05/2013,20:00,11,4,7
31/05/2013,20:15,12,0,12
31/05/2013,20:30,2,0,2
31/05/2013,20:45,6,4,2
31/05/2013,21:00,3,0,3
31/05/2013,21:15,1,0,1
31/05/2013,21:30,0,0,0
31/05/2013,21:45,3,2,1
31/05/2013,22:00,1,1,0
31/05/2013,22:15,0,0,0
31/05/2013,22:30,0,0,0
31/05/2013,22:45,0,0,0
31/05/2013,23:00,0,0,0
31/05/2013,23:15,0,0,0
31/05/2013,23:30,0,0,0
31/05/2013,23:45,0,0,0
01/06/2013,00:00,0,0,0
01/06/2013,00:15,0,0,0
01/06/2013,00:30,0,0,0
01/06/2013,00:45,0,0,0
01/06/2013,01:00,0,0,0
01/06/2013,01:15,0,0,0
01/06/2013,01:30,0,0,0
01/06/2013,01:45,0,0,0
01/06/2013,02:00,0,0,0
01/06/2013,02:15,0,0,0
01/06/2013,02:30,0,0,0
01/06/2013,02:45,0,0,0
01/06/2013,03:00,0,0,0
01/06/2013,03:15,0,0,0
01/06/2013,03:30,0,0,0
01/06/2013,03:45,0,0,0
01/06/2013,04:00,0,0,0
01/06/2013,04:15,0,0,0
01/06/2013,04:30,2,2,0
01/06/2013,04:45,1,0,1
01/06/2013,05:00,0,0,0
01/06/2013,05:15,0,0,0
01/06/2013,05:30,0,0,0
01/06/2013,05:45,0,0,0
01/06/2013,06:00,0,0,0
01/06/2013,06:15,7,4,3
01/06/2013,06:30,7,5,2
01/06/2013,06:45,11,8,3
01/06/2013,07:00,11,5,6
01/06/2013,07:15,18,12,6
01/06/2013,07:30,17,1,16
01/06/2013,07:45,14,0,14
01/06/2013,08:00,17,5,12
01/06/2013,08:15,14,7,7
01/06/2013,08:30,36,7,29
01/06/2013,08:45,29,11,18
01/06/2013,09:00,36,17,19
01/06/2013,09:15,29,4,25
01/06/2013,09:30,27,4,23
01/06/2013,09:45,43,17,26
01/06/2013,10:00,40,16,24
01/06/2013,10:15,36,18,18
01/06/2013,10:30,45,26,19
01/06/2013,10:45,41,22,19
01/06/2013,11:00,33,19,14
01/06/2013,11:15,22,13,9
01/06/2013,11:30,32,19,13
01/06/2013,11:45,39,24,15
01/06/2013,12:00,34,22,12
01/06/2013,12:15,20,15,5
01/06/2013,12:30,26,13,13
01/06/2013,12:45,31,21,10
01/06/2013,13:00,16,11,5
01/06/2013,13:15,45,17,28
01/06/2013,13:30,22,16,6
01/06/2013,13:45,27,18,9
01/06/2013,14:00,19,9,10
01/06/2013,14:15,12,7,5
01/06/2013,14:30,21,17,4
01/06/2013,14:45,20,15,5
01/06/2013,15:00,18,12,6
01/06/2013,15:15,15,14,1
01/06/2013,15:30,17,9,8
01/06/2013,15:45,22,19,3
01/06/2013,16:00,21,14,7
01/06/2013,16:15,12,9,3
01/06/2013,16:30,27,13,14
01/06/2013,16:45,123,15,108
01/06/2013,17:00,90,2,88
01/06/2013,17:15,96,17,79
01/06/2013,17:30,64,13,51
01/06/2013,17:45,48,13,35
01/06/2013,18:00,40,11,29
01/06/2013,18:15,95,8,87
01/06/2013,18:30,58,4,54
01/06/2013,18:45,73,5,68
01/06/2013,19:00,125,5,120
01/06/2013,19:15,140,5,135
01/06/2013,19:30,98,8,90
01/06/2013,19:45,56,10,46
01/06/2013,20:00,37,5,32
01/06/2013,20:15,61,3,58
01/06/2013,20:30,21,2,19
01/06/2013,20:45,4,0,4
01/06/2013,21:00,0,0,0
01/06/2013,21:15,1,0,1
01/06/2013,21:30,0,0,0
01/06/2013,21:45,0,0,0
01/06/2013,22:00,0,0,0
01/06/2013,22:15,2,2,0
01/06/2013,22:30,1,1,0
01/06/2013,22:45,0,0,0
01/06/2013,23:00,0,0,0
01/06/2013,23:15,0,0,0
01/06/2013,23:30,0,0,0
01/06/2013,23:45,0,0,0
02/06/2013,00:00,0,0,0
02/06/2013,00:15,0,0,0
02/06/2013,00:30,0,0,0
02/06/2013,00:45,0,0,0
02/06/2013,01:00,0,0,0
02/06/2013,01:15,0,0,0
02/06/2013,01:30,0,0,0
02/06/2013,01:45,0,0,0
02/06/2013,02:00,0,0,0
02/06/2013,02:15,0,0,0
02/06/2013,02:30,0,0,0
02/06/2013,02:45,0,0,0
02/06/2013,03:00,0,0,0
02/06/2013,03:15,0,0,0
02/06/2013,03:30,0,0,0
02/06/2013,03:45,0,0,0
02/06/2013,04:00,0,0,0
02/06/2013,04:15,0,0,0
02/06/2013,04:30,0,0,0
02/06/2013,04:45,1,0,1
02/06/2013,05:00,0,0,0
02/06/2013,05:15,0,0,0
02/06/2013,05:30,0,0,0
02/06/2013,05:45,1,0,1
02/06/2013,06:00,1,0,1
02/06/2013,06:15,2,0,2
02/06/2013,06:30,5,0,5
02/06/2013,06:45,5,1,4
02/06/2013,07:00,3,2,1
02/06/2013,07:15,6,0,6
02/06/2013,07:30,6,3,3
02/06/2013,07:45,7,3,4
02/06/2013,08:00,11,1,10
02/06/2013,08:15,17,3,14
02/06/2013,08:30,29,13,16
02/06/2013,08:45,27,5,22
02/06/2013,09:00,19,4,15
02/06/2013,09:15,13,5,8
02/06/2013,09:30,20,4,16
02/06/2013,09:45,28,16,12
02/06/2013,10:00,41,15,26
02/06/2013,10:15,34,5,29
02/06/2013,10:30,28,10,18
02/06/2013,10:45,29,16,13
02/06/2013,11:00,29,12,17
02/06/2013,11:15,34,14,20
02/06/2013,11:30,34,11,23
02/06/2013,11:45,30,16,14
02/06/2013,12:00,27,11,16
02/06/2013,12:15,18,9,9
02/06/2013,12:30,19,5,14
02/06/2013,12:45,35,18,17
02/06/2013,13:00,26,11,15
02/06/2013,13:15,35,21,14
02/06/2013,13:30,25,14,11
02/06/2013,13:45,20,7,13
02/06/2013,14:00,29,20,9
02/06/2013,14:15,25,17,8
02/06/2013,14:30,27,16,11
02/06/2013,14:45,16,11,5
02/06/2013,15:00,36,15,21
02/06/2013,15:15,24,14,10
02/06/2013,15:30,23,7,16
02/06/2013,15:45,22,10,12
02/06/2013,16:00,24,14,10
02/06/2013,16:15,17,8,9
02/06/2013,16:30,34,7,27
02/06/2013,16:45,37,19,18
02/06/2013,17:00,27,8,19
02/06/2013,17:15,16,8,8
02/06/2013,17:30,15,6,9
02/06/2013,17:45,19,12,7
02/06/2013,18:00,12,6,6
02/06/2013,18:15,18,1,17
02/06/2013,18:30,26,10,16
02/06/2013,18:45,22,8,14
02/06/2013,19:00,139,6,133
02/06/2013,19:15,146,2,144
02/06/2013,19:30,72,3,69
02/06/2013,19:45,79,7,72
02/06/2013,20:00,65,5,60
02/06/2013,20:15,43,0,43
02/06/2013,20:30,76,0,76
02/06/2013,20:45,84,3,81
02/06/2013,21:00,37,0,37
02/06/2013,21:15,10,1,9
02/06/2013,21:30,4,0,4
02/06/2013,21:45,0,0,0
02/06/2013,22:00,0,0,0
02/06/2013,22:15,1,1,0
02/06/2013,22:30,0,0,0
02/06/2013,22:45,0,0,0
02/06/2013,23:00,2,1,1
02/06/2013,23:15,0,0,0
02/06/2013,23:30,0,0,0
02/06/2013,23:45,0,0,0
03/06/2013,00:00,0,0,0
03/06/2013,00:15,0,0,0
03/06/2013,00:30,0,0,0
03/06/2013,00:45,0,0,0
03/06/2013,01:00,0,0,0
03/06/2013,01:15,0,0,0
03/06/2013,01:30,0,0,0
03/06/2013,01:45,0,0,0
03/06/2013,02:00,0,0,0
03/06/2013,02:15,0,0,0
03/06/2013,02:30,0,0,0
03/06/2013,02:45,0,0,0
03/06/2013,03:00,0,0,0
03/06/2013,03:15,0,0,0
03/06/2013,03:30,0,0,0
03/06/2013,03:45,0,0,0
03/06/2013,04:00,0,0,0
03/06/2013,04:15,0,0,0
03/06/2013,04:30,0,0,0
03/06/2013,04:45,1,0,1
03/06/2013,05:00,2,1,1
03/06/2013,05:15,1,1,0
03/06/2013,05:30,0,0,0
03/06/2013,05:45,0,0,0
03/06/2013,06:00,0,0,0
03/06/2013,06:15,5,2,3
03/06/2013,06:30,8,2,6
03/06/2013,06:45,9,3,6
03/06/2013,07:00,15,2,13
03/06/2013,07:15,16,3,13
03/06/2013,07:30,22,7,15
03/06/2013,07:45,15,8,7
03/06/2013,08:00,41,21,20
03/06/2013,08:15,21,13,8
03/06/2013,08:30,18,4,14
03/06/2013,08:45,26,4,22
03/06/2013,09:00,15,4,11
03/06/2013,09:15,23,3,20
03/06/2013,09:30,11,4,7
03/06/2013,09:45,20,3,17
03/06/2013,10:00,21,5,16
03/06/2013,10:15,14,2,12
03/06/2013,10:30,21,5,16
03/06/2013,10:45,18,3,15
03/06/2013,11:00,9,0,9
03/06/2013,11:15,22,5,17
03/06/2013,11:30,13,2,11
03/06/2013,11:45,18,8,10
03/06/2013,12:00,11,4,7
03/06/2013,12:15,8,2,6
03/06/2013,12:30,19,10,9
03/06/2013,12:45,12,7,5
03/06/2013,13:00,13,6,7
03/06/2013,13:15,13,2,11
03/06/2013,13:30,19,7,12
03/06/2013,13:45,14,5,9
03/06/2013,14:00,15,4,11
03/06/2013,14:15,10,5,5
03/06/2013,14:30,20,7,13
03/06/2013,14:45,10,7,3
03/06/2013,15:00,15,7,8
03/06/2013,15:15,15,5,10
03/06/2013,15:30,18,10,8
03/06/2013,15:45,24,17,7
03/06/2013,16:00,13,7,6
03/06/2013,16:15,18,9,9
03/06/2013,16:30,20,12,8
03/06/2013,16:45,21,6,15
03/06/2013,17:00,12,5,7
03/06/2013,17:15,20,13,7
03/06/2013,17:30,19,7,12
03/06/2013,17:45,23,16,7
03/06/2013,18:00,17,6,11
03/06/2013,18:15,22,18,4
03/06/2013,18:30,11,6,5
03/06/2013,18:45,10,7,3
03/06/2013,19:00,7,6,1
03/06/2013,19:15,4,3,1
03/06/2013,19:30,13,7,6
03/06/2013,19:45,12,7,5
03/06/2013,20:00,12,6,6
03/06/2013,20:15,11,6,5
03/06/2013,20:30,12,4,8
03/06/2013,20:45,1,0,1
03/06/2013,21:00,3,0,3
03/06/2013,21:15,1,0,1
03/06/2013,21:30,2,1,1
03/06/2013,21:45,3,1,2
03/06/2013,22:00,1,1,0
03/06/2013,22:15,0,0,0
03/06/2013,22:30,0,0,0
03/06/2013,22:45,0,0,0
03/06/2013,23:00,0,0,0
03/06/2013,23:15,0,0,0
03/06/2013,23:30,1,0,1
03/06/2013,23:45,0,0,0
04/06/2013,00:00,0,0,0
04/06/2013,00:15,1,1,0
04/06/2013,00:30,0,0,0
04/06/2013,00:45,0,0,0
04/06/2013,01:00,0,0,0
04/06/2013,01:15,0,0,0
04/06/2013,01:30,0,0,0
04/06/2013,01:45,0,0,0
04/06/2013,02:00,0,0,0
04/06/2013,02:15,0,0,0
04/06/2013,02:30,0,0,0
04/06/2013,02:45,0,0,0
04/06/2013,03:00,0,0,0
04/06/2013,03:15,0,0,0
04/06/2013,03:30,0,0,0
04/06/2013,03:45,0,0,0
04/06/2013,04:00,0,0,0
04/06/2013,04:15,0,0,0
04/06/2013,04:30,0,0,0
04/06/2013,04:45,0,0,0
04/06/2013,05:00,1,0,1
04/06/2013,05:15,2,1,1
04/06/2013,05:30,1,0,1
04/06/2013,05:45,2,0,2
04/06/2013,06:00,5,0,5
04/06/2013,06:15,8,4,4
04/06/2013,06:30,12,1,11
04/06/2013,06:45,14,3,11
04/06/2013,07:00,15,4,11
04/06/2013,07:15,19,8,11
04/06/2013,07:30,20,10,10
04/06/2013,07:45,23,14,9
04/06/2013,08:00,22,12,10
04/06/2013,08:15,29,18,11
04/06/2013,08:30,23,6,17
04/06/2013,08:45,22,4,18
04/06/2013,09:00,17,5,12
04/06/2013,09:15,14,5,9
04/06/2013,09:30,17,6,11
04/06/2013,09:45,11,4,7
04/06/2013,10:00,17,6,11
04/06/2013,10:15,15,3,12
04/06/2013,10:30,17,5,12
04/06/2013,10:45,18,3,15
04/06/2013,11:00,15,6,9
04/06/2013,11:15,20,7,13
04/06/2013,11:30,13,4,9
04/06/2013,11:45,12,4,8
04/06/2013,12:00,15,5,10
04/06/2013,12:15,13,7,6
04/06/2013,12:30,17,4,13
04/06/2013,12:45,11,3,8
04/06/2013,13:00,10,3,7
04/06/2013,13:15,6,0,6
04/06/2013,13:30,20,5,15
04/06/2013,13:45,12,3,9
04/06/2013,14:00,11,4,7
04/06/2013,14:15,11,7,4
04/06/2013,14:30,15,2,13
04/06/2013,14:45,11,1,10
04/06/2013,15:00,11,3,8
04/06/2013,15:15,15,5,10
04/06/2013,15:30,27,15,12
04/06/2013,15:45,42,25,17
04/06/2013,16:00,13,7,6
04/06/2013,16:15,26,10,16
04/06/2013,16:30,25,10,15
04/06/2013,16:45,22,2,20
04/06/2013,17:00,26,6,20
04/06/2013,17:15,17,8,9
04/06/2013,17:30,14,6,8
04/06/2013,17:45,16,7,9
04/06/2013,18:00,11,6,5
04/06/2013,18:15,17,8,9
04/06/2013,18:30,19,12,7
04/06/2013,18:45,20,13,7
04/06/2013,19:00,20,7,13
04/06/2013,19:15,20,11,9
04/06/2013,19:30,41,4,37
04/06/2013,19:45,106,1,105
04/06/2013,20:00,46,3,43
04/06/2013,20:15,39,1,38
04/06/2013,20:30,20,3,17
04/06/2013,20:45,4,0,4
04/06/2013,21:00,5,3,2
04/06/2013,21:15,1,1,0
04/06/2013,21:30,2,1,1
04/06/2013,21:45,0,0,0
04/06/2013,22:00,1,1,0
04/06/2013,22:15,1,1,0
04/06/2013,22:30,2,0,2
04/06/2013,22:45,0,0,0
04/06/2013,23:00,3,3,0
04/06/2013,23:15,0,0,0
04/06/2013,23:30,0,0,0
04/06/2013,23:45,0,0,0
05/06/2013,00:00,0,0,0
05/06/2013,00:15,0,0,0
05/06/2013,00:30,0,0,0
05/06/2013,00:45,1,1,0
05/06/2013,01:00,0,0,0
05/06/2013,01:15,0,0,0
05/06/2013,01:30,0,0,0
05/06/2013,01:45,0,0,0
05/06/2013,02:00,0,0,0
05/06/2013,02:15,0,0,0
05/06/2013,02:30,0,0,0
05/06/2013,02:45,0,0,0
05/06/2013,03:00,0,0,0
05/06/2013,03:15,0,0,0
05/06/2013,03:30,0,0,0
05/06/2013,03:45,0,0,0
05/06/2013,04:00,0,0,0
05/06/2013,04:15,1,0,1
05/06/2013,04:30,2,1,1
05/06/2013,04:45,0,0,0
05/06/2013,05:00,1,1,0
05/06/2013,05:15,1,0,1
05/06/2013,05:30,2,0,2
05/06/2013,05:45,3,0,3
05/06/2013,06:00,5,2,3
05/06/2013,06:15,8,4,4
05/06/2013,06:30,11,1,10
05/06/2013,06:45,8,3,5
05/06/2013,07:00,15,6,9
05/06/2013,07:15,18,5,13
05/06/2013,07:30,20,10,10
05/06/2013,07:45,15,10,5
05/06/2013,08:00,36,24,12
05/06/2013,08:15,23,16,7
05/06/2013,08:30,15,7,8
05/06/2013,08:45,13,5,8
05/06/2013,09:00,15,4,11
05/06/2013,09:15,17,4,13
05/06/2013,09:30,21,2,19
05/06/2013,09:45,15,2,13
05/06/2013,10:00,17,0,17
05/06/2013,10:15,14,2,12
05/06/2013,10:30,14,5,9
05/06/2013,10:45,22,4,18
05/06/2013,11:00,25,6,19
05/06/2013,11:15,22,8,14
05/06/2013,11:30,15,3,12
05/06/2013,11:45,17,3,14
05/06/2013,12:00,16,3,13
05/06/2013,12:15,32,10,22
05/06/2013,12:30,13,4,9
05/06/2013,12:45,19,5,14
05/06/2013,13:00,25,11,14
05/06/2013,13:15,14,3,11
05/06/2013,13:30,16,3,13
05/06/2013,13:45,16,4,12
05/06/2013,14:00,17,3,14
05/06/2013,14:15,13,4,9
05/06/2013,14:30,13,4,9
05/06/2013,14:45,16,5,11
05/06/2013,15:00,20,2,18
05/06/2013,15:15,13,5,8
05/06/2013,15:30,24,9,15
05/06/2013,15:45,43,20,23
05/06/2013,16:00,30,6,24
05/06/2013,16:15,25,4,21
05/06/2013,16:30,36,10,26
05/06/2013,16:45,35,8,27
05/06/2013,17:00,65,12,53
05/06/2013,17:15,139,122,17
05/06/2013,17:30,70,27,43
05/06/2013,17:45,107,13,94
05/06/2013,18:00,144,7,137
05/06/2013,18:15,100,11,89
05/06/2013,18:30,99,7,92
05/06/2013,18:45,121,14,107
05/06/2013,19:00,114,5,109
05/06/2013,19:15,43,6,37
05/06/2013,19:30,37,3,34
05/06/2013,19:45,34,9,25
05/06/2013,20:00,16,6,10
05/06/2013,20:15,30,2,28
05/06/2013,20:30,10,1,9
05/06/2013,20:45,18,0,18
05/06/2013,21:00,2,2,0
05/06/2013,21:15,0,0,0
05/06/2013,21:30,1,0,1
05/06/2013,21:45,4,0,4
05/06/2013,22:00,1,1,0
05/06/2013,22:15,0,0,0
05/06/2013,22:30,1,0,1
05/06/2013,22:45,1,0,1
05/06/2013,23:00,0,0,0
05/06/2013,23:15,0,0,0
05/06/2013,23:30,0,0,0
05/06/2013,23:45,0,0,0
06/06/2013,00:00,0,0,0
06/06/2013,00:15,0,0,0
06/06/2013,00:30,1,1,0
06/06/2013,00:45,0,0,0
06/06/2013,01:00,0,0,0
06/06/2013,01:15,0,0,0
06/06/2013,01:30,0,0,0
06/06/2013,01:45,0,0,0
06/06/2013,02:00,0,0,0
06/06/2013,02:15,0,0,0
06/06/2013,02:30,0,0,0
06/06/2013,02:45,0,0,0
06/06/2013,03:00,0,0,0
06/06/2013,03:15,0,0,0
06/06/2013,03:30,1,0,1
06/06/2013,03:45,0,0,0
06/06/2013,04:00,0,0,0
06/06/2013,04:15,0,0,0
06/06/2013,04:30,1,1,0
06/06/2013,04:45,0,0,0
06/06/2013,05:00,0,0,0
06/06/2013,05:15,2,0,2
06/06/2013,05:30,1,0,1
06/06/2013,05:45,0,0,0
06/06/2013,06:00,2,0,2
06/06/2013,06:15,6,2,4
06/06/2013,06:30,18,4,14
06/06/2013,06:45,12,0,12
06/06/2013,07:00,13,4,9
06/06/2013,07:15,19,6,13
06/06/2013,07:30,21,13,8
06/06/2013,07:45,21,7,14
06/06/2013,08:00,28,21,7
06/06/2013,08:15,17,9,8
06/06/2013,08:30,26,19,7
06/06/2013,08:45,15,5,10
06/06/2013,09:00,13,1,12
06/06/2013,09:15,15,5,10
06/06/2013,09:30,20,10,10
06/06/2013,09:45,8,0,8
06/06/2013,10:00,18,1,17
06/06/2013,10:15,23,6,17
06/06/2013,10:30,17,3,14
06/06/2013,10:45,18,7,11
06/06/2013,11:00,19,4,15
06/06/2013,11:15,27,6,21
06/06/2013,11:30,9,4,5
06/06/2013,11:45,10,3,7
06/06/2013,12:00,27,8,19
06/06/2013,12:15,16,4,12
06/06/2013,12:30,14,2,12
06/06/2013,12:45,21,3,18
06/06/2013,13:00,19,8,11
06/06/2013,13:15,33,9,24
06/06/2013,13:30,35,10,25
06/06/2013,13:45,31,4,27
06/06/2013,14:00,40,10,30
06/06/2013,14:15,29,4,25
06/06/2013,14:30,32,1,31
06/06/2013,14:45,38,9,29
06/06/2013,15:00,26,6,20
06/06/2013,15:15,16,1,15
06/06/2013,15:30,22,5,17
06/06/2013,15:45,30,4,26
06/06/2013,16:00,31,3,28
06/06/2013,16:15,27,3,24
06/06/2013,16:30,26,9,17
06/06/2013,16:45,29,12,17
06/06/2013,17:00,39,11,28
06/06/2013,17:15,21,7,14
06/06/2013,17:30,29,5,24
06/06/2013,17:45,27,10,17
06/06/2013,18:00,24,5,19
06/06/2013,18:15,48,7,41
06/06/2013,18:30,28,13,15
06/06/2013,18:45,67,12,55
06/06/2013,19:00,80,10,70
06/06/2013,19:15,29,7,22
06/06/2013,19:30,22,5,17
06/06/2013,19:45,37,5,32
06/06/2013,20:00,48,3,45
06/06/2013,20:15,16,9,7
06/06/2013,20:30,4,1,3
06/06/2013,20:45,8,4,4
06/06/2013,21:00,4,2,2
06/06/2013,21:15,1,1,0
06/06/2013,21:30,1,1,0
06/06/2013,21:45,7,7,0
06/06/2013,22:00,32,32,0
06/06/2013,22:15,3,0,3
06/06/2013,22:30,3,0,3
06/06/2013,22:45,2,0,2
06/06/2013,23:00,0,0,0
06/06/2013,23:15,0,0,0
06/06/2013,23:30,0,0,0
06/06/2013,23:45,0,0,0
07/06/2013,00:00,0,0,0
07/06/2013,00:15,0,0,0
07/06/2013,00:30,0,0,0
07/06/2013,00:45,0,0,0
07/06/2013,01:00,0,0,0
07/06/2013,01:15,0,0,0
07/06/2013,01:30,0,0,0
07/06/2013,01:45,0,0,0
07/06/2013,02:00,0,0,0
07/06/2013,02:15,0,0,0
07/06/2013,02:30,0,0,0
07/06/2013,02:45,0,0,0
07/06/2013,03:00,0,0,0
07/06/2013,03:15,0,0,0
07/06/2013,03:30,0,0,0
07/06/2013,03:45,0,0,0
07/06/2013,04:00,1,0,1
07/06/2013,04:15,0,0,0
07/06/2013,04:30,0,0,0
07/06/2013,04:45,1,1,0
07/06/2013,05:00,0,0,0
07/06/2013,05:15,0,0,0
07/06/2013,05:30,2,0,2
07/06/2013,05:45,2,0,2
07/06/2013,06:00,4,0,4
07/06/2013,06:15,2,1,1
07/06/2013,06:30,12,1,11
07/06/2013,06:45,11,5,6
07/06/2013,07:00,6,0,6
07/06/2013,07:15,10,3,7
07/06/2013,07:30,24,9,15
07/06/2013,07:45,16,4,12
07/06/2013,08:00,27,19,8
07/06/2013,08:15,15,11,4
07/06/2013,08:30,24,6,18
07/06/2013,08:45,25,8,17
07/06/2013,09:00,23,8,15
07/06/2013,09:15,19,4,15
07/06/2013,09:30,13,4,9
07/06/2013,09:45,12,5,7
07/06/2013,10:00,19,1,18
07/06/2013,10:15,17,4,13
07/06/2013,10:30,16,3,13
07/06/2013,10:45,16,4,12
07/06/2013,11:00,22,9,13
07/06/2013,11:15,20,9,11
07/06/2013,11:30,21,6,15
07/06/2013,11:45,12,7,5
07/06/2013,12:00,26,16,10
07/06/2013,12:15,11,4,7
07/06/2013,12:30,24,11,13
07/06/2013,12:45,14,5,9
07/06/2013,13:00,11,5,6
07/06/2013,13:15,13,7,6
07/06/2013,13:30,14,6,8
07/06/2013,13:45,16,5,11
07/06/2013,14:00,63,48,15
07/06/2013,14:15,39,36,3
07/06/2013,14:30,4,0,4
07/06/2013,14:45,20,5,15
07/06/2013,15:00,23,5,18
07/06/2013,15:15,81,8,73
07/06/2013,15:30,54,4,50
07/06/2013,15:45,62,16,46
07/06/2013,16:00,43,9,34
07/06/2013,16:15,11,6,5
07/06/2013,16:30,30,10,20
07/06/2013,16:45,18,5,13
07/06/2013,17:00,42,11,31
07/06/2013,17:15,46,8,38
07/06/2013,17:30,91,6,85
07/06/2013,17:45,44,11,33
07/06/2013,18:00,78,18,60
07/06/2013,18:15,134,10,124
07/06/2013,18:30,73,14,59
07/06/2013,18:45,73,6,67
07/06/2013,19:00,130,6,124
07/06/2013,19:15,191,6,185
07/06/2013,19:30,95,4,91
07/06/2013,19:45,38,1,37
07/06/2013,20:00,58,11,47
07/06/2013,20:15,120,15,105
07/06/2013,20:30,133,1,132
07/06/2013,20:45,84,5,79
07/06/2013,21:00,15,0,15
07/06/2013,21:15,12,0,12
07/06/2013,21:30,2,2,0
07/06/2013,21:45,2,2,0
07/06/2013,22:00,0,0,0
07/06/2013,22:15,0,0,0
07/06/2013,22:30,0,0,0
07/06/2013,22:45,0,0,0
07/06/2013,23:00,0,0,0
07/06/2013,23:15,1,1,0
07/06/2013,23:30,1,1,0
07/06/2013,23:45,0,0,0
08/06/2013,00:00,0,0,0
08/06/2013,00:15,0,0,0
08/06/2013,00:30,35,35,0
08/06/2013,00:45,0,0,0
08/06/2013,01:00,4,4,0
08/06/2013,01:15,0,0,0
08/06/2013,01:30,0,0,0
08/06/2013,01:45,0,0,0
08/06/2013,02:00,0,0,0
08/06/2013,02:15,0,0,0
08/06/2013,02:30,0,0,0
08/06/2013,02:45,0,0,0
08/06/2013,03:00,0,0,0
08/06/2013,03:15,0,0,0
08/06/2013,03:30,0,0,0
08/06/2013,03:45,0,0,0
08/06/2013,04:00,0,0,0
08/06/2013,04:15,1,0,1
08/06/2013,04:30,0,0,0
08/06/2013,04:45,1,0,1
08/06/2013,05:00,0,0,0
08/06/2013,05:15,0,0,0
08/06/2013,05:30,0,0,0
08/06/2013,05:45,0,0,0
08/06/2013,06:00,2,0,2
08/06/2013,06:15,3,0,3
08/06/2013,06:30,9,3,6
08/06/2013,06:45,7,3,4
08/06/2013,07:00,6,1,5
08/06/2013,07:15,10,4,6
08/06/2013,07:30,14,0,14
08/06/2013,07:45,14,1,13
08/06/2013,08:00,20,4,16
08/06/2013,08:15,18,5,13
08/06/2013,08:30,21,6,15
08/06/2013,08:45,32,7,25
08/06/2013,09:00,55,21,34
08/06/2013,09:15,39,15,24
08/06/2013,09:30,23,7,16
08/06/2013,09:45,26,5,21
08/06/2013,10:00,24,5,19
08/06/2013,10:15,27,12,15
08/06/2013,10:30,38,21,17
08/06/2013,10:45,28,12,16
08/06/2013,11:00,28,16,12
08/06/2013,11:15,29,11,18
08/06/2013,11:30,34,20,14
08/06/2013,11:45,16,6,10
08/06/2013,12:00,23,14,9
08/06/2013,12:15,17,8,9
08/06/2013,12:30,16,3,13
08/06/2013,12:45,13,7,6
08/06/2013,13:00,20,11,9
08/06/2013,13:15,21,9,12
08/06/2013,13:30,24,14,10
08/06/2013,13:45,33,19,14
08/06/2013,14:00,16,7,9
08/06/2013,14:15,20,12,8
08/06/2013,14:30,23,12,11
08/06/2013,14:45,22,14,8
08/06/2013,15:00,27,11,16
08/06/2013,15:15,27,7,20
08/06/2013,15:30,17,4,13
08/06/2013,15:45,51,8,43
08/06/2013,16:00,45,11,34
08/06/2013,16:15,59,11,48
08/06/2013,16:30,54,8,46
08/06/2013,16:45,43,8,35
08/06/2013,17:00,55,13,42
08/06/2013,17:15,33,11,22
08/06/2013,17:30,27,5,22
08/06/2013,17:45,23,11,12
08/06/2013,18:00,18,8,10
08/06/2013,18:15,13,2,11
08/06/2013,18:30,9,1,8
08/06/2013,18:45,9,0,9
08/06/2013,19:00,8,4,4
08/06/2013,19:15,23,14,9
08/06/2013,19:30,10,3,7
08/06/2013,19:45,9,4,5
08/06/2013,20:00,10,4,6
08/06/2013,20:15,0,0,0
08/06/2013,20:30,6,6,0
08/06/2013,20:45,2,1,1
08/06/2013,21:00,3,1,2
08/06/2013,21:15,0,0,0
08/06/2013,21:30,3,1,2
08/06/2013,21:45,0,0,0
08/06/2013,22:00,1,0,1
08/06/2013,22:15,60,60,0
08/06/2013,22:30,90,90,0
08/06/2013,22:45,5,5,0
08/06/2013,23:00,1,1,0
08/06/2013,23:15,0,0,0
08/06/2013,23:30,0,0,0
08/06/2013,23:45,0,0,0
09/06/2013,00:00,1,1,0
09/06/2013,00:15,0,0,0
09/06/2013,00:30,0,0,0
09/06/2013,00:45,0,0,0
09/06/2013,01:00,145,145,0
09/06/2013,01:15,0,0,0
09/06/2013,01:30,0,0,0
09/06/2013,01:45,0,0,0
09/06/2013,02:00,0,0,0
09/06/2013,02:15,0,0,0
09/06/2013,02:30,0,0,0
09/06/2013,02:45,0,0,0
09/06/2013,03:00,0,0,0
09/06/2013,03:15,0,0,0
09/06/2013,03:30,0,0,0
09/06/2013,03:45,0,0,0
09/06/2013,04:00,0,0,0
09/06/2013,04:15,0,0,0
09/06/2013,04:30,0,0,0
09/06/2013,04:45,1,0,1
09/06/2013,05:00,0,0,0
09/06/2013,05:15,0,0,0
09/06/2013,05:30,0,0,0
09/06/2013,05:45,0,0,0
09/06/2013,06:00,0,0,0
09/06/2013,06:15,3,1,2
09/06/2013,06:30,6,0,6
09/06/2013,06:45,6,0,6
09/06/2013,07:00,5,3,2
09/06/2013,07:15,9,4,5
09/06/2013,07:30,4,0,4
09/06/2013,07:45,4,1,3
09/06/2013,08:00,12,1,11
09/06/2013,08:15,7,2,5
09/06/2013,08:30,10,1,9
09/06/2013,08:45,14,1,13
09/06/2013,09:00,15,3,12
09/06/2013,09:15,36,16,20
09/06/2013,09:30,14,2,12
09/06/2013,09:45,31,8,23
09/06/2013,10:00,15,2,13
09/06/2013,10:15,11,3,8
09/06/2013,10:30,18,8,10
09/06/2013,10:45,11,2,9
09/06/2013,11:00,18,7,11
09/06/2013,11:15,17,9,8
09/06/2013,11:30,24,12,12
09/06/2013,11:45,17,6,11
09/06/2013,12:00,25,12,13
09/06/2013,12:15,32,15,17
09/06/2013,12:30,16,3,13
09/06/2013,12:45,16,6,10
09/06/2013,13:00,21,7,14
09/06/2013,13:15,26,7,19
09/06/2013,13:30,19,6,13
09/06/2013,13:45,27,12,15
09/06/2013,14:00,20,8,12
09/06/2013,14:15,25,9,16
09/06/2013,14:30,25,14,11
09/06/2013,14:45,24,13,11
09/06/2013,15:00,21,8,13
09/06/2013,15:15,34,14,20
09/06/2013,15:30,23,11,12
09/06/2013,15:45,18,10,8
09/06/2013,16:00,28,11,17
09/06/2013,16:15,33,20,13
09/06/2013,16:30,35,18,17
09/06/2013,16:45,17,6,11
09/06/2013,17:00,20,8,12
09/06/2013,17:15,17,3,14
09/06/2013,17:30,27,10,17
09/06/2013,17:45,12,4,8
09/06/2013,18:00,16,7,9
09/06/2013,18:15,13,4,9
09/06/2013,18:30,15,2,13
09/06/2013,18:45,5,0,5
09/06/2013,19:00,2,1,1
09/06/2013,19:15,4,2,2
09/06/2013,19:30,3,0,3
09/06/2013,19:45,9,3,6
09/06/2013,20:00,1,0,1
09/06/2013,20:15,3,0,3
09/06/2013,20:30,4,3,1
09/06/2013,20:45,2,1,1
09/06/2013,21:00,2,0,2
09/06/2013,21:15,2,1,1
09/06/2013,21:30,1,1,0
09/06/2013,21:45,1,1,0
09/06/2013,22:00,0,0,0
09/06/2013,22:15,1,1,0
09/06/2013,22:30,1,1,0
09/06/2013,22:45,1,0,1
09/06/2013,23:00,1,1,0
09/06/2013,23:15,0,0,0
09/06/2013,23:30,0,0,0
09/06/2013,23:45,0,0,0
10/06/2013,00:00,0,0,0
10/06/2013,00:15,0,0,0
10/06/2013,00:30,0,0,0
10/06/2013,00:45,0,0,0
10/06/2013,01:00,0,0,0
10/06/2013,01:15,0,0,0
10/06/2013,01:30,0,0,0
10/06/2013,01:45,0,0,0
10/06/2013,02:00,0,0,0
10/06/2013,02:15,0,0,0
10/06/2013,02:30,0,0,0
10/06/2013,02:45,0,0,0
10/06/2013,03:00,0,0,0
10/06/2013,03:15,0,0,0
10/06/2013,03:30,0,0,0
10/06/2013,03:45,0,0,0
10/06/2013,04:00,0,0,0
10/06/2013,04:15,0,0,0
10/06/2013,04:30,1,0,1
10/06/2013,04:45,1,0,1
10/06/2013,05:00,0,0,0
10/06/2013,05:15,0,0,0
10/06/2013,05:30,1,0,1
10/06/2013,05:45,1,0,1
10/06/2013,06:00,4,1,3
10/06/2013,06:15,5,2,3
10/06/2013,06:30,9,2,7
10/06/2013,06:45,11,5,6
10/06/2013,07:00,10,3,7
10/06/2013,07:15,10,4,6
10/06/2013,07:30,8,3,5
10/06/2013,07:45,11,6,5
10/06/2013,08:00,18,11,7
10/06/2013,08:15,7,3,4
10/06/2013,08:30,11,8,3
10/06/2013,08:45,4,2,2
10/06/2013,09:00,6,2,4
10/06/2013,09:15,3,1,2
10/06/2013,09:30,3,2,1
10/06/2013,09:45,1,0,1
10/06/2013,10:00,8,3,5
10/06/2013,10:15,5,0,5
10/06/2013,10:30,8,3,5
10/06/2013,10:45,15,3,12
10/06/2013,11:00,16,3,13
10/06/2013,11:15,6,2,4
10/06/2013,11:30,9,1,8
10/06/2013,11:45,12,4,8
10/06/2013,12:00,10,1,9
10/06/2013,12:15,12,1,11
10/06/2013,12:30,10,0,10
10/06/2013,12:45,12,4,8
10/06/2013,13:00,9,3,6
10/06/2013,13:15,12,6,6
10/06/2013,13:30,9,6,3
10/06/2013,13:45,6,3,3
10/06/2013,14:00,13,4,9
10/06/2013,14:15,7,5,2
10/06/2013,14:30,20,4,16
10/06/2013,14:45,10,1,9
10/06/2013,15:00,10,4,6
10/06/2013,15:15,5,2,3
10/06/2013,15:30,7,3,4
10/06/2013,15:45,17,10,7
10/06/2013,16:00,13,6,7
10/06/2013,16:15,17,10,7
10/06/2013,16:30,13,4,9
10/06/2013,16:45,11,9,2
10/06/2013,17:00,21,14,7
10/06/2013,17:15,15,5,10
10/06/2013,17:30,17,6,11
10/06/2013,17:45,21,10,11
10/06/2013,18:00,26,8,18
10/06/2013,18:15,11,5,6
10/06/2013,18:30,22,13,9
10/06/2013,18:45,22,13,9
10/06/2013,19:00,15,5,10
10/06/2013,19:15,5,3,2
10/06/2013,19:30,11,3,8
10/06/2013,19:45,13,1,12
10/06/2013,20:00,13,7,6
10/06/2013,20:15,8,5,3
10/06/2013,20:30,5,1,4
10/06/2013,20:45,4,0,4
10/06/2013,21:00,2,0,2
10/06/2013,21:15,1,0,1
10/06/2013,21:30,1,0,1
10/06/2013,21:45,1,1,0
10/06/2013,22:00,5,0,5
10/06/2013,22:15,0,0,0
10/06/2013,22:30,0,0,0
10/06/2013,22:45,0,0,0
10/06/2013,23:00,0,0,0
10/06/2013,23:15,0,0,0
10/06/2013,23:30,0,0,0
10/06/2013,23:45,0,0,0
11/06/2013,00:00,0,0,0
11/06/2013,00:15,1,1,0
11/06/2013,00:30,0,0,0
11/06/2013,00:45,0,0,0
11/06/2013,01:00,0,0,0
11/06/2013,01:15,0,0,0
11/06/2013,01:30,0,0,0
11/06/2013,01:45,0,0,0
11/06/2013,02:00,0,0,0
11/06/2013,02:15,0,0,0
11/06/2013,02:30,0,0,0
11/06/2013,02:45,0,0,0
11/06/2013,03:00,0,0,0
11/06/2013,03:15,0,0,0
11/06/2013,03:30,0,0,0
11/06/2013,03:45,1,0,1
11/06/2013,04:00,0,0,0
11/06/2013,04:15,0,0,0
11/06/2013,04:30,0,0,0
11/06/2013,04:45,2,0,2
11/06/2013,05:00,0,0,0
11/06/2013,05:15,3,1,2
11/06/2013,05:30,0,0,0
11/06/2013,05:45,2,0,2
11/06/2013,06:00,4,0,4
11/06/2013,06:15,8,1,7
11/06/2013,06:30,12,0,12
11/06/2013,06:45,11,2,9
11/06/2013,07:00,14,4,10
11/06/2013,07:15,18,4,14
11/06/2013,07:30,15,8,7
11/06/2013,07:45,18,6,12
11/06/2013,08:00,34,25,9
11/06/2013,08:15,27,11,16
11/06/2013,08:30,16,6,10
11/06/2013,08:45,15,5,10
11/06/2013,09:00,7,4,3
11/06/2013,09:15,8,3,5
11/06/2013,09:30,17,2,15
11/06/2013,09:45,15,5,10
11/06/2013,10:00,17,5,12
11/06/2013,10:15,14,4,10
11/06/2013,10:30,16,6,10
11/06/2013,10:45,12,1,11
11/06/2013,11:00,17,4,13
11/06/2013,11:15,13,4,9
11/06/2013,11:30,24,2,22
11/06/2013,11:45,10,1,9
11/06/2013,12:00,16,7,9
11/06/2013,12:15,15,7,8
11/06/2013,12:30,19,6,13
11/06/2013,12:45,29,2,27
11/06/2013,13:00,30,5,25
11/06/2013,13:15,21,9,12
11/06/2013,13:30,16,3,13
11/06/2013,13:45,25,4,21
11/06/2013,14:00,24,6,18
11/06/2013,14:15,17,4,13
11/06/2013,14:30,22,5,17
11/06/2013,14:45,31,2,29
11/06/2013,15:00,27,8,19
11/06/2013,15:15,46,7,39
11/06/2013,15:30,47,4,43
11/06/2013,15:45,63,21,42
11/06/2013,16:00,17,1,16
11/06/2013,16:15,31,7,24
11/06/2013,16:30,46,16,30
11/06/2013,16:45,48,6,42
11/06/2013,17:00,37,13,24
11/06/2013,17:15,101,93,8
11/06/2013,17:30,84,75,9
11/06/2013,17:45,30,11,19
11/06/2013,18:00,17,2,15
11/06/2013,18:15,59,43,16
11/06/2013,18:30,54,38,16
11/06/2013,18:45,47,17,30
11/06/2013,19:00,28,4,24
11/06/2013,19:15,88,10,78
11/06/2013,19:30,93,1,92
11/06/2013,19:45,113,2,111
11/06/2013,20:00,43,8,35
11/06/2013,20:15,46,1,45
11/06/2013,20:30,10,1,9
11/06/2013,20:45,8,1,7
11/06/2013,21:00,4,2,2
11/06/2013,21:15,1,0,1
11/06/2013,21:30,1,0,1
11/06/2013,21:45,2,0,2
11/06/2013,22:00,0,0,0
11/06/2013,22:15,2,1,1
11/06/2013,22:30,0,0,0
11/06/2013,22:45,0,0,0
11/06/2013,23:00,1,0,1
11/06/2013,23:15,0,0,0
11/06/2013,23:30,1,0,1
11/06/2013,23:45,0,0,0
12/06/2013,00:00,0,0,0
12/06/2013,00:15,0,0,0
12/06/2013,00:30,32,32,0
12/06/2013,00:45,0,0,0
12/06/2013,01:00,0,0,0
12/06/2013,01:15,1,1,0
12/06/2013,01:30,0,0,0
12/06/2013,01:45,0,0,0
12/06/2013,02:00,0,0,0
12/06/2013,02:15,0,0,0
12/06/2013,02:30,0,0,0
12/06/2013,02:45,0,0,0
12/06/2013,03:00,0,0,0
12/06/2013,03:15,0,0,0
12/06/2013,03:30,0,0,0
12/06/2013,03:45,0,0,0
12/06/2013,04:00,0,0,0
12/06/2013,04:15,0,0,0
12/06/2013,04:30,0,0,0
12/06/2013,04:45,0,0,0
12/06/2013,05:00,0,0,0
12/06/2013,05:15,1,0,1
12/06/2013,05:30,1,0,1
12/06/2013,05:45,2,0,2
12/06/2013,06:00,2,1,1
12/06/2013,06:15,9,5,4
12/06/2013,06:30,17,1,16
12/06/2013,06:45,15,9,6
12/06/2013,07:00,14,2,12
12/06/2013,07:15,19,5,14
12/06/2013,07:30,16,6,10
12/06/2013,07:45,12,3,9
12/06/2013,08:00,39,27,12
12/06/2013,08:15,21,16,5
12/06/2013,08:30,20,10,10
12/06/2013,08:45,17,5,12
12/06/2013,09:00,18,7,11
12/06/2013,09:15,20,5,15
12/06/2013,09:30,14,3,11
12/06/2013,09:45,19,7,12
12/06/2013,10:00,23,4,19
12/06/2013,10:15,23,8,15
12/06/2013,10:30,22,4,18
12/06/2013,10:45,34,6,28
12/06/2013,11:00,34,10,24
12/06/2013,11:15,47,12,35
12/06/2013,11:30,55,7,48
12/06/2013,11:45,24,8,16
12/06/2013,12:00,25,14,11
12/06/2013,12:15,11,5,6
12/06/2013,12:30,16,8,8
12/06/2013,12:45,17,6,11
12/06/2013,13:00,16,5,11
12/06/2013,13:15,19,10,9
12/06/2013,13:30,22,13,9
12/06/2013,13:45,17,6,11
12/06/2013,14:00,14,7,7
12/06/2013,14:15,27,15,12
12/06/2013,14:30,13,6,7
12/06/2013,14:45,49,10,39
12/06/2013,15:00,79,9,70
12/06/2013,15:15,55,14,41
12/06/2013,15:30,44,2,42
12/06/2013,15:45,14,3,11
12/06/2013,16:00,65,2,63
12/06/2013,16:15,74,6,68
12/06/2013,16:30,125,12,113
12/06/2013,16:45,137,9,128
12/06/2013,17:00,156,8,148
12/06/2013,17:15,159,20,139
12/06/2013,17:30,196,6,190
12/06/2013,17:45,255,17,238
12/06/2013,18:00,174,2,172
12/06/2013,18:15,203,12,191
12/06/2013,18:30,176,2,174
12/06/2013,18:45,222,10,212
12/06/2013,19:00,135,4,131
12/06/2013,19:15,79,9,70
12/06/2013,19:30,81,1,80
12/06/2013,19:45,83,4,79
12/06/2013,20:00,70,5,65
12/06/2013,20:15,162,9,153
12/06/2013,20:30,49,2,47
12/06/2013,20:45,28,2,26
12/06/2013,21:00,4,0,4
12/06/2013,21:15,3,0,3
12/06/2013,21:30,1,1,0
12/06/2013,21:45,1,0,1
12/06/2013,22:00,0,0,0
12/06/2013,22:15,2,1,1
12/06/2013,22:30,2,2,0
12/06/2013,22:45,0,0,0
12/06/2013,23:00,0,0,0
12/06/2013,23:15,1,1,0
12/06/2013,23:30,0,0,0
12/06/2013,23:45,0,0,0
13/06/2013,00:00,0,0,0
13/06/2013,00:15,0,0,0
13/06/2013,00:30,0,0,0
13/06/2013,00:45,0,0,0
13/06/2013,01:00,0,0,0
13/06/2013,01:15,0,0,0
13/06/2013,01:30,0,0,0
13/06/2013,01:45,0,0,0
13/06/2013,02:00,0,0,0
13/06/2013,02:15,0,0,0
13/06/2013,02:30,0,0,0
13/06/2013,02:45,0,0,0
13/06/2013,03:00,0,0,0
13/06/2013,03:15,0,0,0
13/06/2013,03:30,0,0,0
13/06/2013,03:45,0,0,0
13/06/2013,04:00,0,0,0
13/06/2013,04:15,0,0,0
13/06/2013,04:30,0,0,0
13/06/2013,04:45,1,1,0
13/06/2013,05:00,0,0,0
13/06/2013,05:15,1,0,1
13/06/2013,05:30,3,1,2
13/06/2013,05:45,0,0,0
13/06/2013,06:00,4,2,2
13/06/2013,06:15,7,1,6
13/06/2013,06:30,10,1,9
13/06/2013,06:45,13,3,10
13/06/2013,07:00,7,1,6
13/06/2013,07:15,20,1,19
13/06/2013,07:30,14,5,9
13/06/2013,07:45,14,6,8
13/06/2013,08:00,31,16,15
13/06/2013,08:15,19,12,7
13/06/2013,08:30,15,1,14
13/06/2013,08:45,19,8,11
13/06/2013,09:00,14,6,8
13/06/2013,09:15,16,5,11
13/06/2013,09:30,15,4,11
13/06/2013,09:45,16,4,12
13/06/2013,10:00,11,5,6
13/06/2013,10:15,10,3,7
13/06/2013,10:30,14,1,13
13/06/2013,10:45,15,4,11
13/06/2013,11:00,42,5,37
13/06/2013,11:15,31,11,20
13/06/2013,11:30,21,7,14
13/06/2013,11:45,28,5,23
13/06/2013,12:00,19,6,13
13/06/2013,12:15,21,8,13
13/06/2013,12:30,18,3,15
13/06/2013,12:45,23,6,17
13/06/2013,13:00,16,4,12
13/06/2013,13:15,16,5,11
13/06/2013,13:30,21,2,19
13/06/2013,13:45,22,0,22
13/06/2013,14:00,11,1,10
13/06/2013,14:15,8,3,5
13/06/2013,14:30,16,1,15
13/06/2013,14:45,14,5,9
13/06/2013,15:00,15,3,12
13/06/2013,15:15,14,2,12
13/06/2013,15:30,15,4,11
13/06/2013,15:45,34,6,28
13/06/2013,16:00,81,3,78
13/06/2013,16:15,32,4,28
13/06/2013,16:30,70,8,62
13/06/2013,16:45,47,2,45
13/06/2013,17:00,47,3,44
13/06/2013,17:15,140,5,135
13/06/2013,17:30,104,4,100
13/06/2013,17:45,76,3,73
13/06/2013,18:00,51,7,44
13/06/2013,18:15,39,6,33
13/06/2013,18:30,78,11,67
13/06/2013,18:45,72,6,66
13/06/2013,19:00,200,2,198
13/06/2013,19:15,186,6,180
13/06/2013,19:30,137,1,136
13/06/2013,19:45,84,1,83
13/06/2013,20:00,81,1,80
13/06/2013,20:15,56,3,53
13/06/2013,20:30,7,0,7
13/06/2013,20:45,2,1,1
13/06/2013,21:00,0,0,0
13/06/2013,21:15,0,0,0
13/06/2013,21:30,0,0,0
13/06/2013,21:45,0,0,0
13/06/2013,22:00,2,0,2
13/06/2013,22:15,3,1,2
13/06/2013,22:30,0,0,0
13/06/2013,22:45,1,0,1
13/06/2013,23:00,0,0,0
13/06/2013,23:15,24,23,1
13/06/2013,23:30,0,0,0
13/06/2013,23:45,0,0,0
14/06/2013,00:00,0,0,0
14/06/2013,00:15,0,0,0
14/06/2013,00:30,0,0,0
14/06/2013,00:45,0,0,0
14/06/2013,01:00,0,0,0
14/06/2013,01:15,0,0,0
14/06/2013,01:30,0,0,0
14/06/2013,01:45,0,0,0
14/06/2013,02:00,0,0,0
14/06/2013,02:15,0,0,0
14/06/2013,02:30,0,0,0
14/06/2013,02:45,0,0,0
14/06/2013,03:00,0,0,0
14/06/2013,03:15,0,0,0
14/06/2013,03:30,0,0,0
14/06/2013,03:45,0,0,0
14/06/2013,04:00,0,0,0
14/06/2013,04:15,0,0,0
14/06/2013,04:30,0,0,0
14/06/2013,04:45,1,1,0
14/06/2013,05:00,0,0,0
14/06/2013,05:15,0,0,0
14/06/2013,05:30,2,1,1
14/06/2013,05:45,3,0,3
14/06/2013,06:00,4,0,4
14/06/2013,06:15,12,2,10
14/06/2013,06:30,7,1,6
14/06/2013,06:45,6,1,5
14/06/2013,07:00,9,0,9
14/06/2013,07:15,12,5,7
14/06/2013,07:30,19,7,12
14/06/2013,07:45,17,4,13
14/06/2013,08:00,39,26,13
14/06/2013,08:15,20,11,9
14/06/2013,08:30,14,3,11
14/06/2013,08:45,20,4,16
14/06/2013,09:00,18,7,11
14/06/2013,09:15,22,4,18
14/06/2013,09:30,23,6,17
14/06/2013,09:45,19,5,14
14/06/2013,10:00,15,7,8
14/06/2013,10:15,13,4,9
14/06/2013,10:30,20,6,14
14/06/2013,10:45,24,8,16
14/06/2013,11:00,22,13,9
14/06/2013,11:15,15,4,11
14/06/2013,11:30,14,3,11
14/06/2013,11:45,7,1,6
14/06/2013,12:00,27,20,7
14/06/2013,12:15,17,9,8
14/06/2013,12:30,13,0,13
14/06/2013,12:45,12,2,10
14/06/2013,13:00,8,1,7
14/06/2013,13:15,10,1,9
14/06/2013,13:30,8,2,6
14/06/2013,13:45,13,4,9
14/06/2013,14:00,11,3,8
14/06/2013,14:15,12,2,10
14/06/2013,14:30,10,2,8
14/06/2013,14:45,23,5,18
14/06/2013,15:00,35,4,31
14/06/2013,15:15,35,1,34
14/06/2013,15:30,52,2,50
14/06/2013,15:45,68,2,66
14/06/2013,16:00,87,0,87
14/06/2013,16:15,85,3,82
14/06/2013,16:30,71,2,69
14/06/2013,16:45,95,4,91
14/06/2013,17:00,39,2,37
14/06/2013,17:15,32,6,26
14/06/2013,17:30,26,5,21
14/06/2013,17:45,28,9,19
14/06/2013,18:00,5,1,4
14/06/2013,18:15,10,5,5
14/06/2013,18:30,16,9,7
14/06/2013,18:45,22,13,9
14/06/2013,19:00,19,8,11
14/06/2013,19:15,9,3,6
14/06/2013,19:30,86,4,82
14/06/2013,19:45,195,2,193
14/06/2013,20:00,133,4,129
14/06/2013,20:15,93,0,93
14/06/2013,20:30,93,0,93
14/06/2013,20:45,11,4,7
14/06/2013,21:00,36,1,35
14/06/2013,21:15,6,0,6
14/06/2013,21:30,1,0,1
14/06/2013,21:45,1,0,1
14/06/2013,22:00,0,0,0
14/06/2013,22:15,0,0,0
14/06/2013,22:30,2,0,2
14/06/2013,22:45,0,0,0
14/06/2013,23:00,1,1,0
14/06/2013,23:15,1,1,0
14/06/2013,23:30,0,0,0
14/06/2013,23:45,0,0,0
15/06/2013,00:00,0,0,0
15/06/2013,00:15,0,0,0
15/06/2013,00:30,0,0,0
15/06/2013,00:45,0,0,0
15/06/2013,01:00,0,0,0
15/06/2013,01:15,0,0,0
15/06/2013,01:30,0,0,0
15/06/2013,01:45,0,0,0
15/06/2013,02:00,0,0,0
15/06/2013,02:15,0,0,0
15/06/2013,02:30,0,0,0
15/06/2013,02:45,2,0,2
15/06/2013,03:00,0,0,0
15/06/2013,03:15,0,0,0
15/06/2013,03:30,0,0,0
15/06/2013,03:45,0,0,0
15/06/2013,04:00,0,0,0
15/06/2013,04:15,0,0,0
15/06/2013,04:30,3,0,3
15/06/2013,04:45,1,0,1
15/06/2013,05:00,1,0,1
15/06/2013,05:15,0,0,0
15/06/2013,05:30,0,0,0
15/06/2013,05:45,1,0,1
15/06/2013,06:00,2,0,2
15/06/2013,06:15,2,0,2
15/06/2013,06:30,3,1,2
15/06/2013,06:45,10,1,9
15/06/2013,07:00,5,0,5
15/06/2013,07:15,13,3,10
15/06/2013,07:30,8,1,7
15/06/2013,07:45,16,3,13
15/06/2013,08:00,9,1,8
15/06/2013,08:15,25,6,19
15/06/2013,08:30,27,8,19
15/06/2013,08:45,27,7,20
15/06/2013,09:00,37,9,28
15/06/2013,09:15,22,4,18
15/06/2013,09:30,27,7,20
15/06/2013,09:45,19,10,9
15/06/2013,10:00,21,4,17
15/06/2013,10:15,34,17,17
15/06/2013,10:30,31,7,24
15/06/2013,10:45,43,12,31
15/06/2013,11:00,40,18,22
15/06/2013,11:15,54,12,42
15/06/2013,11:30,67,12,55
15/06/2013,11:45,81,8,73
15/06/2013,12:00,84,10,74
15/06/2013,12:15,58,16,42
15/06/2013,12:30,41,17,24
15/06/2013,12:45,45,15,30
15/06/2013,13:00,47,4,43
15/06/2013,13:15,38,9,29
15/06/2013,13:30,43,28,15
15/06/2013,13:45,18,4,14
15/06/2013,14:00,23,9,14
15/06/2013,14:15,51,15,36
15/06/2013,14:30,33,13,20
15/06/2013,14:45,33,20,13
15/06/2013,15:00,43,17,26
15/06/2013,15:15,51,7,44
15/06/2013,15:30,57,11,46
15/06/2013,15:45,78,7,71
15/06/2013,16:00,91,6,85
15/06/2013,16:15,53,3,50
15/06/2013,16:30,75,13,62
15/06/2013,16:45,82,23,59
15/06/2013,17:00,18,3,15
15/06/2013,17:15,30,7,23
15/06/2013,17:30,50,38,12
15/06/2013,17:45,14,5,9
15/06/2013,18:00,17,7,10
15/06/2013,18:15,15,7,8
15/06/2013,18:30,20,12,8
15/06/2013,18:45,84,0,84
15/06/2013,19:00,52,2,50
15/06/2013,19:15,144,3,141
15/06/2013,19:30,83,0,83
15/06/2013,19:45,63,1,62
15/06/2013,20:00,22,0,22
15/06/2013,20:15,34,1,33
15/06/2013,20:30,22,2,20
15/06/2013,20:45,10,3,7
15/06/2013,21:00,2,1,1
15/06/2013,21:15,1,0,1
15/06/2013,21:30,1,1,0
15/06/2013,21:45,1,1,0
15/06/2013,22:00,0,0,0
15/06/2013,22:15,6,6,0
15/06/2013,22:30,1,1,0
15/06/2013,22:45,1,1,0
15/06/2013,23:00,2,1,1
15/06/2013,23:15,0,0,0
15/06/2013,23:30,1,0,1
15/06/2013,23:45,0,0,0
16/06/2013,00:00,0,0,0
16/06/2013,00:15,70,70,0
16/06/2013,00:30,17,17,0
16/06/2013,00:45,0,0,0
16/06/2013,01:00,0,0,0
16/06/2013,01:15,1,1,0
16/06/2013,01:30,0,0,0
16/06/2013,01:45,0,0,0
16/06/2013,02:00,0,0,0
16/06/2013,02:15,0,0,0
16/06/2013,02:30,0,0,0
16/06/2013,02:45,0,0,0
16/06/2013,03:00,0,0,0
16/06/2013,03:15,0,0,0
16/06/2013,03:30,0,0,0
16/06/2013,03:45,0,0,0
16/06/2013,04:00,1,0,1
16/06/2013,04:15,0,0,0
16/06/2013,04:30,0,0,0
16/06/2013,04:45,0,0,0
16/06/2013,05:00,0,0,0
16/06/2013,05:15,0,0,0
16/06/2013,05:30,1,0,1
16/06/2013,05:45,0,0,0
16/06/2013,06:00,1,0,1
16/06/2013,06:15,2,0,2
16/06/2013,06:30,4,1,3
16/06/2013,06:45,10,1,9
16/06/2013,07:00,11,0,11
16/06/2013,07:15,4,1,3
16/06/2013,07:30,5,1,4
16/06/2013,07:45,5,1,4
16/06/2013,08:00,8,2,6
16/06/2013,08:15,19,7,12
16/06/2013,08:30,11,8,3
16/06/2013,08:45,13,5,8
16/06/2013,09:00,21,5,16
16/06/2013,09:15,28,6,22
16/06/2013,09:30,23,7,16
16/06/2013,09:45,35,14,21
16/06/2013,10:00,26,9,17
16/06/2013,10:15,27,11,16
16/06/2013,10:30,18,5,13
16/06/2013,10:45,26,15,11
16/06/2013,11:00,33,13,20
16/06/2013,11:15,32,17,15
16/06/2013,11:30,27,11,16
16/06/2013,11:45,33,15,18
16/06/2013,12:00,42,24,18
16/06/2013,12:15,35,23,12
16/06/2013,12:30,32,23,9
16/06/2013,12:45,35,21,14
16/06/2013,13:00,19,11,8
16/06/2013,13:15,42,20,22
16/06/2013,13:30,28,10,18
16/06/2013,13:45,32,14,18
16/06/2013,14:00,31,9,22
16/06/2013,14:15,25,8,17
16/06/2013,14:30,37,8,29
16/06/2013,14:45,51,7,44
16/06/2013,15:00,49,8,41
16/06/2013,15:15,45,7,38
16/06/2013,15:30,60,3,57
16/06/2013,15:45,80,10,70
16/06/2013,16:00,72,29,43
16/06/2013,16:15,160,6,154
16/06/2013,16:30,79,7,72
16/06/2013,16:45,126,5,121
16/06/2013,17:00,135,5,130
16/06/2013,17:15,94,9,85
16/06/2013,17:30,70,7,63
16/06/2013,17:45,32,7,25
16/06/2013,18:00,71,5,66
16/06/2013,18:15,70,0,70
16/06/2013,18:30,102,1,101
16/06/2013,18:45,128,2,126
16/06/2013,19:00,99,0,99
16/06/2013,19:15,99,7,92
16/06/2013,19:30,78,3,75
16/06/2013,19:45,82,0,82
16/06/2013,20:00,39,0,39
16/06/2013,20:15,56,1,55
16/06/2013,20:30,23,0,23
16/06/2013,20:45,9,0,9
16/06/2013,21:00,7,0,7
16/06/2013,21:15,3,1,2
16/06/2013,21:30,4,0,4
16/06/2013,21:45,2,0,2
16/06/2013,22:00,1,0,1
16/06/2013,22:15,2,0,2
16/06/2013,22:30,1,0,1
16/06/2013,22:45,17,17,0
16/06/2013,23:00,0,0,0
16/06/2013,23:15,1,1,0
16/06/2013,23:30,0,0,0
16/06/2013,23:45,0,0,0
17/06/2013,00:00,0,0,0
17/06/2013,00:15,0,0,0
17/06/2013,00:30,0,0,0
17/06/2013,00:45,85,85,0
17/06/2013,01:00,2,2,0
17/06/2013,01:15,0,0,0
17/06/2013,01:30,0,0,0
17/06/2013,01:45,0,0,0
17/06/2013,02:00,0,0,0
17/06/2013,02:15,0,0,0
17/06/2013,02:30,0,0,0
17/06/2013,02:45,0,0,0
17/06/2013,03:00,0,0,0
17/06/2013,03:15,0,0,0
17/06/2013,03:30,0,0,0
17/06/2013,03:45,0,0,0
17/06/2013,04:00,0,0,0
17/06/2013,04:15,0,0,0
17/06/2013,04:30,0,0,0
17/06/2013,04:45,1,0,1
17/06/2013,05:00,0,0,0
17/06/2013,05:15,1,1,0
17/06/2013,05:30,3,0,3
17/06/2013,05:45,1,0,1
17/06/2013,06:00,2,1,1
17/06/2013,06:15,5,2,3
17/06/2013,06:30,7,1,6
17/06/2013,06:45,15,7,8
17/06/2013,07:00,10,3,7
17/06/2013,07:15,9,3,6
17/06/2013,07:30,17,10,7
17/06/2013,07:45,9,1,8
17/06/2013,08:00,16,7,9
17/06/2013,08:15,15,6,9
17/06/2013,08:30,19,11,8
17/06/2013,08:45,20,5,15
17/06/2013,09:00,25,10,15
17/06/2013,09:15,19,9,10
17/06/2013,09:30,28,7,21
17/06/2013,09:45,22,8,14
17/06/2013,10:00,12,5,7
17/06/2013,10:15,17,5,12
17/06/2013,10:30,15,3,12
17/06/2013,10:45,18,4,14
17/06/2013,11:00,22,7,15
17/06/2013,11:15,34,6,28
17/06/2013,11:30,18,4,14
17/06/2013,11:45,35,14,21
17/06/2013,12:00,43,9,34
17/06/2013,12:15,37,8,29
17/06/2013,12:30,37,7,30
17/06/2013,12:45,42,13,29
17/06/2013,13:00,16,7,9
17/06/2013,13:15,21,4,17
17/06/2013,13:30,18,5,13
17/06/2013,13:45,32,14,18
17/06/2013,14:00,48,6,42
17/06/2013,14:15,41,6,35
17/06/2013,14:30,29,7,22
17/06/2013,14:45,30,6,24
17/06/2013,15:00,15,6,9
17/06/2013,15:15,21,10,11
17/06/2013,15:30,39,10,29
17/06/2013,15:45,31,13,18
17/06/2013,16:00,82,11,71
17/06/2013,16:15,67,7,60
17/06/2013,16:30,56,9,47
17/06/2013,16:45,49,3,46
17/06/2013,17:00,64,4,60
17/06/2013,17:15,34,9,25
17/06/2013,17:30,57,6,51
17/06/2013,17:45,65,12,53
17/06/2013,18:00,46,2,44
17/06/2013,18:15,58,7,51
17/06/2013,18:30,36,7,29
17/06/2013,18:45,40,7,33
17/06/2013,19:00,66,2,64
17/06/2013,19:15,28,3,25
17/06/2013,19:30,33,4,29
17/06/2013,19:45,115,3,112
17/06/2013,20:00,160,2,158
17/06/2013,20:15,204,2,202
17/06/2013,20:30,148,3,145
17/06/2013,20:45,46,3,43
17/06/2013,21:00,6,0,6
17/06/2013,21:15,6,0,6
17/06/2013,21:30,0,0,0
17/06/2013,21:45,2,1,1
17/06/2013,22:00,9,9,0
17/06/2013,22:15,130,130,0
17/06/2013,22:30,101,101,0
17/06/2013,22:45,56,56,0
17/06/2013,23:00,0,0,0
17/06/2013,23:15,42,41,1
17/06/2013,23:30,4,4,0
17/06/2013,23:45,4,4,0
18/06/2013,00:00,72,72,0
18/06/2013,00:15,4,4,0
18/06/2013,00:30,22,22,0
18/06/2013,00:45,31,31,0
18/06/2013,01:00,0,0,0
18/06/2013,01:15,0,0,0
18/06/2013,01:30,0,0,0
18/06/2013,01:45,0,0,0
18/06/2013,02:00,0,0,0
18/06/2013,02:15,0,0,0
18/06/2013,02:30,0,0,0
18/06/2013,02:45,0,0,0
18/06/2013,03:00,0,0,0
18/06/2013,03:15,0,0,0
18/06/2013,03:30,1,0,1
18/06/2013,03:45,1,0,1
18/06/2013,04:00,0,0,0
18/06/2013,04:15,0,0,0
18/06/2013,04:30,0,0,0
18/06/2013,04:45,1,0,1
18/06/2013,05:00,0,0,0
18/06/2013,05:15,2,1,1
18/06/2013,05:30,1,0,1
18/06/2013,05:45,1,0,1
18/06/2013,06:00,1,0,1
18/06/2013,06:15,4,1,3
18/06/2013,06:30,7,0,7
18/06/2013,06:45,11,4,7
18/06/2013,07:00,11,0,11
18/06/2013,07:15,17,6,11
18/06/2013,07:30,22,10,12
18/06/2013,07:45,7,0,7
18/06/2013,08:00,14,11,3
18/06/2013,08:15,10,4,6
18/06/2013,08:30,8,3,5
18/06/2013,08:45,31,17,14
18/06/2013,09:00,11,5,6
18/06/2013,09:15,17,5,12
18/06/2013,09:30,10,1,9
18/06/2013,09:45,26,8,18
18/06/2013,10:00,24,3,21
18/06/2013,10:15,22,4,18
18/06/2013,10:30,16,1,15
18/06/2013,10:45,31,5,26
18/06/2013,11:00,13,4,9
18/06/2013,11:15,45,5,40
18/06/2013,11:30,45,13,32
18/06/2013,11:45,30,7,23
18/06/2013,12:00,26,10,16
18/06/2013,12:15,18,8,10
18/06/2013,12:30,24,6,18
18/06/2013,12:45,25,4,21
18/06/2013,13:00,28,9,19
18/06/2013,13:15,50,15,35
18/06/2013,13:30,42,24,18
18/06/2013,13:45,25,9,16
18/06/2013,14:00,29,8,21
18/06/2013,14:15,18,2,16
18/06/2013,14:30,19,4,15
18/06/2013,14:45,20,6,14
18/06/2013,15:00,20,3,17
18/06/2013,15:15,35,3,32
18/06/2013,15:30,45,2,43
18/06/2013,15:45,45,3,42
18/06/2013,16:00,37,6,31
18/06/2013,16:15,37,2,35
18/06/2013,16:30,45,11,34
18/06/2013,16:45,26,4,22
18/06/2013,17:00,23,5,18
18/06/2013,17:15,20,9,11
18/06/2013,17:30,39,13,26
18/06/2013,17:45,36,14,22
18/06/2013,18:00,88,11,77
18/06/2013,18:15,63,9,54
18/06/2013,18:30,93,0,93
18/06/2013,18:45,133,14,119
18/06/2013,19:00,197,5,192
18/06/2013,19:15,173,6,167
18/06/2013,19:30,123,6,117
18/06/2013,19:45,175,2,173
18/06/2013,20:00,105,2,103
18/06/2013,20:15,128,4,124
18/06/2013,20:30,97,2,95
18/06/2013,20:45,20,0,20
18/06/2013,21:00,7,1,6
18/06/2013,21:15,1,1,0
18/06/2013,21:30,0,0,0
18/06/2013,21:45,2,2,0
18/06/2013,22:00,0,0,0
18/06/2013,22:15,0,0,0
18/06/2013,22:30,0,0,0
18/06/2013,22:45,3,1,2
18/06/2013,23:00,0,0,0
18/06/2013,23:15,0,0,0
18/06/2013,23:30,0,0,0
18/06/2013,23:45,0,0,0
19/06/2013,00:00,0,0,0
19/06/2013,00:15,0,0,0
19/06/2013,00:30,0,0,0
19/06/2013,00:45,0,0,0
19/06/2013,01:00,0,0,0
19/06/2013,01:15,0,0,0
19/06/2013,01:30,0,0,0
19/06/2013,01:45,0,0,0
19/06/2013,02:00,0,0,0
19/06/2013,02:15,0,0,0
19/06/2013,02:30,0,0,0
19/06/2013,02:45,0,0,0
19/06/2013,03:00,0,0,0
19/06/2013,03:15,0,0,0
19/06/2013,03:30,0,0,0
19/06/2013,03:45,1,1,0
19/06/2013,04:00,0,0,0
19/06/2013,04:15,0,0,0
19/06/2013,04:30,0,0,0
19/06/2013,04:45,1,1,0
19/06/2013,05:00,0,0,0
19/06/2013,05:15,1,1,0
19/06/2013,05:30,0,0,0
19/06/2013,05:45,0,0,0
19/06/2013,06:00,2,1,1
19/06/2013,06:15,8,3,5
19/06/2013,06:30,13,4,9
19/06/2013,06:45,12,3,9
19/06/2013,07:00,14,3,11
19/06/2013,07:15,18,6,12
19/06/2013,07:30,17,7,10
19/06/2013,07:45,13,5,8
19/06/2013,08:00,16,7,9
19/06/2013,08:15,11,3,8
19/06/2013,08:30,16,6,10
19/06/2013,08:45,24,10,14
19/06/2013,09:00,32,15,17
19/06/2013,09:15,23,6,17
19/06/2013,09:30,19,2,17
19/06/2013,09:45,22,4,18
19/06/2013,10:00,19,4,15
19/06/2013,10:15,26,11,15
19/06/2013,10:30,16,0,16
19/06/2013,10:45,22,8,14
19/06/2013,11:00,23,4,19
19/06/2013,11:15,34,15,19
19/06/2013,11:30,41,8,33
19/06/2013,11:45,24,7,17
19/06/2013,12:00,14,10,4
19/06/2013,12:15,22,10,12
19/06/2013,12:30,26,11,15
19/06/2013,12:45,28,15,13
19/06/2013,13:00,27,7,20
19/06/2013,13:15,23,11,12
19/06/2013,13:30,24,17,7
19/06/2013,13:45,29,18,11
19/06/2013,14:00,19,12,7
19/06/2013,14:15,10,6,4
19/06/2013,14:30,24,10,14
19/06/2013,14:45,38,7,31
19/06/2013,15:00,24,2,22
19/06/2013,15:15,14,0,14
19/06/2013,15:30,30,2,28
19/06/2013,15:45,34,5,29
19/06/2013,16:00,17,4,13
19/06/2013,16:15,18,3,15
19/06/2013,16:30,42,6,36
19/06/2013,16:45,36,5,31
19/06/2013,17:00,79,2,77
19/06/2013,17:15,68,4,64
19/06/2013,17:30,136,9,127
19/06/2013,17:45,133,8,125
19/06/2013,18:00,250,9,241
19/06/2013,18:15,262,13,249
19/06/2013,18:30,216,5,211
19/06/2013,18:45,170,8,162
19/06/2013,19:00,167,9,158
19/06/2013,19:15,182,2,180
19/06/2013,19:30,259,4,255
19/06/2013,19:45,248,3,245
19/06/2013,20:00,216,3,213
19/06/2013,20:15,156,3,153
19/06/2013,20:30,134,1,133
19/06/2013,20:45,47,0,47
19/06/2013,21:00,22,0,22
19/06/2013,21:15,4,1,3
19/06/2013,21:30,0,0,0
19/06/2013,21:45,0,0,0
19/06/2013,22:00,2,0,2
19/06/2013,22:15,1,1,0
19/06/2013,22:30,0,0,0
19/06/2013,22:45,0,0,0
19/06/2013,23:00,0,0,0
19/06/2013,23:15,0,0,0
19/06/2013,23:30,0,0,0
19/06/2013,23:45,1,1,0
20/06/2013,00:00,0,0,0
20/06/2013,00:15,2,2,0
20/06/2013,00:30,162,162,0
20/06/2013,00:45,152,152,0
20/06/2013,01:00,59,59,0
20/06/2013,01:15,0,0,0
20/06/2013,01:30,0,0,0
20/06/2013,01:45,0,0,0
20/06/2013,02:00,0,0,0
20/06/2013,02:15,0,0,0
20/06/2013,02:30,0,0,0
20/06/2013,02:45,0,0,0
20/06/2013,03:00,0,0,0
20/06/2013,03:15,0,0,0
20/06/2013,03:30,0,0,0
20/06/2013,03:45,0,0,0
20/06/2013,04:00,0,0,0
20/06/2013,04:15,0,0,0
20/06/2013,04:30,0,0,0
20/06/2013,04:45,1,1,0
20/06/2013,05:00,0,0,0
20/06/2013,05:15,3,2,1
20/06/2013,05:30,1,0,1
20/06/2013,05:45,2,0,2
20/06/2013,06:00,6,1,5
20/06/2013,06:15,11,4,7
20/06/2013,06:30,10,0,10
20/06/2013,06:45,13,4,9
20/06/2013,07:00,8,2,6
20/06/2013,07:15,25,4,21
20/06/2013,07:30,22,6,16
20/06/2013,07:45,14,4,10
20/06/2013,08:00,17,10,7
20/06/2013,08:15,15,5,10
20/06/2013,08:30,13,4,9
20/06/2013,08:45,30,12,18
20/06/2013,09:00,29,13,16
20/06/2013,09:15,26,11,15
20/06/2013,09:30,13,2,11
20/06/2013,09:45,22,9,13
20/06/2013,10:00,27,7,20
20/06/2013,10:15,12,2,10
20/06/2013,10:30,19,5,14
20/06/2013,10:45,17,4,13
20/06/2013,11:00,10,3,7
20/06/2013,11:15,14,6,8
20/06/2013,11:30,18,6,12
20/06/2013,11:45,20,6,14
20/06/2013,12:00,20,8,12
20/06/2013,12:15,19,9,10
20/06/2013,12:30,22,14,8
20/06/2013,12:45,14,6,8
20/06/2013,13:00,33,20,13
20/06/2013,13:15,71,56,15
20/06/2013,13:30,11,1,10
20/06/2013,13:45,21,3,18
20/06/2013,14:00,18,6,12
20/06/2013,14:15,17,3,14
20/06/2013,14:30,60,51,9
20/06/2013,14:45,18,16,2
20/06/2013,15:00,16,4,12
20/06/2013,15:15,26,9,17
20/06/2013,15:30,93,5,88
20/06/2013,15:45,47,5,42
20/06/2013,16:00,81,4,77
20/06/2013,16:15,178,8,170
20/06/2013,16:30,171,7,164
20/06/2013,16:45,149,8,141
20/06/2013,17:00,86,5,81
20/06/2013,17:15,49,8,41
20/06/2013,17:30,37,6,31
20/06/2013,17:45,91,13,78
20/06/2013,18:00,124,10,114
20/06/2013,18:15,118,7,111
20/06/2013,18:30,163,12,151
20/06/2013,18:45,164,14,150
20/06/2013,19:00,114,4,110
20/06/2013,19:15,141,11,130
20/06/2013,19:30,170,5,165
20/06/2013,19:45,197,5,192
20/06/2013,20:00,218,5,213
20/06/2013,20:15,87,2,85
20/06/2013,20:30,16,0,16
20/06/2013,20:45,25,1,24
20/06/2013,21:00,6,1,5
20/06/2013,21:15,3,3,0
20/06/2013,21:30,1,1,0
20/06/2013,21:45,1,1,0
20/06/2013,22:00,2,2,0
20/06/2013,22:15,2,2,0
20/06/2013,22:30,4,2,2
20/06/2013,22:45,0,0,0
20/06/2013,23:00,1,0,1
20/06/2013,23:15,0,0,0
20/06/2013,23:30,0,0,0
20/06/2013,23:45,1,1,0
21/06/2013,00:00,0,0,0
21/06/2013,00:15,1,0,1
21/06/2013,00:30,0,0,0
21/06/2013,00:45,44,44,0
21/06/2013,01:00,2,2,0
21/06/2013,01:15,0,0,0
21/06/2013,01:30,0,0,0
21/06/2013,01:45,0,0,0
21/06/2013,02:00,0,0,0
21/06/2013,02:15,0,0,0
21/06/2013,02:30,0,0,0
21/06/2013,02:45,0,0,0
21/06/2013,03:00,0,0,0
21/06/2013,03:15,0,0,0
21/06/2013,03:30,0,0,0
21/06/2013,03:45,0,0,0
21/06/2013,04:00,0,0,0
21/06/2013,04:15,0,0,0
21/06/2013,04:30,0,0,0
21/06/2013,04:45,1,1,0
21/06/2013,05:00,0,0,0
21/06/2013,05:15,2,0,2
21/06/2013,05:30,1,0,1
21/06/2013,05:45,5,0,5
21/06/2013,06:00,2,0,2
21/06/2013,06:15,5,1,4
21/06/2013,06:30,10,0,10
21/06/2013,06:45,14,5,9
21/06/2013,07:00,11,4,7
21/06/2013,07:15,16,9,7
21/06/2013,07:30,16,4,12
21/06/2013,07:45,9,3,6
21/06/2013,08:00,15,5,10
21/06/2013,08:15,13,3,10
21/06/2013,08:30,16,2,14
21/06/2013,08:45,28,17,11
21/06/2013,09:00,21,10,11
21/06/2013,09:15,24,10,14
21/06/2013,09:30,20,6,14
21/06/2013,09:45,19,7,12
21/06/2013,10:00,28,11,17
21/06/2013,10:15,22,7,15
21/06/2013,10:30,15,3,12
21/06/2013,10:45,22,7,15
21/06/2013,11:00,23,7,16
21/06/2013,11:15,23,16,7
21/06/2013,11:30,15,11,4
21/06/2013,11:45,24,15,9
21/06/2013,12:00,22,8,14
21/06/2013,12:15,18,5,13
21/06/2013,12:30,22,7,15
21/06/2013,12:45,13,2,11
21/06/2013,13:00,16,9,7
21/06/2013,13:15,16,10,6
21/06/2013,13:30,15,8,7
21/06/2013,13:45,19,6,13
21/06/2013,14:00,18,7,11
21/06/2013,14:15,25,9,16
21/06/2013,14:30,17,6,11
21/06/2013,14:45,9,6,3
21/06/2013,15:00,12,6,6
21/06/2013,15:15,7,5,2
21/06/2013,15:30,20,4,16
21/06/2013,15:45,9,8,1
21/06/2013,16:00,16,9,7
21/06/2013,16:15,22,3,19
21/06/2013,16:30,24,14,10
21/06/2013,16:45,17,5,12
21/06/2013,17:00,30,5,25
21/06/2013,17:15,20,13,7
21/06/2013,17:30,21,7,14
21/06/2013,17:45,75,8,67
21/06/2013,18:00,68,10,58
21/06/2013,18:15,78,7,71
21/06/2013,18:30,120,9,111
21/06/2013,18:45,49,5,44
21/06/2013,19:00,151,8,143
21/06/2013,19:15,83,11,72
21/06/2013,19:30,32,5,27
21/06/2013,19:45,6,2,4
21/06/2013,20:00,19,4,15
21/06/2013,20:15,10,2,8
21/06/2013,20:30,2,1,1
21/06/2013,20:45,8,0,8
21/06/2013,21:00,4,1,3
21/06/2013,21:15,5,0,5
21/06/2013,21:30,6,1,5
21/06/2013,21:45,2,0,2
21/06/2013,22:00,0,0,0
21/06/2013,22:15,1,1,0
21/06/2013,22:30,0,0,0
21/06/2013,22:45,61,61,0
21/06/2013,23:00,0,0,0
21/06/2013,23:15,0,0,0
21/06/2013,23:30,29,29,0
21/06/2013,23:45,2,1,1
22/06/2013,00:00,1,0,1
22/06/2013,00:15,0,0,0
22/06/2013,00:30,1,0,1
22/06/2013,00:45,1,1,0
22/06/2013,01:00,11,11,0
22/06/2013,01:15,0,0,0
22/06/2013,01:30,0,0,0
22/06/2013,01:45,0,0,0
22/06/2013,02:00,0,0,0
22/06/2013,02:15,0,0,0
22/06/2013,02:30,72,72,0
22/06/2013,02:45,10,10,0
22/06/2013,03:00,0,0,0
22/06/2013,03:15,0,0,0
22/06/2013,03:30,1,1,0
22/06/2013,03:45,65,65,0
22/06/2013,04:00,5,5,0
22/06/2013,04:15,0,0,0
22/06/2013,04:30,1,0,1
22/06/2013,04:45,0,0,0
22/06/2013,05:00,0,0,0
22/06/2013,05:15,0,0,0
22/06/2013,05:30,0,0,0
22/06/2013,05:45,0,0,0
22/06/2013,06:00,0,0,0
22/06/2013,06:15,0,0,0
22/06/2013,06:30,3,0,3
22/06/2013,06:45,3,1,2
22/06/2013,07:00,9,1,8
22/06/2013,07:15,15,9,6
22/06/2013,07:30,12,1,11
22/06/2013,07:45,11,4,7
22/06/2013,08:00,12,4,8
22/06/2013,08:15,8,3,5
22/06/2013,08:30,17,5,12
22/06/2013,08:45,23,2,21
22/06/2013,09:00,36,5,31
22/06/2013,09:15,17,5,12
22/06/2013,09:30,21,9,12
22/06/2013,09:45,26,8,18
22/06/2013,10:00,26,4,22
22/06/2013,10:15,27,12,15
22/06/2013,10:30,22,9,13
22/06/2013,10:45,29,9,20
22/06/2013,11:00,23,11,12
22/06/2013,11:15,30,11,19
22/06/2013,11:30,16,10,6
22/06/2013,11:45,20,8,12
22/06/2013,12:00,18,2,16
22/06/2013,12:15,17,4,13
22/06/2013,12:30,24,16,8
22/06/2013,12:45,19,10,9
22/06/2013,13:00,15,10,5
22/06/2013,13:15,12,4,8
22/06/2013,13:30,22,13,9
22/06/2013,13:45,20,13,7
22/06/2013,14:00,15,7,8
22/06/2013,14:15,22,12,10
22/06/2013,14:30,15,9,6
22/06/2013,14:45,14,10,4
22/06/2013,15:00,16,13,3
22/06/2013,15:15,17,12,5
22/06/2013,15:30,20,8,12
22/06/2013,15:45,91,14,77
22/06/2013,16:00,146,4,142
22/06/2013,16:15,99,9,90
22/06/2013,16:30,70,11,59
22/06/2013,16:45,198,12,186
22/06/2013,17:00,135,4,131
22/06/2013,17:15,146,2,144
22/06/2013,17:30,151,6,145
22/06/2013,17:45,72,5,67
22/06/2013,18:00,87,1,86
22/06/2013,18:15,50,4,46
22/06/2013,18:30,29,3,26
22/06/2013,18:45,53,4,49
22/06/2013,19:00,14,0,14
22/06/2013,19:15,10,1,9
22/06/2013,19:30,53,6,47
22/06/2013,19:45,58,0,58
22/06/2013,20:00,68,2,66
22/06/2013,20:15,45,0,45
22/06/2013,20:30,39,0,39
22/06/2013,20:45,104,1,103
22/06/2013,21:00,74,2,72
22/06/2013,21:15,87,5,82
22/06/2013,21:30,27,2,25
22/06/2013,21:45,4,1,3
22/06/2013,22:00,2,0,2
22/06/2013,22:15,4,0,4
22/06/2013,22:30,4,0,4
22/06/2013,22:45,15,14,1
22/06/2013,23:00,3,2,1
22/06/2013,23:15,2,2,0
22/06/2013,23:30,0,0,0
22/06/2013,23:45,0,0,0
23/06/2013,00:00,3,1,2
23/06/2013,00:15,0,0,0
23/06/2013,00:30,1,1,0
23/06/2013,00:45,0,0,0
23/06/2013,01:00,0,0,0
23/06/2013,01:15,0,0,0
23/06/2013,01:30,0,0,0
23/06/2013,01:45,0,0,0
23/06/2013,02:00,0,0,0
23/06/2013,02:15,0,0,0
23/06/2013,02:30,0,0,0
23/06/2013,02:45,0,0,0
23/06/2013,03:00,0,0,0
23/06/2013,03:15,0,0,0
23/06/2013,03:30,0,0,0
23/06/2013,03:45,0,0,0
23/06/2013,04:00,0,0,0
23/06/2013,04:15,0,0,0
23/06/2013,04:30,1,0,1
23/06/2013,04:45,0,0,0
23/06/2013,05:00,0,0,0
23/06/2013,05:15,0,0,0
23/06/2013,05:30,0,0,0
23/06/2013,05:45,0,0,0
23/06/2013,06:00,1,0,1
23/06/2013,06:15,2,1,1
23/06/2013,06:30,1,1,0
23/06/2013,06:45,1,0,1
23/06/2013,07:00,6,2,4
23/06/2013,07:15,2,1,1
23/06/2013,07:30,7,2,5
23/06/2013,07:45,5,1,4
23/06/2013,08:00,12,5,7
23/06/2013,08:15,5,1,4
23/06/2013,08:30,10,3,7
23/06/2013,08:45,31,10,21
23/06/2013,09:00,18,5,13
23/06/2013,09:15,12,1,11
23/06/2013,09:30,21,8,13
23/06/2013,09:45,29,9,20
23/06/2013,10:00,20,6,14
23/06/2013,10:15,13,5,8
23/06/2013,10:30,30,13,17
23/06/2013,10:45,16,4,12
23/06/2013,11:00,12,7,5
23/06/2013,11:15,27,17,10
23/06/2013,11:30,32,10,22
23/06/2013,11:45,15,8,7
23/06/2013,12:00,22,17,5
23/06/2013,12:15,16,8,8
23/06/2013,12:30,17,5,12
23/06/2013,12:45,20,12,8
23/06/2013,13:00,23,13,10
23/06/2013,13:15,15,9,6
23/06/2013,13:30,15,11,4
23/06/2013,13:45,10,2,8
23/06/2013,14:00,15,14,1
23/06/2013,14:15,15,9,6
23/06/2013,14:30,16,9,7
23/06/2013,14:45,21,15,6
23/06/2013,15:00,17,7,10
23/06/2013,15:15,10,4,6
23/06/2013,15:30,15,10,5
23/06/2013,15:45,16,6,10
23/06/2013,16:00,18,7,11
23/06/2013,16:15,13,5,8
23/06/2013,16:30,30,13,17
23/06/2013,16:45,17,9,8
23/06/2013,17:00,24,13,11
23/06/2013,17:15,21,8,13
23/06/2013,17:30,18,4,14
23/06/2013,17:45,13,2,11
23/06/2013,18:00,14,5,9
23/06/2013,18:15,16,6,10
23/06/2013,18:30,9,1,8
23/06/2013,18:45,4,2,2
23/06/2013,19:00,7,3,4
23/06/2013,19:15,4,2,2
23/06/2013,19:30,98,3,95
23/06/2013,19:45,45,3,42
23/06/2013,20:00,11,4,7
23/06/2013,20:15,12,4,8
23/06/2013,20:30,11,2,9
23/06/2013,20:45,8,3,5
23/06/2013,21:00,3,2,1
23/06/2013,21:15,1,0,1
23/06/2013,21:30,1,0,1
23/06/2013,21:45,0,0,0
23/06/2013,22:00,0,0,0
23/06/2013,22:15,0,0,0
23/06/2013,22:30,0,0,0
23/06/2013,22:45,0,0,0
23/06/2013,23:00,0,0,0
23/06/2013,23:15,0,0,0
23/06/2013,23:30,0,0,0
23/06/2013,23:45,0,0,0
24/06/2013,00:00,0,0,0
24/06/2013,00:15,0,0,0
24/06/2013,00:30,0,0,0
24/06/2013,00:45,0,0,0
24/06/2013,01:00,0,0,0
24/06/2013,01:15,0,0,0
24/06/2013,01:30,0,0,0
24/06/2013,01:45,0,0,0
24/06/2013,02:00,0,0,0
24/06/2013,02:15,0,0,0
24/06/2013,02:30,0,0,0
24/06/2013,02:45,0,0,0
24/06/2013,03:00,0,0,0
24/06/2013,03:15,0,0,0
24/06/2013,03:30,0,0,0
24/06/2013,03:45,0,0,0
24/06/2013,04:00,1,0,1
24/06/2013,04:15,0,0,0
24/06/2013,04:30,0,0,0
24/06/2013,04:45,0,0,0
24/06/2013,05:00,0,0,0
24/06/2013,05:15,1,1,0
24/06/2013,05:30,2,0,2
24/06/2013,05:45,3,0,3
24/06/2013,06:00,3,1,2
24/06/2013,06:15,5,2,3
24/06/2013,06:30,12,0,12
24/06/2013,06:45,11,2,9
24/06/2013,07:00,9,0,9
24/06/2013,07:15,6,4,2
24/06/2013,07:30,9,2,7
24/06/2013,07:45,10,2,8
24/06/2013,08:00,11,5,6
24/06/2013,08:15,13,6,7
24/06/2013,08:30,10,6,4
24/06/2013,08:45,26,15,11
24/06/2013,09:00,15,8,7
24/06/2013,09:15,16,4,12
24/06/2013,09:30,14,2,12
24/06/2013,09:45,14,1,13
24/06/2013,10:00,10,2,8
24/06/2013,10:15,14,0,14
24/06/2013,10:30,12,2,10
24/06/2013,10:45,14,0,14
24/06/2013,11:00,10,5,5
24/06/2013,11:15,14,3,11
24/06/2013,11:30,15,1,14
24/06/2013,11:45,15,3,12
24/06/2013,12:00,11,3,8
24/06/2013,12:15,17,3,14
24/06/2013,12:30,5,3,2
24/06/2013,12:45,11,1,10
24/06/2013,13:00,8,1,7
24/06/2013,13:15,12,9,3
24/06/2013,13:30,6,2,4
24/06/2013,13:45,6,5,1
24/06/2013,14:00,5,3,2
24/06/2013,14:15,5,1,4
24/06/2013,14:30,4,2,2
24/06/2013,14:45,6,3,3
24/06/2013,15:00,4,2,2
24/06/2013,15:15,5,1,4
24/06/2013,15:30,4,0,4
24/06/2013,15:45,6,1,5
24/06/2013,16:00,8,3,5
24/06/2013,16:15,4,0,4
24/06/2013,16:30,3,2,1
24/06/2013,16:45,5,1,4
24/06/2013,17:00,5,1,4
24/06/2013,17:15,9,5,4
24/06/2013,17:30,5,2,3
24/06/2013,17:45,9,4,5
24/06/2013,18:00,12,2,10
24/06/2013,18:15,5,0,5
24/06/2013,18:30,13,8,5
24/06/2013,18:45,14,11,3
24/06/2013,19:00,4,0,4
24/06/2013,19:15,5,3,2
24/06/2013,19:30,2,0,2
24/06/2013,19:45,3,0,3
24/06/2013,20:00,1,1,0
24/06/2013,20:15,4,1,3
24/06/2013,20:30,1,0,1
24/06/2013,20:45,4,0,4
24/06/2013,21:00,1,1,0
24/06/2013,21:15,1,0,1
24/06/2013,21:30,1,0,1
24/06/2013,21:45,0,0,0
24/06/2013,22:00,0,0,0
24/06/2013,22:15,1,1,0
24/06/2013,22:30,0,0,0
24/06/2013,22:45,1,1,0
24/06/2013,23:00,0,0,0
24/06/2013,23:15,1,1,0
24/06/2013,23:30,0,0,0
24/06/2013,23:45,0,0,0
25/06/2013,00:00,0,0,0
25/06/2013,00:15,0,0,0
25/06/2013,00:30,0,0,0
25/06/2013,00:45,0,0,0
25/06/2013,01:00,0,0,0
25/06/2013,01:15,0,0,0
25/06/2013,01:30,0,0,0
25/06/2013,01:45,0,0,0
25/06/2013,02:00,0,0,0
25/06/2013,02:15,0,0,0
25/06/2013,02:30,0,0,0
25/06/2013,02:45,0,0,0
25/06/2013,03:00,0,0,0
25/06/2013,03:15,0,0,0
25/06/2013,03:30,0,0,0
25/06/2013,03:45,0,0,0
25/06/2013,04:00,0,0,0
25/06/2013,04:15,0,0,0
25/06/2013,04:30,0,0,0
25/06/2013,04:45,1,0,1
25/06/2013,05:00,0,0,0
25/06/2013,05:15,1,1,0
25/06/2013,05:30,0,0,0
25/06/2013,05:45,0,0,0
25/06/2013,06:00,1,0,1
25/06/2013,06:15,1,1,0
25/06/2013,06:30,1,0,1
25/06/2013,06:45,3,3,0
25/06/2013,07:00,0,0,0
25/06/2013,07:15,2,0,2
25/06/2013,07:30,1,1,0
25/06/2013,07:45,1,1,0
25/06/2013,08:00,1,1,0
25/06/2013,08:15,0,0,0
25/06/2013,08:30,0,0,0
25/06/2013,08:45,0,0,0
25/06/2013,09:00,5,4,1
25/06/2013,09:15,0,0,0
25/06/2013,09:30,1,1,0
25/06/2013,09:45,0,0,0
25/06/2013,10:00,1,1,0
25/06/2013,10:15,0,0,0
25/06/2013,10:30,0,0,0
25/06/2013,10:45,0,0,0
25/06/2013,11:00,1,1,0
25/06/2013,11:15,0,0,0
25/06/2013,11:30,1,1,0
25/06/2013,11:45,2,0,2
25/06/2013,12:00,2,2,0
25/06/2013,12:15,1,0,1
25/06/2013,12:30,1,1,0
25/06/2013,12:45,0,0,0
25/06/2013,13:00,1,1,0
25/06/2013,13:15,2,2,0
25/06/2013,13:30,6,5,1
25/06/2013,13:45,3,1,2
25/06/2013,14:00,3,0,3
25/06/2013,14:15,3,1,2
25/06/2013,14:30,4,0,4
25/06/2013,14:45,4,2,2
25/06/2013,15:00,5,2,3
25/06/2013,15:15,3,3,0
25/06/2013,15:30,13,3,10
25/06/2013,15:45,5,0,5
25/06/2013,16:00,4,1,3
25/06/2013,16:15,10,0,10
25/06/2013,16:30,10,1,9
25/06/2013,16:45,7,2,5
25/06/2013,17:00,9,2,7
25/06/2013,17:15,13,4,9
25/06/2013,17:30,9,0,9
25/06/2013,17:45,8,2,6
25/06/2013,18:00,7,1,6
25/06/2013,18:15,14,3,11
25/06/2013,18:30,19,3,16
25/06/2013,18:45,6,0,6
25/06/2013,19:00,3,0,3
25/06/2013,19:15,9,2,7
25/06/2013,19:30,18,0,18
25/06/2013,19:45,4,0,4
25/06/2013,20:00,5,0,5
25/06/2013,20:15,5,0,5
25/06/2013,20:30,1,0,1
25/06/2013,20:45,1,0,1
25/06/2013,21:00,5,1,4
25/06/2013,21:15,3,1,2
25/06/2013,21:30,1,0,1
25/06/2013,21:45,1,0,1
25/06/2013,22:00,7,0,7
25/06/2013,22:15,2,1,1
25/06/2013,22:30,1,0,1
25/06/2013,22:45,0,0,0
25/06/2013,23:00,2,0,2
25/06/2013,23:15,0,0,0
25/06/2013,23:30,0,0,0
25/06/2013,23:45,0,0,0
26/06/2013,00:00,0,0,0
26/06/2013,00:15,0,0,0
26/06/2013,00:30,0,0,0
26/06/2013,00:45,0,0,0
26/06/2013,01:00,0,0,0
26/06/2013,01:15,0,0,0
26/06/2013,01:30,0,0,0
26/06/2013,01:45,0,0,0
26/06/2013,02:00,0,0,0
26/06/2013,02:15,0,0,0
26/06/2013,02:30,0,0,0
26/06/2013,02:45,0,0,0
26/06/2013,03:00,0,0,0
26/06/2013,03:15,0,0,0
26/06/2013,03:30,0,0,0
26/06/2013,03:45,0,0,0
26/06/2013,04:00,0,0,0
26/06/2013,04:15,0,0,0
26/06/2013,04:30,0,0,0
26/06/2013,04:45,1,0,1
26/06/2013,05:00,0,0,0
26/06/2013,05:15,2,0,2
26/06/2013,05:30,2,0,2
26/06/2013,05:45,3,0,3
26/06/2013,06:00,4,1,3
26/06/2013,06:15,10,0,10
26/06/2013,06:30,9,0,9
26/06/2013,06:45,16,3,13
26/06/2013,07:00,17,0,17
26/06/2013,07:15,14,0,14
26/06/2013,07:30,13,1,12
26/06/2013,07:45,14,2,12
26/06/2013,08:00,21,2,19
26/06/2013,08:15,17,1,16
26/06/2013,08:30,16,9,7
26/06/2013,08:45,28,4,24
26/06/2013,09:00,24,6,18
26/06/2013,09:15,17,4,13
26/06/2013,09:30,9,0,9
26/06/2013,09:45,21,2,19
26/06/2013,10:00,17,2,15
26/06/2013,10:15,15,2,13
26/06/2013,10:30,20,3,17
26/06/2013,10:45,11,4,7
26/06/2013,11:00,25,22,3
26/06/2013,11:15,183,178,5
26/06/2013,11:30,16,7,9
26/06/2013,11:45,12,2,10
26/06/2013,12:00,37,30,7
26/06/2013,12:15,144,138,6
26/06/2013,12:30,140,137,3
26/06/2013,12:45,17,12,5
26/06/2013,13:00,16,11,5
26/06/2013,13:15,20,12,8
26/06/2013,13:30,18,12,6
26/06/2013,13:45,13,13,0
26/06/2013,14:00,21,14,7
26/06/2013,14:15,5,2,3
26/06/2013,14:30,6,6,0
26/06/2013,14:45,36,33,3
26/06/2013,15:00,20,11,9
26/06/2013,15:15,18,11,7
26/06/2013,15:30,13,6,7
26/06/2013,15:45,24,11,13
26/06/2013,16:00,17,5,12
26/06/2013,16:15,20,8,12
26/06/2013,16:30,16,9,7
26/06/2013,16:45,22,5,17
26/06/2013,17:00,10,2,8
26/06/2013,17:15,22,8,14
26/06/2013,17:30,14,7,7
26/06/2013,17:45,27,7,20
26/06/2013,18:00,47,15,32
26/06/2013,18:15,55,7,48
26/06/2013,18:30,39,11,28
26/06/2013,18:45,59,16,43
26/06/2013,19:00,46,6,40
26/06/2013,19:15,67,18,49
26/06/2013,19:30,48,11,37
26/06/2013,19:45,56,8,48
26/06/2013,20:00,87,10,77
26/06/2013,20:15,92,8,84
26/06/2013,20:30,35,1,34
26/06/2013,20:45,40,3,37
26/06/2013,21:00,18,7,11
26/06/2013,21:15,5,2,3
26/06/2013,21:30,5,0,5
26/06/2013,21:45,0,0,0
26/06/2013,22:00,0,0,0
26/06/2013,22:15,1,1,0
26/06/2013,22:30,0,0,0
26/06/2013,22:45,0,0,0
26/06/2013,23:00,0,0,0
26/06/2013,23:15,1,0,1
26/06/2013,23:30,0,0,0
26/06/2013,23:45,0,0,0
27/06/2013,00:00,0,0,0
27/06/2013,00:15,0,0,0
27/06/2013,00:30,0,0,0
27/06/2013,00:45,0,0,0
27/06/2013,01:00,0,0,0
27/06/2013,01:15,0,0,0
27/06/2013,01:30,0,0,0
27/06/2013,01:45,0,0,0
27/06/2013,02:00,0,0,0
27/06/2013,02:15,1,0,1
27/06/2013,02:30,0,0,0
27/06/2013,02:45,0,0,0
27/06/2013,03:00,0,0,0
27/06/2013,03:15,0,0,0
27/06/2013,03:30,0,0,0
27/06/2013,03:45,0,0,0
27/06/2013,04:00,0,0,0
27/06/2013,04:15,0,0,0
27/06/2013,04:30,0,0,0
27/06/2013,04:45,1,1,0
27/06/2013,05:00,0,0,0
27/06/2013,05:15,1,0,1
27/06/2013,05:30,1,1,0
27/06/2013,05:45,16,15,1
27/06/2013,06:00,4,0,4
27/06/2013,06:15,6,0,6
27/06/2013,06:30,13,0,13
27/06/2013,06:45,12,1,11
27/06/2013,07:00,8,1,7
27/06/2013,07:15,26,0,26
27/06/2013,07:30,14,0,14
27/06/2013,07:45,19,4,15
27/06/2013,08:00,21,3,18
27/06/2013,08:15,20,2,18
27/06/2013,08:30,14,3,11
27/06/2013,08:45,24,10,14
27/06/2013,09:00,26,7,19
27/06/2013,09:15,17,4,13
27/06/2013,09:30,25,3,22
27/06/2013,09:45,14,1,13
27/06/2013,10:00,23,5,18
27/06/2013,10:15,21,1,20
27/06/2013,10:30,14,3,11
27/06/2013,10:45,19,8,11
27/06/2013,11:00,24,5,19
27/06/2013,11:15,30,1,29
27/06/2013,11:30,23,6,17
27/06/2013,11:45,23,4,19
27/06/2013,12:00,38,14,24
27/06/2013,12:15,64,11,53
27/06/2013,12:30,30,2,28
27/06/2013,12:45,35,3,32
27/06/2013,13:00,25,12,13
27/06/2013,13:15,23,15,8
27/06/2013,13:30,13,9,4
27/06/2013,13:45,14,3,11
27/06/2013,14:00,9,3,6
27/06/2013,14:15,12,6,6
27/06/2013,14:30,12,8,4
27/06/2013,14:45,11,6,5
27/06/2013,15:00,16,5,11
27/06/2013,15:15,13,8,5
27/06/2013,15:30,13,4,9
27/06/2013,15:45,14,5,9
27/06/2013,16:00,15,10,5
27/06/2013,16:15,11,4,7
27/06/2013,16:30,12,9,3
27/06/2013,16:45,21,15,6
27/06/2013,17:00,10,5,5
27/06/2013,17:15,15,10,5
27/06/2013,17:30,21,14,7
27/06/2013,17:45,18,13,5
27/06/2013,18:00,14,3,11
27/06/2013,18:15,25,6,19
27/06/2013,18:30,37,9,28
27/06/2013,18:45,40,15,25
27/06/2013,19:00,19,4,15
27/06/2013,19:15,23,12,11
27/06/2013,19:30,13,6,7
27/06/2013,19:45,13,3,10
27/06/2013,20:00,27,12,15
27/06/2013,20:15,22,5,17
27/06/2013,20:30,21,5,16
27/06/2013,20:45,18,5,13
27/06/2013,21:00,15,5,10
27/06/2013,21:15,8,4,4
27/06/2013,21:30,6,0,6
27/06/2013,21:45,9,3,6
27/06/2013,22:00,5,5,0
27/06/2013,22:15,3,2,1
27/06/2013,22:30,3,2,1
27/06/2013,22:45,2,2,0
27/06/2013,23:00,14,14,0
27/06/2013,23:15,3,3,0
27/06/2013,23:30,2,2,0
27/06/2013,23:45,2,0,2
28/06/2013,00:00,0,0,0
28/06/2013,00:15,0,0,0
28/06/2013,00:30,1,0,1
28/06/2013,00:45,1,0,1
28/06/2013,01:00,1,0,1
28/06/2013,01:15,4,4,0
28/06/2013,01:30,5,5,0
28/06/2013,01:45,8,7,1
28/06/2013,02:00,23,23,0
28/06/2013,02:15,89,89,0
28/06/2013,02:30,60,60,0
28/06/2013,02:45,0,0,0
28/06/2013,03:00,0,0,0
28/06/2013,03:15,0,0,0
28/06/2013,03:30,0,0,0
28/06/2013,03:45,0,0,0
28/06/2013,04:00,0,0,0
28/06/2013,04:15,0,0,0
28/06/2013,04:30,0,0,0
28/06/2013,04:45,0,0,0
28/06/2013,05:00,0,0,0
28/06/2013,05:15,1,1,0
28/06/2013,05:30,1,0,1
28/06/2013,05:45,4,1,3
28/06/2013,06:00,5,0,5
28/06/2013,06:15,11,1,10
28/06/2013,06:30,9,0,9
28/06/2013,06:45,14,1,13
28/06/2013,07:00,9,1,8
28/06/2013,07:15,16,3,13
28/06/2013,07:30,19,1,18
28/06/2013,07:45,14,2,12
28/06/2013,08:00,13,2,11
28/06/2013,08:15,27,3,24
28/06/2013,08:30,16,3,13
28/06/2013,08:45,29,4,25
28/06/2013,09:00,27,6,21
28/06/2013,09:15,14,1,13
28/06/2013,09:30,34,5,29
28/06/2013,09:45,17,4,13
28/06/2013,10:00,26,21,5
28/06/2013,10:15,11,3,8
28/06/2013,10:30,17,6,11
28/06/2013,10:45,12,6,6
28/06/2013,11:00,18,9,9
28/06/2013,11:15,17,7,10
28/06/2013,11:30,12,5,7
28/06/2013,11:45,14,9,5
28/06/2013,12:00,11,6,5
28/06/2013,12:15,8,5,3
28/06/2013,12:30,11,8,3
28/06/2013,12:45,22,13,9
28/06/2013,13:00,15,9,6
28/06/2013,13:15,17,14,3
28/06/2013,13:30,17,11,6
28/06/2013,13:45,12,6,6
28/06/2013,14:00,12,9,3
28/06/2013,14:15,8,6,2
28/06/2013,14:30,12,4,8
28/06/2013,14:45,9,3,6
28/06/2013,15:00,18,5,13
28/06/2013,15:15,12,5,7
28/06/2013,15:30,23,6,17
28/06/2013,15:45,37,27,10
28/06/2013,16:00,31,5,26
28/06/2013,16:15,77,21,56
28/06/2013,16:30,36,4,32
28/06/2013,16:45,48,6,42
28/06/2013,17:00,90,3,87
28/06/2013,17:15,71,10,61
28/06/2013,17:30,23,2,21
28/06/2013,17:45,54,13,41
28/06/2013,18:00,6,1,5
28/06/2013,18:15,15,9,6
28/06/2013,18:30,15,11,4
28/06/2013,18:45,25,13,12
28/06/2013,19:00,28,2,26
28/06/2013,19:15,77,7,70
28/06/2013,19:30,42,3,39
28/06/2013,19:45,36,0,36
28/06/2013,20:00,14,7,7
28/06/2013,20:15,15,5,10
28/06/2013,20:30,16,5,11
28/06/2013,20:45,7,3,4
28/06/2013,21:00,10,5,5
28/06/2013,21:15,7,4,3
28/06/2013,21:30,3,2,1
28/06/2013,21:45,0,0,0
28/06/2013,22:00,0,0,0
28/06/2013,22:15,3,3,0
28/06/2013,22:30,0,0,0
28/06/2013,22:45,1,0,1
28/06/2013,23:00,0,0,0
28/06/2013,23:15,0,0,0
28/06/2013,23:30,3,3,0
28/06/2013,23:45,0,0,0
29/06/2013,00:00,0,0,0
29/06/2013,00:15,0,0,0
29/06/2013,00:30,0,0,0
29/06/2013,00:45,0,0,0
29/06/2013,01:00,0,0,0
29/06/2013,01:15,0,0,0
29/06/2013,01:30,0,0,0
29/06/2013,01:45,0,0,0
29/06/2013,02:00,0,0,0
29/06/2013,02:15,1,0,1
29/06/2013,02:30,0,0,0
29/06/2013,02:45,0,0,0
29/06/2013,03:00,1,0,1
29/06/2013,03:15,0,0,0
29/06/2013,03:30,0,0,0
29/06/2013,03:45,0,0,0
29/06/2013,04:00,1,0,1
29/06/2013,04:15,0,0,0
29/06/2013,04:30,1,0,1
29/06/2013,04:45,0,0,0
29/06/2013,05:00,0,0,0
29/06/2013,05:15,0,0,0
29/06/2013,05:30,0,0,0
29/06/2013,05:45,0,0,0
29/06/2013,06:00,2,1,1
29/06/2013,06:15,21,18,3
29/06/2013,06:30,13,7,6
29/06/2013,06:45,14,5,9
29/06/2013,07:00,17,5,12
29/06/2013,07:15,10,3,7
29/06/2013,07:30,10,1,9
29/06/2013,07:45,14,1,13
29/06/2013,08:00,13,4,9
29/06/2013,08:15,18,3,15
29/06/2013,08:30,23,8,15
29/06/2013,08:45,27,8,19
29/06/2013,09:00,42,1,41
29/06/2013,09:15,34,2,32
29/06/2013,09:30,13,1,12
29/06/2013,09:45,19,4,15
29/06/2013,10:00,21,9,12
29/06/2013,10:15,21,7,14
29/06/2013,10:30,18,1,17
29/06/2013,10:45,17,4,13
29/06/2013,11:00,21,7,14
29/06/2013,11:15,54,48,6
29/06/2013,11:30,18,7,11
29/06/2013,11:45,12,3,9
29/06/2013,12:00,13,4,9
29/06/2013,12:15,10,5,5
29/06/2013,12:30,14,12,2
29/06/2013,12:45,10,5,5
29/06/2013,13:00,4,1,3
29/06/2013,13:15,6,3,3
29/06/2013,13:30,7,3,4
29/06/2013,13:45,9,3,6
29/06/2013,14:00,18,1,17
29/06/2013,14:15,23,6,17
29/06/2013,14:30,22,10,12
29/06/2013,14:45,12,0,12
29/06/2013,15:00,18,6,12
29/06/2013,15:15,10,8,2
29/06/2013,15:30,4,1,3
29/06/2013,15:45,17,5,12
29/06/2013,16:00,15,3,12
29/06/2013,16:15,12,5,7
29/06/2013,16:30,4,1,3
29/06/2013,16:45,19,4,15
29/06/2013,17:00,13,0,13
29/06/2013,17:15,36,5,31
29/06/2013,17:30,39,7,32
29/06/2013,17:45,39,7,32
29/06/2013,18:00,60,3,57
29/06/2013,18:15,31,3,28
29/06/2013,18:30,24,4,20
29/06/2013,18:45,66,1,65
29/06/2013,19:00,37,2,35
29/06/2013,19:15,50,4,46
29/06/2013,19:30,64,2,62
29/06/2013,19:45,24,3,21
29/06/2013,20:00,45,7,38
29/06/2013,20:15,15,7,8
29/06/2013,20:30,19,6,13
29/06/2013,20:45,27,2,25
29/06/2013,21:00,12,1,11
29/06/2013,21:15,3,1,2
29/06/2013,21:30,2,0,2
29/06/2013,21:45,3,0,3
29/06/2013,22:00,1,0,1
29/06/2013,22:15,2,0,2
29/06/2013,22:30,0,0,0
29/06/2013,22:45,0,0,0
29/06/2013,23:00,0,0,0
29/06/2013,23:15,1,1,0
29/06/2013,23:30,1,1,0
29/06/2013,23:45,0,0,0
30/06/2013,00:00,0,0,0
30/06/2013,00:15,0,0,0
30/06/2013,00:30,0,0,0
30/06/2013,00:45,0,0,0
30/06/2013,01:00,1,1,0
30/06/2013,01:15,0,0,0
30/06/2013,01:30,0,0,0
30/06/2013,01:45,0,0,0
30/06/2013,02:00,0,0,0
30/06/2013,02:15,0,0,0
30/06/2013,02:30,0,0,0
30/06/2013,02:45,6,6,0
30/06/2013,03:00,6,6,0
30/06/2013,03:15,0,0,0
30/06/2013,03:30,2,2,0
30/06/2013,03:45,27,27,0
30/06/2013,04:00,0,0,0
30/06/2013,04:15,0,0,0
30/06/2013,04:30,0,0,0
30/06/2013,04:45,1,0,1
30/06/2013,05:00,0,0,0
30/06/2013,05:15,1,1,0
30/06/2013,05:30,1,0,1
30/06/2013,05:45,1,1,0
30/06/2013,06:00,3,1,2
30/06/2013,06:15,3,0,3
30/06/2013,06:30,42,41,1
30/06/2013,06:45,28,26,2
30/06/2013,07:00,21,14,7
30/06/2013,07:15,12,2,10
30/06/2013,07:30,15,4,11
30/06/2013,07:45,18,4,14
30/06/2013,08:00,19,2,17
30/06/2013,08:15,18,4,14
30/06/2013,08:30,20,5,15
30/06/2013,08:45,25,1,24
30/06/2013,09:00,25,3,22
30/06/2013,09:15,23,4,19
30/06/2013,09:30,20,1,19
30/06/2013,09:45,37,7,30
30/06/2013,10:00,97,80,17
30/06/2013,10:15,27,10,17
30/06/2013,10:30,22,9,13
30/06/2013,10:45,25,16,9
30/06/2013,11:00,19,12,7
30/06/2013,11:15,35,22,13
30/06/2013,11:30,36,20,16
30/06/2013,11:45,22,8,14
30/06/2013,12:00,30,12,18
30/06/2013,12:15,14,3,11
30/06/2013,12:30,11,2,9
30/06/2013,12:45,17,8,9
30/06/2013,13:00,5,2,3
30/06/2013,13:15,7,2,5
30/06/2013,13:30,10,3,7
30/06/2013,13:45,12,2,10
30/06/2013,14:00,11,2,9
30/06/2013,14:15,8,2,6
30/06/2013,14:30,9,1,8
30/06/2013,14:45,6,4,2
30/06/2013,15:00,14,2,12
30/06/2013,15:15,8,3,5
30/06/2013,15:30,33,22,11
30/06/2013,15:45,8,7,1
30/06/2013,16:00,23,9,14
30/06/2013,16:15,45,3,42
30/06/2013,16:30,26,9,17
30/06/2013,16:45,21,4,17
30/06/2013,17:00,24,4,20
30/06/2013,17:15,65,7,58
30/06/2013,17:30,27,19,8
30/06/2013,17:45,23,2,21
30/06/2013,18:00,36,10,26
30/06/2013,18:15,38,1,37
30/06/2013,18:30,17,8,9
30/06/2013,18:45,39,3,36
30/06/2013,19:00,53,9,44
30/06/2013,19:15,104,4,100
30/06/2013,19:30,51,2,49
30/06/2013,19:45,18,4,14
30/06/2013,20:00,136,6,130
30/06/2013,20:15,159,14,145
30/06/2013,20:30,45,0,45
30/06/2013,20:45,26,0,26
30/06/2013,21:00,28,2,26
30/06/2013,21:15,13,3,10
30/06/2013,21:30,2,0,2
30/06/2013,21:45,4,0,4
30/06/2013,22:00,2,0,2
30/06/2013,22:15,1,0,1
30/06/2013,22:30,0,0,0
30/06/2013,22:45,0,0,0
30/06/2013,23:00,0,0,0
30/06/2013,23:15,33,33,0
30/06/2013,23:30,19,18,1
30/06/2013,23:45,1,0,1
01/07/2013,00:00,0,0,0
01/07/2013,00:15,0,0,0
01/07/2013,00:30,0,0,0
01/07/2013,00:45,0,0,0
01/07/2013,01:00,0,0,0
01/07/2013,01:15,0,0,0
01/07/2013,01:30,0,0,0
01/07/2013,01:45,39,39,0
01/07/2013,02:00,28,28,0
01/07/2013,02:15,0,0,0
01/07/2013,02:30,7,7,0
01/07/2013,02:45,19,19,0
01/07/2013,03:00,0,0,0
01/07/2013,03:15,0,0,0
01/07/2013,03:30,0,0,0
01/07/2013,03:45,12,12,0
01/07/2013,04:00,2,2,0
01/07/2013,04:15,0,0,0
01/07/2013,04:30,0,0,0
01/07/2013,04:45,0,0,0
01/07/2013,05:00,0,0,0
01/07/2013,05:15,1,0,1
01/07/2013,05:30,1,1,0
01/07/2013,05:45,0,0,0
01/07/2013,06:00,2,0,2
01/07/2013,06:15,4,1,3
01/07/2013,06:30,13,0,13
01/07/2013,06:45,16,0,16
01/07/2013,07:00,16,1,15
01/07/2013,07:15,17,0,17
01/07/2013,07:30,11,0,11
01/07/2013,07:45,8,2,6
01/07/2013,08:00,22,1,21
01/07/2013,08:15,15,1,14
01/07/2013,08:30,19,1,18
01/07/2013,08:45,24,6,18
01/07/2013,09:00,26,4,22
01/07/2013,09:15,20,2,18
01/07/2013,09:30,22,8,14
01/07/2013,09:45,17,2,15
01/07/2013,10:00,23,1,22
01/07/2013,10:15,15,1,14
01/07/2013,10:30,17,4,13
01/07/2013,10:45,16,4,12
01/07/2013,11:00,16,1,15
01/07/2013,11:15,10,3,7
01/07/2013,11:30,7,1,6
01/07/2013,11:45,6,2,4
01/07/2013,12:00,10,4,6
01/07/2013,12:15,21,20,1
01/07/2013,12:30,7,1,6
01/07/2013,12:45,7,2,5
01/07/2013,13:00,9,4,5
01/07/2013,13:15,19,0,19
01/07/2013,13:30,56,3,53
01/07/2013,13:45,16,4,12
01/07/2013,14:00,4,3,1
01/07/2013,14:15,3,1,2
01/07/2013,14:30,3,1,2
01/07/2013,14:45,5,2,3
01/07/2013,15:00,27,3,24
01/07/2013,15:15,23,2,21
01/07/2013,15:30,48,1,47
01/07/2013,15:45,48,4,44
01/07/2013,16:00,78,1,77
01/07/2013,16:15,44,1,43
01/07/2013,16:30,38,1,37
01/07/2013,16:45,22,0,22
01/07/2013,17:00,55,2,53
01/07/2013,17:15,20,13,7
01/07/2013,17:30,13,3,10
01/07/2013,17:45,24,13,11
01/07/2013,18:00,26,7,19
01/07/2013,18:15,57,6,51
01/07/2013,18:30,25,8,17
01/07/2013,18:45,52,8,44
01/07/2013,19:00,75,3,72
01/07/2013,19:15,21,6,15
01/07/2013,19:30,87,5,82
01/07/2013,19:45,35,3,32
01/07/2013,20:00,40,3,37
01/07/2013,20:15,142,5,137
01/07/2013,20:30,19,3,16
01/07/2013,20:45,34,2,32
01/07/2013,21:00,52,1,51
01/07/2013,21:15,3,1,2
01/07/2013,21:30,5,0,5
01/07/2013,21:45,3,1,2
01/07/2013,22:00,0,0,0
01/07/2013,22:15,4,1,3
01/07/2013,22:30,1,1,0
01/07/2013,22:45,0,0,0
01/07/2013,23:00,1,0,1
01/07/2013,23:15,1,1,0
01/07/2013,23:30,0,0,0
01/07/2013,23:45,0,0,0
02/07/2013,00:00,1,0,1
02/07/2013,00:15,0,0,0
02/07/2013,00:30,1,0,1
02/07/2013,00:45,0,0,0
02/07/2013,01:00,0,0,0
02/07/2013,01:15,0,0,0
02/07/2013,01:30,0,0,0
02/07/2013,01:45,0,0,0
02/07/2013,02:00,0,0,0
02/07/2013,02:15,0,0,0
02/07/2013,02:30,0,0,0
02/07/2013,02:45,0,0,0
02/07/2013,03:00,0,0,0
02/07/2013,03:15,0,0,0
02/07/2013,03:30,2,0,2
02/07/2013,03:45,0,0,0
02/07/2013,04:00,0,0,0
02/07/2013,04:15,66,66,0
02/07/2013,04:30,126,126,0
02/07/2013,04:45,104,104,0
02/07/2013,05:00,35,34,1
02/07/2013,05:15,4,4,0
02/07/2013,05:30,31,31,0
02/07/2013,05:45,16,12,4
02/07/2013,06:00,9,4,5
02/07/2013,06:15,23,5,18
02/07/2013,06:30,20,4,16
02/07/2013,06:45,13,2,11
02/07/2013,07:00,14,4,10
02/07/2013,07:15,19,5,14
02/07/2013,07:30,15,3,12
02/07/2013,07:45,23,10,13
02/07/2013,08:00,19,9,10
02/07/2013,08:15,19,6,13
02/07/2013,08:30,38,23,15
02/07/2013,08:45,49,38,11
02/07/2013,09:00,80,65,15
02/07/2013,09:15,26,17,9
02/07/2013,09:30,11,0,11
02/07/2013,09:45,23,5,18
02/07/2013,10:00,9,1,8
02/07/2013,10:15,12,1,11
02/07/2013,10:30,10,1,9
02/07/2013,10:45,9,1,8
02/07/2013,11:00,21,5,16
02/07/2013,11:15,9,2,7
02/07/2013,11:30,9,2,7
02/07/2013,11:45,15,3,12
02/07/2013,12:00,7,1,6
02/07/2013,12:15,7,0,7
02/07/2013,12:30,8,1,7
02/07/2013,12:45,16,7,9
02/07/2013,13:00,15,4,11
02/07/2013,13:15,6,1,5
02/07/2013,13:30,7,3,4
02/07/2013,13:45,8,3,5
02/07/2013,14:00,6,1,5
02/07/2013,14:15,7,2,5
02/07/2013,14:30,12,4,8
02/07/2013,14:45,7,3,4
02/07/2013,15:00,8,3,5
02/07/2013,15:15,7,2,5
02/07/2013,15:30,7,1,6
02/07/2013,15:45,7,2,5
02/07/2013,16:00,6,1,5
02/07/2013,16:15,10,3,7
02/07/2013,16:30,9,1,8
02/07/2013,16:45,9,1,8
02/07/2013,17:00,15,9,6
02/07/2013,17:15,7,5,2
02/07/2013,17:30,12,10,2
02/07/2013,17:45,6,4,2
02/07/2013,18:00,19,9,10
02/07/2013,18:15,10,5,5
02/07/2013,18:30,19,10,9
02/07/2013,18:45,14,1,13
02/07/2013,19:00,23,6,17
02/07/2013,19:15,12,4,8
02/07/2013,19:30,14,3,11
02/07/2013,19:45,18,3,15
02/07/2013,20:00,17,6,11
02/07/2013,20:15,18,6,12
02/07/2013,20:30,4,1,3
02/07/2013,20:45,11,3,8
02/07/2013,21:00,5,0,5
02/07/2013,21:15,3,1,2
02/07/2013,21:30,3,1,2
02/07/2013,21:45,2,1,1
02/07/2013,22:00,3,1,2
02/07/2013,22:15,1,0,1
02/07/2013,22:30,1,1,0
02/07/2013,22:45,3,0,3
02/07/2013,23:00,0,0,0
02/07/2013,23:15,0,0,0
02/07/2013,23:30,0,0,0
02/07/2013,23:45,0,0,0
03/07/2013,00:00,0,0,0
03/07/2013,00:15,2,2,0
03/07/2013,00:30,0,0,0
03/07/2013,00:45,1,0,1
03/07/2013,01:00,0,0,0
03/07/2013,01:15,0,0,0
03/07/2013,01:30,0,0,0
03/07/2013,01:45,0,0,0
03/07/2013,02:00,0,0,0
03/07/2013,02:15,0,0,0
03/07/2013,02:30,0,0,0
03/07/2013,02:45,19,19,0
03/07/2013,03:00,0,0,0
03/07/2013,03:15,0,0,0
03/07/2013,03:30,0,0,0
03/07/2013,03:45,0,0,0
03/07/2013,04:00,0,0,0
03/07/2013,04:15,0,0,0
03/07/2013,04:30,0,0,0
03/07/2013,04:45,0,0,0
03/07/2013,05:00,0,0,0
03/07/2013,05:15,0,0,0
03/07/2013,05:30,2,0,2
03/07/2013,05:45,4,1,3
03/07/2013,06:00,5,0,5
03/07/2013,06:15,11,0,11
03/07/2013,06:30,19,1,18
03/07/2013,06:45,11,2,9
03/07/2013,07:00,25,0,25
03/07/2013,07:15,18,0,18
03/07/2013,07:30,11,1,10
03/07/2013,07:45,18,3,15
03/07/2013,08:00,20,7,13
03/07/2013,08:15,25,7,18
03/07/2013,08:30,29,7,22
03/07/2013,08:45,25,3,22
03/07/2013,09:00,25,2,23
03/07/2013,09:15,23,1,22
03/07/2013,09:30,33,5,28
03/07/2013,09:45,21,3,18
03/07/2013,10:00,22,0,22
03/07/2013,10:15,23,7,16
03/07/2013,10:30,18,3,15
03/07/2013,10:45,15,6,9
03/07/2013,11:00,14,1,13
03/07/2013,11:15,7,0,7
03/07/2013,11:30,23,6,17
03/07/2013,11:45,13,6,7
03/07/2013,12:00,8,1,7
03/07/2013,12:15,6,1,5
03/07/2013,12:30,12,2,10
03/07/2013,12:45,9,3,6
03/07/2013,13:00,11,4,7
03/07/2013,13:15,15,8,7
03/07/2013,13:30,11,2,9
03/07/2013,13:45,8,2,6
03/07/2013,14:00,4,1,3
03/07/2013,14:15,190,189,1
03/07/2013,14:30,109,107,2
03/07/2013,14:45,3,2,1
03/07/2013,15:00,5,1,4
03/07/2013,15:15,14,2,12
03/07/2013,15:30,15,3,12
03/07/2013,15:45,7,1,6
03/07/2013,16:00,13,7,6
03/07/2013,16:15,5,3,2
03/07/2013,16:30,24,21,3
03/07/2013,16:45,35,5,30
03/07/2013,17:00,15,10,5
03/07/2013,17:15,16,9,7
03/07/2013,17:30,23,14,9
03/07/2013,17:45,17,6,11
03/07/2013,18:00,12,5,7
03/07/2013,18:15,12,7,5
03/07/2013,18:30,16,11,5
03/07/2013,18:45,22,3,19
03/07/2013,19:00,28,4,24
03/07/2013,19:15,12,2,10
03/07/2013,19:30,19,5,14
03/07/2013,19:45,17,6,11
03/07/2013,20:00,17,7,10
03/07/2013,20:15,11,6,5
03/07/2013,20:30,8,1,7
03/07/2013,20:45,5,0,5
03/07/2013,21:00,4,2,2
03/07/2013,21:15,1,0,1
03/07/2013,21:30,3,1,2
03/07/2013,21:45,4,3,1
03/07/2013,22:00,4,4,0
03/07/2013,22:15,1,1,0
03/07/2013,22:30,0,0,0
03/07/2013,22:45,0,0,0
03/07/2013,23:00,0,0,0
03/07/2013,23:15,0,0,0
03/07/2013,23:30,0,0,0
03/07/2013,23:45,0,0,0
04/07/2013,00:00,0,0,0
04/07/2013,00:15,0,0,0
04/07/2013,00:30,0,0,0
04/07/2013,00:45,0,0,0
04/07/2013,01:00,0,0,0
04/07/2013,01:15,0,0,0
04/07/2013,01:30,0,0,0
04/07/2013,01:45,0,0,0
04/07/2013,02:00,0,0,0
04/07/2013,02:15,1,0,1
04/07/2013,02:30,0,0,0
04/07/2013,02:45,0,0,0
04/07/2013,03:00,0,0,0
04/07/2013,03:15,3,0,3
04/07/2013,03:30,0,0,0
04/07/2013,03:45,0,0,0
04/07/2013,04:00,0,0,0
04/07/2013,04:15,0,0,0
04/07/2013,04:30,0,0,0
04/07/2013,04:45,0,0,0
04/07/2013,05:00,0,0,0
04/07/2013,05:15,0,0,0
04/07/2013,05:30,1,0,1
04/07/2013,05:45,2,0,2
04/07/2013,06:00,2,1,1
04/07/2013,06:15,5,2,3
04/07/2013,06:30,9,5,4
04/07/2013,06:45,9,1,8
04/07/2013,07:00,12,2,10
04/07/2013,07:15,18,3,15
04/07/2013,07:30,8,0,8
04/07/2013,07:45,25,8,17
04/07/2013,08:00,19,3,16
04/07/2013,08:15,20,0,20
04/07/2013,08:30,23,6,17
04/07/2013,08:45,37,11,26
04/07/2013,09:00,38,13,25
04/07/2013,09:15,31,8,23
04/07/2013,09:30,34,16,18
04/07/2013,09:45,39,25,14
04/07/2013,10:00,55,35,20
04/07/2013,10:15,26,17,9
04/07/2013,10:30,32,22,10
04/07/2013,10:45,18,13,5
04/07/2013,11:00,22,14,8
04/07/2013,11:15,22,9,13
04/07/2013,11:30,24,14,10
04/07/2013,11:45,27,16,11
04/07/2013,12:00,26,18,8
04/07/2013,12:15,30,13,17
04/07/2013,12:30,26,11,15
04/07/2013,12:45,14,7,7
04/07/2013,13:00,14,4,10
04/07/2013,13:15,17,6,11
04/07/2013,13:30,13,8,5
04/07/2013,13:45,18,16,2
04/07/2013,14:00,15,13,2
04/07/2013,14:15,8,6,2
04/07/2013,14:30,7,4,3
04/07/2013,14:45,14,7,7
04/07/2013,15:00,11,8,3
04/07/2013,15:15,4,3,1
04/07/2013,15:30,14,0,14
04/07/2013,15:45,25,6,19
04/07/2013,16:00,25,4,21
04/07/2013,16:15,28,6,22
04/07/2013,16:30,30,5,25
04/07/2013,16:45,42,6,36
04/07/2013,17:00,28,5,23
04/07/2013,17:15,15,4,11
04/07/2013,17:30,4,0,4
04/07/2013,17:45,18,6,12
04/07/2013,18:00,19,4,15
04/07/2013,18:15,61,7,54
04/07/2013,18:30,125,2,123
04/07/2013,18:45,132,6,126
04/07/2013,19:00,133,3,130
04/07/2013,19:15,81,4,77
04/07/2013,19:30,104,6,98
04/07/2013,19:45,112,1,111
04/07/2013,20:00,163,7,156
04/07/2013,20:15,135,2,133
04/07/2013,20:30,31,3,28
04/07/2013,20:45,19,0,19
04/07/2013,21:00,15,1,14
04/07/2013,21:15,1,0,1
04/07/2013,21:30,4,0,4
04/07/2013,21:45,0,0,0
04/07/2013,22:00,5,3,2
04/07/2013,22:15,1,1,0
04/07/2013,22:30,1,0,1
04/07/2013,22:45,31,30,1
04/07/2013,23:00,3,0,3
04/07/2013,23:15,0,0,0
04/07/2013,23:30,1,0,1
04/07/2013,23:45,0,0,0
05/07/2013,00:00,0,0,0
05/07/2013,00:15,17,17,0
05/07/2013,00:30,0,0,0
05/07/2013,00:45,0,0,0
05/07/2013,01:00,0,0,0
05/07/2013,01:15,0,0,0
05/07/2013,01:30,0,0,0
05/07/2013,01:45,0,0,0
05/07/2013,02:00,0,0,0
05/07/2013,02:15,0,0,0
05/07/2013,02:30,0,0,0
05/07/2013,02:45,1,1,0
05/07/2013,03:00,0,0,0
05/07/2013,03:15,0,0,0
05/07/2013,03:30,1,1,0
05/07/2013,03:45,0,0,0
05/07/2013,04:00,0,0,0
05/07/2013,04:15,0,0,0
05/07/2013,04:30,0,0,0
05/07/2013,04:45,0,0,0
05/07/2013,05:00,0,0,0
05/07/2013,05:15,1,0,1
05/07/2013,05:30,1,0,1
05/07/2013,05:45,6,4,2
05/07/2013,06:00,7,7,0
05/07/2013,06:15,7,2,5
05/07/2013,06:30,9,2,7
05/07/2013,06:45,5,1,4
05/07/2013,07:00,13,5,8
05/07/2013,07:15,11,4,7
05/07/2013,07:30,12,1,11
05/07/2013,07:45,10,1,9
05/07/2013,08:00,15,6,9
05/07/2013,08:15,21,8,13
05/07/2013,08:30,15,7,8
05/07/2013,08:45,23,11,12
05/07/2013,09:00,14,5,9
05/07/2013,09:15,20,3,17
05/07/2013,09:30,16,4,12
05/07/2013,09:45,27,9,18
05/07/2013,10:00,19,10,9
05/07/2013,10:15,65,13,52
05/07/2013,10:30,109,1,108
05/07/2013,10:45,31,6,25
05/07/2013,11:00,15,5,10
05/07/2013,11:15,27,13,14
05/07/2013,11:30,12,3,9
05/07/2013,11:45,25,6,19
05/07/2013,12:00,38,2,36
05/07/2013,12:15,65,3,62
05/07/2013,12:30,68,3,65
05/07/2013,12:45,89,15,74
05/07/2013,13:00,56,16,40
05/07/2013,13:15,29,8,21
05/07/2013,13:30,98,10,88
05/07/2013,13:45,58,5,53
05/07/2013,14:00,76,14,62
05/07/2013,14:15,31,4,27
05/07/2013,14:30,16,7,9
05/07/2013,14:45,19,3,16
05/07/2013,15:00,27,13,14
05/07/2013,15:15,28,16,12
05/07/2013,15:30,28,3,25
05/07/2013,15:45,25,10,15
05/07/2013,16:00,22,4,18
05/07/2013,16:15,26,9,17
05/07/2013,16:30,16,4,12
05/07/2013,16:45,17,4,13
05/07/2013,17:00,15,6,9
05/07/2013,17:15,16,6,10
05/07/2013,17:30,15,8,7
05/07/2013,17:45,16,5,11
05/07/2013,18:00,8,1,7
05/07/2013,18:15,5,0,5
05/07/2013,18:30,12,4,8
05/07/2013,18:45,12,1,11
05/07/2013,19:00,28,7,21
05/07/2013,19:15,14,3,11
05/07/2013,19:30,23,2,21
05/07/2013,19:45,53,8,45
05/07/2013,20:00,63,1,62
05/07/2013,20:15,17,0,17
05/07/2013,20:30,11,1,10
05/07/2013,20:45,1,1,0
05/07/2013,21:00,5,0,5
05/07/2013,21:15,1,0,1
05/07/2013,21:30,3,3,0
05/07/2013,21:45,0,0,0
05/07/2013,22:00,2,2,0
05/07/2013,22:15,0,0,0
05/07/2013,22:30,0,0,0
05/07/2013,22:45,0,0,0
05/07/2013,23:00,2,1,1
05/07/2013,23:15,29,29,0
05/07/2013,23:30,13,13,0
05/07/2013,23:45,0,0,0
06/07/2013,00:00,0,0,0
06/07/2013,00:15,0,0,0
06/07/2013,00:30,0,0,0
06/07/2013,00:45,0,0,0
06/07/2013,01:00,0,0,0
06/07/2013,01:15,0,0,0
06/07/2013,01:30,1,1,0
06/07/2013,01:45,0,0,0
06/07/2013,02:00,0,0,0
06/07/2013,02:15,0,0,0
06/07/2013,02:30,0,0,0
06/07/2013,02:45,0,0,0
06/07/2013,03:00,0,0,0
06/07/2013,03:15,0,0,0
06/07/2013,03:30,0,0,0
06/07/2013,03:45,0,0,0
06/07/2013,04:00,0,0,0
06/07/2013,04:15,0,0,0
06/07/2013,04:30,0,0,0
06/07/2013,04:45,0,0,0
06/07/2013,05:00,0,0,0
06/07/2013,05:15,0,0,0
06/07/2013,05:30,0,0,0
06/07/2013,05:45,1,0,1
06/07/2013,06:00,2,0,2
06/07/2013,06:15,2,1,1
06/07/2013,06:30,3,2,1
06/07/2013,06:45,7,2,5
06/07/2013,07:00,13,3,10
06/07/2013,07:15,7,3,4
06/07/2013,07:30,10,1,9
06/07/2013,07:45,8,1,7
06/07/2013,08:00,11,2,9
06/07/2013,08:15,13,2,11
06/07/2013,08:30,20,5,15
06/07/2013,08:45,11,2,9
06/07/2013,09:00,39,9,30
06/07/2013,09:15,13,3,10
06/07/2013,09:30,18,4,14
06/07/2013,09:45,28,6,22
06/07/2013,10:00,19,3,16
06/07/2013,10:15,14,3,11
06/07/2013,10:30,25,6,19
06/07/2013,10:45,30,15,15
06/07/2013,11:00,17,4,13
06/07/2013,11:15,37,17,20
06/07/2013,11:30,26,16,10
06/07/2013,11:45,19,13,6
06/07/2013,12:00,24,11,13
06/07/2013,12:15,20,14,6
06/07/2013,12:30,25,9,16
06/07/2013,12:45,21,15,6
06/07/2013,13:00,17,8,9
06/07/2013,13:15,21,14,7
06/07/2013,13:30,18,11,7
06/07/2013,13:45,21,11,10
06/07/2013,14:00,17,9,8
06/07/2013,14:15,21,13,8
06/07/2013,14:30,13,4,9
06/07/2013,14:45,14,9,5
06/07/2013,15:00,13,6,7
06/07/2013,15:15,26,15,11
06/07/2013,15:30,22,11,11
06/07/2013,15:45,27,14,13
06/07/2013,16:00,13,9,4
06/07/2013,16:15,18,10,8
06/07/2013,16:30,20,12,8
06/07/2013,16:45,19,10,9
06/07/2013,17:00,11,7,4
06/07/2013,17:15,19,5,14
06/07/2013,17:30,17,8,9
06/07/2013,17:45,30,8,22
06/07/2013,18:00,14,5,9
06/07/2013,18:15,13,3,10
06/07/2013,18:30,14,6,8
06/07/2013,18:45,68,13,55
06/07/2013,19:00,20,6,14
06/07/2013,19:15,18,3,15
06/07/2013,19:30,21,10,11
06/07/2013,19:45,31,0,31
06/07/2013,20:00,11,0,11
06/07/2013,20:15,12,4,8
06/07/2013,20:30,5,1,4
06/07/2013,20:45,6,0,6
06/07/2013,21:00,0,0,0
06/07/2013,21:15,2,0,2
06/07/2013,21:30,1,0,1
06/07/2013,21:45,2,0,2
06/07/2013,22:00,0,0,0
06/07/2013,22:15,0,0,0
06/07/2013,22:30,2,1,1
06/07/2013,22:45,0,0,0
06/07/2013,23:00,1,1,0
06/07/2013,23:15,0,0,0
06/07/2013,23:30,0,0,0
06/07/2013,23:45,1,1,0
07/07/2013,00:00,0,0,0
07/07/2013,00:15,0,0,0
07/07/2013,00:30,1,1,0
07/07/2013,00:45,0,0,0
07/07/2013,01:00,0,0,0
07/07/2013,01:15,0,0,0
07/07/2013,01:30,0,0,0
07/07/2013,01:45,0,0,0
07/07/2013,02:00,0,0,0
07/07/2013,02:15,63,63,0
07/07/2013,02:30,21,21,0
07/07/2013,02:45,0,0,0
07/07/2013,03:00,0,0,0
07/07/2013,03:15,118,118,0
07/07/2013,03:30,75,75,0
07/07/2013,03:45,0,0,0
07/07/2013,04:00,0,0,0
07/07/2013,04:15,0,0,0
07/07/2013,04:30,1,0,1
07/07/2013,04:45,0,0,0
07/07/2013,05:00,0,0,0
07/07/2013,05:15,0,0,0
07/07/2013,05:30,0,0,0
07/07/2013,05:45,0,0,0
07/07/2013,06:00,2,1,1
07/07/2013,06:15,3,0,3
07/07/2013,06:30,3,1,2
07/07/2013,06:45,7,0,7
07/07/2013,07:00,7,0,7
07/07/2013,07:15,5,1,4
07/07/2013,07:30,9,3,6
07/07/2013,07:45,11,4,7
07/07/2013,08:00,6,0,6
07/07/2013,08:15,17,3,14
07/07/2013,08:30,8,0,8
07/07/2013,08:45,15,3,12
07/07/2013,09:00,18,0,18
07/07/2013,09:15,32,6,26
07/07/2013,09:30,16,2,14
07/07/2013,09:45,11,2,9
07/07/2013,10:00,35,6,29
07/07/2013,10:15,33,5,28
07/07/2013,10:30,36,4,32
07/07/2013,10:45,29,5,24
07/07/2013,11:00,17,1,16
07/07/2013,11:15,21,11,10
07/07/2013,11:30,32,11,21
07/07/2013,11:45,115,99,16
07/07/2013,12:00,118,108,10
07/07/2013,12:15,92,83,9
07/07/2013,12:30,60,52,8
07/07/2013,12:45,52,41,11
07/07/2013,13:00,26,14,12
07/07/2013,13:15,32,4,28
07/07/2013,13:30,39,14,25
07/07/2013,13:45,39,13,26
07/07/2013,14:00,19,3,16
07/07/2013,14:15,30,5,25
07/07/2013,14:30,26,3,23
07/07/2013,14:45,42,14,28
07/07/2013,15:00,47,14,33
07/07/2013,15:15,35,13,22
07/07/2013,15:30,50,13,37
07/07/2013,15:45,27,5,22
07/07/2013,16:00,28,10,18
07/07/2013,16:15,38,8,30
07/07/2013,16:30,39,5,34
07/07/2013,16:45,26,8,18
07/07/2013,17:00,45,8,37
07/07/2013,17:15,23,9,14
07/07/2013,17:30,34,5,29
07/07/2013,17:45,26,2,24
07/07/2013,18:00,33,1,32
07/07/2013,18:15,18,1,17
07/07/2013,18:30,26,1,25
07/07/2013,18:45,10,1,9
07/07/2013,19:00,22,4,18
07/07/2013,19:15,22,2,20
07/07/2013,19:30,60,1,59
07/07/2013,19:45,24,6,18
07/07/2013,20:00,29,3,26
07/07/2013,20:15,10,4,6
07/07/2013,20:30,2,0,2
07/07/2013,20:45,3,0,3
07/07/2013,21:00,5,0,5
07/07/2013,21:15,1,0,1
07/07/2013,21:30,1,0,1
07/07/2013,21:45,3,0,3
07/07/2013,22:00,1,0,1
07/07/2013,22:15,2,1,1
07/07/2013,22:30,0,0,0
07/07/2013,22:45,0,0,0
07/07/2013,23:00,28,28,0
07/07/2013,23:15,0,0,0
07/07/2013,23:30,26,25,1
07/07/2013,23:45,1,1,0
08/07/2013,00:00,0,0,0
08/07/2013,00:15,0,0,0
08/07/2013,00:30,0,0,0
08/07/2013,00:45,0,0,0
08/07/2013,01:00,0,0,0
08/07/2013,01:15,0,0,0
08/07/2013,01:30,1,0,1
08/07/2013,01:45,0,0,0
08/07/2013,02:00,0,0,0
08/07/2013,02:15,0,0,0
08/07/2013,02:30,0,0,0
08/07/2013,02:45,0,0,0
08/07/2013,03:00,0,0,0
08/07/2013,03:15,0,0,0
08/07/2013,03:30,0,0,0
08/07/2013,03:45,0,0,0
08/07/2013,04:00,0,0,0
08/07/2013,04:15,0,0,0
08/07/2013,04:30,0,0,0
08/07/2013,04:45,0,0,0
08/07/2013,05:00,0,0,0
08/07/2013,05:15,1,0,1
08/07/2013,05:30,1,0,1
08/07/2013,05:45,4,1,3
08/07/2013,06:00,11,0,11
08/07/2013,06:15,9,1,8
08/07/2013,06:30,21,3,18
08/07/2013,06:45,9,0,9
08/07/2013,07:00,15,0,15
08/07/2013,07:15,18,3,15
08/07/2013,07:30,17,5,12
08/07/2013,07:45,17,1,16
08/07/2013,08:00,9,2,7
08/07/2013,08:15,8,0,8
08/07/2013,08:30,16,8,8
08/07/2013,08:45,19,6,13
08/07/2013,09:00,19,1,18
08/07/2013,09:15,14,1,13
08/07/2013,09:30,24,3,21
08/07/2013,09:45,13,3,10
08/07/2013,10:00,24,3,21
08/07/2013,10:15,21,1,20
08/07/2013,10:30,23,3,20
08/07/2013,10:45,16,1,15
08/07/2013,11:00,19,4,15
08/07/2013,11:15,12,2,10
08/07/2013,11:30,14,6,8
08/07/2013,11:45,12,2,10
08/07/2013,12:00,13,1,12
08/07/2013,12:15,18,2,16
08/07/2013,12:30,38,2,36
08/07/2013,12:45,18,5,13
08/07/2013,13:00,23,4,19
08/07/2013,13:15,33,7,26
08/07/2013,13:30,21,6,15
08/07/2013,13:45,13,4,9
08/07/2013,14:00,11,2,9
08/07/2013,14:15,16,4,12
08/07/2013,14:30,15,3,12
08/07/2013,14:45,21,7,14
08/07/2013,15:00,38,2,36
08/07/2013,15:15,18,4,14
08/07/2013,15:30,11,4,7
08/07/2013,15:45,11,4,7
08/07/2013,16:00,12,5,7
08/07/2013,16:15,26,5,21
08/07/2013,16:30,24,7,17
08/07/2013,16:45,27,7,20
08/07/2013,17:00,17,3,14
08/07/2013,17:15,7,3,4
08/07/2013,17:30,19,6,13
08/07/2013,17:45,15,4,11
08/07/2013,18:00,21,6,15
08/07/2013,18:15,24,5,19
08/07/2013,18:30,25,9,16
08/07/2013,18:45,18,5,13
08/07/2013,19:00,17,7,10
08/07/2013,19:15,20,3,17
08/07/2013,19:30,19,1,18
08/07/2013,19:45,21,3,18
08/07/2013,20:00,25,3,22
08/07/2013,20:15,5,1,4
08/07/2013,20:30,8,1,7
08/07/2013,20:45,9,2,7
08/07/2013,21:00,9,1,8
08/07/2013,21:15,2,0,2
08/07/2013,21:30,0,0,0
08/07/2013,21:45,44,43,1
08/07/2013,22:00,4,0,4
08/07/2013,22:15,3,0,3
08/07/2013,22:30,1,0,1
08/07/2013,22:45,0,0,0
08/07/2013,23:00,2,2,0
08/07/2013,23:15,0,0,0
08/07/2013,23:30,0,0,0
08/07/2013,23:45,0,0,0
09/07/2013,00:00,0,0,0
09/07/2013,00:15,0,0,0
09/07/2013,00:30,0,0,0
09/07/2013,00:45,0,0,0
09/07/2013,01:00,1,0,1
09/07/2013,01:15,0,0,0
09/07/2013,01:30,0,0,0
09/07/2013,01:45,0,0,0
09/07/2013,02:00,0,0,0
09/07/2013,02:15,0,0,0
09/07/2013,02:30,0,0,0
09/07/2013,02:45,0,0,0
09/07/2013,03:00,0,0,0
09/07/2013,03:15,0,0,0
09/07/2013,03:30,0,0,0
09/07/2013,03:45,0,0,0
09/07/2013,04:00,0,0,0
09/07/2013,04:15,0,0,0
09/07/2013,04:30,0,0,0
09/07/2013,04:45,0,0,0
09/07/2013,05:00,0,0,0
09/07/2013,05:15,0,0,0
09/07/2013,05:30,0,0,0
09/07/2013,05:45,5,0,5
09/07/2013,06:00,3,0,3
09/07/2013,06:15,12,2,10
09/07/2013,06:30,14,3,11
09/07/2013,06:45,13,0,13
09/07/2013,07:00,17,1,16
09/07/2013,07:15,12,1,11
09/07/2013,07:30,13,0,13
09/07/2013,07:45,19,3,16
09/07/2013,08:00,12,4,8
09/07/2013,08:15,18,3,15
09/07/2013,08:30,26,5,21
09/07/2013,08:45,24,5,19
09/07/2013,09:00,19,0,19
09/07/2013,09:15,16,2,14
09/07/2013,09:30,16,4,12
09/07/2013,09:45,13,1,12
09/07/2013,10:00,21,1,20
09/07/2013,10:15,22,4,18
09/07/2013,10:30,23,1,22
09/07/2013,10:45,27,3,24
09/07/2013,11:00,20,2,18
09/07/2013,11:15,21,1,20
09/07/2013,11:30,17,5,12
09/07/2013,11:45,10,2,8
09/07/2013,12:00,10,2,8
09/07/2013,12:15,8,2,6
09/07/2013,12:30,10,6,4
09/07/2013,12:45,14,2,12
09/07/2013,13:00,14,3,11
09/07/2013,13:15,16,3,13
09/07/2013,13:30,20,10,10
09/07/2013,13:45,20,6,14
09/07/2013,14:00,17,1,16
09/07/2013,14:15,15,6,9
09/07/2013,14:30,18,5,13
09/07/2013,14:45,16,3,13
09/07/2013,15:00,9,1,8
09/07/2013,15:15,15,0,15
09/07/2013,15:30,23,2,21
09/07/2013,15:45,22,1,21
09/07/2013,16:00,10,2,8
09/07/2013,16:15,37,1,36
09/07/2013,16:30,41,6,35
09/07/2013,16:45,46,3,43
09/07/2013,17:00,58,7,51
09/07/2013,17:15,65,1,64
09/07/2013,17:30,100,11,89
09/07/2013,17:45,151,1,150
09/07/2013,18:00,176,8,168
09/07/2013,18:15,107,5,102
09/07/2013,18:30,41,12,29
09/07/2013,18:45,59,4,55
09/07/2013,19:00,81,5,76
09/07/2013,19:15,63,2,61
09/07/2013,19:30,42,3,39
09/07/2013,19:45,31,5,26
09/07/2013,20:00,25,8,17
09/07/2013,20:15,17,1,16
09/07/2013,20:30,8,1,7
09/07/2013,20:45,6,3,3
09/07/2013,21:00,4,1,3
09/07/2013,21:15,5,0,5
09/07/2013,21:30,1,0,1
09/07/2013,21:45,1,0,1
09/07/2013,22:00,2,0,2
09/07/2013,22:15,12,11,1
09/07/2013,22:30,30,30,0
09/07/2013,22:45,0,0,0
09/07/2013,23:00,1,0,1
09/07/2013,23:15,0,0,0
09/07/2013,23:30,0,0,0
09/07/2013,23:45,0,0,0
10/07/2013,00:00,0,0,0
10/07/2013,00:15,0,0,0
10/07/2013,00:30,20,20,0
10/07/2013,00:45,0,0,0
10/07/2013,01:00,0,0,0
10/07/2013,01:15,0,0,0
10/07/2013,01:30,0,0,0
10/07/2013,01:45,0,0,0
10/07/2013,02:00,0,0,0
10/07/2013,02:15,0,0,0
10/07/2013,02:30,0,0,0
10/07/2013,02:45,0,0,0
10/07/2013,03:00,0,0,0
10/07/2013,03:15,0,0,0
10/07/2013,03:30,0,0,0
10/07/2013,03:45,0,0,0
10/07/2013,04:00,0,0,0
10/07/2013,04:15,0,0,0
10/07/2013,04:30,0,0,0
10/07/2013,04:45,0,0,0
10/07/2013,05:00,1,0,1
10/07/2013,05:15,1,0,1
10/07/2013,05:30,1,0,1
10/07/2013,05:45,4,0,4
10/07/2013,06:00,9,1,8
10/07/2013,06:15,7,0,7
10/07/2013,06:30,8,0,8
10/07/2013,06:45,12,1,11
10/07/2013,07:00,15,2,13
10/07/2013,07:15,13,0,13
10/07/2013,07:30,12,1,11
10/07/2013,07:45,22,1,21
10/07/2013,08:00,10,2,8
10/07/2013,08:15,26,6,20
10/07/2013,08:30,24,9,15
10/07/2013,08:45,27,5,22
10/07/2013,09:00,22,1,21
10/07/2013,09:15,18,5,13
10/07/2013,09:30,25,3,22
10/07/2013,09:45,13,2,11
10/07/2013,10:00,18,2,16
10/07/2013,10:15,12,1,11
10/07/2013,10:30,23,4,19
10/07/2013,10:45,21,4,17
10/07/2013,11:00,20,4,16
10/07/2013,11:15,21,7,14
10/07/2013,11:30,11,1,10
10/07/2013,11:45,24,4,20
10/07/2013,12:00,16,3,13
10/07/2013,12:15,12,1,11
10/07/2013,12:30,13,5,8
10/07/2013,12:45,27,1,26
10/07/2013,13:00,24,0,24
10/07/2013,13:15,46,6,40
10/07/2013,13:30,12,7,5
10/07/2013,13:45,8,4,4
10/07/2013,14:00,9,7,2
10/07/2013,14:15,14,6,8
10/07/2013,14:30,22,4,18
10/07/2013,14:45,12,1,11
10/07/2013,15:00,10,0,10
10/07/2013,15:15,12,1,11
10/07/2013,15:30,13,1,12
10/07/2013,15:45,17,2,15
10/07/2013,16:00,17,1,16
10/07/2013,16:15,39,16,23
10/07/2013,16:30,39,10,29
10/07/2013,16:45,36,7,29
10/07/2013,17:00,36,11,25
10/07/2013,17:15,26,5,21
10/07/2013,17:30,112,4,108
10/07/2013,17:45,209,1,208
10/07/2013,18:00,99,11,88
10/07/2013,18:15,55,14,41
10/07/2013,18:30,83,2,81
10/07/2013,18:45,105,3,102
10/07/2013,19:00,91,10,81
10/07/2013,19:15,23,2,21
10/07/2013,19:30,23,10,13
10/07/2013,19:45,14,3,11
10/07/2013,20:00,13,3,10
10/07/2013,20:15,11,2,9
10/07/2013,20:30,5,1,4
10/07/2013,20:45,9,5,4
10/07/2013,21:00,1,0,1
10/07/2013,21:15,23,23,0
10/07/2013,21:30,0,0,0
10/07/2013,21:45,1,0,1
10/07/2013,22:00,45,43,2
10/07/2013,22:15,3,2,1
10/07/2013,22:30,4,1,3
10/07/2013,22:45,0,0,0
10/07/2013,23:00,0,0,0
10/07/2013,23:15,0,0,0
10/07/2013,23:30,0,0,0
10/07/2013,23:45,0,0,0
11/07/2013,00:00,0,0,0
11/07/2013,00:15,0,0,0
11/07/2013,00:30,0,0,0
11/07/2013,00:45,0,0,0
11/07/2013,01:00,0,0,0
11/07/2013,01:15,0,0,0
11/07/2013,01:30,0,0,0
11/07/2013,01:45,0,0,0
11/07/2013,02:00,1,0,1
11/07/2013,02:15,0,0,0
11/07/2013,02:30,0,0,0
11/07/2013,02:45,0,0,0
11/07/2013,03:00,0,0,0
11/07/2013,03:15,0,0,0
11/07/2013,03:30,0,0,0
11/07/2013,03:45,0,0,0
11/07/2013,04:00,0,0,0
11/07/2013,04:15,0,0,0
11/07/2013,04:30,0,0,0
11/07/2013,04:45,1,0,1
11/07/2013,05:00,2,0,2
11/07/2013,05:15,0,0,0
11/07/2013,05:30,0,0,0
11/07/2013,05:45,4,0,4
11/07/2013,06:00,6,0,6
11/07/2013,06:15,10,1,9
11/07/2013,06:30,18,2,16
11/07/2013,06:45,13,1,12
11/07/2013,07:00,12,0,12
11/07/2013,07:15,6,1,5
11/07/2013,07:30,10,2,8
11/07/2013,07:45,15,0,15
11/07/2013,08:00,17,3,14
11/07/2013,08:15,15,3,12
11/07/2013,08:30,20,7,13
11/07/2013,08:45,11,3,8
11/07/2013,09:00,17,1,16
11/07/2013,09:15,9,3,6
11/07/2013,09:30,22,7,15
11/07/2013,09:45,18,5,13
11/07/2013,10:00,15,1,14
11/07/2013,10:15,19,4,15
11/07/2013,10:30,13,1,12
11/07/2013,10:45,21,4,17
11/07/2013,11:00,11,1,10
11/07/2013,11:15,10,1,9
11/07/2013,11:30,12,1,11
11/07/2013,11:45,16,3,13
11/07/2013,12:00,10,2,8
11/07/2013,12:15,20,4,16
11/07/2013,12:30,20,5,15
11/07/2013,12:45,22,5,17
11/07/2013,13:00,25,5,20
11/07/2013,13:15,24,5,19
11/07/2013,13:30,17,3,14
11/07/2013,13:45,14,2,12
11/07/2013,14:00,15,0,15
11/07/2013,14:15,16,4,12
11/07/2013,14:30,16,2,14
11/07/2013,14:45,23,2,21
11/07/2013,15:00,17,2,15
11/07/2013,15:15,14,1,13
11/07/2013,15:30,27,3,24
11/07/2013,15:45,24,3,21
11/07/2013,16:00,44,2,42
11/07/2013,16:15,39,16,23
11/07/2013,16:30,28,4,24
11/07/2013,16:45,44,3,41
11/07/2013,17:00,50,3,47
11/07/2013,17:15,20,5,15
11/07/2013,17:30,31,10,21
11/07/2013,17:45,38,6,32
11/07/2013,18:00,15,0,15
11/07/2013,18:15,31,10,21
11/07/2013,18:30,33,14,19
11/07/2013,18:45,34,7,27
11/07/2013,19:00,51,4,47
11/07/2013,19:15,17,3,14
11/07/2013,19:30,17,1,16
11/07/2013,19:45,21,3,18
11/07/2013,20:00,11,2,9
11/07/2013,20:15,22,0,22
11/07/2013,20:30,5,0,5
11/07/2013,20:45,4,1,3
11/07/2013,21:00,6,2,4
11/07/2013,21:15,0,0,0
11/07/2013,21:30,4,0,4
11/07/2013,21:45,2,0,2
11/07/2013,22:00,0,0,0
11/07/2013,22:15,0,0,0
11/07/2013,22:30,4,0,4
11/07/2013,22:45,4,0,4
11/07/2013,23:00,0,0,0
11/07/2013,23:15,0,0,0
11/07/2013,23:30,0,0,0
11/07/2013,23:45,0,0,0
12/07/2013,00:00,0,0,0
12/07/2013,00:15,0,0,0
12/07/2013,00:30,0,0,0
12/07/2013,00:45,0,0,0
12/07/2013,01:00,0,0,0
12/07/2013,01:15,0,0,0
12/07/2013,01:30,0,0,0
12/07/2013,01:45,0,0,0
12/07/2013,02:00,0,0,0
12/07/2013,02:15,0,0,0
12/07/2013,02:30,0,0,0
12/07/2013,02:45,0,0,0
12/07/2013,03:00,0,0,0
12/07/2013,03:15,0,0,0
12/07/2013,03:30,0,0,0
12/07/2013,03:45,0,0,0
12/07/2013,04:00,0,0,0
12/07/2013,04:15,0,0,0
12/07/2013,04:30,0,0,0
12/07/2013,04:45,0,0,0
12/07/2013,05:00,0,0,0
12/07/2013,05:15,1,0,1
12/07/2013,05:30,2,0,2
12/07/2013,05:45,2,1,1
12/07/2013,06:00,5,0,5
12/07/2013,06:15,9,0,9
12/07/2013,06:30,3,0,3
12/07/2013,06:45,11,2,9
12/07/2013,07:00,9,0,9
12/07/2013,07:15,10,0,10
12/07/2013,07:30,11,0,11
12/07/2013,07:45,18,6,12
12/07/2013,08:00,14,1,13
12/07/2013,08:15,10,1,9
12/07/2013,08:30,28,6,22
12/07/2013,08:45,23,3,20
12/07/2013,09:00,24,6,18
12/07/2013,09:15,12,0,12
12/07/2013,09:30,21,2,19
12/07/2013,09:45,14,1,13
12/07/2013,10:00,15,1,14
12/07/2013,10:15,14,4,10
12/07/2013,10:30,17,4,13
12/07/2013,10:45,11,1,10
12/07/2013,11:00,22,4,18
12/07/2013,11:15,16,3,13
12/07/2013,11:30,13,1,12
12/07/2013,11:45,21,7,14
12/07/2013,12:00,11,1,10
12/07/2013,12:15,24,5,19
12/07/2013,12:30,14,5,9
12/07/2013,12:45,18,2,16
12/07/2013,13:00,14,3,11
12/07/2013,13:15,11,2,9
12/07/2013,13:30,22,9,13
12/07/2013,13:45,25,6,19
12/07/2013,14:00,15,2,13
12/07/2013,14:15,11,4,7
12/07/2013,14:30,12,3,9
12/07/2013,14:45,17,6,11
12/07/2013,15:00,10,2,8
12/07/2013,15:15,15,5,10
12/07/2013,15:30,23,5,18
12/07/2013,15:45,12,4,8
12/07/2013,16:00,18,4,14
12/07/2013,16:15,22,0,22
12/07/2013,16:30,25,7,18
12/07/2013,16:45,15,3,12
12/07/2013,17:00,40,10,30
12/07/2013,17:15,19,3,16
12/07/2013,17:30,17,6,11
12/07/2013,17:45,19,4,15
12/07/2013,18:00,49,3,46
12/07/2013,18:15,28,4,24
12/07/2013,18:30,108,9,99
12/07/2013,18:45,124,6,118
12/07/2013,19:00,9,0,9
12/07/2013,19:15,20,0,20
12/07/2013,19:30,30,1,29
12/07/2013,19:45,19,0,19
12/07/2013,20:00,9,1,8
12/07/2013,20:15,17,3,14
12/07/2013,20:30,15,3,12
12/07/2013,20:45,8,2,6
12/07/2013,21:00,1,1,0
12/07/2013,21:15,15,0,15
12/07/2013,21:30,2,0,2
12/07/2013,21:45,12,11,1
12/07/2013,22:00,21,21,0
12/07/2013,22:15,13,13,0
12/07/2013,22:30,0,0,0
12/07/2013,22:45,0,0,0
12/07/2013,23:00,1,1,0
12/07/2013,23:15,0,0,0
12/07/2013,23:30,1,1,0
12/07/2013,23:45,0,0,0
13/07/2013,00:00,0,0,0
13/07/2013,00:15,0,0,0
13/07/2013,00:30,0,0,0
13/07/2013,00:45,0,0,0
13/07/2013,01:00,0,0,0
13/07/2013,01:15,0,0,0
13/07/2013,01:30,0,0,0
13/07/2013,01:45,0,0,0
13/07/2013,02:00,0,0,0
13/07/2013,02:15,0,0,0
13/07/2013,02:30,0,0,0
13/07/2013,02:45,0,0,0
13/07/2013,03:00,1,0,1
13/07/2013,03:15,0,0,0
13/07/2013,03:30,0,0,0
13/07/2013,03:45,0,0,0
13/07/2013,04:00,0,0,0
13/07/2013,04:15,98,98,0
13/07/2013,04:30,0,0,0
13/07/2013,04:45,0,0,0
13/07/2013,05:00,0,0,0
13/07/2013,05:15,0,0,0
13/07/2013,05:30,0,0,0
13/07/2013,05:45,0,0,0
13/07/2013,06:00,1,0,1
13/07/2013,06:15,6,4,2
13/07/2013,06:30,4,1,3
13/07/2013,06:45,4,1,3
13/07/2013,07:00,6,0,6
13/07/2013,07:15,4,1,3
13/07/2013,07:30,9,2,7
13/07/2013,07:45,14,3,11
13/07/2013,08:00,16,2,14
13/07/2013,08:15,24,4,20
13/07/2013,08:30,23,2,21
13/07/2013,08:45,25,10,15
13/07/2013,09:00,27,1,26
13/07/2013,09:15,33,5,28
13/07/2013,09:30,29,3,26
13/07/2013,09:45,29,8,21
13/07/2013,10:00,28,7,21
13/07/2013,10:15,31,11,20
13/07/2013,10:30,29,15,14
13/07/2013,10:45,26,8,18
13/07/2013,11:00,29,16,13
13/07/2013,11:15,17,7,10
13/07/2013,11:30,23,8,15
13/07/2013,11:45,26,14,12
13/07/2013,12:00,46,33,13
13/07/2013,12:15,14,7,7
13/07/2013,12:30,17,10,7
13/07/2013,12:45,26,15,11
13/07/2013,13:00,33,10,23
13/07/2013,13:15,24,8,16
13/07/2013,13:30,15,2,13
13/07/2013,13:45,10,1,9
13/07/2013,14:00,10,2,8
13/07/2013,14:15,17,4,13
13/07/2013,14:30,22,6,16
13/07/2013,14:45,22,3,19
13/07/2013,15:00,24,3,21
13/07/2013,15:15,41,3,38
13/07/2013,15:30,24,5,19
13/07/2013,15:45,17,4,13
13/07/2013,16:00,19,4,15
13/07/2013,16:15,14,5,9
13/07/2013,16:30,15,7,8
13/07/2013,16:45,42,6,36
13/07/2013,17:00,21,4,17
13/07/2013,17:15,11,1,10
13/07/2013,17:30,12,1,11
13/07/2013,17:45,12,3,9
13/07/2013,18:00,14,6,8
13/07/2013,18:15,49,7,42
13/07/2013,18:30,34,1,33
13/07/2013,18:45,39,3,36
13/07/2013,19:00,25,2,23
13/07/2013,19:15,11,4,7
13/07/2013,19:30,14,2,12
13/07/2013,19:45,22,2,20
13/07/2013,20:00,38,2,36
13/07/2013,20:15,19,0,19
13/07/2013,20:30,5,1,4
13/07/2013,20:45,5,1,4
13/07/2013,21:00,3,0,3
13/07/2013,21:15,5,1,4
13/07/2013,21:30,25,25,0
13/07/2013,21:45,7,7,0
13/07/2013,22:00,2,1,1
13/07/2013,22:15,1,1,0
13/07/2013,22:30,0,0,0
13/07/2013,22:45,0,0,0
13/07/2013,23:00,1,1,0
13/07/2013,23:15,0,0,0
13/07/2013,23:30,0,0,0
13/07/2013,23:45,1,0,1
14/07/2013,00:00,0,0,0
14/07/2013,00:15,0,0,0
14/07/2013,00:30,0,0,0
14/07/2013,00:45,0,0,0
14/07/2013,01:00,0,0,0
14/07/2013,01:15,0,0,0
14/07/2013,01:30,0,0,0
14/07/2013,01:45,0,0,0
14/07/2013,02:00,0,0,0
14/07/2013,02:15,0,0,0
14/07/2013,02:30,0,0,0
14/07/2013,02:45,16,16,0
14/07/2013,03:00,47,47,0
14/07/2013,03:15,8,8,0
14/07/2013,03:30,0,0,0
14/07/2013,03:45,0,0,0
14/07/2013,04:00,0,0,0
14/07/2013,04:15,1,0,1
14/07/2013,04:30,0,0,0
14/07/2013,04:45,0,0,0
14/07/2013,05:00,0,0,0
14/07/2013,05:15,1,0,1
14/07/2013,05:30,1,0,1
14/07/2013,05:45,0,0,0
14/07/2013,06:00,0,0,0
14/07/2013,06:15,1,0,1
14/07/2013,06:30,3,0,3
14/07/2013,06:45,6,2,4
14/07/2013,07:00,4,1,3
14/07/2013,07:15,1,0,1
14/07/2013,07:30,10,6,4
14/07/2013,07:45,4,1,3
14/07/2013,08:00,12,2,10
14/07/2013,08:15,7,1,6
14/07/2013,08:30,12,1,11
14/07/2013,08:45,27,5,22
14/07/2013,09:00,24,4,20
14/07/2013,09:15,27,6,21
14/07/2013,09:30,24,9,15
14/07/2013,09:45,23,3,20
14/07/2013,10:00,30,10,20
14/07/2013,10:15,19,3,16
14/07/2013,10:30,30,11,19
14/07/2013,10:45,36,13,23
14/07/2013,11:00,31,10,21
14/07/2013,11:15,31,14,17
14/07/2013,11:30,35,17,18
14/07/2013,11:45,39,20,19
14/07/2013,12:00,34,19,15
14/07/2013,12:15,32,10,22
14/07/2013,12:30,19,3,16
14/07/2013,12:45,35,14,21
14/07/2013,13:00,23,3,20
14/07/2013,13:15,28,6,22
14/07/2013,13:30,27,3,24
14/07/2013,13:45,25,5,20
14/07/2013,14:00,43,6,37
14/07/2013,14:15,23,5,18
14/07/2013,14:30,32,7,25
14/07/2013,14:45,37,6,31
14/07/2013,15:00,23,4,19
14/07/2013,15:15,44,6,38
14/07/2013,15:30,48,3,45
14/07/2013,15:45,50,6,44
14/07/2013,16:00,24,9,15
14/07/2013,16:15,38,7,31
14/07/2013,16:30,45,7,38
14/07/2013,16:45,22,7,15
14/07/2013,17:00,25,6,19
14/07/2013,17:15,24,5,19
14/07/2013,17:30,32,2,30
14/07/2013,17:45,28,4,24
14/07/2013,18:00,38,8,30
14/07/2013,18:15,21,5,16
14/07/2013,18:30,21,3,18
14/07/2013,18:45,24,3,21
14/07/2013,19:00,21,4,17
14/07/2013,19:15,13,3,10
14/07/2013,19:30,14,3,11
14/07/2013,19:45,27,7,20
14/07/2013,20:00,21,2,19
14/07/2013,20:15,10,5,5
14/07/2013,20:30,8,1,7
14/07/2013,20:45,2,0,2
14/07/2013,21:00,13,0,13
14/07/2013,21:15,2,1,1
14/07/2013,21:30,2,0,2
14/07/2013,21:45,2,0,2
14/07/2013,22:00,3,1,2
14/07/2013,22:15,1,0,1
14/07/2013,22:30,0,0,0
14/07/2013,22:45,12,0,12
14/07/2013,23:00,0,0,0
14/07/2013,23:15,1,0,1
14/07/2013,23:30,0,0,0
14/07/2013,23:45,0,0,0
15/07/2013,00:00,0,0,0
15/07/2013,00:15,0,0,0
15/07/2013,00:30,0,0,0
15/07/2013,00:45,0,0,0
15/07/2013,01:00,0,0,0
15/07/2013,01:15,0,0,0
15/07/2013,01:30,0,0,0
15/07/2013,01:45,0,0,0
15/07/2013,02:00,0,0,0
15/07/2013,02:15,0,0,0
15/07/2013,02:30,0,0,0
15/07/2013,02:45,0,0,0
15/07/2013,03:00,0,0,0
15/07/2013,03:15,0,0,0
15/07/2013,03:30,0,0,0
15/07/2013,03:45,0,0,0
15/07/2013,04:00,0,0,0
15/07/2013,04:15,0,0,0
15/07/2013,04:30,0,0,0
15/07/2013,04:45,0,0,0
15/07/2013,05:00,0,0,0
15/07/2013,05:15,1,0,1
15/07/2013,05:30,2,0,2
15/07/2013,05:45,3,1,2
15/07/2013,06:00,3,2,1
15/07/2013,06:15,9,0,9
15/07/2013,06:30,6,1,5
15/07/2013,06:45,8,0,8
15/07/2013,07:00,13,2,11
15/07/2013,07:15,13,2,11
15/07/2013,07:30,8,1,7
15/07/2013,07:45,10,1,9
15/07/2013,08:00,4,0,4
15/07/2013,08:15,7,2,5
15/07/2013,08:30,20,3,17
15/07/2013,08:45,17,3,14
15/07/2013,09:00,12,1,11
15/07/2013,09:15,11,1,10
15/07/2013,09:30,9,0,9
15/07/2013,09:45,19,2,17
15/07/2013,10:00,10,0,10
15/07/2013,10:15,22,5,17
15/07/2013,10:30,28,4,24
15/07/2013,10:45,22,1,21
15/07/2013,11:00,9,0,9
15/07/2013,11:15,16,0,16
15/07/2013,11:30,15,1,14
15/07/2013,11:45,21,7,14
15/07/2013,12:00,18,3,15
15/07/2013,12:15,15,1,14
15/07/2013,12:30,23,5,18
15/07/2013,12:45,13,2,11
15/07/2013,13:00,17,4,13
15/07/2013,13:15,13,1,12
15/07/2013,13:30,18,4,14
15/07/2013,13:45,13,3,10
15/07/2013,14:00,14,2,12
15/07/2013,14:15,12,2,10
15/07/2013,14:30,10,3,7
15/07/2013,14:45,15,2,13
15/07/2013,15:00,17,1,16
15/07/2013,15:15,6,1,5
15/07/2013,15:30,20,2,18
15/07/2013,15:45,20,2,18
15/07/2013,16:00,18,4,14
15/07/2013,16:15,12,3,9
15/07/2013,16:30,18,4,14
15/07/2013,16:45,22,9,13
15/07/2013,17:00,29,7,22
15/07/2013,17:15,30,8,22
15/07/2013,17:30,39,14,25
15/07/2013,17:45,24,1,23
15/07/2013,18:00,32,4,28
15/07/2013,18:15,50,9,41
15/07/2013,18:30,41,11,30
15/07/2013,18:45,62,5,57
15/07/2013,19:00,45,9,36
15/07/2013,19:15,84,1,83
15/07/2013,19:30,34,1,33
15/07/2013,19:45,27,2,25
15/07/2013,20:00,19,1,18
15/07/2013,20:15,22,0,22
15/07/2013,20:30,8,1,7
15/07/2013,20:45,3,2,1
15/07/2013,21:00,7,5,2
15/07/2013,21:15,3,0,3
15/07/2013,21:30,0,0,0
15/07/2013,21:45,0,0,0
15/07/2013,22:00,0,0,0
15/07/2013,22:15,0,0,0
15/07/2013,22:30,0,0,0
15/07/2013,22:45,1,0,1
15/07/2013,23:00,0,0,0
15/07/2013,23:15,0,0,0
15/07/2013,23:30,44,44,0
15/07/2013,23:45,0,0,0
16/07/2013,00:00,0,0,0
16/07/2013,00:15,0,0,0
16/07/2013,00:30,0,0,0
16/07/2013,00:45,0,0,0
16/07/2013,01:00,0,0,0
16/07/2013,01:15,0,0,0
16/07/2013,01:30,0,0,0
16/07/2013,01:45,0,0,0
16/07/2013,02:00,1,0,1
16/07/2013,02:15,0,0,0
16/07/2013,02:30,0,0,0
16/07/2013,02:45,1,1,0
16/07/2013,03:00,0,0,0
16/07/2013,03:15,0,0,0
16/07/2013,03:30,0,0,0
16/07/2013,03:45,0,0,0
16/07/2013,04:00,0,0,0
16/07/2013,04:15,0,0,0
16/07/2013,04:30,0,0,0
16/07/2013,04:45,1,0,1
16/07/2013,05:00,1,0,1
16/07/2013,05:15,0,0,0
16/07/2013,05:30,0,0,0
16/07/2013,05:45,3,0,3
16/07/2013,06:00,10,0,10
16/07/2013,06:15,8,0,8
16/07/2013,06:30,8,0,8
16/07/2013,06:45,9,2,7
16/07/2013,07:00,19,0,19
16/07/2013,07:15,15,0,15
16/07/2013,07:30,16,2,14
16/07/2013,07:45,15,2,13
16/07/2013,08:00,9,0,9
16/07/2013,08:15,9,2,7
16/07/2013,08:30,21,3,18
16/07/2013,08:45,17,2,15
16/07/2013,09:00,13,3,10
16/07/2013,09:15,7,1,6
16/07/2013,09:30,21,1,20
16/07/2013,09:45,16,3,13
16/07/2013,10:00,18,5,13
16/07/2013,10:15,18,1,17
16/07/2013,10:30,16,1,15
16/07/2013,10:45,15,0,15
16/07/2013,11:00,20,3,17
16/07/2013,11:15,10,2,8
16/07/2013,11:30,19,2,17
16/07/2013,11:45,12,2,10
16/07/2013,12:00,8,3,5
16/07/2013,12:15,11,2,9
16/07/2013,12:30,13,4,9
16/07/2013,12:45,21,5,16
16/07/2013,13:00,15,1,14
16/07/2013,13:15,16,0,16
16/07/2013,13:30,11,1,10
16/07/2013,13:45,8,2,6
16/07/2013,14:00,16,2,14
16/07/2013,14:15,14,5,9
16/07/2013,14:30,7,1,6
16/07/2013,14:45,10,1,9
16/07/2013,15:00,12,3,9
16/07/2013,15:15,13,1,12
16/07/2013,15:30,18,5,13
16/07/2013,15:45,10,0,10
16/07/2013,16:00,10,4,6
16/07/2013,16:15,19,2,17
16/07/2013,16:30,17,3,14
16/07/2013,16:45,6,3,3
16/07/2013,17:00,17,3,14
16/07/2013,17:15,21,6,15
16/07/2013,17:30,33,12,21
16/07/2013,17:45,14,5,9
16/07/2013,18:00,14,2,12
16/07/2013,18:15,30,13,17
16/07/2013,18:30,13,2,11
16/07/2013,18:45,20,6,14
16/07/2013,19:00,17,5,12
16/07/2013,19:15,14,2,12
16/07/2013,19:30,7,2,5
16/07/2013,19:45,18,0,18
16/07/2013,20:00,10,4,6
16/07/2013,20:15,5,0,5
16/07/2013,20:30,12,1,11
16/07/2013,20:45,3,0,3
16/07/2013,21:00,4,1,3
16/07/2013,21:15,1,0,1
16/07/2013,21:30,0,0,0
16/07/2013,21:45,0,0,0
16/07/2013,22:00,0,0,0
16/07/2013,22:15,0,0,0
16/07/2013,22:30,3,1,2
16/07/2013,22:45,0,0,0
16/07/2013,23:00,0,0,0
16/07/2013,23:15,0,0,0
16/07/2013,23:30,0,0,0
16/07/2013,23:45,0,0,0
17/07/2013,00:00,0,0,0
17/07/2013,00:15,0,0,0
17/07/2013,00:30,0,0,0
17/07/2013,00:45,1,1,0
17/07/2013,01:00,0,0,0
17/07/2013,01:15,0,0,0
17/07/2013,01:30,0,0,0
17/07/2013,01:45,0,0,0
17/07/2013,02:00,1,1,0
17/07/2013,02:15,0,0,0
17/07/2013,02:30,0,0,0
17/07/2013,02:45,1,1,0
17/07/2013,03:00,0,0,0
17/07/2013,03:15,0,0,0
17/07/2013,03:30,0,0,0
17/07/2013,03:45,0,0,0
17/07/2013,04:00,0,0,0
17/07/2013,04:15,0,0,0
17/07/2013,04:30,0,0,0
17/07/2013,04:45,0,0,0
17/07/2013,05:00,1,0,1
17/07/2013,05:15,1,0,1
17/07/2013,05:30,0,0,0
17/07/2013,05:45,0,0,0
17/07/2013,06:00,5,0,5
17/07/2013,06:15,10,0,10
17/07/2013,06:30,11,1,10
17/07/2013,06:45,10,1,9
17/07/2013,07:00,11,0,11
17/07/2013,07:15,14,1,13
17/07/2013,07:30,11,1,10
17/07/2013,07:45,26,1,25
17/07/2013,08:00,9,1,8
17/07/2013,08:15,10,1,9
17/07/2013,08:30,23,3,20
17/07/2013,08:45,30,3,27
17/07/2013,09:00,12,1,11
17/07/2013,09:15,13,2,11
17/07/2013,09:30,16,2,14
17/07/2013,09:45,11,1,10
17/07/2013,10:00,15,2,13
17/07/2013,10:15,26,0,26
17/07/2013,10:30,13,3,10
17/07/2013,10:45,18,6,12
17/07/2013,11:00,16,4,12
17/07/2013,11:15,15,3,12
17/07/2013,11:30,14,2,12
17/07/2013,11:45,29,4,25
17/07/2013,12:00,15,6,9
17/07/2013,12:15,23,1,22
17/07/2013,12:30,16,0,16
17/07/2013,12:45,9,1,8
17/07/2013,13:00,16,1,15
17/07/2013,13:15,8,0,8
17/07/2013,13:30,16,4,12
17/07/2013,13:45,16,2,14
17/07/2013,14:00,15,5,10
17/07/2013,14:15,15,5,10
17/07/2013,14:30,29,3,26
17/07/2013,14:45,19,3,16
17/07/2013,15:00,17,3,14
17/07/2013,15:15,17,3,14
17/07/2013,15:30,19,5,14
17/07/2013,15:45,20,5,15
17/07/2013,16:00,13,3,10
17/07/2013,16:15,31,0,31
17/07/2013,16:30,27,5,22
17/07/2013,16:45,33,3,30
17/07/2013,17:00,23,5,18
17/07/2013,17:15,36,5,31
17/07/2013,17:30,20,8,12
17/07/2013,17:45,23,5,18
17/07/2013,18:00,33,5,28
17/07/2013,18:15,37,9,28
17/07/2013,18:30,28,12,16
17/07/2013,18:45,26,3,23
17/07/2013,19:00,46,6,40
17/07/2013,19:15,50,2,48
17/07/2013,19:30,36,2,34
17/07/2013,19:45,16,1,15
17/07/2013,20:00,13,0,13
17/07/2013,20:15,26,2,24
17/07/2013,20:30,8,2,6
17/07/2013,20:45,10,2,8
17/07/2013,21:00,5,1,4
17/07/2013,21:15,7,1,6
17/07/2013,21:30,1,0,1
17/07/2013,21:45,1,0,1
17/07/2013,22:00,1,0,1
17/07/2013,22:15,0,0,0
17/07/2013,22:30,2,1,1
17/07/2013,22:45,1,0,1
17/07/2013,23:00,0,0,0
17/07/2013,23:15,0,0,0
17/07/2013,23:30,0,0,0
17/07/2013,23:45,0,0,0
18/07/2013,00:00,1,0,1
18/07/2013,00:15,0,0,0
18/07/2013,00:30,0,0,0
18/07/2013,00:45,2,0,2
18/07/2013,01:00,0,0,0
18/07/2013,01:15,0,0,0
18/07/2013,01:30,0,0,0
18/07/2013,01:45,0,0,0
18/07/2013,02:00,0,0,0
18/07/2013,02:15,0,0,0
18/07/2013,02:30,0,0,0
18/07/2013,02:45,1,1,0
18/07/2013,03:00,0,0,0
18/07/2013,03:15,0,0,0
18/07/2013,03:30,0,0,0
18/07/2013,03:45,0,0,0
18/07/2013,04:00,0,0,0
18/07/2013,04:15,0,0,0
18/07/2013,04:30,0,0,0
18/07/2013,04:45,0,0,0
18/07/2013,05:00,1,0,1
18/07/2013,05:15,2,0,2
18/07/2013,05:30,4,1,3
18/07/2013,05:45,3,0,3
18/07/2013,06:00,7,0,7
18/07/2013,06:15,10,0,10
18/07/2013,06:30,19,1,18
18/07/2013,06:45,6,1,5
18/07/2013,07:00,14,1,13
18/07/2013,07:15,10,0,10
18/07/2013,07:30,6,0,6
18/07/2013,07:45,19,1,18
18/07/2013,08:00,12,3,9
18/07/2013,08:15,17,2,15
18/07/2013,08:30,20,4,16
18/07/2013,08:45,8,2,6
18/07/2013,09:00,11,2,9
18/07/2013,09:15,6,2,4
18/07/2013,09:30,21,1,20
18/07/2013,09:45,26,2,24
18/07/2013,10:00,32,7,25
18/07/2013,10:15,20,2,18
18/07/2013,10:30,18,4,14
18/07/2013,10:45,18,1,17
18/07/2013,11:00,19,4,15
18/07/2013,11:15,29,4,25
18/07/2013,11:30,19,5,14
18/07/2013,11:45,14,1,13
18/07/2013,12:00,20,4,16
18/07/2013,12:15,18,2,16
18/07/2013,12:30,13,2,11
18/07/2013,12:45,11,0,11
18/07/2013,13:00,10,2,8
18/07/2013,13:15,12,2,10
18/07/2013,13:30,12,2,10
18/07/2013,13:45,25,9,16
18/07/2013,14:00,14,2,12
18/07/2013,14:15,13,4,9
18/07/2013,14:30,17,5,12
18/07/2013,14:45,10,1,9
18/07/2013,15:00,13,3,10
18/07/2013,15:15,26,2,24
18/07/2013,15:30,11,3,8
18/07/2013,15:45,7,1,6
18/07/2013,16:00,18,1,17
18/07/2013,16:15,30,3,27
18/07/2013,16:30,33,4,29
18/07/2013,16:45,27,3,24
18/07/2013,17:00,23,5,18
18/07/2013,17:15,26,4,22
18/07/2013,17:30,33,8,25
18/07/2013,17:45,18,2,16
18/07/2013,18:00,18,4,14
18/07/2013,18:15,20,8,12
18/07/2013,18:30,31,11,20
18/07/2013,18:45,25,2,23
18/07/2013,19:00,30,6,24
18/07/2013,19:15,40,3,37
18/07/2013,19:30,23,1,22
18/07/2013,19:45,15,2,13
18/07/2013,20:00,16,3,13
18/07/2013,20:15,13,6,7
18/07/2013,20:30,14,2,12
18/07/2013,20:45,8,1,7
18/07/2013,21:00,6,1,5
18/07/2013,21:15,0,0,0
18/07/2013,21:30,1,0,1
18/07/2013,21:45,1,1,0
18/07/2013,22:00,0,0,0
18/07/2013,22:15,1,0,1
18/07/2013,22:30,0,0,0
18/07/2013,22:45,0,0,0
18/07/2013,23:00,0,0,0
18/07/2013,23:15,1,0,1
18/07/2013,23:30,1,0,1
18/07/2013,23:45,0,0,0
19/07/2013,00:00,0,0,0
19/07/2013,00:15,0,0,0
19/07/2013,00:30,0,0,0
19/07/2013,00:45,0,0,0
19/07/2013,01:00,0,0,0
19/07/2013,01:15,0,0,0
19/07/2013,01:30,0,0,0
19/07/2013,01:45,0,0,0
19/07/2013,02:00,0,0,0
19/07/2013,02:15,0,0,0
19/07/2013,02:30,0,0,0
19/07/2013,02:45,0,0,0
19/07/2013,03:00,0,0,0
19/07/2013,03:15,0,0,0
19/07/2013,03:30,0,0,0
19/07/2013,03:45,1,1,0
19/07/2013,04:00,0,0,0
19/07/2013,04:15,0,0,0
19/07/2013,04:30,0,0,0
19/07/2013,04:45,0,0,0
19/07/2013,05:00,0,0,0
19/07/2013,05:15,1,0,1
19/07/2013,05:30,0,0,0
19/07/2013,05:45,3,0,3
19/07/2013,06:00,6,0,6
19/07/2013,06:15,12,0,12
19/07/2013,06:30,11,2,9
19/07/2013,06:45,12,2,10
19/07/2013,07:00,13,0,13
19/07/2013,07:15,11,1,10
19/07/2013,07:30,6,1,5
19/07/2013,07:45,18,1,17
19/07/2013,08:00,14,2,12
19/07/2013,08:15,7,0,7
19/07/2013,08:30,13,0,13
19/07/2013,08:45,16,2,14
19/07/2013,09:00,11,0,11
19/07/2013,09:15,17,3,14
19/07/2013,09:30,19,4,15
19/07/2013,09:45,22,3,19
19/07/2013,10:00,21,1,20
19/07/2013,10:15,19,3,16
19/07/2013,10:30,16,2,14
19/07/2013,10:45,30,2,28
19/07/2013,11:00,18,7,11
19/07/2013,11:15,17,2,15
19/07/2013,11:30,10,7,3
19/07/2013,11:45,21,7,14
19/07/2013,12:00,12,3,9
19/07/2013,12:15,12,1,11
19/07/2013,12:30,13,4,9
19/07/2013,12:45,18,6,12
19/07/2013,13:00,16,9,7
19/07/2013,13:15,13,3,10
19/07/2013,13:30,18,1,17
19/07/2013,13:45,14,3,11
19/07/2013,14:00,19,5,14
19/07/2013,14:15,15,1,14
19/07/2013,14:30,4,0,4
19/07/2013,14:45,12,5,7
19/07/2013,15:00,13,4,9
19/07/2013,15:15,9,3,6
19/07/2013,15:30,13,2,11
19/07/2013,15:45,10,1,9
19/07/2013,16:00,12,3,9
19/07/2013,16:15,23,5,18
19/07/2013,16:30,9,3,6
19/07/2013,16:45,16,6,10
19/07/2013,17:00,27,8,19
19/07/2013,17:15,17,7,10
19/07/2013,17:30,27,11,16
19/07/2013,17:45,28,7,21
19/07/2013,18:00,23,8,15
19/07/2013,18:15,28,2,26
19/07/2013,18:30,24,3,21
19/07/2013,18:45,7,3,4
19/07/2013,19:00,12,3,9
19/07/2013,19:15,15,1,14
19/07/2013,19:30,18,3,15
19/07/2013,19:45,12,4,8
19/07/2013,20:00,8,1,7
19/07/2013,20:15,3,0,3
19/07/2013,20:30,7,0,7
19/07/2013,20:45,21,2,19
19/07/2013,21:00,5,0,5
19/07/2013,21:15,0,0,0
19/07/2013,21:30,2,0,2
19/07/2013,21:45,0,0,0
19/07/2013,22:00,1,0,1
19/07/2013,22:15,1,0,1
19/07/2013,22:30,0,0,0
19/07/2013,22:45,0,0,0
19/07/2013,23:00,0,0,0
19/07/2013,23:15,5,0,5
19/07/2013,23:30,0,0,0
19/07/2013,23:45,0,0,0
20/07/2013,00:00,0,0,0
20/07/2013,00:15,0,0,0
20/07/2013,00:30,0,0,0
20/07/2013,00:45,0,0,0
20/07/2013,01:00,0,0,0
20/07/2013,01:15,0,0,0
20/07/2013,01:30,0,0,0
20/07/2013,01:45,0,0,0
20/07/2013,02:00,0,0,0
20/07/2013,02:15,0,0,0
20/07/2013,02:30,0,0,0
20/07/2013,02:45,0,0,0
20/07/2013,03:00,0,0,0
20/07/2013,03:15,0,0,0
20/07/2013,03:30,1,1,0
20/07/2013,03:45,0,0,0
20/07/2013,04:00,0,0,0
20/07/2013,04:15,0,0,0
20/07/2013,04:30,0,0,0
20/07/2013,04:45,0,0,0
20/07/2013,05:00,0,0,0
20/07/2013,05:15,0,0,0
20/07/2013,05:30,0,0,0
20/07/2013,05:45,0,0,0
20/07/2013,06:00,3,1,2
20/07/2013,06:15,3,0,3
20/07/2013,06:30,3,0,3
20/07/2013,06:45,9,1,8
20/07/2013,07:00,9,2,7
20/07/2013,07:15,9,1,8
20/07/2013,07:30,17,3,14
20/07/2013,07:45,10,3,7
20/07/2013,08:00,12,1,11
20/07/2013,08:15,21,2,19
20/07/2013,08:30,20,3,17
20/07/2013,08:45,23,0,23
20/07/2013,09:00,25,3,22
20/07/2013,09:15,20,2,18
20/07/2013,09:30,30,3,27
20/07/2013,09:45,18,1,17
20/07/2013,10:00,26,7,19
20/07/2013,10:15,29,4,25
20/07/2013,10:30,31,4,27
20/07/2013,10:45,49,11,38
20/07/2013,11:00,30,5,25
20/07/2013,11:15,35,7,28
20/07/2013,11:30,36,11,25
20/07/2013,11:45,33,10,23
20/07/2013,12:00,20,6,14
20/07/2013,12:15,21,4,17
20/07/2013,12:30,14,3,11
20/07/2013,12:45,27,1,26
20/07/2013,13:00,18,7,11
20/07/2013,13:15,17,3,14
20/07/2013,13:30,20,9,11
20/07/2013,13:45,19,6,13
20/07/2013,14:00,33,7,26
20/07/2013,14:15,21,3,18
20/07/2013,14:30,10,3,7
20/07/2013,14:45,26,9,17
20/07/2013,15:00,24,4,20
20/07/2013,15:15,25,7,18
20/07/2013,15:30,19,5,14
20/07/2013,15:45,16,7,9
20/07/2013,16:00,31,5,26
20/07/2013,16:15,11,2,9
20/07/2013,16:30,26,11,15
20/07/2013,16:45,17,3,14
20/07/2013,17:00,11,2,9
20/07/2013,17:15,13,6,7
20/07/2013,17:30,8,2,6
20/07/2013,17:45,15,4,11
20/07/2013,18:00,22,4,18
20/07/2013,18:15,16,2,14
20/07/2013,18:30,38,3,35
20/07/2013,18:45,4,0,4
20/07/2013,19:00,8,2,6
20/07/2013,19:15,10,0,10
20/07/2013,19:30,25,1,24
20/07/2013,19:45,13,1,12
20/07/2013,20:00,17,2,15
20/07/2013,20:15,7,2,5
20/07/2013,20:30,7,2,5
20/07/2013,20:45,6,1,5
20/07/2013,21:00,1,1,0
20/07/2013,21:15,1,0,1
20/07/2013,21:30,0,0,0
20/07/2013,21:45,0,0,0
20/07/2013,22:00,1,0,1
20/07/2013,22:15,0,0,0
20/07/2013,22:30,0,0,0
20/07/2013,22:45,2,0,2
20/07/2013,23:00,0,0,0
20/07/2013,23:15,1,0,1
20/07/2013,23:30,0,0,0
20/07/2013,23:45,1,1,0
21/07/2013,00:00,1,0,1
21/07/2013,00:15,0,0,0
21/07/2013,00:30,1,0,1
21/07/2013,00:45,0,0,0
21/07/2013,01:00,1,0,1
21/07/2013,01:15,0,0,0
21/07/2013,01:30,0,0,0
21/07/2013,01:45,0,0,0
21/07/2013,02:00,0,0,0
21/07/2013,02:15,0,0,0
21/07/2013,02:30,0,0,0
21/07/2013,02:45,0,0,0
21/07/2013,03:00,0,0,0
21/07/2013,03:15,0,0,0
21/07/2013,03:30,0,0,0
21/07/2013,03:45,0,0,0
21/07/2013,04:00,0,0,0
21/07/2013,04:15,0,0,0
21/07/2013,04:30,0,0,0
21/07/2013,04:45,1,0,1
21/07/2013,05:00,0,0,0
21/07/2013,05:15,0,0,0
21/07/2013,05:30,0,0,0
21/07/2013,05:45,1,0,1
21/07/2013,06:00,0,0,0
21/07/2013,06:15,2,0,2
21/07/2013,06:30,2,0,2
21/07/2013,06:45,7,0,7
21/07/2013,07:00,0,0,0
21/07/2013,07:15,9,1,8
21/07/2013,07:30,9,0,9
21/07/2013,07:45,9,2,7
21/07/2013,08:00,12,0,12
21/07/2013,08:15,22,4,18
21/07/2013,08:30,16,1,15
21/07/2013,08:45,12,1,11
21/07/2013,09:00,25,1,24
21/07/2013,09:15,30,5,25
21/07/2013,09:30,12,0,12
21/07/2013,09:45,31,2,29
21/07/2013,10:00,19,4,15
21/07/2013,10:15,26,9,17
21/07/2013,10:30,35,4,31
21/07/2013,10:45,40,7,33
21/07/2013,11:00,23,8,15
21/07/2013,11:15,27,7,20
21/07/2013,11:30,35,11,24
21/07/2013,11:45,35,7,28
21/07/2013,12:00,20,5,15
21/07/2013,12:15,34,11,23
21/07/2013,12:30,14,5,9
21/07/2013,12:45,24,6,18
21/07/2013,13:00,21,7,14
21/07/2013,13:15,19,4,15
21/07/2013,13:30,17,8,9
21/07/2013,13:45,26,12,14
21/07/2013,14:00,26,10,16
21/07/2013,14:15,29,8,21
21/07/2013,14:30,23,5,18
21/07/2013,14:45,23,14,9
21/07/2013,15:00,30,6,24
21/07/2013,15:15,30,6,24
21/07/2013,15:30,22,10,12
21/07/2013,15:45,38,3,35
21/07/2013,16:00,27,7,20
21/07/2013,16:15,29,7,22
21/07/2013,16:30,34,7,27
21/07/2013,16:45,17,7,10
21/07/2013,17:00,27,4,23
21/07/2013,17:15,23,4,19
21/07/2013,17:30,24,5,19
21/07/2013,17:45,21,3,18
21/07/2013,18:00,22,2,20
21/07/2013,18:15,19,3,16
21/07/2013,18:30,17,6,11
21/07/2013,18:45,17,3,14
21/07/2013,19:00,7,2,5
21/07/2013,19:15,9,2,7
21/07/2013,19:30,5,1,4
21/07/2013,19:45,8,3,5
21/07/2013,20:00,7,1,6
21/07/2013,20:15,6,0,6
21/07/2013,20:30,7,0,7
21/07/2013,20:45,2,1,1
21/07/2013,21:00,2,0,2
21/07/2013,21:15,0,0,0
21/07/2013,21:30,0,0,0
21/07/2013,21:45,0,0,0
21/07/2013,22:00,1,0,1
21/07/2013,22:15,1,0,1
21/07/2013,22:30,0,0,0
21/07/2013,22:45,2,0,2
21/07/2013,23:00,0,0,0
21/07/2013,23:15,0,0,0
21/07/2013,23:30,0,0,0
21/07/2013,23:45,0,0,0
22/07/2013,00:00,1,1,0
22/07/2013,00:15,1,0,1
22/07/2013,00:30,0,0,0
22/07/2013,00:45,0,0,0
22/07/2013,01:00,0,0,0
22/07/2013,01:15,0,0,0
22/07/2013,01:30,0,0,0
22/07/2013,01:45,0,0,0
22/07/2013,02:00,0,0,0
22/07/2013,02:15,0,0,0
22/07/2013,02:30,0,0,0
22/07/2013,02:45,0,0,0
22/07/2013,03:00,0,0,0
22/07/2013,03:15,0,0,0
22/07/2013,03:30,0,0,0
22/07/2013,03:45,0,0,0
22/07/2013,04:00,0,0,0
22/07/2013,04:15,0,0,0
22/07/2013,04:30,0,0,0
22/07/2013,04:45,0,0,0
22/07/2013,05:00,0,0,0
22/07/2013,05:15,2,0,2
22/07/2013,05:30,1,0,1
22/07/2013,05:45,4,0,4
22/07/2013,06:00,3,0,3
22/07/2013,06:15,9,0,9
22/07/2013,06:30,10,1,9
22/07/2013,06:45,8,0,8
22/07/2013,07:00,11,1,10
22/07/2013,07:15,17,0,17
22/07/2013,07:30,12,0,12
22/07/2013,07:45,18,3,15
22/07/2013,08:00,12,2,10
22/07/2013,08:15,13,1,12
22/07/2013,08:30,18,3,15
22/07/2013,08:45,19,3,16
22/07/2013,09:00,10,0,10
22/07/2013,09:15,14,4,10
22/07/2013,09:30,13,0,13
22/07/2013,09:45,22,4,18
22/07/2013,10:00,19,3,16
22/07/2013,10:15,22,1,21
22/07/2013,10:30,13,1,12
22/07/2013,10:45,15,2,13
22/07/2013,11:00,17,7,10
22/07/2013,11:15,21,5,16
22/07/2013,11:30,20,3,17
22/07/2013,11:45,22,6,16
22/07/2013,12:00,13,2,11
22/07/2013,12:15,9,3,6
22/07/2013,12:30,17,3,14
22/07/2013,12:45,19,7,12
22/07/2013,13:00,5,1,4
22/07/2013,13:15,19,2,17
22/07/2013,13:30,15,4,11
22/07/2013,13:45,18,3,15
22/07/2013,14:00,16,2,14
22/07/2013,14:15,14,6,8
22/07/2013,14:30,7,2,5
22/07/2013,14:45,7,4,3
22/07/2013,15:00,9,2,7
22/07/2013,15:15,10,1,9
22/07/2013,15:30,16,3,13
22/07/2013,15:45,10,4,6
22/07/2013,16:00,16,5,11
22/07/2013,16:15,11,2,9
22/07/2013,16:30,17,3,14
22/07/2013,16:45,19,6,13
22/07/2013,17:00,11,6,5
22/07/2013,17:15,12,1,11
22/07/2013,17:30,33,9,24
22/07/2013,17:45,19,3,16
22/07/2013,18:00,33,7,26
22/07/2013,18:15,9,0,9
22/07/2013,18:30,17,11,6
22/07/2013,18:45,9,2,7
22/07/2013,19:00,17,5,12
22/07/2013,19:15,9,1,8
22/07/2013,19:30,4,0,4
22/07/2013,19:45,11,3,8
22/07/2013,20:00,4,1,3
22/07/2013,20:15,5,0,5
22/07/2013,20:30,2,0,2
22/07/2013,20:45,3,0,3
22/07/2013,21:00,0,0,0
22/07/2013,21:15,2,0,2
22/07/2013,21:30,1,0,1
22/07/2013,21:45,1,0,1
22/07/2013,22:00,0,0,0
22/07/2013,22:15,2,1,1
22/07/2013,22:30,0,0,0
22/07/2013,22:45,1,0,1
22/07/2013,23:00,1,0,1
22/07/2013,23:15,0,0,0
22/07/2013,23:30,0,0,0
22/07/2013,23:45,0,0,0
23/07/2013,00:00,1,1,0
23/07/2013,00:15,0,0,0
23/07/2013,00:30,0,0,0
23/07/2013,00:45,0,0,0
23/07/2013,01:00,0,0,0
23/07/2013,01:15,0,0,0
23/07/2013,01:30,0,0,0
23/07/2013,01:45,0,0,0
23/07/2013,02:00,0,0,0
23/07/2013,02:15,0,0,0
23/07/2013,02:30,0,0,0
23/07/2013,02:45,0,0,0
23/07/2013,03:00,0,0,0
23/07/2013,03:15,0,0,0
23/07/2013,03:30,1,1,0
23/07/2013,03:45,0,0,0
23/07/2013,04:00,0,0,0
23/07/2013,04:15,0,0,0
23/07/2013,04:30,0,0,0
23/07/2013,04:45,1,0,1
23/07/2013,05:00,0,0,0
23/07/2013,05:15,1,0,1
23/07/2013,05:30,2,0,2
23/07/2013,05:45,3,0,3
23/07/2013,06:00,3,0,3
23/07/2013,06:15,6,0,6
23/07/2013,06:30,10,1,9
23/07/2013,06:45,11,0,11
23/07/2013,07:00,17,1,16
23/07/2013,07:15,14,1,13
23/07/2013,07:30,19,1,18
23/07/2013,07:45,18,1,17
23/07/2013,08:00,17,3,14
23/07/2013,08:15,8,1,7
23/07/2013,08:30,16,3,13
23/07/2013,08:45,16,2,14
23/07/2013,09:00,13,5,8
23/07/2013,09:15,15,0,15
23/07/2013,09:30,16,2,14
23/07/2013,09:45,19,3,16
23/07/2013,10:00,16,2,14
23/07/2013,10:15,9,1,8
23/07/2013,10:30,9,5,4
23/07/2013,10:45,23,2,21
23/07/2013,11:00,15,2,13
23/07/2013,11:15,20,1,19
23/07/2013,11:30,16,3,13
23/07/2013,11:45,20,6,14
23/07/2013,12:00,13,3,10
23/07/2013,12:15,24,2,22
23/07/2013,12:30,13,3,10
23/07/2013,12:45,22,4,18
23/07/2013,13:00,15,2,13
23/07/2013,13:15,18,2,16
23/07/2013,13:30,8,1,7
23/07/2013,13:45,14,4,10
23/07/2013,14:00,12,1,11
23/07/2013,14:15,11,6,5
23/07/2013,14:30,10,3,7
23/07/2013,14:45,11,3,8
23/07/2013,15:00,16,4,12
23/07/2013,15:15,11,2,9
23/07/2013,15:30,12,3,9
23/07/2013,15:45,10,1,9
23/07/2013,16:00,14,5,9
23/07/2013,16:15,13,2,11
23/07/2013,16:30,12,3,9
23/07/2013,16:45,18,6,12
23/07/2013,17:00,23,9,14
23/07/2013,17:15,25,8,17
23/07/2013,17:30,26,9,17
23/07/2013,17:45,20,7,13
23/07/2013,18:00,23,11,12
23/07/2013,18:15,18,3,15
23/07/2013,18:30,38,4,34
23/07/2013,18:45,25,4,21
23/07/2013,19:00,32,14,18
23/07/2013,19:15,21,2,19
23/07/2013,19:30,13,2,11
23/07/2013,19:45,18,1,17
23/07/2013,20:00,11,4,7
23/07/2013,20:15,9,0,9
23/07/2013,20:30,11,1,10
23/07/2013,20:45,1,0,1
23/07/2013,21:00,1,0,1
23/07/2013,21:15,3,1,2
23/07/2013,21:30,0,0,0
23/07/2013,21:45,1,0,1
23/07/2013,22:00,2,2,0
23/07/2013,22:15,1,0,1
23/07/2013,22:30,0,0,0
23/07/2013,22:45,0,0,0
23/07/2013,23:00,0,0,0
23/07/2013,23:15,0,0,0
23/07/2013,23:30,0,0,0
23/07/2013,23:45,0,0,0
24/07/2013,00:00,0,0,0
24/07/2013,00:15,0,0,0
24/07/2013,00:30,0,0,0
24/07/2013,00:45,0,0,0
24/07/2013,01:00,0,0,0
24/07/2013,01:15,0,0,0
24/07/2013,01:30,0,0,0
24/07/2013,01:45,0,0,0
24/07/2013,02:00,0,0,0
24/07/2013,02:15,0,0,0
24/07/2013,02:30,0,0,0
24/07/2013,02:45,0,0,0
24/07/2013,03:00,0,0,0
24/07/2013,03:15,0,0,0
24/07/2013,03:30,0,0,0
24/07/2013,03:45,1,1,0
24/07/2013,04:00,1,0,1
24/07/2013,04:15,1,0,1
24/07/2013,04:30,0,0,0
24/07/2013,04:45,1,0,1
24/07/2013,05:00,0,0,0
24/07/2013,05:15,0,0,0
24/07/2013,05:30,1,0,1
24/07/2013,05:45,3,0,3
24/07/2013,06:00,7,1,6
24/07/2013,06:15,14,0,14
24/07/2013,06:30,8,0,8
24/07/2013,06:45,9,0,9
24/07/2013,07:00,13,1,12
24/07/2013,07:15,14,0,14
24/07/2013,07:30,18,2,16
24/07/2013,07:45,17,0,17
24/07/2013,08:00,13,0,13
24/07/2013,08:15,10,0,10
24/07/2013,08:30,19,5,14
24/07/2013,08:45,26,2,24
24/07/2013,09:00,23,5,18
24/07/2013,09:15,17,3,14
24/07/2013,09:30,21,5,16
24/07/2013,09:45,21,4,17
24/07/2013,10:00,22,3,19
24/07/2013,10:15,17,2,15
24/07/2013,10:30,21,5,16
24/07/2013,10:45,35,3,32
24/07/2013,11:00,24,7,17
24/07/2013,11:15,13,3,10
24/07/2013,11:30,23,2,21
24/07/2013,11:45,28,7,21
24/07/2013,12:00,12,2,10
24/07/2013,12:15,20,6,14
24/07/2013,12:30,16,1,15
24/07/2013,12:45,20,1,19
24/07/2013,13:00,32,11,21
24/07/2013,13:15,19,3,16
24/07/2013,13:30,14,4,10
24/07/2013,13:45,15,6,9
24/07/2013,14:00,23,5,18
24/07/2013,14:15,25,5,20
24/07/2013,14:30,18,5,13
24/07/2013,14:45,17,2,15
24/07/2013,15:00,8,2,6
24/07/2013,15:15,12,1,11
24/07/2013,15:30,24,7,17
24/07/2013,15:45,39,4,35
24/07/2013,16:00,19,3,16
24/07/2013,16:15,25,3,22
24/07/2013,16:30,20,4,16
24/07/2013,16:45,24,5,19
24/07/2013,17:00,36,10,26
24/07/2013,17:15,107,9,98
24/07/2013,17:30,77,8,69
24/07/2013,17:45,71,10,61
24/07/2013,18:00,102,8,94
24/07/2013,18:15,72,2,70
24/07/2013,18:30,59,9,50
24/07/2013,18:45,63,5,58
24/07/2013,19:00,96,7,89
24/07/2013,19:15,90,2,88
24/07/2013,19:30,83,1,82
24/07/2013,19:45,19,0,19
24/07/2013,20:00,23,2,21
24/07/2013,20:15,28,2,26
24/07/2013,20:30,37,2,35
24/07/2013,20:45,15,1,14
24/07/2013,21:00,4,0,4
24/07/2013,21:15,4,0,4
24/07/2013,21:30,4,2,2
24/07/2013,21:45,51,51,0
24/07/2013,22:00,1,1,0
24/07/2013,22:15,0,0,0
24/07/2013,22:30,0,0,0
24/07/2013,22:45,1,1,0
24/07/2013,23:00,1,0,1
24/07/2013,23:15,0,0,0
24/07/2013,23:30,0,0,0
24/07/2013,23:45,0,0,0
25/07/2013,00:00,0,0,0
25/07/2013,00:15,0,0,0
25/07/2013,00:30,0,0,0
25/07/2013,00:45,0,0,0
25/07/2013,01:00,0,0,0
25/07/2013,01:15,0,0,0
25/07/2013,01:30,0,0,0
25/07/2013,01:45,0,0,0
25/07/2013,02:00,0,0,0
25/07/2013,02:15,0,0,0
25/07/2013,02:30,0,0,0
25/07/2013,02:45,0,0,0
25/07/2013,03:00,0,0,0
25/07/2013,03:15,0,0,0
25/07/2013,03:30,0,0,0
25/07/2013,03:45,0,0,0
25/07/2013,04:00,0,0,0
25/07/2013,04:15,0,0,0
25/07/2013,04:30,0,0,0
25/07/2013,04:45,0,0,0
25/07/2013,05:00,0,0,0
25/07/2013,05:15,1,0,1
25/07/2013,05:30,2,0,2
25/07/2013,05:45,2,0,2
25/07/2013,06:00,6,0,6
25/07/2013,06:15,9,1,8
25/07/2013,06:30,12,0,12
25/07/2013,06:45,14,0,14
25/07/2013,07:00,12,0,12
25/07/2013,07:15,14,1,13
25/07/2013,07:30,11,2,9
25/07/2013,07:45,13,3,10
25/07/2013,08:00,16,5,11
25/07/2013,08:15,8,0,8
25/07/2013,08:30,13,2,11
25/07/2013,08:45,8,1,7
25/07/2013,09:00,18,0,18
25/07/2013,09:15,14,4,10
25/07/2013,09:30,24,4,20
25/07/2013,09:45,22,1,21
25/07/2013,10:00,24,1,23
25/07/2013,10:15,24,1,23
25/07/2013,10:30,15,1,14
25/07/2013,10:45,16,1,15
25/07/2013,11:00,19,3,16
25/07/2013,11:15,17,2,15
25/07/2013,11:30,26,3,23
25/07/2013,11:45,12,1,11
25/07/2013,12:00,10,0,10
25/07/2013,12:15,18,5,13
25/07/2013,12:30,16,4,12
25/07/2013,12:45,18,4,14
25/07/2013,13:00,19,1,18
25/07/2013,13:15,16,4,12
25/07/2013,13:30,24,3,21
25/07/2013,13:45,17,1,16
25/07/2013,14:00,22,5,17
25/07/2013,14:15,35,5,30
25/07/2013,14:30,14,4,10
25/07/2013,14:45,10,1,9
25/07/2013,15:00,9,1,8
25/07/2013,15:15,10,2,8
25/07/2013,15:30,16,6,10
25/07/2013,15:45,26,5,21
25/07/2013,16:00,31,7,24
25/07/2013,16:15,20,3,17
25/07/2013,16:30,16,2,14
25/07/2013,16:45,53,7,46
25/07/2013,17:00,31,4,27
25/07/2013,17:15,30,7,23
25/07/2013,17:30,31,9,22
25/07/2013,17:45,24,6,18
25/07/2013,18:00,17,4,13
25/07/2013,18:15,31,9,22
25/07/2013,18:30,21,10,11
25/07/2013,18:45,27,10,17
25/07/2013,19:00,45,4,41
25/07/2013,19:15,20,3,17
25/07/2013,19:30,19,2,17
25/07/2013,19:45,18,5,13
25/07/2013,20:00,15,6,9
25/07/2013,20:15,10,2,8
25/07/2013,20:30,10,1,9
25/07/2013,20:45,14,2,12
25/07/2013,21:00,5,0,5
25/07/2013,21:15,1,1,0
25/07/2013,21:30,8,6,2
25/07/2013,21:45,1,0,1
25/07/2013,22:00,0,0,0
25/07/2013,22:15,1,0,1
25/07/2013,22:30,1,0,1
25/07/2013,22:45,2,0,2
25/07/2013,23:00,2,0,2
25/07/2013,23:15,0,0,0
25/07/2013,23:30,0,0,0
25/07/2013,23:45,0,0,0
26/07/2013,00:00,0,0,0
26/07/2013,00:15,1,0,1
26/07/2013,00:30,0,0,0
26/07/2013,00:45,0,0,0
26/07/2013,01:00,0,0,0
26/07/2013,01:15,0,0,0
26/07/2013,01:30,0,0,0
26/07/2013,01:45,1,0,1
26/07/2013,02:00,0,0,0
26/07/2013,02:15,0,0,0
26/07/2013,02:30,0,0,0
26/07/2013,02:45,0,0,0
26/07/2013,03:00,0,0,0
26/07/2013,03:15,0,0,0
26/07/2013,03:30,0,0,0
26/07/2013,03:45,0,0,0
26/07/2013,04:00,0,0,0
26/07/2013,04:15,0,0,0
26/07/2013,04:30,0,0,0
26/07/2013,04:45,0,0,0
26/07/2013,05:00,0,0,0
26/07/2013,05:15,0,0,0
26/07/2013,05:30,2,0,2
26/07/2013,05:45,4,0,4
26/07/2013,06:00,5,0,5
26/07/2013,06:15,11,1,10
26/07/2013,06:30,6,0,6
26/07/2013,06:45,11,0,11
26/07/2013,07:00,10,1,9
26/07/2013,07:15,12,1,11
26/07/2013,07:30,5,0,5
26/07/2013,07:45,6,0,6
26/07/2013,08:00,4,2,2
26/07/2013,08:15,17,1,16
26/07/2013,08:30,15,0,15
26/07/2013,08:45,19,1,18
26/07/2013,09:00,14,0,14
26/07/2013,09:15,16,3,13
26/07/2013,09:30,24,4,20
26/07/2013,09:45,24,3,21
26/07/2013,10:00,17,1,16
26/07/2013,10:15,16,1,15
26/07/2013,10:30,14,2,12
26/07/2013,10:45,13,2,11
26/07/2013,11:00,25,8,17
26/07/2013,11:15,21,3,18
26/07/2013,11:30,25,2,23
26/07/2013,11:45,24,10,14
26/07/2013,12:00,24,4,20
26/07/2013,12:15,11,1,10
26/07/2013,12:30,9,2,7
26/07/2013,12:45,22,5,17
26/07/2013,13:00,9,2,7
26/07/2013,13:15,13,1,12
26/07/2013,13:30,17,4,13
26/07/2013,13:45,6,3,3
26/07/2013,14:00,16,2,14
26/07/2013,14:15,25,3,22
26/07/2013,14:30,15,2,13
26/07/2013,14:45,18,2,16
26/07/2013,15:00,30,2,28
26/07/2013,15:15,25,12,13
26/07/2013,15:30,23,7,16
26/07/2013,15:45,25,0,25
26/07/2013,16:00,28,7,21
26/07/2013,16:15,37,3,34
26/07/2013,16:30,29,4,25
26/07/2013,16:45,23,2,21
26/07/2013,17:00,17,6,11
26/07/2013,17:15,17,5,12
26/07/2013,17:30,35,6,29
26/07/2013,17:45,62,13,49
26/07/2013,18:00,25,8,17
26/07/2013,18:15,16,3,13
26/07/2013,18:30,28,3,25
26/07/2013,18:45,30,3,27
26/07/2013,19:00,38,8,30
26/07/2013,19:15,36,2,34
26/07/2013,19:30,24,0,24
26/07/2013,19:45,31,8,23
26/07/2013,20:00,10,4,6
26/07/2013,20:15,5,0,5
26/07/2013,20:30,2,2,0
26/07/2013,20:45,4,0,4
26/07/2013,21:00,5,4,1
26/07/2013,21:15,1,0,1
26/07/2013,21:30,2,1,1
26/07/2013,21:45,1,0,1
26/07/2013,22:00,0,0,0
26/07/2013,22:15,0,0,0
26/07/2013,22:30,0,0,0
26/07/2013,22:45,0,0,0
26/07/2013,23:00,0,0,0
26/07/2013,23:15,0,0,0
26/07/2013,23:30,0,0,0
26/07/2013,23:45,0,0,0
27/07/2013,00:00,0,0,0
27/07/2013,00:15,0,0,0
27/07/2013,00:30,0,0,0
27/07/2013,00:45,0,0,0
27/07/2013,01:00,0,0,0
27/07/2013,01:15,0,0,0
27/07/2013,01:30,0,0,0
27/07/2013,01:45,0,0,0
27/07/2013,02:00,0,0,0
27/07/2013,02:15,0,0,0
27/07/2013,02:30,0,0,0
27/07/2013,02:45,0,0,0
27/07/2013,03:00,0,0,0
27/07/2013,03:15,0,0,0
27/07/2013,03:30,0,0,0
27/07/2013,03:45,1,1,0
27/07/2013,04:00,0,0,0
27/07/2013,04:15,2,1,1
27/07/2013,04:30,0,0,0
27/07/2013,04:45,0,0,0
27/07/2013,05:00,0,0,0
27/07/2013,05:15,0,0,0
27/07/2013,05:30,2,0,2
27/07/2013,05:45,0,0,0
27/07/2013,06:00,5,2,3
27/07/2013,06:15,4,0,4
27/07/2013,06:30,10,1,9
27/07/2013,06:45,6,0,6
27/07/2013,07:00,6,1,5
27/07/2013,07:15,6,1,5
27/07/2013,07:30,14,2,12
27/07/2013,07:45,9,1,8
27/07/2013,08:00,9,2,7
27/07/2013,08:15,14,2,12
27/07/2013,08:30,15,2,13
27/07/2013,08:45,18,0,18
27/07/2013,09:00,19,2,17
27/07/2013,09:15,19,1,18
27/07/2013,09:30,24,2,22
27/07/2013,09:45,24,2,22
27/07/2013,10:00,26,2,24
27/07/2013,10:15,27,4,23
27/07/2013,10:30,25,6,19
27/07/2013,10:45,20,5,15
27/07/2013,11:00,38,11,27
27/07/2013,11:15,24,5,19
27/07/2013,11:30,23,3,20
27/07/2013,11:45,18,3,15
27/07/2013,12:00,23,7,16
27/07/2013,12:15,24,7,17
27/07/2013,12:30,21,8,13
27/07/2013,12:45,27,5,22
27/07/2013,13:00,17,5,12
27/07/2013,13:15,21,8,13
27/07/2013,13:30,32,6,26
27/07/2013,13:45,21,6,15
27/07/2013,14:00,15,6,9
27/07/2013,14:15,24,10,14
27/07/2013,14:30,21,6,15
27/07/2013,14:45,18,1,17
27/07/2013,15:00,21,4,17
27/07/2013,15:15,15,5,10
27/07/2013,15:30,19,5,14
27/07/2013,15:45,16,3,13
27/07/2013,16:00,15,7,8
27/07/2013,16:15,23,13,10
27/07/2013,16:30,40,13,27
27/07/2013,16:45,19,10,9
27/07/2013,17:00,14,7,7
27/07/2013,17:15,19,12,7
27/07/2013,17:30,16,9,7
27/07/2013,17:45,24,9,15
27/07/2013,18:00,13,6,7
27/07/2013,18:15,15,11,4
27/07/2013,18:30,24,5,19
27/07/2013,18:45,11,2,9
27/07/2013,19:00,16,6,10
27/07/2013,19:15,6,3,3
27/07/2013,19:30,17,8,9
27/07/2013,19:45,13,6,7
27/07/2013,20:00,7,3,4
27/07/2013,20:15,4,0,4
27/07/2013,20:30,6,2,4
27/07/2013,20:45,6,1,5
27/07/2013,21:00,1,0,1
27/07/2013,21:15,1,0,1
27/07/2013,21:30,1,0,1
27/07/2013,21:45,4,1,3
27/07/2013,22:00,1,0,1
27/07/2013,22:15,0,0,0
27/07/2013,22:30,0,0,0
27/07/2013,22:45,0,0,0
27/07/2013,23:00,0,0,0
27/07/2013,23:15,0,0,0
27/07/2013,23:30,0,0,0
27/07/2013,23:45,0,0,0
28/07/2013,00:00,0,0,0
28/07/2013,00:15,0,0,0
28/07/2013,00:30,0,0,0
28/07/2013,00:45,0,0,0
28/07/2013,01:00,1,0,1
28/07/2013,01:15,0,0,0
28/07/2013,01:30,0,0,0
28/07/2013,01:45,0,0,0
28/07/2013,02:00,0,0,0
28/07/2013,02:15,0,0,0
28/07/2013,02:30,0,0,0
28/07/2013,02:45,0,0,0
28/07/2013,03:00,0,0,0
28/07/2013,03:15,0,0,0
28/07/2013,03:30,0,0,0
28/07/2013,03:45,0,0,0
28/07/2013,04:00,0,0,0
28/07/2013,04:15,2,2,0
28/07/2013,04:30,0,0,0
28/07/2013,04:45,0,0,0
28/07/2013,05:00,0,0,0
28/07/2013,05:15,0,0,0
28/07/2013,05:30,1,0,1
28/07/2013,05:45,1,0,1
28/07/2013,06:00,0,0,0
28/07/2013,06:15,2,0,2
28/07/2013,06:30,2,0,2
28/07/2013,06:45,4,2,2
28/07/2013,07:00,2,1,1
28/07/2013,07:15,5,2,3
28/07/2013,07:30,8,0,8
28/07/2013,07:45,7,1,6
28/07/2013,08:00,4,0,4
28/07/2013,08:15,4,0,4
28/07/2013,08:30,20,2,18
28/07/2013,08:45,21,1,20
28/07/2013,09:00,24,4,20
28/07/2013,09:15,22,2,20
28/07/2013,09:30,29,9,20
28/07/2013,09:45,23,0,23
28/07/2013,10:00,22,3,19
28/07/2013,10:15,30,6,24
28/07/2013,10:30,21,6,15
28/07/2013,10:45,21,8,13
28/07/2013,11:00,26,3,23
28/07/2013,11:15,29,6,23
28/07/2013,11:30,25,8,17
28/07/2013,11:45,24,4,20
28/07/2013,12:00,26,2,24
28/07/2013,12:15,28,5,23
28/07/2013,12:30,22,6,16
28/07/2013,12:45,23,3,20
28/07/2013,13:00,18,3,15
28/07/2013,13:15,28,12,16
28/07/2013,13:30,23,11,12
28/07/2013,13:45,29,5,24
28/07/2013,14:00,25,9,16
28/07/2013,14:15,19,10,9
28/07/2013,14:30,33,9,24
28/07/2013,14:45,20,1,19
28/07/2013,15:00,26,1,25
28/07/2013,15:15,36,11,25
28/07/2013,15:30,24,8,16
28/07/2013,15:45,35,14,21
28/07/2013,16:00,31,6,25
28/07/2013,16:15,36,0,36
28/07/2013,16:30,27,6,21
28/07/2013,16:45,29,11,18
28/07/2013,17:00,21,5,16
28/07/2013,17:15,18,2,16
28/07/2013,17:30,12,5,7
28/07/2013,17:45,17,3,14
28/07/2013,18:00,14,3,11
28/07/2013,18:15,12,2,10
28/07/2013,18:30,8,2,6
28/07/2013,18:45,5,2,3
28/07/2013,19:00,11,3,8
28/07/2013,19:15,7,1,6
28/07/2013,19:30,8,0,8
28/07/2013,19:45,6,1,5
28/07/2013,20:00,5,1,4
28/07/2013,20:15,5,1,4
28/07/2013,20:30,4,0,4
28/07/2013,20:45,4,0,4
28/07/2013,21:00,1,0,1
28/07/2013,21:15,1,0,1
28/07/2013,21:30,0,0,0
28/07/2013,21:45,0,0,0
28/07/2013,22:00,0,0,0
28/07/2013,22:15,0,0,0
28/07/2013,22:30,0,0,0
28/07/2013,22:45,0,0,0
28/07/2013,23:00,0,0,0
28/07/2013,23:15,0,0,0
28/07/2013,23:30,0,0,0
28/07/2013,23:45,0,0,0
29/07/2013,00:00,0,0,0
29/07/2013,00:15,0,0,0
29/07/2013,00:30,0,0,0
29/07/2013,00:45,0,0,0
29/07/2013,01:00,0,0,0
29/07/2013,01:15,0,0,0
29/07/2013,01:30,0,0,0
29/07/2013,01:45,0,0,0
29/07/2013,02:00,0,0,0
29/07/2013,02:15,0,0,0
29/07/2013,02:30,0,0,0
29/07/2013,02:45,0,0,0
29/07/2013,03:00,0,0,0
29/07/2013,03:15,0,0,0
29/07/2013,03:30,0,0,0
29/07/2013,03:45,0,0,0
29/07/2013,04:00,0,0,0
29/07/2013,04:15,0,0,0
29/07/2013,04:30,0,0,0
29/07/2013,04:45,0,0,0
29/07/2013,05:00,0,0,0
29/07/2013,05:15,0,0,0
29/07/2013,05:30,4,0,4
29/07/2013,05:45,4,0,4
29/07/2013,06:00,9,0,9
29/07/2013,06:15,8,1,7
29/07/2013,06:30,8,0,8
29/07/2013,06:45,4,0,4
29/07/2013,07:00,8,0,8
29/07/2013,07:15,13,0,13
29/07/2013,07:30,11,0,11
29/07/2013,07:45,15,1,14
29/07/2013,08:00,10,1,9
29/07/2013,08:15,9,0,9
29/07/2013,08:30,17,3,14
29/07/2013,08:45,20,3,17
29/07/2013,09:00,6,0,6
29/07/2013,09:15,8,2,6
29/07/2013,09:30,16,1,15
29/07/2013,09:45,10,3,7
29/07/2013,10:00,16,0,16
29/07/2013,10:15,10,1,9
29/07/2013,10:30,9,1,8
29/07/2013,10:45,9,1,8
29/07/2013,11:00,9,0,9
29/07/2013,11:15,10,0,10
29/07/2013,11:30,20,7,13
29/07/2013,11:45,11,3,8
29/07/2013,12:00,10,0,10
29/07/2013,12:15,13,2,11
29/07/2013,12:30,15,3,12
29/07/2013,12:45,16,4,12
29/07/2013,13:00,14,0,14
29/07/2013,13:15,11,1,10
29/07/2013,13:30,11,4,7
29/07/2013,13:45,14,3,11
29/07/2013,14:00,20,4,16
29/07/2013,14:15,5,0,5
29/07/2013,14:30,11,3,8
29/07/2013,14:45,8,1,7
29/07/2013,15:00,10,5,5
29/07/2013,15:15,31,8,23
29/07/2013,15:30,11,1,10
29/07/2013,15:45,10,3,7
29/07/2013,16:00,20,5,15
29/07/2013,16:15,14,3,11
29/07/2013,16:30,17,1,16
29/07/2013,16:45,13,2,11
29/07/2013,17:00,17,8,9
29/07/2013,17:15,21,6,15
29/07/2013,17:30,27,15,12
29/07/2013,17:45,20,2,18
29/07/2013,18:00,26,6,20
29/07/2013,18:15,27,10,17
29/07/2013,18:30,31,12,19
29/07/2013,18:45,25,4,21
29/07/2013,19:00,28,5,23
29/07/2013,19:15,23,4,19
29/07/2013,19:30,12,2,10
29/07/2013,19:45,23,7,16
29/07/2013,20:00,10,3,7
29/07/2013,20:15,11,2,9
29/07/2013,20:30,8,0,8
29/07/2013,20:45,5,2,3
29/07/2013,21:00,2,0,2
29/07/2013,21:15,2,0,2
29/07/2013,21:30,1,0,1
29/07/2013,21:45,2,0,2
29/07/2013,22:00,0,0,0
29/07/2013,22:15,1,0,1
29/07/2013,22:30,0,0,0
29/07/2013,22:45,0,0,0
29/07/2013,23:00,0,0,0
29/07/2013,23:15,1,0,1
29/07/2013,23:30,0,0,0
29/07/2013,23:45,1,0,1
30/07/2013,00:00,0,0,0
30/07/2013,00:15,0,0,0
30/07/2013,00:30,1,0,1
30/07/2013,00:45,0,0,0
30/07/2013,01:00,0,0,0
30/07/2013,01:15,0,0,0
30/07/2013,01:30,0,0,0
30/07/2013,01:45,0,0,0
30/07/2013,02:00,0,0,0
30/07/2013,02:15,0,0,0
30/07/2013,02:30,0,0,0
30/07/2013,02:45,0,0,0
30/07/2013,03:00,0,0,0
30/07/2013,03:15,0,0,0
30/07/2013,03:30,1,1,0
30/07/2013,03:45,0,0,0
30/07/2013,04:00,0,0,0
30/07/2013,04:15,0,0,0
30/07/2013,04:30,0,0,0
30/07/2013,04:45,0,0,0
30/07/2013,05:00,0,0,0
30/07/2013,05:15,1,0,1
30/07/2013,05:30,1,0,1
30/07/2013,05:45,4,0,4
30/07/2013,06:00,7,0,7
30/07/2013,06:15,6,1,5
30/07/2013,06:30,6,0,6
30/07/2013,06:45,11,2,9
30/07/2013,07:00,13,1,12
30/07/2013,07:15,12,1,11
30/07/2013,07:30,15,2,13
30/07/2013,07:45,8,0,8
30/07/2013,08:00,9,1,8
30/07/2013,08:15,6,0,6
30/07/2013,08:30,14,2,12
30/07/2013,08:45,12,1,11
30/07/2013,09:00,11,0,11
30/07/2013,09:15,16,3,13
30/07/2013,09:30,21,3,18
30/07/2013,09:45,18,3,15
30/07/2013,10:00,21,1,20
30/07/2013,10:15,22,1,21
30/07/2013,10:30,8,0,8
30/07/2013,10:45,22,2,20
30/07/2013,11:00,10,0,10
30/07/2013,11:15,9,0,9
30/07/2013,11:30,22,10,12
30/07/2013,11:45,14,3,11
30/07/2013,12:00,12,0,12
30/07/2013,12:15,18,3,15
30/07/2013,12:30,12,2,10
30/07/2013,12:45,15,3,12
30/07/2013,13:00,11,4,7
30/07/2013,13:15,16,6,10
30/07/2013,13:30,10,0,10
30/07/2013,13:45,12,2,10
30/07/2013,14:00,13,4,9
30/07/2013,14:15,18,5,13
30/07/2013,14:30,13,7,6
30/07/2013,14:45,20,1,19
30/07/2013,15:00,16,1,15
30/07/2013,15:15,26,4,22
30/07/2013,15:30,41,8,33
30/07/2013,15:45,21,1,20
30/07/2013,16:00,25,2,23
30/07/2013,16:15,27,5,22
30/07/2013,16:30,32,1,31
30/07/2013,16:45,21,1,20
30/07/2013,17:00,25,5,20
30/07/2013,17:15,24,2,22
30/07/2013,17:30,22,11,11
30/07/2013,17:45,22,7,15
30/07/2013,18:00,24,7,17
30/07/2013,18:15,28,10,18
30/07/2013,18:30,21,6,15
30/07/2013,18:45,23,7,16
30/07/2013,19:00,17,5,12
30/07/2013,19:15,10,1,9
30/07/2013,19:30,14,3,11
30/07/2013,19:45,13,2,11
30/07/2013,20:00,13,4,9
30/07/2013,20:15,5,1,4
30/07/2013,20:30,8,0,8
30/07/2013,20:45,9,2,7
30/07/2013,21:00,6,1,5
30/07/2013,21:15,0,0,0
30/07/2013,21:30,0,0,0
30/07/2013,21:45,1,0,1
30/07/2013,22:00,2,0,2
30/07/2013,22:15,1,0,1
30/07/2013,22:30,0,0,0
30/07/2013,22:45,1,0,1
30/07/2013,23:00,0,0,0
30/07/2013,23:15,0,0,0
30/07/2013,23:30,0,0,0
30/07/2013,23:45,1,1,0
31/07/2013,00:00,0,0,0
31/07/2013,00:15,0,0,0
31/07/2013,00:30,0,0,0
31/07/2013,00:45,0,0,0
31/07/2013,01:00,0,0,0
31/07/2013,01:15,0,0,0
31/07/2013,01:30,0,0,0
31/07/2013,01:45,0,0,0
31/07/2013,02:00,0,0,0
31/07/2013,02:15,1,0,1
31/07/2013,02:30,0,0,0
31/07/2013,02:45,0,0,0
31/07/2013,03:00,0,0,0
31/07/2013,03:15,0,0,0
31/07/2013,03:30,0,0,0
31/07/2013,03:45,0,0,0
31/07/2013,04:00,0,0,0
31/07/2013,04:15,0,0,0
31/07/2013,04:30,0,0,0
31/07/2013,04:45,0,0,0
31/07/2013,05:00,0,0,0
31/07/2013,05:15,2,0,2
31/07/2013,05:30,2,0,2
31/07/2013,05:45,2,0,2
31/07/2013,06:00,0,0,0
31/07/2013,06:15,7,0,7
31/07/2013,06:30,6,1,5
31/07/2013,06:45,11,0,11
31/07/2013,07:00,12,1,11
31/07/2013,07:15,13,1,12
31/07/2013,07:30,12,0,12
31/07/2013,07:45,15,1,14
31/07/2013,08:00,10,1,9
31/07/2013,08:15,13,1,12
31/07/2013,08:30,19,0,19
31/07/2013,08:45,19,4,15
31/07/2013,09:00,18,3,15
31/07/2013,09:15,3,0,3
31/07/2013,09:30,7,1,6
31/07/2013,09:45,23,2,21
31/07/2013,10:00,18,3,15
31/07/2013,10:15,18,1,17
31/07/2013,10:30,10,1,9
31/07/2013,10:45,8,0,8
31/07/2013,11:00,12,4,8
31/07/2013,11:15,12,1,11
31/07/2013,11:30,10,2,8
31/07/2013,11:45,16,5,11
31/07/2013,12:00,21,3,18
31/07/2013,12:15,18,3,15
31/07/2013,12:30,11,4,7
31/07/2013,12:45,16,0,16
31/07/2013,13:00,19,4,15
31/07/2013,13:15,8,1,7
31/07/2013,13:30,17,2,15
31/07/2013,13:45,17,7,10
31/07/2013,14:00,21,3,18
31/07/2013,14:15,9,1,8
31/07/2013,14:30,12,0,12
31/07/2013,14:45,15,5,10
31/07/2013,15:00,15,2,13
31/07/2013,15:15,19,1,18
31/07/2013,15:30,19,5,14
31/07/2013,15:45,22,2,20
31/07/2013,16:00,12,4,8
31/07/2013,16:15,19,3,16
31/07/2013,16:30,27,3,24
31/07/2013,16:45,18,5,13
31/07/2013,17:00,19,7,12
31/07/2013,17:15,14,5,9
31/07/2013,17:30,19,4,15
31/07/2013,17:45,15,4,11
31/07/2013,18:00,23,2,21
31/07/2013,18:15,22,4,18
31/07/2013,18:30,24,16,8
31/07/2013,18:45,12,4,8
31/07/2013,19:00,20,7,13
31/07/2013,19:15,20,1,19
31/07/2013,19:30,20,4,16
31/07/2013,19:45,22,1,21
31/07/2013,20:00,10,5,5
31/07/2013,20:15,6,2,4
31/07/2013,20:30,4,0,4
31/07/2013,20:45,3,1,2
31/07/2013,21:00,1,0,1
31/07/2013,21:15,2,1,1
31/07/2013,21:30,0,0,0
31/07/2013,21:45,0,0,0
31/07/2013,22:00,1,1,0
31/07/2013,22:15,3,1,2
31/07/2013,22:30,0,0,0
31/07/2013,22:45,0,0,0
31/07/2013,23:00,150,148,2
31/07/2013,23:15,86,86,0
31/07/2013,23:30,0,0,0
31/07/2013,23:45,0,0,0
01/08/2013,00:00,1,0,1
01/08/2013,00:15,0,0,0
01/08/2013,00:30,0,0,0
01/08/2013,00:45,0,0,0
01/08/2013,01:00,0,0,0
01/08/2013,01:15,0,0,0
01/08/2013,01:30,0,0,0
01/08/2013,01:45,0,0,0
01/08/2013,02:00,0,0,0
01/08/2013,02:15,0,0,0
01/08/2013,02:30,0,0,0
01/08/2013,02:45,0,0,0
01/08/2013,03:00,0,0,0
01/08/2013,03:15,0,0,0
01/08/2013,03:30,0,0,0
01/08/2013,03:45,0,0,0
01/08/2013,04:00,0,0,0
01/08/2013,04:15,0,0,0
01/08/2013,04:30,0,0,0
01/08/2013,04:45,1,0,1
01/08/2013,05:00,0,0,0
01/08/2013,05:15,1,0,1
01/08/2013,05:30,0,0,0
01/08/2013,05:45,3,0,3
01/08/2013,06:00,2,0,2
01/08/2013,06:15,8,0,8
01/08/2013,06:30,18,0,18
01/08/2013,06:45,12,2,10
01/08/2013,07:00,5,0,5
01/08/2013,07:15,7,0,7
01/08/2013,07:30,13,0,13
01/08/2013,07:45,17,0,17
01/08/2013,08:00,10,2,8
01/08/2013,08:15,14,1,13
01/08/2013,08:30,10,1,9
01/08/2013,08:45,14,2,12
01/08/2013,09:00,16,2,14
01/08/2013,09:15,17,2,15
01/08/2013,09:30,18,0,18
01/08/2013,09:45,18,1,17
01/08/2013,10:00,13,2,11
01/08/2013,10:15,17,2,15
01/08/2013,10:30,16,0,16
01/08/2013,10:45,11,1,10
01/08/2013,11:00,13,2,11
01/08/2013,11:15,12,1,11
01/08/2013,11:30,18,2,16
01/08/2013,11:45,18,1,17
01/08/2013,12:00,13,2,11
01/08/2013,12:15,12,7,5
01/08/2013,12:30,9,0,9
01/08/2013,12:45,18,2,16
01/08/2013,13:00,13,1,12
01/08/2013,13:15,17,3,14
01/08/2013,13:30,10,0,10
01/08/2013,13:45,18,6,12
01/08/2013,14:00,21,6,15
01/08/2013,14:15,16,5,11
01/08/2013,14:30,14,2,12
01/08/2013,14:45,9,2,7
01/08/2013,15:00,21,3,18
01/08/2013,15:15,29,6,23
01/08/2013,15:30,40,5,35
01/08/2013,15:45,27,4,23
01/08/2013,16:00,8,3,5
01/08/2013,16:15,14,8,6
01/08/2013,16:30,10,4,6
01/08/2013,16:45,22,4,18
01/08/2013,17:00,5,3,2
01/08/2013,17:15,16,4,12
01/08/2013,17:30,20,4,16
01/08/2013,17:45,17,7,10
01/08/2013,18:00,18,5,13
01/08/2013,18:15,23,5,18
01/08/2013,18:30,27,11,16
01/08/2013,18:45,13,2,11
01/08/2013,19:00,29,14,15
01/08/2013,19:15,24,4,20
01/08/2013,19:30,26,5,21
01/08/2013,19:45,12,1,11
01/08/2013,20:00,27,4,23
01/08/2013,20:15,11,1,10
01/08/2013,20:30,10,0,10
01/08/2013,20:45,6,0,6
01/08/2013,21:00,1,0,1
01/08/2013,21:15,3,0,3
01/08/2013,21:30,0,0,0
01/08/2013,21:45,0,0,0
01/08/2013,22:00,2,0,2
01/08/2013,22:15,1,1,0
01/08/2013,22:30,0,0,0
01/08/2013,22:45,1,0,1
01/08/2013,23:00,1,1,0
01/08/2013,23:15,0,0,0
01/08/2013,23:30,0,0,0
01/08/2013,23:45,0,0,0
02/08/2013,00:00,0,0,0
02/08/2013,00:15,0,0,0
02/08/2013,00:30,0,0,0
02/08/2013,00:45,0,0,0
02/08/2013,01:00,0,0,0
02/08/2013,01:15,0,0,0
02/08/2013,01:30,0,0,0
02/08/2013,01:45,0,0,0
02/08/2013,02:00,0,0,0
02/08/2013,02:15,0,0,0
02/08/2013,02:30,0,0,0
02/08/2013,02:45,0,0,0
02/08/2013,03:00,0,0,0
02/08/2013,03:15,0,0,0
02/08/2013,03:30,0,0,0
02/08/2013,03:45,0,0,0
02/08/2013,04:00,0,0,0
02/08/2013,04:15,0,0,0
02/08/2013,04:30,0,0,0
02/08/2013,04:45,1,0,1
02/08/2013,05:00,0,0,0
02/08/2013,05:15,1,0,1
02/08/2013,05:30,3,0,3
02/08/2013,05:45,1,0,1
02/08/2013,06:00,4,0,4
02/08/2013,06:15,8,0,8
02/08/2013,06:30,7,1,6
02/08/2013,06:45,10,0,10
02/08/2013,07:00,8,0,8
02/08/2013,07:15,10,2,8
02/08/2013,07:30,12,1,11
02/08/2013,07:45,9,1,8
02/08/2013,08:00,8,0,8
02/08/2013,08:15,13,1,12
02/08/2013,08:30,13,0,13
02/08/2013,08:45,18,3,15
02/08/2013,09:00,11,3,8
02/08/2013,09:15,14,2,12
02/08/2013,09:30,20,0,20
02/08/2013,09:45,21,1,20
02/08/2013,10:00,21,1,20
02/08/2013,10:15,19,3,16
02/08/2013,10:30,23,2,21
02/08/2013,10:45,15,3,12
02/08/2013,11:00,17,8,9
02/08/2013,11:15,20,4,16
02/08/2013,11:30,9,1,8
02/08/2013,11:45,13,0,13
02/08/2013,12:00,20,2,18
02/08/2013,12:15,15,2,13
02/08/2013,12:30,71,1,70
02/08/2013,12:45,16,1,15
02/08/2013,13:00,15,1,14
02/08/2013,13:15,17,4,13
02/08/2013,13:30,12,1,11
02/08/2013,13:45,16,4,12
02/08/2013,14:00,8,3,5
02/08/2013,14:15,13,2,11
02/08/2013,14:30,17,3,14
02/08/2013,14:45,11,3,8
02/08/2013,15:00,17,6,11
02/08/2013,15:15,16,3,13
02/08/2013,15:30,21,7,14
02/08/2013,15:45,20,10,10
02/08/2013,16:00,14,1,13
02/08/2013,16:15,15,3,12
02/08/2013,16:30,21,4,17
02/08/2013,16:45,19,4,15
02/08/2013,17:00,27,7,20
02/08/2013,17:15,25,3,22
02/08/2013,17:30,28,10,18
02/08/2013,17:45,30,3,27
02/08/2013,18:00,21,3,18
02/08/2013,18:15,16,8,8
02/08/2013,18:30,18,4,14
02/08/2013,18:45,28,8,20
02/08/2013,19:00,40,4,36
02/08/2013,19:15,19,3,16
02/08/2013,19:30,29,3,26
02/08/2013,19:45,12,4,8
02/08/2013,20:00,16,1,15
02/08/2013,20:15,14,1,13
02/08/2013,20:30,6,1,5
02/08/2013,20:45,4,0,4
02/08/2013,21:00,5,0,5
02/08/2013,21:15,4,0,4
02/08/2013,21:30,11,1,10
02/08/2013,21:45,3,0,3
02/08/2013,22:00,3,0,3
02/08/2013,22:15,10,0,10
02/08/2013,22:30,1,0,1
02/08/2013,22:45,1,0,1
02/08/2013,23:00,0,0,0
02/08/2013,23:15,1,0,1
02/08/2013,23:30,0,0,0
02/08/2013,23:45,0,0,0
03/08/2013,00:00,0,0,0
03/08/2013,00:15,0,0,0
03/08/2013,00:30,0,0,0
03/08/2013,00:45,0,0,0
03/08/2013,01:00,0,0,0
03/08/2013,01:15,0,0,0
03/08/2013,01:30,0,0,0
03/08/2013,01:45,0,0,0
03/08/2013,02:00,0,0,0
03/08/2013,02:15,0,0,0
03/08/2013,02:30,0,0,0
03/08/2013,02:45,0,0,0
03/08/2013,03:00,0,0,0
03/08/2013,03:15,0,0,0
03/08/2013,03:30,0,0,0
03/08/2013,03:45,0,0,0
03/08/2013,04:00,0,0,0
03/08/2013,04:15,0,0,0
03/08/2013,04:30,0,0,0
03/08/2013,04:45,0,0,0
03/08/2013,05:00,0,0,0
03/08/2013,05:15,0,0,0
03/08/2013,05:30,0,0,0
03/08/2013,05:45,0,0,0
03/08/2013,06:00,1,0,1
03/08/2013,06:15,4,0,4
03/08/2013,06:30,5,0,5
03/08/2013,06:45,5,0,5
03/08/2013,07:00,8,1,7
03/08/2013,07:15,7,0,7
03/08/2013,07:30,8,1,7
03/08/2013,07:45,6,2,4
03/08/2013,08:00,13,4,9
03/08/2013,08:15,22,4,18
03/08/2013,08:30,15,2,13
03/08/2013,08:45,22,4,18
03/08/2013,09:00,18,2,16
03/08/2013,09:15,14,1,13
03/08/2013,09:30,22,2,20
03/08/2013,09:45,20,3,17
03/08/2013,10:00,16,3,13
03/08/2013,10:15,31,13,18
03/08/2013,10:30,31,9,22
03/08/2013,10:45,25,6,19
03/08/2013,11:00,28,4,24
03/08/2013,11:15,26,5,21
03/08/2013,11:30,45,21,24
03/08/2013,11:45,22,2,20
03/08/2013,12:00,22,7,15
03/08/2013,12:15,25,12,13
03/08/2013,12:30,21,2,19
03/08/2013,12:45,30,10,20
03/08/2013,13:00,23,5,18
03/08/2013,13:15,16,3,13
03/08/2013,13:30,23,9,14
03/08/2013,13:45,28,4,24
03/08/2013,14:00,19,5,14
03/08/2013,14:15,34,10,24
03/08/2013,14:30,23,9,14
03/08/2013,14:45,15,2,13
03/08/2013,15:00,38,17,21
03/08/2013,15:15,40,14,26
03/08/2013,15:30,26,9,17
03/08/2013,15:45,24,7,17
03/08/2013,16:00,17,4,13
03/08/2013,16:15,19,3,16
03/08/2013,16:30,28,10,18
03/08/2013,16:45,24,7,17
03/08/2013,17:00,24,10,14
03/08/2013,17:15,21,7,14
03/08/2013,17:30,23,3,20
03/08/2013,17:45,35,1,34
03/08/2013,18:00,23,2,21
03/08/2013,18:15,9,3,6
03/08/2013,18:30,9,1,8
03/08/2013,18:45,6,0,6
03/08/2013,19:00,16,1,15
03/08/2013,19:15,9,2,7
03/08/2013,19:30,9,4,5
03/08/2013,19:45,8,2,6
03/08/2013,20:00,4,0,4
03/08/2013,20:15,1,0,1
03/08/2013,20:30,1,0,1
03/08/2013,20:45,1,0,1
03/08/2013,21:00,0,0,0
03/08/2013,21:15,1,1,0
03/08/2013,21:30,0,0,0
03/08/2013,21:45,0,0,0
03/08/2013,22:00,0,0,0
03/08/2013,22:15,0,0,0
03/08/2013,22:30,0,0,0
03/08/2013,22:45,0,0,0
03/08/2013,23:00,0,0,0
03/08/2013,23:15,0,0,0
03/08/2013,23:30,0,0,0
03/08/2013,23:45,1,1,0
04/08/2013,00:00,0,0,0
04/08/2013,00:15,0,0,0
04/08/2013,00:30,0,0,0
04/08/2013,00:45,1,0,1
04/08/2013,01:00,0,0,0
04/08/2013,01:15,0,0,0
04/08/2013,01:30,0,0,0
04/08/2013,01:45,0,0,0
04/08/2013,02:00,0,0,0
04/08/2013,02:15,0,0,0
04/08/2013,02:30,0,0,0
04/08/2013,02:45,0,0,0
04/08/2013,03:00,0,0,0
04/08/2013,03:15,0,0,0
04/08/2013,03:30,0,0,0
04/08/2013,03:45,0,0,0
04/08/2013,04:00,0,0,0
04/08/2013,04:15,0,0,0
04/08/2013,04:30,0,0,0
04/08/2013,04:45,0,0,0
04/08/2013,05:00,0,0,0
04/08/2013,05:15,0,0,0
04/08/2013,05:30,0,0,0
04/08/2013,05:45,0,0,0
04/08/2013,06:00,0,0,0
04/08/2013,06:15,0,0,0
04/08/2013,06:30,3,1,2
04/08/2013,06:45,5,0,5
04/08/2013,07:00,5,0,5
04/08/2013,07:15,14,2,12
04/08/2013,07:30,6,0,6
04/08/2013,07:45,9,1,8
04/08/2013,08:00,5,0,5
04/08/2013,08:15,13,1,12
04/08/2013,08:30,14,3,11
04/08/2013,08:45,18,2,16
04/08/2013,09:00,6,2,4
04/08/2013,09:15,30,5,25
04/08/2013,09:30,19,3,16
04/08/2013,09:45,20,4,16
04/08/2013,10:00,28,5,23
04/08/2013,10:15,24,3,21
04/08/2013,10:30,35,3,32
04/08/2013,10:45,22,7,15
04/08/2013,11:00,21,1,20
04/08/2013,11:15,27,5,22
04/08/2013,11:30,34,4,30
04/08/2013,11:45,27,3,24
04/08/2013,12:00,25,8,17
04/08/2013,12:15,26,6,20
04/08/2013,12:30,29,10,19
04/08/2013,12:45,74,66,8
04/08/2013,13:00,136,126,10
04/08/2013,13:15,139,129,10
04/08/2013,13:30,153,146,7
04/08/2013,13:45,195,185,10
04/08/2013,14:00,56,41,15
04/08/2013,14:15,31,5,26
04/08/2013,14:30,36,12,24
04/08/2013,14:45,39,6,33
04/08/2013,15:00,40,9,31
04/08/2013,15:15,38,11,27
04/08/2013,15:30,48,15,33
04/08/2013,15:45,38,9,29
04/08/2013,16:00,19,4,15
04/08/2013,16:15,25,3,22
04/08/2013,16:30,21,2,19
04/08/2013,16:45,28,10,18
04/08/2013,17:00,22,6,16
04/08/2013,17:15,27,8,19
04/08/2013,17:30,21,2,19
04/08/2013,17:45,18,6,12
04/08/2013,18:00,30,6,24
04/08/2013,18:15,33,7,26
04/08/2013,18:30,61,1,60
04/08/2013,18:45,163,3,160
04/08/2013,19:00,86,0,86
04/08/2013,19:15,111,2,109
04/08/2013,19:30,82,3,79
04/08/2013,19:45,132,7,125
04/08/2013,20:00,70,1,69
04/08/2013,20:15,8,0,8
04/08/2013,20:30,3,0,3
04/08/2013,20:45,5,0,5
04/08/2013,21:00,3,1,2
04/08/2013,21:15,0,0,0
04/08/2013,21:30,0,0,0
04/08/2013,21:45,0,0,0
04/08/2013,22:00,0,0,0
04/08/2013,22:15,0,0,0
04/08/2013,22:30,0,0,0
04/08/2013,22:45,1,0,1
04/08/2013,23:00,0,0,0
04/08/2013,23:15,0,0,0
04/08/2013,23:30,0,0,0
04/08/2013,23:45,0,0,0
05/08/2013,00:00,1,1,0
05/08/2013,00:15,0,0,0
05/08/2013,00:30,0,0,0
05/08/2013,00:45,0,0,0
05/08/2013,01:00,0,0,0
05/08/2013,01:15,0,0,0
05/08/2013,01:30,0,0,0
05/08/2013,01:45,0,0,0
05/08/2013,02:00,0,0,0
05/08/2013,02:15,0,0,0
05/08/2013,02:30,0,0,0
05/08/2013,02:45,0,0,0
05/08/2013,03:00,0,0,0
05/08/2013,03:15,0,0,0
05/08/2013,03:30,0,0,0
05/08/2013,03:45,0,0,0
05/08/2013,04:00,0,0,0
05/08/2013,04:15,0,0,0
05/08/2013,04:30,0,0,0
05/08/2013,04:45,0,0,0
05/08/2013,05:00,0,0,0
05/08/2013,05:15,2,0,2
05/08/2013,05:30,2,0,2
05/08/2013,05:45,0,0,0
05/08/2013,06:00,4,0,4
05/08/2013,06:15,8,0,8
05/08/2013,06:30,10,0,10
05/08/2013,06:45,11,1,10
05/08/2013,07:00,10,0,10
05/08/2013,07:15,19,2,17
05/08/2013,07:30,11,1,10
05/08/2013,07:45,14,2,12
05/08/2013,08:00,7,0,7
05/08/2013,08:15,17,5,12
05/08/2013,08:30,11,2,9
05/08/2013,08:45,17,1,16
05/08/2013,09:00,5,1,4
05/08/2013,09:15,13,2,11
05/08/2013,09:30,14,1,13
05/08/2013,09:45,27,3,24
05/08/2013,10:00,18,1,17
05/08/2013,10:15,16,0,16
05/08/2013,10:30,17,2,15
05/08/2013,10:45,14,2,12
05/08/2013,11:00,26,12,14
05/08/2013,11:15,13,3,10
05/08/2013,11:30,21,0,21
05/08/2013,11:45,23,3,20
05/08/2013,12:00,16,1,15
05/08/2013,12:15,12,2,10
05/08/2013,12:30,16,1,15
05/08/2013,12:45,16,5,11
05/08/2013,13:00,19,6,13
05/08/2013,13:15,25,4,21
05/08/2013,13:30,31,6,25
05/08/2013,13:45,25,6,19
05/08/2013,14:00,26,4,22
05/08/2013,14:15,29,6,23
05/08/2013,14:30,21,2,19
05/08/2013,14:45,18,6,12
05/08/2013,15:00,23,0,23
05/08/2013,15:15,25,0,25
05/08/2013,15:30,32,6,26
05/08/2013,15:45,26,7,19
05/08/2013,16:00,26,4,22
05/08/2013,16:15,19,7,12
05/08/2013,16:30,25,3,22
05/08/2013,16:45,24,2,22
05/08/2013,17:00,30,9,21
05/08/2013,17:15,19,3,16
05/08/2013,17:30,37,8,29
05/08/2013,17:45,17,5,12
05/08/2013,18:00,22,8,14
05/08/2013,18:15,29,3,26
05/08/2013,18:30,32,12,20
05/08/2013,18:45,17,0,17
05/08/2013,19:00,32,10,22
05/08/2013,19:15,32,2,30
05/08/2013,19:30,18,1,17
05/08/2013,19:45,5,0,5
05/08/2013,20:00,17,4,13
05/08/2013,20:15,5,0,5
05/08/2013,20:30,5,1,4
05/08/2013,20:45,4,0,4
05/08/2013,21:00,0,0,0
05/08/2013,21:15,6,0,6
05/08/2013,21:30,32,31,1
05/08/2013,21:45,1,1,0
05/08/2013,22:00,0,0,0
05/08/2013,22:15,1,1,0
05/08/2013,22:30,2,0,2
05/08/2013,22:45,0,0,0
05/08/2013,23:00,0,0,0
05/08/2013,23:15,0,0,0
05/08/2013,23:30,0,0,0
05/08/2013,23:45,0,0,0
06/08/2013,00:00,0,0,0
06/08/2013,00:15,0,0,0
06/08/2013,00:30,1,1,0
06/08/2013,00:45,0,0,0
06/08/2013,01:00,0,0,0
06/08/2013,01:15,0,0,0
06/08/2013,01:30,0,0,0
06/08/2013,01:45,0,0,0
06/08/2013,02:00,0,0,0
06/08/2013,02:15,0,0,0
06/08/2013,02:30,0,0,0
06/08/2013,02:45,0,0,0
06/08/2013,03:00,0,0,0
06/08/2013,03:15,0,0,0
06/08/2013,03:30,0,0,0
06/08/2013,03:45,0,0,0
06/08/2013,04:00,0,0,0
06/08/2013,04:15,0,0,0
06/08/2013,04:30,0,0,0
06/08/2013,04:45,0,0,0
06/08/2013,05:00,2,0,2
06/08/2013,05:15,1,0,1
06/08/2013,05:30,1,0,1
06/08/2013,05:45,2,0,2
06/08/2013,06:00,2,0,2
06/08/2013,06:15,10,0,10
06/08/2013,06:30,6,1,5
06/08/2013,06:45,15,1,14
06/08/2013,07:00,19,2,17
06/08/2013,07:15,13,0,13
06/08/2013,07:30,8,1,7
06/08/2013,07:45,20,1,19
06/08/2013,08:00,4,0,4
06/08/2013,08:15,8,2,6
06/08/2013,08:30,11,1,10
06/08/2013,08:45,13,0,13
06/08/2013,09:00,8,1,7
06/08/2013,09:15,11,2,9
06/08/2013,09:30,10,0,10
06/08/2013,09:45,26,5,21
06/08/2013,10:00,19,1,18
06/08/2013,10:15,21,1,20
06/08/2013,10:30,23,2,21
06/08/2013,10:45,18,5,13
06/08/2013,11:00,11,0,11
06/08/2013,11:15,10,1,9
06/08/2013,11:30,16,2,14
06/08/2013,11:45,9,1,8
06/08/2013,12:00,13,1,12
06/08/2013,12:15,24,4,20
06/08/2013,12:30,20,8,12
06/08/2013,12:45,28,0,28
06/08/2013,13:00,9,0,9
06/08/2013,13:15,23,3,20
06/08/2013,13:30,14,2,12
06/08/2013,13:45,16,4,12
06/08/2013,14:00,17,3,14
06/08/2013,14:15,14,3,11
06/08/2013,14:30,24,4,20
06/08/2013,14:45,30,2,28
06/08/2013,15:00,28,4,24
06/08/2013,15:15,24,3,21
06/08/2013,15:30,22,4,18
06/08/2013,15:45,23,7,16
06/08/2013,16:00,33,8,25
06/08/2013,16:15,30,1,29
06/08/2013,16:30,29,2,27
06/08/2013,16:45,34,5,29
06/08/2013,17:00,33,6,27
06/08/2013,17:15,26,2,24
06/08/2013,17:30,29,6,23
06/08/2013,17:45,22,4,18
06/08/2013,18:00,35,8,27
06/08/2013,18:15,39,2,37
06/08/2013,18:30,92,10,82
06/08/2013,18:45,149,4,145
06/08/2013,19:00,54,6,48
06/08/2013,19:15,30,2,28
06/08/2013,19:30,24,1,23
06/08/2013,19:45,8,1,7
06/08/2013,20:00,8,3,5
06/08/2013,20:15,1,1,0
06/08/2013,20:30,8,0,8
06/08/2013,20:45,4,1,3
06/08/2013,21:00,3,2,1
06/08/2013,21:15,0,0,0
06/08/2013,21:30,2,1,1
06/08/2013,21:45,1,1,0
06/08/2013,22:00,1,0,1
06/08/2013,22:15,0,0,0
06/08/2013,22:30,0,0,0
06/08/2013,22:45,0,0,0
06/08/2013,23:00,1,0,1
06/08/2013,23:15,1,0,1
06/08/2013,23:30,0,0,0
06/08/2013,23:45,0,0,0
07/08/2013,00:00,0,0,0
07/08/2013,00:15,0,0,0
07/08/2013,00:30,0,0,0
07/08/2013,00:45,0,0,0
07/08/2013,01:00,0,0,0
07/08/2013,01:15,0,0,0
07/08/2013,01:30,0,0,0
07/08/2013,01:45,0,0,0
07/08/2013,02:00,0,0,0
07/08/2013,02:15,0,0,0
07/08/2013,02:30,0,0,0
07/08/2013,02:45,0,0,0
07/08/2013,03:00,0,0,0
07/08/2013,03:15,0,0,0
07/08/2013,03:30,1,1,0
07/08/2013,03:45,0,0,0
07/08/2013,04:00,0,0,0
07/08/2013,04:15,0,0,0
07/08/2013,04:30,0,0,0
07/08/2013,04:45,0,0,0
07/08/2013,05:00,0,0,0
07/08/2013,05:15,2,0,2
07/08/2013,05:30,2,0,2
07/08/2013,05:45,1,0,1
07/08/2013,06:00,7,0,7
07/08/2013,06:15,6,0,6
07/08/2013,06:30,7,1,6
07/08/2013,06:45,9,2,7
07/08/2013,07:00,10,0,10
07/08/2013,07:15,15,1,14
07/08/2013,07:30,7,1,6
07/08/2013,07:45,13,0,13
07/08/2013,08:00,19,1,18
07/08/2013,08:15,8,2,6
07/08/2013,08:30,15,2,13
07/08/2013,08:45,11,1,10
07/08/2013,09:00,10,1,9
07/08/2013,09:15,11,2,9
07/08/2013,09:30,18,3,15
07/08/2013,09:45,8,1,7
07/08/2013,10:00,11,1,10
07/08/2013,10:15,17,1,16
07/08/2013,10:30,15,1,14
07/08/2013,10:45,18,3,15
07/08/2013,11:00,9,2,7
07/08/2013,11:15,17,2,15
07/08/2013,11:30,16,2,14
07/08/2013,11:45,13,2,11
07/08/2013,12:00,10,1,9
07/08/2013,12:15,15,0,15
07/08/2013,12:30,8,2,6
07/08/2013,12:45,20,3,17
07/08/2013,13:00,6,1,5
07/08/2013,13:15,16,2,14
07/08/2013,13:30,7,2,5
07/08/2013,13:45,15,2,13
07/08/2013,14:00,18,4,14
07/08/2013,14:15,11,0,11
07/08/2013,14:30,11,3,8
07/08/2013,14:45,12,2,10
07/08/2013,15:00,19,6,13
07/08/2013,15:15,13,3,10
07/08/2013,15:30,20,5,15
07/08/2013,15:45,15,3,12
07/08/2013,16:00,22,3,19
07/08/2013,16:15,12,1,11
07/08/2013,16:30,14,5,9
07/08/2013,16:45,15,2,13
07/08/2013,17:00,29,10,19
07/08/2013,17:15,12,2,10
07/08/2013,17:30,28,11,17
07/08/2013,17:45,26,6,20
07/08/2013,18:00,13,6,7
07/08/2013,18:15,14,0,14
07/08/2013,18:30,22,13,9
07/08/2013,18:45,13,1,12
07/08/2013,19:00,18,9,9
07/08/2013,19:15,19,6,13
07/08/2013,19:30,14,2,12
07/08/2013,19:45,11,4,7
07/08/2013,20:00,10,3,7
07/08/2013,20:15,7,3,4
07/08/2013,20:30,4,1,3
07/08/2013,20:45,4,0,4
07/08/2013,21:00,2,0,2
07/08/2013,21:15,0,0,0
07/08/2013,21:30,0,0,0
07/08/2013,21:45,1,1,0
07/08/2013,22:00,0,0,0
07/08/2013,22:15,2,1,1
07/08/2013,22:30,0,0,0
07/08/2013,22:45,0,0,0
07/08/2013,23:00,0,0,0
07/08/2013,23:15,0,0,0
07/08/2013,23:30,0,0,0
07/08/2013,23:45,0,0,0
08/08/2013,00:00,0,0,0
08/08/2013,00:15,0,0,0
08/08/2013,00:30,0,0,0
08/08/2013,00:45,2,0,2
08/08/2013,01:00,0,0,0
08/08/2013,01:15,0,0,0
08/08/2013,01:30,0,0,0
08/08/2013,01:45,0,0,0
08/08/2013,02:00,0,0,0
08/08/2013,02:15,0,0,0
08/08/2013,02:30,0,0,0
08/08/2013,02:45,0,0,0
08/08/2013,03:00,0,0,0
08/08/2013,03:15,0,0,0
08/08/2013,03:30,0,0,0
08/08/2013,03:45,0,0,0
08/08/2013,04:00,1,1,0
08/08/2013,04:15,0,0,0
08/08/2013,04:30,0,0,0
08/08/2013,04:45,0,0,0
08/08/2013,05:00,0,0,0
08/08/2013,05:15,3,0,3
08/08/2013,05:30,3,0,3
08/08/2013,05:45,0,0,0
08/08/2013,06:00,11,0,11
08/08/2013,06:15,7,0,7
08/08/2013,06:30,16,2,14
08/08/2013,06:45,18,2,16
08/08/2013,07:00,20,1,19
08/08/2013,07:15,19,0,19
08/08/2013,07:30,8,0,8
08/08/2013,07:45,11,1,10
08/08/2013,08:00,16,1,15
08/08/2013,08:15,16,4,12
08/08/2013,08:30,9,2,7
08/08/2013,08:45,12,0,12
08/08/2013,09:00,11,0,11
08/08/2013,09:15,12,2,10
08/08/2013,09:30,8,0,8
08/08/2013,09:45,21,2,19
08/08/2013,10:00,12,2,10
08/08/2013,10:15,11,0,11
08/08/2013,10:30,19,1,18
08/08/2013,10:45,24,2,22
08/08/2013,11:00,18,2,16
08/08/2013,11:15,18,3,15
08/08/2013,11:30,11,1,10
08/08/2013,11:45,10,2,8
08/08/2013,12:00,13,0,13
08/08/2013,12:15,15,9,6
08/08/2013,12:30,11,0,11
08/08/2013,12:45,12,2,10
08/08/2013,13:00,13,2,11
08/08/2013,13:15,26,6,20
08/08/2013,13:30,15,1,14
08/08/2013,13:45,18,2,16
08/08/2013,14:00,17,1,16
08/08/2013,14:15,19,5,14
08/08/2013,14:30,15,4,11
08/08/2013,14:45,20,1,19
08/08/2013,15:00,39,4,35
08/08/2013,15:15,35,3,32
08/08/2013,15:30,19,4,15
08/08/2013,15:45,39,6,33
08/08/2013,16:00,30,7,23
08/08/2013,16:15,28,4,24
08/08/2013,16:30,39,4,35
08/08/2013,16:45,19,3,16
08/08/2013,17:00,120,7,113
08/08/2013,17:15,173,4,169
08/08/2013,17:30,67,4,63
08/08/2013,17:45,13,5,8
08/08/2013,18:00,28,9,19
08/08/2013,18:15,27,1,26
08/08/2013,18:30,26,12,14
08/08/2013,18:45,16,2,14
08/08/2013,19:00,14,4,10
08/08/2013,19:15,18,1,17
08/08/2013,19:30,19,4,15
08/08/2013,19:45,7,0,7
08/08/2013,20:00,20,6,14
08/08/2013,20:15,10,1,9
08/08/2013,20:30,2,2,0
08/08/2013,20:45,2,0,2
08/08/2013,21:00,1,0,1
08/08/2013,21:15,0,0,0
08/08/2013,21:30,1,1,0
08/08/2013,21:45,0,0,0
08/08/2013,22:00,0,0,0
08/08/2013,22:15,1,1,0
08/08/2013,22:30,0,0,0
08/08/2013,22:45,0,0,0
08/08/2013,23:00,0,0,0
08/08/2013,23:15,0,0,0
08/08/2013,23:30,0,0,0
08/08/2013,23:45,0,0,0
09/08/2013,00:00,0,0,0
09/08/2013,00:15,0,0,0
09/08/2013,00:30,0,0,0
09/08/2013,00:45,0,0,0
09/08/2013,01:00,0,0,0
09/08/2013,01:15,0,0,0
09/08/2013,01:30,0,0,0
09/08/2013,01:45,0,0,0
09/08/2013,02:00,0,0,0
09/08/2013,02:15,0,0,0
09/08/2013,02:30,0,0,0
09/08/2013,02:45,0,0,0
09/08/2013,03:00,1,1,0
09/08/2013,03:15,0,0,0
09/08/2013,03:30,0,0,0
09/08/2013,03:45,0,0,0
09/08/2013,04:00,0,0,0
09/08/2013,04:15,0,0,0
09/08/2013,04:30,0,0,0
09/08/2013,04:45,0,0,0
09/08/2013,05:00,0,0,0
09/08/2013,05:15,3,0,3
09/08/2013,05:30,2,0,2
09/08/2013,05:45,3,0,3
09/08/2013,06:00,1,0,1
09/08/2013,06:15,6,0,6
09/08/2013,06:30,15,0,15
09/08/2013,06:45,7,1,6
09/08/2013,07:00,13,0,13
09/08/2013,07:15,13,1,12
09/08/2013,07:30,6,0,6
09/08/2013,07:45,14,3,11
09/08/2013,08:00,14,1,13
09/08/2013,08:15,14,0,14
09/08/2013,08:30,11,0,11
09/08/2013,08:45,27,2,25
09/08/2013,09:00,21,6,15
09/08/2013,09:15,15,0,15
09/08/2013,09:30,18,0,18
09/08/2013,09:45,20,2,18
09/08/2013,10:00,12,1,11
09/08/2013,10:15,18,2,16
09/08/2013,10:30,16,0,16
09/08/2013,10:45,25,3,22
09/08/2013,11:00,17,6,11
09/08/2013,11:15,16,0,16
09/08/2013,11:30,22,7,15
09/08/2013,11:45,9,3,6
09/08/2013,12:00,12,4,8
09/08/2013,12:15,16,9,7
09/08/2013,12:30,18,2,16
09/08/2013,12:45,25,4,21
09/08/2013,13:00,22,6,16
09/08/2013,13:15,25,1,24
09/08/2013,13:30,41,5,36
09/08/2013,13:45,24,3,21
09/08/2013,14:00,22,3,19
09/08/2013,14:15,48,11,37
09/08/2013,14:30,19,3,16
09/08/2013,14:45,43,6,37
09/08/2013,15:00,62,4,58
09/08/2013,15:15,70,5,65
09/08/2013,15:30,36,3,33
09/08/2013,15:45,62,7,55
09/08/2013,16:00,33,4,29
09/08/2013,16:15,20,4,16
09/08/2013,16:30,17,1,16
09/08/2013,16:45,23,2,21
09/08/2013,17:00,28,6,22
09/08/2013,17:15,20,5,15
09/08/2013,17:30,24,4,20
09/08/2013,17:45,43,2,41
09/08/2013,18:00,50,5,45
09/08/2013,18:15,16,2,14
09/08/2013,18:30,47,8,39
09/08/2013,18:45,32,3,29
09/08/2013,19:00,18,3,15
09/08/2013,19:15,41,2,39
09/08/2013,19:30,37,1,36
09/08/2013,19:45,34,1,33
09/08/2013,20:00,12,4,8
09/08/2013,20:15,13,2,11
09/08/2013,20:30,8,1,7
09/08/2013,20:45,3,0,3
09/08/2013,21:00,0,0,0
09/08/2013,21:15,0,0,0
09/08/2013,21:30,0,0,0
09/08/2013,21:45,0,0,0
09/08/2013,22:00,1,1,0
09/08/2013,22:15,0,0,0
09/08/2013,22:30,0,0,0
09/08/2013,22:45,1,1,0
09/08/2013,23:00,0,0,0
09/08/2013,23:15,0,0,0
09/08/2013,23:30,0,0,0
09/08/2013,23:45,1,1,0
10/08/2013,00:00,0,0,0
10/08/2013,00:15,0,0,0
10/08/2013,00:30,0,0,0
10/08/2013,00:45,1,1,0
10/08/2013,01:00,0,0,0
10/08/2013,01:15,0,0,0
10/08/2013,01:30,0,0,0
10/08/2013,01:45,0,0,0
10/08/2013,02:00,0,0,0
10/08/2013,02:15,0,0,0
10/08/2013,02:30,0,0,0
10/08/2013,02:45,0,0,0
10/08/2013,03:00,0,0,0
10/08/2013,03:15,0,0,0
10/08/2013,03:30,1,1,0
10/08/2013,03:45,0,0,0
10/08/2013,04:00,0,0,0
10/08/2013,04:15,0,0,0
10/08/2013,04:30,0,0,0
10/08/2013,04:45,0,0,0
10/08/2013,05:00,0,0,0
10/08/2013,05:15,0,0,0
10/08/2013,05:30,1,0,1
10/08/2013,05:45,0,0,0
10/08/2013,06:00,0,0,0
10/08/2013,06:15,2,0,2
10/08/2013,06:30,4,0,4
10/08/2013,06:45,6,0,6
10/08/2013,07:00,6,3,3
10/08/2013,07:15,5,0,5
10/08/2013,07:30,5,1,4
10/08/2013,07:45,5,0,5
10/08/2013,08:00,12,1,11
10/08/2013,08:15,16,2,14
10/08/2013,08:30,18,4,14
10/08/2013,08:45,29,1,28
10/08/2013,09:00,30,4,26
10/08/2013,09:15,35,4,31
10/08/2013,09:30,22,4,18
10/08/2013,09:45,39,7,32
10/08/2013,10:00,17,3,14
10/08/2013,10:15,22,2,20
10/08/2013,10:30,28,3,25
10/08/2013,10:45,28,5,23
10/08/2013,11:00,27,8,19
10/08/2013,11:15,36,4,32
10/08/2013,11:30,27,3,24
10/08/2013,11:45,24,12,12
10/08/2013,12:00,22,9,13
10/08/2013,12:15,29,3,26
10/08/2013,12:30,18,5,13
10/08/2013,12:45,19,2,17
10/08/2013,13:00,28,6,22
10/08/2013,13:15,32,13,19
10/08/2013,13:30,26,10,16
10/08/2013,13:45,20,2,18
10/08/2013,14:00,20,1,19
10/08/2013,14:15,25,5,20
10/08/2013,14:30,31,8,23
10/08/2013,14:45,21,8,13
10/08/2013,15:00,24,2,22
10/08/2013,15:15,18,5,13
10/08/2013,15:30,29,9,20
10/08/2013,15:45,65,7,58
10/08/2013,16:00,65,12,53
10/08/2013,16:15,75,15,60
10/08/2013,16:30,58,15,43
10/08/2013,16:45,42,6,36
10/08/2013,17:00,51,8,43
10/08/2013,17:15,85,11,74
10/08/2013,17:30,73,3,70
10/08/2013,17:45,100,5,95
10/08/2013,18:00,44,6,38
10/08/2013,18:15,96,5,91
10/08/2013,18:30,67,4,63
10/08/2013,18:45,26,0,26
10/08/2013,19:00,43,6,37
10/08/2013,19:15,10,4,6
10/08/2013,19:30,13,2,11
10/08/2013,19:45,11,3,8
10/08/2013,20:00,19,4,15
10/08/2013,20:15,7,0,7
10/08/2013,20:30,4,0,4
10/08/2013,20:45,3,2,1
10/08/2013,21:00,1,0,1
10/08/2013,21:15,1,0,1
10/08/2013,21:30,0,0,0
10/08/2013,21:45,0,0,0
10/08/2013,22:00,0,0,0
10/08/2013,22:15,0,0,0
10/08/2013,22:30,0,0,0
10/08/2013,22:45,0,0,0
10/08/2013,23:00,1,0,1
10/08/2013,23:15,1,0,1
10/08/2013,23:30,1,1,0
10/08/2013,23:45,0,0,0
11/08/2013,00:00,0,0,0
11/08/2013,00:15,0,0,0
11/08/2013,00:30,0,0,0
11/08/2013,00:45,0,0,0
11/08/2013,01:00,0,0,0
11/08/2013,01:15,0,0,0
11/08/2013,01:30,0,0,0
11/08/2013,01:45,0,0,0
11/08/2013,02:00,0,0,0
11/08/2013,02:15,0,0,0
11/08/2013,02:30,0,0,0
11/08/2013,02:45,0,0,0
11/08/2013,03:00,0,0,0
11/08/2013,03:15,0,0,0
11/08/2013,03:30,0,0,0
11/08/2013,03:45,1,1,0
11/08/2013,04:00,0,0,0
11/08/2013,04:15,0,0,0
11/08/2013,04:30,0,0,0
11/08/2013,04:45,0,0,0
11/08/2013,05:00,0,0,0
11/08/2013,05:15,0,0,0
11/08/2013,05:30,1,0,1
11/08/2013,05:45,0,0,0
11/08/2013,06:00,2,0,2
11/08/2013,06:15,2,0,2
11/08/2013,06:30,1,0,1
11/08/2013,06:45,4,0,4
11/08/2013,07:00,4,1,3
11/08/2013,07:15,5,0,5
11/08/2013,07:30,4,0,4
11/08/2013,07:45,9,3,6
11/08/2013,08:00,6,0,6
11/08/2013,08:15,7,1,6
11/08/2013,08:30,10,0,10
11/08/2013,08:45,26,5,21
11/08/2013,09:00,12,2,10
11/08/2013,09:15,8,0,8
11/08/2013,09:30,22,7,15
11/08/2013,09:45,26,4,22
11/08/2013,10:00,25,3,22
11/08/2013,10:15,29,2,27
11/08/2013,10:30,20,4,16
11/08/2013,10:45,30,4,26
11/08/2013,11:00,34,8,26
11/08/2013,11:15,45,11,34
11/08/2013,11:30,36,15,21
11/08/2013,11:45,37,15,22
11/08/2013,12:00,31,6,25
11/08/2013,12:15,55,19,36
11/08/2013,12:30,33,15,18
11/08/2013,12:45,27,8,19
11/08/2013,13:00,31,9,22
11/08/2013,13:15,35,19,16
11/08/2013,13:30,40,12,28
11/08/2013,13:45,39,15,24
11/08/2013,14:00,27,8,19
11/08/2013,14:15,16,4,12
11/08/2013,14:30,26,3,23
11/08/2013,14:45,25,5,20
11/08/2013,15:00,27,8,19
11/08/2013,15:15,26,13,13
11/08/2013,15:30,31,8,23
11/08/2013,15:45,21,5,16
11/08/2013,16:00,35,5,30
11/08/2013,16:15,21,6,15
11/08/2013,16:30,27,5,22
11/08/2013,16:45,24,4,20
11/08/2013,17:00,25,8,17
11/08/2013,17:15,26,12,14
11/08/2013,17:30,20,2,18
11/08/2013,17:45,21,4,17
11/08/2013,18:00,20,5,15
11/08/2013,18:15,24,2,22
11/08/2013,18:30,25,5,20
11/08/2013,18:45,16,5,11
11/08/2013,19:00,13,0,13
11/08/2013,19:15,10,0,10
11/08/2013,19:30,11,1,10
11/08/2013,19:45,12,0,12
11/08/2013,20:00,15,2,13
11/08/2013,20:15,4,0,4
11/08/2013,20:30,6,1,5
11/08/2013,20:45,4,0,4
11/08/2013,21:00,0,0,0
11/08/2013,21:15,1,1,0
11/08/2013,21:30,0,0,0
11/08/2013,21:45,0,0,0
11/08/2013,22:00,0,0,0
11/08/2013,22:15,1,0,1
11/08/2013,22:30,0,0,0
11/08/2013,22:45,0,0,0
11/08/2013,23:00,0,0,0
11/08/2013,23:15,1,1,0
11/08/2013,23:30,1,0,1
11/08/2013,23:45,0,0,0
12/08/2013,00:00,0,0,0
12/08/2013,00:15,0,0,0
12/08/2013,00:30,0,0,0
12/08/2013,00:45,0,0,0
12/08/2013,01:00,1,0,1
12/08/2013,01:15,0,0,0
12/08/2013,01:30,0,0,0
12/08/2013,01:45,0,0,0
12/08/2013,02:00,0,0,0
12/08/2013,02:15,0,0,0
12/08/2013,02:30,0,0,0
12/08/2013,02:45,0,0,0
12/08/2013,03:00,1,1,0
12/08/2013,03:15,0,0,0
12/08/2013,03:30,0,0,0
12/08/2013,03:45,0,0,0
12/08/2013,04:00,0,0,0
12/08/2013,04:15,0,0,0
12/08/2013,04:30,0,0,0
12/08/2013,04:45,0,0,0
12/08/2013,05:00,3,0,3
12/08/2013,05:15,2,0,2
12/08/2013,05:30,2,0,2
12/08/2013,05:45,2,0,2
12/08/2013,06:00,3,0,3
12/08/2013,06:15,5,0,5
12/08/2013,06:30,6,0,6
12/08/2013,06:45,11,0,11
12/08/2013,07:00,14,1,13
12/08/2013,07:15,17,1,16
12/08/2013,07:30,15,2,13
12/08/2013,07:45,14,1,13
12/08/2013,08:00,14,1,13
12/08/2013,08:15,9,2,7
12/08/2013,08:30,5,0,5
12/08/2013,08:45,24,3,21
12/08/2013,09:00,14,3,11
12/08/2013,09:15,25,3,22
12/08/2013,09:30,18,3,15
12/08/2013,09:45,15,2,13
12/08/2013,10:00,13,3,10
12/08/2013,10:15,12,1,11
12/08/2013,10:30,18,3,15
12/08/2013,10:45,17,1,16
12/08/2013,11:00,12,3,9
12/08/2013,11:15,22,0,22
12/08/2013,11:30,10,1,9
12/08/2013,11:45,9,4,5
12/08/2013,12:00,22,2,20
12/08/2013,12:15,17,4,13
12/08/2013,12:30,20,2,18
12/08/2013,12:45,11,1,10
12/08/2013,13:00,16,2,14
12/08/2013,13:15,19,3,16
12/08/2013,13:30,13,2,11
12/08/2013,13:45,18,6,12
12/08/2013,14:00,13,2,11
12/08/2013,14:15,10,3,7
12/08/2013,14:30,14,2,12
12/08/2013,14:45,20,7,13
12/08/2013,15:00,23,5,18
12/08/2013,15:15,18,1,17
12/08/2013,15:30,32,2,30
12/08/2013,15:45,24,2,22
12/08/2013,16:00,39,1,38
12/08/2013,16:15,40,3,37
12/08/2013,16:30,22,3,19
12/08/2013,16:45,25,6,19
12/08/2013,17:00,22,6,16
12/08/2013,17:15,34,1,33
12/08/2013,17:30,33,10,23
12/08/2013,17:45,32,3,29
12/08/2013,18:00,46,4,42
12/08/2013,18:15,84,11,73
12/08/2013,18:30,88,10,78
12/08/2013,18:45,87,4,83
12/08/2013,19:00,97,8,89
12/08/2013,19:15,43,2,41
12/08/2013,19:30,75,5,70
12/08/2013,19:45,53,3,50
12/08/2013,20:00,58,3,55
12/08/2013,20:15,6,2,4
12/08/2013,20:30,6,1,5
12/08/2013,20:45,1,0,1
12/08/2013,21:00,4,1,3
12/08/2013,21:15,1,1,0
12/08/2013,21:30,1,0,1
12/08/2013,21:45,0,0,0
12/08/2013,22:00,5,0,5
12/08/2013,22:15,0,0,0
12/08/2013,22:30,3,0,3
12/08/2013,22:45,0,0,0
12/08/2013,23:00,0,0,0
12/08/2013,23:15,1,1,0
12/08/2013,23:30,0,0,0
12/08/2013,23:45,3,0,3
13/08/2013,00:00,0,0,0
13/08/2013,00:15,0,0,0
13/08/2013,00:30,0,0,0
13/08/2013,00:45,0,0,0
13/08/2013,01:00,0,0,0
13/08/2013,01:15,0,0,0
13/08/2013,01:30,0,0,0
13/08/2013,01:45,0,0,0
13/08/2013,02:00,0,0,0
13/08/2013,02:15,0,0,0
13/08/2013,02:30,0,0,0
13/08/2013,02:45,2,2,0
13/08/2013,03:00,1,1,0
13/08/2013,03:15,0,0,0
13/08/2013,03:30,0,0,0
13/08/2013,03:45,0,0,0
13/08/2013,04:00,0,0,0
13/08/2013,04:15,0,0,0
13/08/2013,04:30,1,0,1
13/08/2013,04:45,0,0,0
13/08/2013,05:00,2,0,2
13/08/2013,05:15,1,0,1
13/08/2013,05:30,0,0,0
13/08/2013,05:45,1,0,1
13/08/2013,06:00,7,0,7
13/08/2013,06:15,6,0,6
13/08/2013,06:30,10,0,10
13/08/2013,06:45,14,1,13
13/08/2013,07:00,15,2,13
13/08/2013,07:15,10,0,10
13/08/2013,07:30,7,0,7
13/08/2013,07:45,8,0,8
13/08/2013,08:00,11,2,9
13/08/2013,08:15,15,1,14
13/08/2013,08:30,20,1,19
13/08/2013,08:45,17,1,16
13/08/2013,09:00,15,2,13
13/08/2013,09:15,17,3,14
13/08/2013,09:30,19,1,18
13/08/2013,09:45,13,2,11
13/08/2013,10:00,16,1,15
13/08/2013,10:15,22,7,15
13/08/2013,10:30,22,9,13
13/08/2013,10:45,16,0,16
13/08/2013,11:00,18,4,14
13/08/2013,11:15,11,2,9
13/08/2013,11:30,17,4,13
13/08/2013,11:45,15,5,10
13/08/2013,12:00,26,9,17
13/08/2013,12:15,17,0,17
13/08/2013,12:30,13,3,10
13/08/2013,12:45,10,5,5
13/08/2013,13:00,20,3,17
13/08/2013,13:15,19,6,13
13/08/2013,13:30,9,1,8
13/08/2013,13:45,24,5,19
13/08/2013,14:00,15,5,10
13/08/2013,14:15,9,3,6
13/08/2013,14:30,15,5,10
13/08/2013,14:45,13,4,9
13/08/2013,15:00,28,4,24
13/08/2013,15:15,42,0,42
13/08/2013,15:30,11,2,9
13/08/2013,15:45,10,2,8
13/08/2013,16:00,25,6,19
13/08/2013,16:15,22,7,15
13/08/2013,16:30,6,2,4
13/08/2013,16:45,31,1,30
13/08/2013,17:00,41,8,33
13/08/2013,17:15,15,6,9
13/08/2013,17:30,19,6,13
13/08/2013,17:45,39,6,33
13/08/2013,18:00,37,17,20
13/08/2013,18:15,22,3,19
13/08/2013,18:30,30,16,14
13/08/2013,18:45,16,0,16
13/08/2013,19:00,29,3,26
13/08/2013,19:15,22,8,14
13/08/2013,19:30,22,2,20
13/08/2013,19:45,17,1,16
13/08/2013,20:00,15,5,10
13/08/2013,20:15,6,2,4
13/08/2013,20:30,4,0,4
13/08/2013,20:45,4,1,3
13/08/2013,21:00,1,0,1
13/08/2013,21:15,3,1,2
13/08/2013,21:30,2,0,2
13/08/2013,21:45,0,0,0
13/08/2013,22:00,2,0,2
13/08/2013,22:15,0,0,0
13/08/2013,22:30,0,0,0
13/08/2013,22:45,28,28,0
13/08/2013,23:00,15,14,1
13/08/2013,23:15,0,0,0
13/08/2013,23:30,0,0,0
13/08/2013,23:45,0,0,0
14/08/2013,00:00,0,0,0
14/08/2013,00:15,0,0,0
14/08/2013,00:30,0,0,0
14/08/2013,00:45,0,0,0
14/08/2013,01:00,0,0,0
14/08/2013,01:15,0,0,0
14/08/2013,01:30,0,0,0
14/08/2013,01:45,0,0,0
14/08/2013,02:00,0,0,0
14/08/2013,02:15,0,0,0
14/08/2013,02:30,0,0,0
14/08/2013,02:45,0,0,0
14/08/2013,03:00,0,0,0
14/08/2013,03:15,0,0,0
14/08/2013,03:30,0,0,0
14/08/2013,03:45,0,0,0
14/08/2013,04:00,0,0,0
14/08/2013,04:15,0,0,0
14/08/2013,04:30,0,0,0
14/08/2013,04:45,0,0,0
14/08/2013,05:00,1,0,1
14/08/2013,05:15,1,0,1
14/08/2013,05:30,0,0,0
14/08/2013,05:45,4,0,4
14/08/2013,06:00,3,0,3
14/08/2013,06:15,10,0,10
14/08/2013,06:30,9,1,8
14/08/2013,06:45,8,2,6
14/08/2013,07:00,17,1,16
14/08/2013,07:15,17,1,16
14/08/2013,07:30,13,2,11
14/08/2013,07:45,19,1,18
14/08/2013,08:00,15,1,14
14/08/2013,08:15,10,3,7
14/08/2013,08:30,19,3,16
14/08/2013,08:45,17,1,16
14/08/2013,09:00,18,2,16
14/08/2013,09:15,16,3,13
14/08/2013,09:30,20,2,18
14/08/2013,09:45,17,0,17
14/08/2013,10:00,16,0,16
14/08/2013,10:15,11,2,9
14/08/2013,10:30,18,6,12
14/08/2013,10:45,11,3,8
14/08/2013,11:00,19,4,15
14/08/2013,11:15,27,8,19
14/08/2013,11:30,9,1,8
14/08/2013,11:45,14,1,13
14/08/2013,12:00,20,6,14
14/08/2013,12:15,14,6,8
14/08/2013,12:30,9,4,5
14/08/2013,12:45,11,1,10
14/08/2013,13:00,20,7,13
14/08/2013,13:15,7,0,7
14/08/2013,13:30,15,4,11
14/08/2013,13:45,13,4,9
14/08/2013,14:00,20,11,9
14/08/2013,14:15,10,2,8
14/08/2013,14:30,24,1,23
14/08/2013,14:45,15,6,9
14/08/2013,15:00,18,4,14
14/08/2013,15:15,11,4,7
14/08/2013,15:30,14,6,8
14/08/2013,15:45,25,8,17
14/08/2013,16:00,18,4,14
14/08/2013,16:15,51,9,42
14/08/2013,16:30,44,5,39
14/08/2013,16:45,29,8,21
14/08/2013,17:00,19,12,7
14/08/2013,17:15,29,11,18
14/08/2013,17:30,34,9,25
14/08/2013,17:45,52,8,44
14/08/2013,18:00,62,5,57
14/08/2013,18:15,42,10,32
14/08/2013,18:30,54,7,47
14/08/2013,18:45,24,6,18
14/08/2013,19:00,27,11,16
14/08/2013,19:15,21,2,19
14/08/2013,19:30,51,4,47
14/08/2013,19:45,16,1,15
14/08/2013,20:00,22,2,20
14/08/2013,20:15,43,2,41
14/08/2013,20:30,18,1,17
14/08/2013,20:45,6,1,5
14/08/2013,21:00,1,0,1
14/08/2013,21:15,2,0,2
14/08/2013,21:30,0,0,0
14/08/2013,21:45,0,0,0
14/08/2013,22:00,0,0,0
14/08/2013,22:15,0,0,0
14/08/2013,22:30,0,0,0
14/08/2013,22:45,0,0,0
14/08/2013,23:00,1,0,1
14/08/2013,23:15,0,0,0
14/08/2013,23:30,0,0,0
14/08/2013,23:45,0,0,0
15/08/2013,00:00,0,0,0
15/08/2013,00:15,0,0,0
15/08/2013,00:30,0,0,0
15/08/2013,00:45,0,0,0
15/08/2013,01:00,0,0,0
15/08/2013,01:15,0,0,0
15/08/2013,01:30,0,0,0
15/08/2013,01:45,0,0,0
15/08/2013,02:00,0,0,0
15/08/2013,02:15,0,0,0
15/08/2013,02:30,0,0,0
15/08/2013,02:45,0,0,0
15/08/2013,03:00,0,0,0
15/08/2013,03:15,0,0,0
15/08/2013,03:30,0,0,0
15/08/2013,03:45,0,0,0
15/08/2013,04:00,0,0,0
15/08/2013,04:15,0,0,0
15/08/2013,04:30,0,0,0
15/08/2013,04:45,0,0,0
15/08/2013,05:00,0,0,0
15/08/2013,05:15,0,0,0
15/08/2013,05:30,1,0,1
15/08/2013,05:45,1,0,1
15/08/2013,06:00,2,0,2
15/08/2013,06:15,14,0,14
15/08/2013,06:30,8,0,8
15/08/2013,06:45,13,0,13
15/08/2013,07:00,25,2,23
15/08/2013,07:15,10,2,8
15/08/2013,07:30,8,0,8
15/08/2013,07:45,11,2,9
15/08/2013,08:00,8,2,6
15/08/2013,08:15,13,0,13
15/08/2013,08:30,16,1,15
15/08/2013,08:45,13,0,13
15/08/2013,09:00,17,3,14
15/08/2013,09:15,19,3,16
15/08/2013,09:30,15,3,12
15/08/2013,09:45,14,2,12
15/08/2013,10:00,9,1,8
15/08/2013,10:15,9,3,6
15/08/2013,10:30,17,0,17
15/08/2013,10:45,11,1,10
15/08/2013,11:00,20,2,18
15/08/2013,11:15,16,3,13
15/08/2013,11:30,19,6,13
15/08/2013,11:45,16,4,12
15/08/2013,12:00,17,4,13
15/08/2013,12:15,14,2,12
15/08/2013,12:30,28,19,9
15/08/2013,12:45,39,24,15
15/08/2013,13:00,22,11,11
15/08/2013,13:15,15,1,14
15/08/2013,13:30,66,62,4
15/08/2013,13:45,53,51,2
15/08/2013,14:00,49,47,2
15/08/2013,14:15,7,1,6
15/08/2013,14:30,11,4,7
15/08/2013,14:45,6,2,4
15/08/2013,15:00,5,1,4
15/08/2013,15:15,20,4,16
15/08/2013,15:30,30,4,26
15/08/2013,15:45,34,5,29
15/08/2013,16:00,11,6,5
15/08/2013,16:15,19,9,10
15/08/2013,16:30,14,5,9
15/08/2013,16:45,18,9,9
15/08/2013,17:00,15,8,7
15/08/2013,17:15,17,4,13
15/08/2013,17:30,21,8,13
15/08/2013,17:45,11,2,9
15/08/2013,18:00,16,2,14
15/08/2013,18:15,22,11,11
15/08/2013,18:30,11,9,2
15/08/2013,18:45,11,3,8
15/08/2013,19:00,22,8,14
15/08/2013,19:15,17,5,12
15/08/2013,19:30,16,3,13
15/08/2013,19:45,15,5,10
15/08/2013,20:00,9,5,4
15/08/2013,20:15,5,1,4
15/08/2013,20:30,4,1,3
15/08/2013,20:45,2,2,0
15/08/2013,21:00,1,1,0
15/08/2013,21:15,0,0,0
15/08/2013,21:30,1,1,0
15/08/2013,21:45,1,0,1
15/08/2013,22:00,0,0,0
15/08/2013,22:15,0,0,0
15/08/2013,22:30,0,0,0
15/08/2013,22:45,0,0,0
15/08/2013,23:00,0,0,0
15/08/2013,23:15,0,0,0
15/08/2013,23:30,1,0,1
15/08/2013,23:45,1,0,1
16/08/2013,00:00,0,0,0
16/08/2013,00:15,0,0,0
16/08/2013,00:30,1,0,1
16/08/2013,00:45,0,0,0
16/08/2013,01:00,0,0,0
16/08/2013,01:15,0,0,0
16/08/2013,01:30,0,0,0
16/08/2013,01:45,1,0,1
16/08/2013,02:00,0,0,0
16/08/2013,02:15,0,0,0
16/08/2013,02:30,0,0,0
16/08/2013,02:45,0,0,0
16/08/2013,03:00,0,0,0
16/08/2013,03:15,0,0,0
16/08/2013,03:30,0,0,0
16/08/2013,03:45,0,0,0
16/08/2013,04:00,0,0,0
16/08/2013,04:15,0,0,0
16/08/2013,04:30,0,0,0
16/08/2013,04:45,0,0,0
16/08/2013,05:00,0,0,0
16/08/2013,05:15,1,0,1
16/08/2013,05:30,0,0,0
16/08/2013,05:45,2,0,2
16/08/2013,06:00,2,0,2
16/08/2013,06:15,5,1,4
16/08/2013,06:30,12,0,12
16/08/2013,06:45,11,1,10
16/08/2013,07:00,11,0,11
16/08/2013,07:15,14,2,12
16/08/2013,07:30,16,2,14
16/08/2013,07:45,13,1,12
16/08/2013,08:00,21,1,20
16/08/2013,08:15,15,0,15
16/08/2013,08:30,20,3,17
16/08/2013,08:45,24,1,23
16/08/2013,09:00,20,1,19
16/08/2013,09:15,16,0,16
16/08/2013,09:30,21,3,18
16/08/2013,09:45,29,6,23
16/08/2013,10:00,13,1,12
16/08/2013,10:15,25,7,18
16/08/2013,10:30,15,3,12
16/08/2013,10:45,20,5,15
16/08/2013,11:00,17,2,15
16/08/2013,11:15,21,5,16
16/08/2013,11:30,8,2,6
16/08/2013,11:45,17,3,14
16/08/2013,12:00,9,2,7
16/08/2013,12:15,9,1,8
16/08/2013,12:30,12,4,8
16/08/2013,12:45,18,2,16
16/08/2013,13:00,10,4,6
16/08/2013,13:15,14,2,12
16/08/2013,13:30,35,29,6
16/08/2013,13:45,15,4,11
16/08/2013,14:00,12,1,11
16/08/2013,14:15,18,3,15
16/08/2013,14:30,13,6,7
16/08/2013,14:45,13,2,11
16/08/2013,15:00,20,5,15
16/08/2013,15:15,17,2,15
16/08/2013,15:30,18,3,15
16/08/2013,15:45,8,4,4
16/08/2013,16:00,11,4,7
16/08/2013,16:15,11,4,7
16/08/2013,16:30,11,5,6
16/08/2013,16:45,12,5,7
16/08/2013,17:00,15,9,6
16/08/2013,17:15,9,3,6
16/08/2013,17:30,25,12,13
16/08/2013,17:45,19,5,14
16/08/2013,18:00,15,5,10
16/08/2013,18:15,14,5,9
16/08/2013,18:30,21,14,7
16/08/2013,18:45,19,4,15
16/08/2013,19:00,21,8,13
16/08/2013,19:15,28,6,22
16/08/2013,19:30,42,8,34
16/08/2013,19:45,21,3,18
16/08/2013,20:00,14,3,11
16/08/2013,20:15,5,1,4
16/08/2013,20:30,4,2,2
16/08/2013,20:45,2,0,2
16/08/2013,21:00,3,1,2
16/08/2013,21:15,17,16,1
16/08/2013,21:30,1,0,1
16/08/2013,21:45,1,0,1
16/08/2013,22:00,1,0,1
16/08/2013,22:15,1,0,1
16/08/2013,22:30,2,2,0
16/08/2013,22:45,0,0,0
16/08/2013,23:00,0,0,0
16/08/2013,23:15,0,0,0
16/08/2013,23:30,1,0,1
16/08/2013,23:45,0,0,0
17/08/2013,00:00,0,0,0
17/08/2013,00:15,0,0,0
17/08/2013,00:30,0,0,0
17/08/2013,00:45,0,0,0
17/08/2013,01:00,0,0,0
17/08/2013,01:15,0,0,0
17/08/2013,01:30,0,0,0
17/08/2013,01:45,0,0,0
17/08/2013,02:00,0,0,0
17/08/2013,02:15,0,0,0
17/08/2013,02:30,0,0,0
17/08/2013,02:45,0,0,0
17/08/2013,03:00,0,0,0
17/08/2013,03:15,0,0,0
17/08/2013,03:30,0,0,0
17/08/2013,03:45,0,0,0
17/08/2013,04:00,0,0,0
17/08/2013,04:15,0,0,0
17/08/2013,04:30,0,0,0
17/08/2013,04:45,0,0,0
17/08/2013,05:00,0,0,0
17/08/2013,05:15,0,0,0
17/08/2013,05:30,0,0,0
17/08/2013,05:45,0,0,0
17/08/2013,06:00,2,1,1
17/08/2013,06:15,2,0,2
17/08/2013,06:30,4,1,3
17/08/2013,06:45,1,0,1
17/08/2013,07:00,5,1,4
17/08/2013,07:15,8,1,7
17/08/2013,07:30,11,4,7
17/08/2013,07:45,13,2,11
17/08/2013,08:00,15,0,15
17/08/2013,08:15,23,3,20
17/08/2013,08:30,16,1,15
17/08/2013,08:45,32,4,28
17/08/2013,09:00,36,2,34
17/08/2013,09:15,20,2,18
17/08/2013,09:30,24,7,17
17/08/2013,09:45,24,4,20
17/08/2013,10:00,28,7,21
17/08/2013,10:15,13,1,12
17/08/2013,10:30,21,2,19
17/08/2013,10:45,30,9,21
17/08/2013,11:00,43,8,35
17/08/2013,11:15,28,1,27
17/08/2013,11:30,21,5,16
17/08/2013,11:45,39,17,22
17/08/2013,12:00,31,1,30
17/08/2013,12:15,33,15,18
17/08/2013,12:30,19,11,8
17/08/2013,12:45,14,6,8
17/08/2013,13:00,19,6,13
17/08/2013,13:15,15,6,9
17/08/2013,13:30,10,3,7
17/08/2013,13:45,28,10,18
17/08/2013,14:00,14,3,11
17/08/2013,14:15,19,3,16
17/08/2013,14:30,25,9,16
17/08/2013,14:45,20,6,14
17/08/2013,15:00,30,8,22
17/08/2013,15:15,12,7,5
17/08/2013,15:30,8,2,6
17/08/2013,15:45,19,2,17
17/08/2013,16:00,37,6,31
17/08/2013,16:15,27,7,20
17/08/2013,16:30,41,5,36
17/08/2013,16:45,38,9,29
17/08/2013,17:00,34,5,29
17/08/2013,17:15,56,6,50
17/08/2013,17:30,69,2,67
17/08/2013,17:45,22,3,19
17/08/2013,18:00,19,2,17
17/08/2013,18:15,22,2,20
17/08/2013,18:30,13,4,9
17/08/2013,18:45,6,0,6
17/08/2013,19:00,10,0,10
17/08/2013,19:15,9,1,8
17/08/2013,19:30,7,4,3
17/08/2013,19:45,12,2,10
17/08/2013,20:00,11,2,9
17/08/2013,20:15,4,0,4
17/08/2013,20:30,1,0,1
17/08/2013,20:45,0,0,0
17/08/2013,21:00,4,1,3
17/08/2013,21:15,7,1,6
17/08/2013,21:30,5,0,5
17/08/2013,21:45,1,0,1
17/08/2013,22:00,0,0,0
17/08/2013,22:15,2,2,0
17/08/2013,22:30,0,0,0
17/08/2013,22:45,1,1,0
17/08/2013,23:00,0,0,0
17/08/2013,23:15,1,1,0
17/08/2013,23:30,0,0,0
17/08/2013,23:45,0,0,0
18/08/2013,00:00,0,0,0
18/08/2013,00:15,0,0,0
18/08/2013,00:30,0,0,0
18/08/2013,00:45,0,0,0
18/08/2013,01:00,0,0,0
18/08/2013,01:15,1,1,0
18/08/2013,01:30,0,0,0
18/08/2013,01:45,0,0,0
18/08/2013,02:00,0,0,0
18/08/2013,02:15,0,0,0
18/08/2013,02:30,0,0,0
18/08/2013,02:45,0,0,0
18/08/2013,03:00,0,0,0
18/08/2013,03:15,0,0,0
18/08/2013,03:30,0,0,0
18/08/2013,03:45,0,0,0
18/08/2013,04:00,0,0,0
18/08/2013,04:15,0,0,0
18/08/2013,04:30,0,0,0
18/08/2013,04:45,0,0,0
18/08/2013,05:00,0,0,0
18/08/2013,05:15,0,0,0
18/08/2013,05:30,0,0,0
18/08/2013,05:45,0,0,0
18/08/2013,06:00,4,2,2
18/08/2013,06:15,1,0,1
18/08/2013,06:30,3,1,2
18/08/2013,06:45,4,0,4
18/08/2013,07:00,4,1,3
18/08/2013,07:15,6,0,6
18/08/2013,07:30,7,0,7
18/08/2013,07:45,4,0,4
18/08/2013,08:00,14,2,12
18/08/2013,08:15,10,3,7
18/08/2013,08:30,12,1,11
18/08/2013,08:45,13,0,13
18/08/2013,09:00,23,5,18
18/08/2013,09:15,27,4,23
18/08/2013,09:30,21,4,17
18/08/2013,09:45,17,4,13
18/08/2013,10:00,29,1,28
18/08/2013,10:15,22,3,19
18/08/2013,10:30,40,9,31
18/08/2013,10:45,36,9,27
18/08/2013,11:00,33,7,26
18/08/2013,11:15,24,6,18
18/08/2013,11:30,27,6,21
18/08/2013,11:45,16,4,12
18/08/2013,12:00,36,10,26
18/08/2013,12:15,34,11,23
18/08/2013,12:30,28,16,12
18/08/2013,12:45,26,11,15
18/08/2013,13:00,16,7,9
18/08/2013,13:15,25,8,17
18/08/2013,13:30,25,6,19
18/08/2013,13:45,29,9,20
18/08/2013,14:00,23,6,17
18/08/2013,14:15,16,8,8
18/08/2013,14:30,27,7,20
18/08/2013,14:45,18,6,12
18/08/2013,15:00,24,7,17
18/08/2013,15:15,11,5,6
18/08/2013,15:30,11,3,8
18/08/2013,15:45,24,14,10
18/08/2013,16:00,27,11,16
18/08/2013,16:15,24,6,18
18/08/2013,16:30,40,13,27
18/08/2013,16:45,37,3,34
18/08/2013,17:00,42,7,35
18/08/2013,17:15,28,5,23
18/08/2013,17:30,22,4,18
18/08/2013,17:45,27,7,20
18/08/2013,18:00,21,11,10
18/08/2013,18:15,24,7,17
18/08/2013,18:30,19,5,14
18/08/2013,18:45,14,11,3
18/08/2013,19:00,26,4,22
18/08/2013,19:15,38,2,36
18/08/2013,19:30,17,8,9
18/08/2013,19:45,12,9,3
18/08/2013,20:00,7,3,4
18/08/2013,20:15,4,2,2
18/08/2013,20:30,5,3,2
18/08/2013,20:45,4,3,1
18/08/2013,21:00,1,1,0
18/08/2013,21:15,0,0,0
18/08/2013,21:30,1,0,1
18/08/2013,21:45,1,0,1
18/08/2013,22:00,1,1,0
18/08/2013,22:15,0,0,0
18/08/2013,22:30,0,0,0
18/08/2013,22:45,2,1,1
18/08/2013,23:00,1,1,0
18/08/2013,23:15,0,0,0
18/08/2013,23:30,0,0,0
18/08/2013,23:45,0,0,0
19/08/2013,00:00,0,0,0
19/08/2013,00:15,0,0,0
19/08/2013,00:30,0,0,0
19/08/2013,00:45,0,0,0
19/08/2013,01:00,0,0,0
19/08/2013,01:15,0,0,0
19/08/2013,01:30,0,0,0
19/08/2013,01:45,0,0,0
19/08/2013,02:00,0,0,0
19/08/2013,02:15,0,0,0
19/08/2013,02:30,0,0,0
19/08/2013,02:45,0,0,0
19/08/2013,03:00,0,0,0
19/08/2013,03:15,0,0,0
19/08/2013,03:30,0,0,0
19/08/2013,03:45,0,0,0
19/08/2013,04:00,0,0,0
19/08/2013,04:15,0,0,0
19/08/2013,04:30,0,0,0
19/08/2013,04:45,1,0,1
19/08/2013,05:00,1,0,1
19/08/2013,05:15,1,0,1
19/08/2013,05:30,2,0,2
19/08/2013,05:45,0,0,0
19/08/2013,06:00,2,0,2
19/08/2013,06:15,11,0,11
19/08/2013,06:30,12,1,11
19/08/2013,06:45,10,0,10
19/08/2013,07:00,8,1,7
19/08/2013,07:15,17,3,14
19/08/2013,07:30,14,3,11
19/08/2013,07:45,20,6,14
19/08/2013,08:00,11,2,9
19/08/2013,08:15,15,1,14
19/08/2013,08:30,15,3,12
19/08/2013,08:45,26,6,20
19/08/2013,09:00,14,2,12
19/08/2013,09:15,17,4,13
19/08/2013,09:30,20,4,16
19/08/2013,09:45,22,2,20
19/08/2013,10:00,20,5,15
19/08/2013,10:15,19,1,18
19/08/2013,10:30,18,2,16
19/08/2013,10:45,15,2,13
19/08/2013,11:00,25,10,15
19/08/2013,11:15,9,2,7
19/08/2013,11:30,15,8,7
19/08/2013,11:45,78,69,9
19/08/2013,12:00,5,2,3
19/08/2013,12:15,9,3,6
19/08/2013,12:30,6,2,4
19/08/2013,12:45,9,3,6
19/08/2013,13:00,8,1,7
19/08/2013,13:15,9,3,6
19/08/2013,13:30,14,3,11
19/08/2013,13:45,12,2,10
19/08/2013,14:00,12,2,10
19/08/2013,14:15,9,4,5
19/08/2013,14:30,27,1,26
19/08/2013,14:45,30,4,26
19/08/2013,15:00,14,1,13
19/08/2013,15:15,26,4,22
19/08/2013,15:30,42,5,37
19/08/2013,15:45,33,6,27
19/08/2013,16:00,15,1,14
19/08/2013,16:15,19,2,17
19/08/2013,16:30,17,8,9
19/08/2013,16:45,16,8,8
19/08/2013,17:00,18,5,13
19/08/2013,17:15,19,7,12
19/08/2013,17:30,18,7,11
19/08/2013,17:45,21,3,18
19/08/2013,18:00,48,7,41
19/08/2013,18:15,44,5,39
19/08/2013,18:30,49,14,35
19/08/2013,18:45,25,0,25
19/08/2013,19:00,26,7,19
19/08/2013,19:15,20,4,16
19/08/2013,19:30,20,2,18
19/08/2013,19:45,16,4,12
19/08/2013,20:00,46,5,41
19/08/2013,20:15,10,1,9
19/08/2013,20:30,6,0,6
19/08/2013,20:45,3,0,3
19/08/2013,21:00,4,0,4
19/08/2013,21:15,19,16,3
19/08/2013,21:30,0,0,0
19/08/2013,21:45,2,0,2
19/08/2013,22:00,0,0,0
19/08/2013,22:15,0,0,0
19/08/2013,22:30,0,0,0
19/08/2013,22:45,0,0,0
19/08/2013,23:00,0,0,0
19/08/2013,23:15,0,0,0
19/08/2013,23:30,0,0,0
19/08/2013,23:45,0,0,0
20/08/2013,00:00,0,0,0
20/08/2013,00:15,0,0,0
20/08/2013,00:30,1,0,1
20/08/2013,00:45,0,0,0
20/08/2013,01:00,0,0,0
20/08/2013,01:15,0,0,0
20/08/2013,01:30,0,0,0
20/08/2013,01:45,0,0,0
20/08/2013,02:00,0,0,0
20/08/2013,02:15,0,0,0
20/08/2013,02:30,0,0,0
20/08/2013,02:45,0,0,0
20/08/2013,03:00,0,0,0
20/08/2013,03:15,1,0,1
20/08/2013,03:30,0,0,0
20/08/2013,03:45,0,0,0
20/08/2013,04:00,0,0,0
20/08/2013,04:15,0,0,0
20/08/2013,04:30,1,0,1
20/08/2013,04:45,0,0,0
20/08/2013,05:00,0,0,0
20/08/2013,05:15,1,0,1
20/08/2013,05:30,0,0,0
20/08/2013,05:45,0,0,0
20/08/2013,06:00,5,0,5
20/08/2013,06:15,5,0,5
20/08/2013,06:30,5,0,5
20/08/2013,06:45,3,0,3
20/08/2013,07:00,15,1,14
20/08/2013,07:15,7,1,6
20/08/2013,07:30,20,3,17
20/08/2013,07:45,16,2,14
20/08/2013,08:00,16,4,12
20/08/2013,08:15,18,3,15
20/08/2013,08:30,27,1,26
20/08/2013,08:45,14,1,13
20/08/2013,09:00,14,3,11
20/08/2013,09:15,23,2,21
20/08/2013,09:30,13,2,11
20/08/2013,09:45,18,3,15
20/08/2013,10:00,19,2,17
20/08/2013,10:15,25,5,20
20/08/2013,10:30,24,3,21
20/08/2013,10:45,18,5,13
20/08/2013,11:00,19,4,15
20/08/2013,11:15,20,4,16
20/08/2013,11:30,19,4,15
20/08/2013,11:45,25,7,18
20/08/2013,12:00,15,3,12
20/08/2013,12:15,23,7,16
20/08/2013,12:30,24,4,20
20/08/2013,12:45,24,4,20
20/08/2013,13:00,16,2,14
20/08/2013,13:15,20,3,17
20/08/2013,13:30,19,2,17
20/08/2013,13:45,11,3,8
20/08/2013,14:00,10,2,8
20/08/2013,14:15,22,4,18
20/08/2013,14:30,30,6,24
20/08/2013,14:45,24,2,22
20/08/2013,15:00,32,0,32
20/08/2013,15:15,36,7,29
20/08/2013,15:30,43,3,40
20/08/2013,15:45,27,2,25
20/08/2013,16:00,52,22,30
20/08/2013,16:15,90,46,44
20/08/2013,16:30,46,7,39
20/08/2013,16:45,60,1,59
20/08/2013,17:00,49,10,39
20/08/2013,17:15,36,9,27
20/08/2013,17:30,31,8,23
20/08/2013,17:45,24,6,18
20/08/2013,18:00,26,9,17
20/08/2013,18:15,26,7,19
20/08/2013,18:30,35,15,20
20/08/2013,18:45,21,5,16
20/08/2013,19:00,39,12,27
20/08/2013,19:15,19,1,18
20/08/2013,19:30,21,2,19
20/08/2013,19:45,12,1,11
20/08/2013,20:00,6,3,3
20/08/2013,20:15,13,4,9
20/08/2013,20:30,8,2,6
20/08/2013,20:45,4,1,3
20/08/2013,21:00,2,1,1
20/08/2013,21:15,1,0,1
20/08/2013,21:30,1,0,1
20/08/2013,21:45,27,27,0
20/08/2013,22:00,15,15,0
20/08/2013,22:15,0,0,0
20/08/2013,22:30,0,0,0
20/08/2013,22:45,2,1,1
20/08/2013,23:00,1,0,1
20/08/2013,23:15,0,0,0
20/08/2013,23:30,0,0,0
20/08/2013,23:45,0,0,0
21/08/2013,00:00,0,0,0
21/08/2013,00:15,0,0,0
21/08/2013,00:30,0,0,0
21/08/2013,00:45,0,0,0
21/08/2013,01:00,17,17,0
21/08/2013,01:15,0,0,0
21/08/2013,01:30,0,0,0
21/08/2013,01:45,0,0,0
21/08/2013,02:00,0,0,0
21/08/2013,02:15,5,5,0
21/08/2013,02:30,0,0,0
21/08/2013,02:45,0,0,0
21/08/2013,03:00,0,0,0
21/08/2013,03:15,0,0,0
21/08/2013,03:30,0,0,0
21/08/2013,03:45,0,0,0
21/08/2013,04:00,0,0,0
21/08/2013,04:15,0,0,0
21/08/2013,04:30,0,0,0
21/08/2013,04:45,0,0,0
21/08/2013,05:00,1,0,1
21/08/2013,05:15,0,0,0
21/08/2013,05:30,3,0,3
21/08/2013,05:45,1,0,1
21/08/2013,06:00,4,0,4
21/08/2013,06:15,8,2,6
21/08/2013,06:30,2,0,2
21/08/2013,06:45,13,2,11
21/08/2013,07:00,7,1,6
21/08/2013,07:15,14,3,11
21/08/2013,07:30,19,2,17
21/08/2013,07:45,14,2,12
21/08/2013,08:00,11,3,8
21/08/2013,08:15,8,0,8
21/08/2013,08:30,15,1,14
21/08/2013,08:45,21,3,18
21/08/2013,09:00,10,0,10
21/08/2013,09:15,14,2,12
21/08/2013,09:30,25,2,23
21/08/2013,09:45,15,2,13
21/08/2013,10:00,16,1,15
21/08/2013,10:15,11,0,11
21/08/2013,10:30,15,1,14
21/08/2013,10:45,17,1,16
21/08/2013,11:00,14,4,10
21/08/2013,11:15,18,0,18
21/08/2013,11:30,19,4,15
21/08/2013,11:45,12,4,8
21/08/2013,12:00,20,4,16
21/08/2013,12:15,18,4,14
21/08/2013,12:30,15,3,12
21/08/2013,12:45,8,0,8
21/08/2013,13:00,9,1,8
21/08/2013,13:15,18,5,13
21/08/2013,13:30,9,3,6
21/08/2013,13:45,14,2,12
21/08/2013,14:00,16,3,13
21/08/2013,14:15,22,13,9
21/08/2013,14:30,12,4,8
21/08/2013,14:45,16,1,15
21/08/2013,15:00,19,5,14
21/08/2013,15:15,18,4,14
21/08/2013,15:30,34,5,29
21/08/2013,15:45,40,3,37
21/08/2013,16:00,47,3,44
21/08/2013,16:15,42,3,39
21/08/2013,16:30,14,3,11
21/08/2013,16:45,27,8,19
21/08/2013,17:00,43,7,36
21/08/2013,17:15,38,4,34
21/08/2013,17:30,21,7,14
21/08/2013,17:45,33,10,23
21/08/2013,18:00,52,8,44
21/08/2013,18:15,53,5,48
21/08/2013,18:30,55,12,43
21/08/2013,18:45,31,4,27
21/08/2013,19:00,38,13,25
21/08/2013,19:15,114,2,112
21/08/2013,19:30,93,2,91
21/08/2013,19:45,130,5,125
21/08/2013,20:00,83,1,82
21/08/2013,20:15,100,2,98
21/08/2013,20:30,8,0,8
21/08/2013,20:45,6,1,5
21/08/2013,21:00,2,0,2
21/08/2013,21:15,0,0,0
21/08/2013,21:30,2,0,2
21/08/2013,21:45,1,0,1
21/08/2013,22:00,1,0,1
21/08/2013,22:15,0,0,0
21/08/2013,22:30,0,0,0
21/08/2013,22:45,0,0,0
21/08/2013,23:00,0,0,0
21/08/2013,23:15,13,13,0
21/08/2013,23:30,0,0,0
21/08/2013,23:45,0,0,0
22/08/2013,00:00,0,0,0
22/08/2013,00:15,0,0,0
22/08/2013,00:30,0,0,0
22/08/2013,00:45,1,0,1
22/08/2013,01:00,0,0,0
22/08/2013,01:15,0,0,0
22/08/2013,01:30,0,0,0
22/08/2013,01:45,0,0,0
22/08/2013,02:00,0,0,0
22/08/2013,02:15,0,0,0
22/08/2013,02:30,0,0,0
22/08/2013,02:45,0,0,0
22/08/2013,03:00,0,0,0
22/08/2013,03:15,0,0,0
22/08/2013,03:30,1,1,0
22/08/2013,03:45,0,0,0
22/08/2013,04:00,0,0,0
22/08/2013,04:15,0,0,0
22/08/2013,04:30,0,0,0
22/08/2013,04:45,0,0,0
22/08/2013,05:00,0,0,0
22/08/2013,05:15,0,0,0
22/08/2013,05:30,2,0,2
22/08/2013,05:45,0,0,0
22/08/2013,06:00,4,0,4
22/08/2013,06:15,5,0,5
22/08/2013,06:30,6,0,6
22/08/2013,06:45,12,1,11
22/08/2013,07:00,16,1,15
22/08/2013,07:15,14,2,12
22/08/2013,07:30,20,1,19
22/08/2013,07:45,13,3,10
22/08/2013,08:00,14,2,12
22/08/2013,08:15,17,3,14
22/08/2013,08:30,15,0,15
22/08/2013,08:45,17,2,15
22/08/2013,09:00,14,0,14
22/08/2013,09:15,14,2,12
22/08/2013,09:30,18,5,13
22/08/2013,09:45,16,6,10
22/08/2013,10:00,19,2,17
22/08/2013,10:15,9,0,9
22/08/2013,10:30,19,0,19
22/08/2013,10:45,13,3,10
22/08/2013,11:00,27,10,17
22/08/2013,11:15,16,3,13
22/08/2013,11:30,13,0,13
22/08/2013,11:45,10,0,10
22/08/2013,12:00,20,0,20
22/08/2013,12:15,14,2,12
22/08/2013,12:30,15,4,11
22/08/2013,12:45,21,2,19
22/08/2013,13:00,12,2,10
22/08/2013,13:15,20,1,19
22/08/2013,13:30,22,2,20
22/08/2013,13:45,28,2,26
22/08/2013,14:00,10,3,7
22/08/2013,14:15,39,6,33
22/08/2013,14:30,23,3,20
22/08/2013,14:45,20,2,18
22/08/2013,15:00,29,2,27
22/08/2013,15:15,40,4,36
22/08/2013,15:30,36,5,31
22/08/2013,15:45,49,6,43
22/08/2013,16:00,42,1,41
22/08/2013,16:15,38,9,29
22/08/2013,16:30,37,7,30
22/08/2013,16:45,49,2,47
22/08/2013,17:00,61,9,52
22/08/2013,17:15,66,10,56
22/08/2013,17:30,78,8,70
22/08/2013,17:45,62,9,53
22/08/2013,18:00,65,8,57
22/08/2013,18:15,24,11,13
22/08/2013,18:30,37,14,23
22/08/2013,18:45,12,2,10
22/08/2013,19:00,27,6,21
22/08/2013,19:15,16,2,14
22/08/2013,19:30,41,3,38
22/08/2013,19:45,37,1,36
22/08/2013,20:00,42,4,38
22/08/2013,20:15,9,1,8
22/08/2013,20:30,4,2,2
22/08/2013,20:45,1,0,1
22/08/2013,21:00,0,0,0
22/08/2013,21:15,2,0,2
22/08/2013,21:30,0,0,0
22/08/2013,21:45,2,0,2
22/08/2013,22:00,11,11,0
22/08/2013,22:15,5,5,0
22/08/2013,22:30,3,3,0
22/08/2013,22:45,0,0,0
22/08/2013,23:00,5,5,0
22/08/2013,23:15,13,13,0
22/08/2013,23:30,0,0,0
22/08/2013,23:45,1,0,1
23/08/2013,00:00,0,0,0
23/08/2013,00:15,1,0,1
23/08/2013,00:30,0,0,0
23/08/2013,00:45,0,0,0
23/08/2013,01:00,0,0,0
23/08/2013,01:15,0,0,0
23/08/2013,01:30,0,0,0
23/08/2013,01:45,0,0,0
23/08/2013,02:00,0,0,0
23/08/2013,02:15,0,0,0
23/08/2013,02:30,0,0,0
23/08/2013,02:45,0,0,0
23/08/2013,03:00,0,0,0
23/08/2013,03:15,0,0,0
23/08/2013,03:30,0,0,0
23/08/2013,03:45,1,1,0
23/08/2013,04:00,0,0,0
23/08/2013,04:15,0,0,0
23/08/2013,04:30,0,0,0
23/08/2013,04:45,0,0,0
23/08/2013,05:00,0,0,0
23/08/2013,05:15,1,0,1
23/08/2013,05:30,2,0,2
23/08/2013,05:45,0,0,0
23/08/2013,06:00,1,0,1
23/08/2013,06:15,0,0,0
23/08/2013,06:30,5,0,5
23/08/2013,06:45,8,1,7
23/08/2013,07:00,15,4,11
23/08/2013,07:15,8,2,6
23/08/2013,07:30,17,4,13
23/08/2013,07:45,17,5,12
23/08/2013,08:00,18,3,15
23/08/2013,08:15,16,3,13
23/08/2013,08:30,18,3,15
23/08/2013,08:45,23,3,20
23/08/2013,09:00,23,1,22
23/08/2013,09:15,22,3,19
23/08/2013,09:30,23,7,16
23/08/2013,09:45,22,2,20
23/08/2013,10:00,14,0,14
23/08/2013,10:15,19,1,18
23/08/2013,10:30,15,1,14
23/08/2013,10:45,21,6,15
23/08/2013,11:00,17,1,16
23/08/2013,11:15,17,3,14
23/08/2013,11:30,27,5,22
23/08/2013,11:45,12,2,10
23/08/2013,12:00,23,10,13
23/08/2013,12:15,15,5,10
23/08/2013,12:30,10,0,10
23/08/2013,12:45,18,1,17
23/08/2013,13:00,19,1,18
23/08/2013,13:15,18,3,15
23/08/2013,13:30,28,8,20
23/08/2013,13:45,22,6,16
23/08/2013,14:00,19,6,13
23/08/2013,14:15,13,1,12
23/08/2013,14:30,13,2,11
23/08/2013,14:45,17,5,12
23/08/2013,15:00,18,3,15
23/08/2013,15:15,27,7,20
23/08/2013,15:30,14,3,11
23/08/2013,15:45,28,4,24
23/08/2013,16:00,46,5,41
23/08/2013,16:15,32,4,28
23/08/2013,16:30,21,2,19
23/08/2013,16:45,16,2,14
23/08/2013,17:00,21,13,8
23/08/2013,17:15,42,7,35
23/08/2013,17:30,17,11,6
23/08/2013,17:45,27,12,15
23/08/2013,18:00,23,10,13
23/08/2013,18:15,19,6,13
23/08/2013,18:30,14,5,9
23/08/2013,18:45,14,2,12
23/08/2013,19:00,21,6,15
23/08/2013,19:15,19,4,15
23/08/2013,19:30,49,0,49
23/08/2013,19:45,15,1,14
23/08/2013,20:00,16,6,10
23/08/2013,20:15,2,0,2
23/08/2013,20:30,6,6,0
23/08/2013,20:45,0,0,0
23/08/2013,21:00,1,0,1
23/08/2013,21:15,1,0,1
23/08/2013,21:30,0,0,0
23/08/2013,21:45,0,0,0
23/08/2013,22:00,0,0,0
23/08/2013,22:15,0,0,0
23/08/2013,22:30,1,1,0
23/08/2013,22:45,0,0,0
23/08/2013,23:00,0,0,0
23/08/2013,23:15,0,0,0
23/08/2013,23:30,0,0,0
23/08/2013,23:45,0,0,0
24/08/2013,00:00,1,0,1
24/08/2013,00:15,1,0,1
24/08/2013,00:30,0,0,0
24/08/2013,00:45,0,0,0
24/08/2013,01:00,0,0,0
24/08/2013,01:15,0,0,0
24/08/2013,01:30,0,0,0
24/08/2013,01:45,0,0,0
24/08/2013,02:00,1,0,1
24/08/2013,02:15,0,0,0
24/08/2013,02:30,0,0,0
24/08/2013,02:45,1,0,1
24/08/2013,03:00,0,0,0
24/08/2013,03:15,0,0,0
24/08/2013,03:30,2,0,2
24/08/2013,03:45,0,0,0
24/08/2013,04:00,0,0,0
24/08/2013,04:15,0,0,0
24/08/2013,04:30,0,0,0
24/08/2013,04:45,0,0,0
24/08/2013,05:00,0,0,0
24/08/2013,05:15,0,0,0
24/08/2013,05:30,0,0,0
24/08/2013,05:45,0,0,0
24/08/2013,06:00,1,0,1
24/08/2013,06:15,0,0,0
24/08/2013,06:30,5,2,3
24/08/2013,06:45,6,1,5
24/08/2013,07:00,12,3,9
24/08/2013,07:15,6,0,6
24/08/2013,07:30,11,1,10
24/08/2013,07:45,11,0,11
24/08/2013,08:00,13,0,13
24/08/2013,08:15,19,2,17
24/08/2013,08:30,21,4,17
24/08/2013,08:45,17,1,16
24/08/2013,09:00,38,5,33
24/08/2013,09:15,25,1,24
24/08/2013,09:30,35,0,35
24/08/2013,09:45,22,2,20
24/08/2013,10:00,44,11,33
24/08/2013,10:15,30,10,20
24/08/2013,10:30,26,3,23
24/08/2013,10:45,26,6,20
24/08/2013,11:00,35,9,26
24/08/2013,11:15,22,4,18
24/08/2013,11:30,38,12,26
24/08/2013,11:45,26,9,17
24/08/2013,12:00,29,4,25
24/08/2013,12:15,19,6,13
24/08/2013,12:30,19,1,18
24/08/2013,12:45,23,5,18
24/08/2013,13:00,29,11,18
24/08/2013,13:15,18,5,13
24/08/2013,13:30,28,11,17
24/08/2013,13:45,21,3,18
24/08/2013,14:00,22,5,17
24/08/2013,14:15,33,8,25
24/08/2013,14:30,33,12,21
24/08/2013,14:45,26,8,18
24/08/2013,15:00,37,8,29
24/08/2013,15:15,32,3,29
24/08/2013,15:30,25,1,24
24/08/2013,15:45,38,7,31
24/08/2013,16:00,58,8,50
24/08/2013,16:15,68,10,58
24/08/2013,16:30,36,5,31
24/08/2013,16:45,58,6,52
24/08/2013,17:00,45,9,36
24/08/2013,17:15,46,6,40
24/08/2013,17:30,48,5,43
24/08/2013,17:45,47,3,44
24/08/2013,18:00,78,7,71
24/08/2013,18:15,28,5,23
24/08/2013,18:30,85,6,79
24/08/2013,18:45,110,5,105
24/08/2013,19:00,50,1,49
24/08/2013,19:15,29,2,27
24/08/2013,19:30,119,0,119
24/08/2013,19:45,58,1,57
24/08/2013,20:00,40,0,40
24/08/2013,20:15,16,0,16
24/08/2013,20:30,4,1,3
24/08/2013,20:45,0,0,0
24/08/2013,21:00,1,0,1
24/08/2013,21:15,1,0,1
24/08/2013,21:30,1,0,1
24/08/2013,21:45,0,0,0
24/08/2013,22:00,0,0,0
24/08/2013,22:15,0,0,0
24/08/2013,22:30,0,0,0
24/08/2013,22:45,1,1,0
24/08/2013,23:00,0,0,0
24/08/2013,23:15,0,0,0
24/08/2013,23:30,0,0,0
24/08/2013,23:45,0,0,0
25/08/2013,00:00,0,0,0
25/08/2013,00:15,0,0,0
25/08/2013,00:30,0,0,0
25/08/2013,00:45,0,0,0
25/08/2013,01:00,0,0,0
25/08/2013,01:15,0,0,0
25/08/2013,01:30,0,0,0
25/08/2013,01:45,0,0,0
25/08/2013,02:00,0,0,0
25/08/2013,02:15,0,0,0
25/08/2013,02:30,0,0,0
25/08/2013,02:45,1,0,1
25/08/2013,03:00,0,0,0
25/08/2013,03:15,0,0,0
25/08/2013,03:30,0,0,0
25/08/2013,03:45,0,0,0
25/08/2013,04:00,0,0,0
25/08/2013,04:15,0,0,0
25/08/2013,04:30,0,0,0
25/08/2013,04:45,1,1,0
25/08/2013,05:00,0,0,0
25/08/2013,05:15,0,0,0
25/08/2013,05:30,0,0,0
25/08/2013,05:45,0,0,0
25/08/2013,06:00,0,0,0
25/08/2013,06:15,0,0,0
25/08/2013,06:30,3,1,2
25/08/2013,06:45,2,0,2
25/08/2013,07:00,4,1,3
25/08/2013,07:15,11,1,10
25/08/2013,07:30,10,1,9
25/08/2013,07:45,13,1,12
25/08/2013,08:00,10,7,3
25/08/2013,08:15,16,4,12
25/08/2013,08:30,25,4,21
25/08/2013,08:45,17,0,17
25/08/2013,09:00,18,2,16
25/08/2013,09:15,21,2,19
25/08/2013,09:30,31,7,24
25/08/2013,09:45,32,7,25
25/08/2013,10:00,37,11,26
25/08/2013,10:15,16,1,15
25/08/2013,10:30,14,0,14
25/08/2013,10:45,23,3,20
25/08/2013,11:00,29,5,24
25/08/2013,11:15,28,11,17
25/08/2013,11:30,36,13,23
25/08/2013,11:45,28,5,23
25/08/2013,12:00,27,3,24
25/08/2013,12:15,20,8,12
25/08/2013,12:30,22,6,16
25/08/2013,12:45,18,6,12
25/08/2013,13:00,30,10,20
25/08/2013,13:15,20,8,12
25/08/2013,13:30,20,7,13
25/08/2013,13:45,30,12,18
25/08/2013,14:00,32,10,22
25/08/2013,14:15,31,13,18
25/08/2013,14:30,31,13,18
25/08/2013,14:45,30,8,22
25/08/2013,15:00,28,6,22
25/08/2013,15:15,38,4,34
25/08/2013,15:30,43,14,29
25/08/2013,15:45,36,1,35
25/08/2013,16:00,19,1,18
25/08/2013,16:15,19,8,11
25/08/2013,16:30,31,13,18
25/08/2013,16:45,24,6,18
25/08/2013,17:00,23,6,17
25/08/2013,17:15,25,8,17
25/08/2013,17:30,25,7,18
25/08/2013,17:45,24,5,19
25/08/2013,18:00,25,1,24
25/08/2013,18:15,17,5,12
25/08/2013,18:30,33,2,31
25/08/2013,18:45,22,5,17
25/08/2013,19:00,25,3,22
25/08/2013,19:15,14,2,12
25/08/2013,19:30,13,4,9
25/08/2013,19:45,7,1,6
25/08/2013,20:00,9,2,7
25/08/2013,20:15,5,1,4
25/08/2013,20:30,0,0,0
25/08/2013,20:45,4,1,3
25/08/2013,21:00,2,0,2
25/08/2013,21:15,0,0,0
25/08/2013,21:30,0,0,0
25/08/2013,21:45,0,0,0
25/08/2013,22:00,0,0,0
25/08/2013,22:15,0,0,0
25/08/2013,22:30,0,0,0
25/08/2013,22:45,0,0,0
25/08/2013,23:00,0,0,0
25/08/2013,23:15,0,0,0
25/08/2013,23:30,0,0,0
25/08/2013,23:45,0,0,0
26/08/2013,00:00,0,0,0
26/08/2013,00:15,0,0,0
26/08/2013,00:30,0,0,0
26/08/2013,00:45,0,0,0
26/08/2013,01:00,0,0,0
26/08/2013,01:15,0,0,0
26/08/2013,01:30,0,0,0
26/08/2013,01:45,0,0,0
26/08/2013,02:00,0,0,0
26/08/2013,02:15,0,0,0
26/08/2013,02:30,0,0,0
26/08/2013,02:45,0,0,0
26/08/2013,03:00,0,0,0
26/08/2013,03:15,0,0,0
26/08/2013,03:30,0,0,0
26/08/2013,03:45,0,0,0
26/08/2013,04:00,1,1,0
26/08/2013,04:15,0,0,0
26/08/2013,04:30,0,0,0
26/08/2013,04:45,0,0,0
26/08/2013,05:00,0,0,0
26/08/2013,05:15,1,0,1
26/08/2013,05:30,0,0,0
26/08/2013,05:45,0,0,0
26/08/2013,06:00,1,0,1
26/08/2013,06:15,0,0,0
26/08/2013,06:30,7,0,7
26/08/2013,06:45,8,0,8
26/08/2013,07:00,11,1,10
26/08/2013,07:15,16,4,12
26/08/2013,07:30,27,6,21
26/08/2013,07:45,47,7,40
26/08/2013,08:00,28,10,18
26/08/2013,08:15,17,5,12
26/08/2013,08:30,30,4,26
26/08/2013,08:45,26,8,18
26/08/2013,09:00,19,2,17
26/08/2013,09:15,14,2,12
26/08/2013,09:30,12,1,11
26/08/2013,09:45,20,2,18
26/08/2013,10:00,16,3,13
26/08/2013,10:15,15,1,14
26/08/2013,10:30,12,3,9
26/08/2013,10:45,15,2,13
26/08/2013,11:00,12,2,10
26/08/2013,11:15,28,5,23
26/08/2013,11:30,17,0,17
26/08/2013,11:45,31,3,28
26/08/2013,12:00,32,4,28
26/08/2013,12:15,14,1,13
26/08/2013,12:30,10,0,10
26/08/2013,12:45,21,5,16
26/08/2013,13:00,17,3,14
26/08/2013,13:15,21,2,19
26/08/2013,13:30,18,2,16
26/08/2013,13:45,15,1,14
26/08/2013,14:00,29,7,22
26/08/2013,14:15,13,3,10
26/08/2013,14:30,22,5,17
26/08/2013,14:45,18,3,15
26/08/2013,15:00,27,8,19
26/08/2013,15:15,11,6,5
26/08/2013,15:30,20,8,12
26/08/2013,15:45,28,5,23
26/08/2013,16:00,14,0,14
26/08/2013,16:15,25,1,24
26/08/2013,16:30,23,1,22
26/08/2013,16:45,19,1,18
26/08/2013,17:00,40,3,37
26/08/2013,17:15,46,8,38
26/08/2013,17:30,44,7,37
26/08/2013,17:45,36,13,23
26/08/2013,18:00,46,4,42
26/08/2013,18:15,95,5,90
26/08/2013,18:30,78,3,75
26/08/2013,18:45,45,3,42
26/08/2013,19:00,61,4,57
26/08/2013,19:15,42,4,38
26/08/2013,19:30,40,4,36
26/08/2013,19:45,26,3,23
26/08/2013,20:00,15,5,10
26/08/2013,20:15,9,1,8
26/08/2013,20:30,0,0,0
26/08/2013,20:45,0,0,0
26/08/2013,21:00,2,0,2
26/08/2013,21:15,4,0,4
26/08/2013,21:30,2,1,1
26/08/2013,21:45,1,0,1
26/08/2013,22:00,0,0,0
26/08/2013,22:15,2,1,1
26/08/2013,22:30,3,0,3
26/08/2013,22:45,0,0,0
26/08/2013,23:00,0,0,0
26/08/2013,23:15,0,0,0
26/08/2013,23:30,0,0,0
26/08/2013,23:45,0,0,0
27/08/2013,00:00,1,0,1
27/08/2013,00:15,0,0,0
27/08/2013,00:30,0,0,0
27/08/2013,00:45,0,0,0
27/08/2013,01:00,0,0,0
27/08/2013,01:15,0,0,0
27/08/2013,01:30,0,0,0
27/08/2013,01:45,0,0,0
27/08/2013,02:00,0,0,0
27/08/2013,02:15,0,0,0
27/08/2013,02:30,0,0,0
27/08/2013,02:45,0,0,0
27/08/2013,03:00,0,0,0
27/08/2013,03:15,0,0,0
27/08/2013,03:30,0,0,0
27/08/2013,03:45,1,1,0
27/08/2013,04:00,0,0,0
27/08/2013,04:15,0,0,0
27/08/2013,04:30,0,0,0
27/08/2013,04:45,0,0,0
27/08/2013,05:00,0,0,0
27/08/2013,05:15,0,0,0
27/08/2013,05:30,2,0,2
27/08/2013,05:45,2,0,2
27/08/2013,06:00,6,1,5
27/08/2013,06:15,2,0,2
27/08/2013,06:30,2,0,2
27/08/2013,06:45,9,0,9
27/08/2013,07:00,10,1,9
27/08/2013,07:15,14,1,13
27/08/2013,07:30,16,1,15
27/08/2013,07:45,29,7,22
27/08/2013,08:00,44,18,26
27/08/2013,08:15,18,7,11
27/08/2013,08:30,26,3,23
27/08/2013,08:45,27,6,21
27/08/2013,09:00,24,2,22
27/08/2013,09:15,28,1,27
27/08/2013,09:30,32,6,26
27/08/2013,09:45,19,3,16
27/08/2013,10:00,24,1,23
27/08/2013,10:15,27,1,26
27/08/2013,10:30,24,1,23
27/08/2013,10:45,18,5,13
27/08/2013,11:00,10,2,8
27/08/2013,11:15,16,3,13
27/08/2013,11:30,9,1,8
27/08/2013,11:45,19,6,13
27/08/2013,12:00,11,2,9
27/08/2013,12:15,12,4,8
27/08/2013,12:30,21,2,19
27/08/2013,12:45,16,1,15
27/08/2013,13:00,15,3,12
27/08/2013,13:15,27,4,23
27/08/2013,13:30,12,0,12
27/08/2013,13:45,22,4,18
27/08/2013,14:00,15,2,13
27/08/2013,14:15,11,2,9
27/08/2013,14:30,11,3,8
27/08/2013,14:45,17,4,13
27/08/2013,15:00,29,5,24
27/08/2013,15:15,32,9,23
27/08/2013,15:30,28,8,20
27/08/2013,15:45,50,20,30
27/08/2013,16:00,18,3,15
27/08/2013,16:15,19,6,13
27/08/2013,16:30,30,11,19
27/08/2013,16:45,23,8,15
27/08/2013,17:00,21,6,15
27/08/2013,17:15,21,6,15
27/08/2013,17:30,36,7,29
27/08/2013,17:45,82,14,68
27/08/2013,18:00,41,4,37
27/08/2013,18:15,120,11,109
27/08/2013,18:30,72,12,60
27/08/2013,18:45,27,7,20
27/08/2013,19:00,45,8,37
27/08/2013,19:15,36,0,36
27/08/2013,19:30,25,1,24
27/08/2013,19:45,15,5,10
27/08/2013,20:00,16,6,10
27/08/2013,20:15,4,1,3
27/08/2013,20:30,1,1,0
27/08/2013,20:45,1,1,0
27/08/2013,21:00,1,0,1
27/08/2013,21:15,1,0,1
27/08/2013,21:30,0,0,0
27/08/2013,21:45,1,0,1
27/08/2013,22:00,0,0,0
27/08/2013,22:15,0,0,0
27/08/2013,22:30,1,0,1
27/08/2013,22:45,0,0,0
27/08/2013,23:00,0,0,0
27/08/2013,23:15,0,0,0
27/08/2013,23:30,0,0,0
27/08/2013,23:45,0,0,0
28/08/2013,00:00,0,0,0
28/08/2013,00:15,0,0,0
28/08/2013,00:30,0,0,0
28/08/2013,00:45,1,1,0
28/08/2013,01:00,0,0,0
28/08/2013,01:15,0,0,0
28/08/2013,01:30,0,0,0
28/08/2013,01:45,0,0,0
28/08/2013,02:00,0,0,0
28/08/2013,02:15,0,0,0
28/08/2013,02:30,0,0,0
28/08/2013,02:45,0,0,0
28/08/2013,03:00,0,0,0
28/08/2013,03:15,0,0,0
28/08/2013,03:30,0,0,0
28/08/2013,03:45,1,1,0
28/08/2013,04:00,0,0,0
28/08/2013,04:15,0,0,0
28/08/2013,04:30,0,0,0
28/08/2013,04:45,0,0,0
28/08/2013,05:00,1,1,0
28/08/2013,05:15,1,0,1
28/08/2013,05:30,0,0,0
28/08/2013,05:45,0,0,0
28/08/2013,06:00,1,0,1
28/08/2013,06:15,4,0,4
28/08/2013,06:30,7,0,7
28/08/2013,06:45,10,1,9
28/08/2013,07:00,13,2,11
28/08/2013,07:15,17,4,13
28/08/2013,07:30,16,2,14
28/08/2013,07:45,34,9,25
28/08/2013,08:00,51,23,28
28/08/2013,08:15,23,5,18
28/08/2013,08:30,30,3,27
28/08/2013,08:45,38,5,33
28/08/2013,09:00,26,4,22
28/08/2013,09:15,29,3,26
28/08/2013,09:30,28,4,24
28/08/2013,09:45,20,7,13
28/08/2013,10:00,16,1,15
28/08/2013,10:15,23,5,18
28/08/2013,10:30,18,3,15
28/08/2013,10:45,14,3,11
28/08/2013,11:00,20,6,14
28/08/2013,11:15,23,10,13
28/08/2013,11:30,16,9,7
28/08/2013,11:45,14,3,11
28/08/2013,12:00,16,5,11
28/08/2013,12:15,15,8,7
28/08/2013,12:30,21,10,11
28/08/2013,12:45,17,3,14
28/08/2013,13:00,12,5,7
28/08/2013,13:15,11,2,9
28/08/2013,13:30,14,4,10
28/08/2013,13:45,21,5,16
28/08/2013,14:00,29,1,28
28/08/2013,14:15,14,3,11
28/08/2013,14:30,11,4,7
28/08/2013,14:45,9,1,8
28/08/2013,15:00,14,3,11
28/08/2013,15:15,17,6,11
28/08/2013,15:30,49,16,33
28/08/2013,15:45,17,6,11
28/08/2013,16:00,27,5,22
28/08/2013,16:15,22,8,14
28/08/2013,16:30,18,2,16
28/08/2013,16:45,10,4,6
28/08/2013,17:00,24,10,14
28/08/2013,17:15,14,5,9
28/08/2013,17:30,17,9,8
28/08/2013,17:45,26,12,14
28/08/2013,18:00,31,4,27
28/08/2013,18:15,28,10,18
28/08/2013,18:30,21,13,8
28/08/2013,18:45,23,9,14
28/08/2013,19:00,24,7,17
28/08/2013,19:15,24,7,17
28/08/2013,19:30,25,4,21
28/08/2013,19:45,15,2,13
28/08/2013,20:00,20,6,14
28/08/2013,20:15,13,2,11
28/08/2013,20:30,3,0,3
28/08/2013,20:45,1,0,1
28/08/2013,21:00,21,21,0
28/08/2013,21:15,4,1,3
28/08/2013,21:30,2,0,2
28/08/2013,21:45,2,0,2
28/08/2013,22:00,0,0,0
28/08/2013,22:15,0,0,0
28/08/2013,22:30,0,0,0
28/08/2013,22:45,0,0,0
28/08/2013,23:00,0,0,0
28/08/2013,23:15,0,0,0
28/08/2013,23:30,0,0,0
28/08/2013,23:45,0,0,0
29/08/2013,00:00,0,0,0
29/08/2013,00:15,0,0,0
29/08/2013,00:30,1,1,0
29/08/2013,00:45,0,0,0
29/08/2013,01:00,0,0,0
29/08/2013,01:15,0,0,0
29/08/2013,01:30,0,0,0
29/08/2013,01:45,0,0,0
29/08/2013,02:00,0,0,0
29/08/2013,02:15,0,0,0
29/08/2013,02:30,0,0,0
29/08/2013,02:45,0,0,0
29/08/2013,03:00,0,0,0
29/08/2013,03:15,0,0,0
29/08/2013,03:30,0,0,0
29/08/2013,03:45,0,0,0
29/08/2013,04:00,0,0,0
29/08/2013,04:15,0,0,0
29/08/2013,04:30,1,1,0
29/08/2013,04:45,0,0,0
29/08/2013,05:00,1,1,0
29/08/2013,05:15,0,0,0
29/08/2013,05:30,2,0,2
29/08/2013,05:45,0,0,0
29/08/2013,06:00,2,0,2
29/08/2013,06:15,3,0,3
29/08/2013,06:30,2,0,2
29/08/2013,06:45,6,0,6
29/08/2013,07:00,8,0,8
29/08/2013,07:15,17,3,14
29/08/2013,07:30,17,2,15
29/08/2013,07:45,31,11,20
29/08/2013,08:00,36,13,23
29/08/2013,08:15,29,10,19
29/08/2013,08:30,30,7,23
29/08/2013,08:45,21,4,17
29/08/2013,09:00,16,0,16
29/08/2013,09:15,23,5,18
29/08/2013,09:30,19,2,17
29/08/2013,09:45,24,2,22
29/08/2013,10:00,13,1,12
29/08/2013,10:15,27,4,23
29/08/2013,10:30,18,2,16
29/08/2013,10:45,11,2,9
29/08/2013,11:00,20,2,18
29/08/2013,11:15,16,4,12
29/08/2013,11:30,12,1,11
29/08/2013,11:45,11,2,9
29/08/2013,12:00,15,5,10
29/08/2013,12:15,14,0,14
29/08/2013,12:30,13,1,12
29/08/2013,12:45,12,1,11
29/08/2013,13:00,14,2,12
29/08/2013,13:15,36,11,25
29/08/2013,13:30,24,2,22
29/08/2013,13:45,22,4,18
29/08/2013,14:00,16,0,16
29/08/2013,14:15,19,6,13
29/08/2013,14:30,18,5,13
29/08/2013,14:45,18,7,11
29/08/2013,15:00,27,10,17
29/08/2013,15:15,19,2,17
29/08/2013,15:30,15,6,9
29/08/2013,15:45,17,4,13
29/08/2013,16:00,14,5,9
29/08/2013,16:15,14,5,9
29/08/2013,16:30,14,6,8
29/08/2013,16:45,13,5,8
29/08/2013,17:00,19,9,10
29/08/2013,17:15,20,1,19
29/08/2013,17:30,13,3,10
29/08/2013,17:45,27,10,17
29/08/2013,18:00,33,10,23
29/08/2013,18:15,22,5,17
29/08/2013,18:30,19,7,12
29/08/2013,18:45,48,5,43
29/08/2013,19:00,53,1,52
29/08/2013,19:15,44,2,42
29/08/2013,19:30,37,2,35
29/08/2013,19:45,59,2,57
29/08/2013,20:00,33,6,27
29/08/2013,20:15,10,1,9
29/08/2013,20:30,13,1,12
29/08/2013,20:45,4,2,2
29/08/2013,21:00,1,0,1
29/08/2013,21:15,1,0,1
29/08/2013,21:30,1,0,1
29/08/2013,21:45,0,0,0
29/08/2013,22:00,0,0,0
29/08/2013,22:15,1,0,1
29/08/2013,22:30,1,1,0
29/08/2013,22:45,0,0,0
29/08/2013,23:00,1,0,1
29/08/2013,23:15,1,0,1
29/08/2013,23:30,0,0,0
29/08/2013,23:45,0,0,0
30/08/2013,00:00,1,0,1
30/08/2013,00:15,0,0,0
30/08/2013,00:30,0,0,0
30/08/2013,00:45,0,0,0
30/08/2013,01:00,0,0,0
30/08/2013,01:15,0,0,0
30/08/2013,01:30,0,0,0
30/08/2013,01:45,4,4,0
30/08/2013,02:00,6,6,0
30/08/2013,02:15,2,2,0
30/08/2013,02:30,0,0,0
30/08/2013,02:45,0,0,0
30/08/2013,03:00,0,0,0
30/08/2013,03:15,1,1,0
30/08/2013,03:30,0,0,0
30/08/2013,03:45,0,0,0
30/08/2013,04:00,0,0,0
30/08/2013,04:15,0,0,0
30/08/2013,04:30,0,0,0
30/08/2013,04:45,0,0,0
30/08/2013,05:00,1,0,1
30/08/2013,05:15,0,0,0
30/08/2013,05:30,0,0,0
30/08/2013,05:45,1,0,1
30/08/2013,06:00,1,0,1
30/08/2013,06:15,9,0,9
30/08/2013,06:30,9,0,9
30/08/2013,06:45,8,0,8
30/08/2013,07:00,6,2,4
30/08/2013,07:15,6,4,2
30/08/2013,07:30,16,2,14
30/08/2013,07:45,33,11,22
30/08/2013,08:00,46,19,27
30/08/2013,08:15,31,8,23
30/08/2013,08:30,36,5,31
30/08/2013,08:45,23,2,21
30/08/2013,09:00,18,4,14
30/08/2013,09:15,18,2,16
30/08/2013,09:30,12,2,10
30/08/2013,09:45,19,2,17
30/08/2013,10:00,25,3,22
30/08/2013,10:15,24,4,20
30/08/2013,10:30,17,4,13
30/08/2013,10:45,18,4,14
30/08/2013,11:00,18,3,15
30/08/2013,11:15,12,4,8
30/08/2013,11:30,13,3,10
30/08/2013,11:45,15,2,13
30/08/2013,12:00,13,5,8
30/08/2013,12:15,20,10,10
30/08/2013,12:30,12,3,9
30/08/2013,12:45,10,2,8
30/08/2013,13:00,11,0,11
30/08/2013,13:15,16,4,12
30/08/2013,13:30,13,2,11
30/08/2013,13:45,16,9,7
30/08/2013,14:00,15,4,11
30/08/2013,14:15,14,3,11
30/08/2013,14:30,19,6,13
30/08/2013,14:45,13,3,10
30/08/2013,15:00,18,5,13
30/08/2013,15:15,21,9,12
30/08/2013,15:30,28,16,12
30/08/2013,15:45,12,2,10
30/08/2013,16:00,20,5,15
30/08/2013,16:15,13,5,8
30/08/2013,16:30,13,4,9
30/08/2013,16:45,18,4,14
30/08/2013,17:00,31,8,23
30/08/2013,17:15,32,8,24
30/08/2013,17:30,69,10,59
30/08/2013,17:45,68,3,65
30/08/2013,18:00,86,7,79
30/08/2013,18:15,74,5,69
30/08/2013,18:30,90,17,73
30/08/2013,18:45,22,4,18
30/08/2013,19:00,19,2,17
30/08/2013,19:15,29,4,25
30/08/2013,19:30,41,5,36
30/08/2013,19:45,17,3,14
30/08/2013,20:00,27,4,23
30/08/2013,20:15,7,0,7
30/08/2013,20:30,8,4,4
30/08/2013,20:45,4,1,3
30/08/2013,21:00,2,0,2
30/08/2013,21:15,2,0,2
30/08/2013,21:30,0,0,0
30/08/2013,21:45,4,1,3
30/08/2013,22:00,0,0,0
30/08/2013,22:15,1,1,0
30/08/2013,22:30,2,2,0
30/08/2013,22:45,0,0,0
30/08/2013,23:00,0,0,0
30/08/2013,23:15,1,0,1
30/08/2013,23:30,0,0,0
30/08/2013,23:45,0,0,0
31/08/2013,00:00,0,0,0
31/08/2013,00:15,0,0,0
31/08/2013,00:30,0,0,0
31/08/2013,00:45,0,0,0
31/08/2013,01:00,0,0,0
31/08/2013,01:15,0,0,0
31/08/2013,01:30,0,0,0
31/08/2013,01:45,0,0,0
31/08/2013,02:00,0,0,0
31/08/2013,02:15,0,0,0
31/08/2013,02:30,0,0,0
31/08/2013,02:45,0,0,0
31/08/2013,03:00,0,0,0
31/08/2013,03:15,0,0,0
31/08/2013,03:30,1,0,1
31/08/2013,03:45,0,0,0
31/08/2013,04:00,0,0,0
31/08/2013,04:15,0,0,0
31/08/2013,04:30,0,0,0
31/08/2013,04:45,0,0,0
31/08/2013,05:00,0,0,0
31/08/2013,05:15,0,0,0
31/08/2013,05:30,0,0,0
31/08/2013,05:45,1,0,1
31/08/2013,06:00,1,1,0
31/08/2013,06:15,2,1,1
31/08/2013,06:30,1,0,1
31/08/2013,06:45,4,1,3
31/08/2013,07:00,5,0,5
31/08/2013,07:15,11,0,11
31/08/2013,07:30,9,1,8
31/08/2013,07:45,17,1,16
31/08/2013,08:00,15,3,12
31/08/2013,08:15,18,3,15
31/08/2013,08:30,22,2,20
31/08/2013,08:45,21,6,15
31/08/2013,09:00,27,1,26
31/08/2013,09:15,37,8,29
31/08/2013,09:30,30,6,24
31/08/2013,09:45,20,3,17
31/08/2013,10:00,27,5,22
31/08/2013,10:15,30,8,22
31/08/2013,10:30,30,7,23
31/08/2013,10:45,21,4,17
31/08/2013,11:00,39,13,26
31/08/2013,11:15,28,7,21
31/08/2013,11:30,28,5,23
31/08/2013,11:45,41,14,27
31/08/2013,12:00,28,13,15
31/08/2013,12:15,24,9,15
31/08/2013,12:30,24,8,16
31/08/2013,12:45,30,6,24
31/08/2013,13:00,28,13,15
31/08/2013,13:15,16,4,12
31/08/2013,13:30,26,7,19
31/08/2013,13:45,18,6,12
31/08/2013,14:00,10,3,7
31/08/2013,14:15,17,6,11
31/08/2013,14:30,23,6,17
31/08/2013,14:45,27,5,22
31/08/2013,15:00,32,13,19
31/08/2013,15:15,17,7,10
31/08/2013,15:30,25,9,16
31/08/2013,15:45,34,11,23
31/08/2013,16:00,26,10,16
31/08/2013,16:15,21,9,12
31/08/2013,16:30,12,2,10
31/08/2013,16:45,12,5,7
31/08/2013,17:00,16,3,13
31/08/2013,17:15,7,3,4
31/08/2013,17:30,13,1,12
31/08/2013,17:45,17,5,12
31/08/2013,18:00,14,2,12
31/08/2013,18:15,17,4,13
31/08/2013,18:30,23,9,14
31/08/2013,18:45,57,5,52
31/08/2013,19:00,86,8,78
31/08/2013,19:15,79,8,71
31/08/2013,19:30,11,0,11
31/08/2013,19:45,14,2,12
31/08/2013,20:00,10,5,5
31/08/2013,20:15,7,1,6
31/08/2013,20:30,0,0,0
31/08/2013,20:45,1,0,1
31/08/2013,21:00,0,0,0
31/08/2013,21:15,0,0,0
31/08/2013,21:30,1,1,0
31/08/2013,21:45,1,0,1
31/08/2013,22:00,2,0,2
31/08/2013,22:15,0,0,0
31/08/2013,22:30,0,0,0
31/08/2013,22:45,0,0,0
31/08/2013,23:00,0,0,0
31/08/2013,23:15,0,0,0
31/08/2013,23:30,0,0,0
31/08/2013,23:45,1,1,0
01/09/2013,00:00,1,1,0
01/09/2013,00:15,0,0,0
01/09/2013,00:30,0,0,0
01/09/2013,00:45,0,0,0
01/09/2013,01:00,0,0,0
01/09/2013,01:15,0,0,0
01/09/2013,01:30,0,0,0
01/09/2013,01:45,0,0,0
01/09/2013,02:00,0,0,0
01/09/2013,02:15,0,0,0
01/09/2013,02:30,1,1,0
01/09/2013,02:45,0,0,0
01/09/2013,03:00,1,1,0
01/09/2013,03:15,0,0,0
01/09/2013,03:30,0,0,0
01/09/2013,03:45,0,0,0
01/09/2013,04:00,0,0,0
01/09/2013,04:15,0,0,0
01/09/2013,04:30,0,0,0
01/09/2013,04:45,0,0,0
01/09/2013,05:00,0,0,0
01/09/2013,05:15,0,0,0
01/09/2013,05:30,0,0,0
01/09/2013,05:45,0,0,0
01/09/2013,06:00,1,1,0
01/09/2013,06:15,3,0,3
01/09/2013,06:30,4,1,3
01/09/2013,06:45,4,1,3
01/09/2013,07:00,3,0,3
01/09/2013,07:15,6,1,5
01/09/2013,07:30,8,0,8
01/09/2013,07:45,8,2,6
01/09/2013,08:00,5,0,5
01/09/2013,08:15,14,3,11
01/09/2013,08:30,15,2,13
01/09/2013,08:45,25,2,23
01/09/2013,09:00,22,3,19
01/09/2013,09:15,31,5,26
01/09/2013,09:30,22,6,16
01/09/2013,09:45,34,2,32
01/09/2013,10:00,35,9,26
01/09/2013,10:15,23,5,18
01/09/2013,10:30,44,7,37
01/09/2013,10:45,30,14,16
01/09/2013,11:00,28,6,22
01/09/2013,11:15,31,6,25
01/09/2013,11:30,32,10,22
01/09/2013,11:45,36,8,28
01/09/2013,12:00,26,6,20
01/09/2013,12:15,19,5,14
01/09/2013,12:30,18,5,13
01/09/2013,12:45,20,11,9
01/09/2013,13:00,33,22,11
01/09/2013,13:15,16,2,14
01/09/2013,13:30,39,26,13
01/09/2013,13:45,26,15,11
01/09/2013,14:00,47,19,28
01/09/2013,14:15,70,38,32
01/09/2013,14:30,89,76,13
01/09/2013,14:45,18,6,12
01/09/2013,15:00,16,4,12
01/09/2013,15:15,15,4,11
01/09/2013,15:30,28,7,21
01/09/2013,15:45,17,7,10
01/09/2013,16:00,17,10,7
01/09/2013,16:15,19,1,18
01/09/2013,16:30,33,3,30
01/09/2013,16:45,37,15,22
01/09/2013,17:00,29,5,24
01/09/2013,17:15,25,4,21
01/09/2013,17:30,34,3,31
01/09/2013,17:45,54,3,51
01/09/2013,18:00,46,10,36
01/09/2013,18:15,13,3,10
01/09/2013,18:30,9,0,9
01/09/2013,18:45,13,5,8
01/09/2013,19:00,11,5,6
01/09/2013,19:15,8,2,6
01/09/2013,19:30,11,5,6
01/09/2013,19:45,6,0,6
01/09/2013,20:00,2,1,1
01/09/2013,20:15,2,1,1
01/09/2013,20:30,1,0,1
01/09/2013,20:45,0,0,0
01/09/2013,21:00,0,0,0
01/09/2013,21:15,0,0,0
01/09/2013,21:30,0,0,0
01/09/2013,21:45,0,0,0
01/09/2013,22:00,0,0,0
01/09/2013,22:15,0,0,0
01/09/2013,22:30,1,1,0
01/09/2013,22:45,1,1,0
01/09/2013,23:00,0,0,0
01/09/2013,23:15,0,0,0
01/09/2013,23:30,0,0,0
01/09/2013,23:45,0,0,0
02/09/2013,00:00,1,1,0
02/09/2013,00:15,0,0,0
02/09/2013,00:30,0,0,0
02/09/2013,00:45,0,0,0
02/09/2013,01:00,0,0,0
02/09/2013,01:15,0,0,0
02/09/2013,01:30,0,0,0
02/09/2013,01:45,0,0,0
02/09/2013,02:00,0,0,0
02/09/2013,02:15,0,0,0
02/09/2013,02:30,0,0,0
02/09/2013,02:45,0,0,0
02/09/2013,03:00,0,0,0
02/09/2013,03:15,0,0,0
02/09/2013,03:30,0,0,0
02/09/2013,03:45,0,0,0
02/09/2013,04:00,0,0,0
02/09/2013,04:15,0,0,0
02/09/2013,04:30,0,0,0
02/09/2013,04:45,0,0,0
02/09/2013,05:00,0,0,0
02/09/2013,05:15,0,0,0
02/09/2013,05:30,0,0,0
02/09/2013,05:45,0,0,0
02/09/2013,06:00,1,1,0
02/09/2013,06:15,3,1,2
02/09/2013,06:30,6,1,5
02/09/2013,06:45,2,0,2
02/09/2013,07:00,9,0,9
02/09/2013,07:15,4,0,4
02/09/2013,07:30,7,0,7
02/09/2013,07:45,11,2,9
02/09/2013,08:00,9,2,7
02/09/2013,08:15,10,2,8
02/09/2013,08:30,19,2,17
02/09/2013,08:45,24,4,20
02/09/2013,09:00,24,1,23
02/09/2013,09:15,22,1,21
02/09/2013,09:30,28,4,24
02/09/2013,09:45,38,6,32
02/09/2013,10:00,40,9,31
02/09/2013,10:15,38,12,26
02/09/2013,10:30,43,9,34
02/09/2013,10:45,42,5,37
02/09/2013,11:00,37,8,29
02/09/2013,11:15,58,7,51
02/09/2013,11:30,31,14,17
02/09/2013,11:45,42,16,26
02/09/2013,12:00,31,12,19
02/09/2013,12:15,32,9,23
02/09/2013,12:30,32,8,24
02/09/2013,12:45,31,9,22
02/09/2013,13:00,32,7,25
02/09/2013,13:15,24,12,12
02/09/2013,13:30,31,12,19
02/09/2013,13:45,42,11,31
02/09/2013,14:00,56,13,43
02/09/2013,14:15,56,6,50
02/09/2013,14:30,59,12,47
02/09/2013,14:45,83,11,72
02/09/2013,15:00,52,10,42
02/09/2013,15:15,60,7,53
02/09/2013,15:30,52,2,50
02/09/2013,15:45,48,4,44
02/09/2013,16:00,89,9,80
02/09/2013,16:15,64,9,55
02/09/2013,16:30,56,8,48
02/09/2013,16:45,86,6,80
02/09/2013,17:00,57,6,51
02/09/2013,17:15,49,7,42
02/09/2013,17:30,42,8,34
02/09/2013,17:45,75,4,71
02/09/2013,18:00,49,6,43
02/09/2013,18:15,32,6,26
02/09/2013,18:30,28,1,27
02/09/2013,18:45,48,4,44
02/09/2013,19:00,36,1,35
02/09/2013,19:15,33,4,29
02/09/2013,19:30,96,2,94
02/09/2013,19:45,33,0,33
02/09/2013,20:00,26,0,26
02/09/2013,20:15,11,1,10
02/09/2013,20:30,5,0,5
02/09/2013,20:45,2,1,1
02/09/2013,21:00,1,0,1
02/09/2013,21:15,1,1,0
02/09/2013,21:30,0,0,0
02/09/2013,21:45,0,0,0
02/09/2013,22:00,0,0,0
02/09/2013,22:15,0,0,0
02/09/2013,22:30,0,0,0
02/09/2013,22:45,0,0,0
02/09/2013,23:00,0,0,0
02/09/2013,23:15,0,0,0
02/09/2013,23:30,1,0,1
02/09/2013,23:45,0,0,0
03/09/2013,00:00,1,0,1
03/09/2013,00:15,2,2,0
03/09/2013,00:30,1,1,0
03/09/2013,00:45,54,54,0
03/09/2013,01:00,31,31,0
03/09/2013,01:15,0,0,0
03/09/2013,01:30,0,0,0
03/09/2013,01:45,1,1,0
03/09/2013,02:00,0,0,0
03/09/2013,02:15,0,0,0
03/09/2013,02:30,0,0,0
03/09/2013,02:45,0,0,0
03/09/2013,03:00,0,0,0
03/09/2013,03:15,0,0,0
03/09/2013,03:30,0,0,0
03/09/2013,03:45,1,1,0
03/09/2013,04:00,0,0,0
03/09/2013,04:15,0,0,0
03/09/2013,04:30,0,0,0
03/09/2013,04:45,0,0,0
03/09/2013,05:00,0,0,0
03/09/2013,05:15,1,0,1
03/09/2013,05:30,0,0,0
03/09/2013,05:45,1,0,1
03/09/2013,06:00,4,0,4
03/09/2013,06:15,9,1,8
03/09/2013,06:30,7,1,6
03/09/2013,06:45,13,0,13
03/09/2013,07:00,10,0,10
03/09/2013,07:15,18,2,16
03/09/2013,07:30,17,4,13
03/09/2013,07:45,22,7,15
03/09/2013,08:00,42,21,21
03/09/2013,08:15,25,8,17
03/09/2013,08:30,21,3,18
03/09/2013,08:45,13,2,11
03/09/2013,09:00,20,1,19
03/09/2013,09:15,28,4,24
03/09/2013,09:30,20,3,17
03/09/2013,09:45,21,6,15
03/09/2013,10:00,22,1,21
03/09/2013,10:15,17,3,14
03/09/2013,10:30,29,8,21
03/09/2013,10:45,32,8,24
03/09/2013,11:00,15,1,14
03/09/2013,11:15,20,3,17
03/09/2013,11:30,20,4,16
03/09/2013,11:45,13,3,10
03/09/2013,12:00,23,5,18
03/09/2013,12:15,11,3,8
03/09/2013,12:30,30,10,20
03/09/2013,12:45,21,3,18
03/09/2013,13:00,13,2,11
03/09/2013,13:15,16,1,15
03/09/2013,13:30,30,1,29
03/09/2013,13:45,18,0,18
03/09/2013,14:00,26,3,23
03/09/2013,14:15,12,3,9
03/09/2013,14:30,22,4,18
03/09/2013,14:45,22,2,20
03/09/2013,15:00,52,3,49
03/09/2013,15:15,34,7,27
03/09/2013,15:30,81,10,71
03/09/2013,15:45,73,7,66
03/09/2013,16:00,56,8,48
03/09/2013,16:15,61,8,53
03/09/2013,16:30,63,9,54
03/09/2013,16:45,44,4,40
03/09/2013,17:00,60,11,49
03/09/2013,17:15,35,5,30
03/09/2013,17:30,29,10,19
03/09/2013,17:45,26,8,18
03/09/2013,18:00,27,5,22
03/09/2013,18:15,37,8,29
03/09/2013,18:30,52,12,40
03/09/2013,18:45,31,6,25
03/09/2013,19:00,55,7,48
03/09/2013,19:15,32,3,29
03/09/2013,19:30,41,1,40
03/09/2013,19:45,33,3,30
03/09/2013,20:00,12,7,5
03/09/2013,20:15,5,2,3
03/09/2013,20:30,3,1,2
03/09/2013,20:45,2,1,1
03/09/2013,21:00,1,1,0
03/09/2013,21:15,0,0,0
03/09/2013,21:30,0,0,0
03/09/2013,21:45,1,0,1
03/09/2013,22:00,0,0,0
03/09/2013,22:15,1,1,0
03/09/2013,22:30,0,0,0
03/09/2013,22:45,1,1,0
03/09/2013,23:00,0,0,0
03/09/2013,23:15,0,0,0
03/09/2013,23:30,0,0,0
03/09/2013,23:45,0,0,0
04/09/2013,00:00,0,0,0
04/09/2013,00:15,0,0,0
04/09/2013,00:30,1,0,1
04/09/2013,00:45,0,0,0
04/09/2013,01:00,0,0,0
04/09/2013,01:15,0,0,0
04/09/2013,01:30,0,0,0
04/09/2013,01:45,0,0,0
04/09/2013,02:00,0,0,0
04/09/2013,02:15,0,0,0
04/09/2013,02:30,0,0,0
04/09/2013,02:45,0,0,0
04/09/2013,03:00,0,0,0
04/09/2013,03:15,0,0,0
04/09/2013,03:30,0,0,0
04/09/2013,03:45,0,0,0
04/09/2013,04:00,0,0,0
04/09/2013,04:15,0,0,0
04/09/2013,04:30,0,0,0
04/09/2013,04:45,0,0,0
04/09/2013,05:00,0,0,0
04/09/2013,05:15,1,0,1
04/09/2013,05:30,2,0,2
04/09/2013,05:45,0,0,0
04/09/2013,06:00,2,1,1
04/09/2013,06:15,4,0,4
04/09/2013,06:30,4,0,4
04/09/2013,06:45,5,1,4
04/09/2013,07:00,15,4,11
04/09/2013,07:15,15,2,13
04/09/2013,07:30,17,5,12
04/09/2013,07:45,33,10,23
04/09/2013,08:00,51,29,22
04/09/2013,08:15,26,10,16
04/09/2013,08:30,18,1,17
04/09/2013,08:45,25,3,22
04/09/2013,09:00,23,4,19
04/09/2013,09:15,19,2,17
04/09/2013,09:30,25,3,22
04/09/2013,09:45,23,3,20
04/09/2013,10:00,20,2,18
04/09/2013,10:15,30,24,6
04/09/2013,10:30,18,3,15
04/09/2013,10:45,17,5,12
04/09/2013,11:00,23,4,19
04/09/2013,11:15,15,3,12
04/09/2013,11:30,19,5,14
04/09/2013,11:45,13,0,13
04/09/2013,12:00,6,1,5
04/09/2013,12:15,13,4,9
04/09/2013,12:30,16,3,13
04/09/2013,12:45,22,3,19
04/09/2013,13:00,19,5,14
04/09/2013,13:15,39,9,30
04/09/2013,13:30,23,7,16
04/09/2013,13:45,18,5,13
04/09/2013,14:00,14,4,10
04/09/2013,14:15,16,0,16
04/09/2013,14:30,13,2,11
04/09/2013,14:45,10,3,7
04/09/2013,15:00,19,1,18
04/09/2013,15:15,18,9,9
04/09/2013,15:30,22,7,15
04/09/2013,15:45,45,3,42
04/09/2013,16:00,25,2,23
04/09/2013,16:15,34,6,28
04/09/2013,16:30,50,2,48
04/09/2013,16:45,68,4,64
04/09/2013,17:00,60,14,46
04/09/2013,17:15,40,7,33
04/09/2013,17:30,27,2,25
04/09/2013,17:45,25,9,16
04/09/2013,18:00,48,16,32
04/09/2013,18:15,43,9,34
04/09/2013,18:30,57,20,37
04/09/2013,18:45,53,4,49
04/09/2013,19:00,73,4,69
04/09/2013,19:15,81,5,76
04/09/2013,19:30,45,1,44
04/09/2013,19:45,21,0,21
04/09/2013,20:00,8,5,3
04/09/2013,20:15,1,0,1
04/09/2013,20:30,0,0,0
04/09/2013,20:45,1,1,0
04/09/2013,21:00,0,0,0
04/09/2013,21:15,1,0,1
04/09/2013,21:30,1,1,0
04/09/2013,21:45,0,0,0
04/09/2013,22:00,0,0,0
04/09/2013,22:15,2,1,1
04/09/2013,22:30,0,0,0
04/09/2013,22:45,0,0,0
04/09/2013,23:00,0,0,0
04/09/2013,23:15,0,0,0
04/09/2013,23:30,0,0,0
04/09/2013,23:45,0,0,0
05/09/2013,00:00,0,0,0
05/09/2013,00:15,0,0,0
05/09/2013,00:30,0,0,0
05/09/2013,00:45,0,0,0
05/09/2013,01:00,0,0,0
05/09/2013,01:15,0,0,0
05/09/2013,01:30,0,0,0
05/09/2013,01:45,0,0,0
05/09/2013,02:00,0,0,0
05/09/2013,02:15,0,0,0
05/09/2013,02:30,0,0,0
05/09/2013,02:45,0,0,0
05/09/2013,03:00,0,0,0
05/09/2013,03:15,0,0,0
05/09/2013,03:30,0,0,0
05/09/2013,03:45,0,0,0
05/09/2013,04:00,0,0,0
05/09/2013,04:15,0,0,0
05/09/2013,04:30,1,1,0
05/09/2013,04:45,0,0,0
05/09/2013,05:00,2,0,2
05/09/2013,05:15,3,0,3
05/09/2013,05:30,2,0,2
05/09/2013,05:45,0,0,0
05/09/2013,06:00,1,0,1
05/09/2013,06:15,3,0,3
05/09/2013,06:30,8,1,7
05/09/2013,06:45,7,2,5
05/09/2013,07:00,6,0,6
05/09/2013,07:15,7,0,7
05/09/2013,07:30,18,3,15
05/09/2013,07:45,17,4,13
05/09/2013,08:00,15,2,13
05/09/2013,08:15,11,0,11
05/09/2013,08:30,16,4,12
05/09/2013,08:45,23,4,19
05/09/2013,09:00,32,2,30
05/09/2013,09:15,17,1,16
05/09/2013,09:30,18,2,16
05/09/2013,09:45,20,5,15
05/09/2013,10:00,20,1,19
05/09/2013,10:15,22,3,19
05/09/2013,10:30,9,0,9
05/09/2013,10:45,21,6,15
05/09/2013,11:00,14,1,13
05/09/2013,11:15,21,3,18
05/09/2013,11:30,14,2,12
05/09/2013,11:45,14,4,10
05/09/2013,12:00,25,5,20
05/09/2013,12:15,31,0,31
05/09/2013,12:30,43,2,41
05/09/2013,12:45,21,5,16
05/09/2013,13:00,15,3,12
05/09/2013,13:15,17,3,14
05/09/2013,13:30,21,1,20
05/09/2013,13:45,23,1,22
05/09/2013,14:00,26,4,22
05/09/2013,14:15,27,3,24
05/09/2013,14:30,25,9,16
05/09/2013,14:45,29,3,26
05/09/2013,15:00,26,1,25
05/09/2013,15:15,57,8,49
05/09/2013,15:30,32,4,28
05/09/2013,15:45,32,5,27
05/09/2013,16:00,16,4,12
05/09/2013,16:15,18,3,15
05/09/2013,16:30,31,3,28
05/09/2013,16:45,30,0,30
05/09/2013,17:00,59,6,53
05/09/2013,17:15,103,10,93
05/09/2013,17:30,66,1,65
05/09/2013,17:45,121,4,117
05/09/2013,18:00,27,10,17
05/09/2013,18:15,22,5,17
05/09/2013,18:30,58,13,45
05/09/2013,18:45,91,7,84
05/09/2013,19:00,115,7,108
05/09/2013,19:15,80,1,79
05/09/2013,19:30,27,2,25
05/09/2013,19:45,21,1,20
05/09/2013,20:00,17,9,8
05/09/2013,20:15,2,0,2
05/09/2013,20:30,3,0,3
05/09/2013,20:45,2,1,1
05/09/2013,21:00,1,0,1
05/09/2013,21:15,1,1,0
05/09/2013,21:30,1,1,0
05/09/2013,21:45,1,1,0
05/09/2013,22:00,0,0,0
05/09/2013,22:15,0,0,0
05/09/2013,22:30,2,1,1
05/09/2013,22:45,1,0,1
05/09/2013,23:00,0,0,0
05/09/2013,23:15,0,0,0
05/09/2013,23:30,0,0,0
05/09/2013,23:45,1,0,1
06/09/2013,00:00,0,0,0
06/09/2013,00:15,0,0,0
06/09/2013,00:30,0,0,0
06/09/2013,00:45,0,0,0
06/09/2013,01:00,0,0,0
06/09/2013,01:15,0,0,0
06/09/2013,01:30,0,0,0
06/09/2013,01:45,0,0,0
06/09/2013,02:00,0,0,0
06/09/2013,02:15,0,0,0
06/09/2013,02:30,0,0,0
06/09/2013,02:45,0,0,0
06/09/2013,03:00,0,0,0
06/09/2013,03:15,0,0,0
06/09/2013,03:30,0,0,0
06/09/2013,03:45,0,0,0
06/09/2013,04:00,0,0,0
06/09/2013,04:15,0,0,0
06/09/2013,04:30,0,0,0
06/09/2013,04:45,0,0,0
06/09/2013,05:00,0,0,0
06/09/2013,05:15,0,0,0
06/09/2013,05:30,0,0,0
06/09/2013,05:45,0,0,0
06/09/2013,06:00,3,0,3
06/09/2013,06:15,5,0,5
06/09/2013,06:30,24,0,24
06/09/2013,06:45,24,0,24
06/09/2013,07:00,10,2,8
06/09/2013,07:15,7,2,5
06/09/2013,07:30,8,0,8
06/09/2013,07:45,17,7,10
06/09/2013,08:00,33,10,23
06/09/2013,08:15,28,5,23
06/09/2013,08:30,36,3,33
06/09/2013,08:45,26,4,22
06/09/2013,09:00,21,1,20
06/09/2013,09:15,13,3,10
06/09/2013,09:30,16,1,15
06/09/2013,09:45,10,1,9
06/09/2013,10:00,20,8,12
06/09/2013,10:15,16,2,14
06/09/2013,10:30,24,4,20
06/09/2013,10:45,15,3,12
06/09/2013,11:00,19,1,18
06/09/2013,11:15,10,2,8
06/09/2013,11:30,13,4,9
06/09/2013,11:45,29,10,19
06/09/2013,12:00,8,2,6
06/09/2013,12:15,9,3,6
06/09/2013,12:30,15,4,11
06/09/2013,12:45,9,5,4
06/09/2013,13:00,11,4,7
06/09/2013,13:15,9,1,8
06/09/2013,13:30,10,2,8
06/09/2013,13:45,22,5,17
06/09/2013,14:00,19,1,18
06/09/2013,14:15,9,3,6
06/09/2013,14:30,13,1,12
06/09/2013,14:45,16,3,13
06/09/2013,15:00,22,3,19
06/09/2013,15:15,34,11,23
06/09/2013,15:30,61,15,46
06/09/2013,15:45,36,12,24
06/09/2013,16:00,11,7,4
06/09/2013,16:15,18,7,11
06/09/2013,16:30,20,2,18
06/09/2013,16:45,25,8,17
06/09/2013,17:00,16,9,7
06/09/2013,17:15,33,14,19
06/09/2013,17:30,44,16,28
06/09/2013,17:45,31,9,22
06/09/2013,18:00,22,6,16
06/09/2013,18:15,17,8,9
06/09/2013,18:30,32,14,18
06/09/2013,18:45,20,9,11
06/09/2013,19:00,33,9,24
06/09/2013,19:15,26,8,18
06/09/2013,19:30,20,4,16
06/09/2013,19:45,29,9,20
06/09/2013,20:00,15,4,11
06/09/2013,20:15,5,0,5
06/09/2013,20:30,2,1,1
06/09/2013,20:45,0,0,0
06/09/2013,21:00,0,0,0
06/09/2013,21:15,0,0,0
06/09/2013,21:30,1,1,0
06/09/2013,21:45,0,0,0
06/09/2013,22:00,1,0,1
06/09/2013,22:15,1,1,0
06/09/2013,22:30,0,0,0
06/09/2013,22:45,0,0,0
06/09/2013,23:00,0,0,0
06/09/2013,23:15,0,0,0
06/09/2013,23:30,0,0,0
06/09/2013,23:45,0,0,0
07/09/2013,00:00,0,0,0
07/09/2013,00:15,1,1,0
07/09/2013,00:30,0,0,0
07/09/2013,00:45,0,0,0
07/09/2013,01:00,0,0,0
07/09/2013,01:15,0,0,0
07/09/2013,01:30,0,0,0
07/09/2013,01:45,0,0,0
07/09/2013,02:00,0,0,0
07/09/2013,02:15,0,0,0
07/09/2013,02:30,0,0,0
07/09/2013,02:45,0,0,0
07/09/2013,03:00,0,0,0
07/09/2013,03:15,0,0,0
07/09/2013,03:30,0,0,0
07/09/2013,03:45,0,0,0
07/09/2013,04:00,0,0,0
07/09/2013,04:15,0,0,0
07/09/2013,04:30,1,0,1
07/09/2013,04:45,0,0,0
07/09/2013,05:00,0,0,0
07/09/2013,05:15,0,0,0
07/09/2013,05:30,0,0,0
07/09/2013,05:45,0,0,0
07/09/2013,06:00,2,1,1
07/09/2013,06:15,3,1,2
07/09/2013,06:30,9,0,9
07/09/2013,06:45,4,0,4
07/09/2013,07:00,5,1,4
07/09/2013,07:15,15,2,13
07/09/2013,07:30,11,1,10
07/09/2013,07:45,13,4,9
07/09/2013,08:00,21,4,17
07/09/2013,08:15,21,2,19
07/09/2013,08:30,28,5,23
07/09/2013,08:45,27,9,18
07/09/2013,09:00,32,5,27
07/09/2013,09:15,26,5,21
07/09/2013,09:30,41,9,32
07/09/2013,09:45,18,2,16
07/09/2013,10:00,36,5,31
07/09/2013,10:15,37,18,19
07/09/2013,10:30,26,7,19
07/09/2013,10:45,21,5,16
07/09/2013,11:00,13,2,11
07/09/2013,11:15,8,2,6
07/09/2013,11:30,23,10,13
07/09/2013,11:45,11,4,7
07/09/2013,12:00,19,10,9
07/09/2013,12:15,26,9,17
07/09/2013,12:30,11,4,7
07/09/2013,12:45,5,3,2
07/09/2013,13:00,11,4,7
07/09/2013,13:15,12,6,6
07/09/2013,13:30,7,5,2
07/09/2013,13:45,17,6,11
07/09/2013,14:00,12,6,6
07/09/2013,14:15,20,11,9
07/09/2013,14:30,18,8,10
07/09/2013,14:45,37,12,25
07/09/2013,15:00,33,9,24
07/09/2013,15:15,16,5,11
07/09/2013,15:30,41,7,34
07/09/2013,15:45,45,9,36
07/09/2013,16:00,42,3,39
07/09/2013,16:15,26,1,25
07/09/2013,16:30,34,9,25
07/09/2013,16:45,51,6,45
07/09/2013,17:00,51,6,45
07/09/2013,17:15,67,4,63
07/09/2013,17:30,45,4,41
07/09/2013,17:45,35,3,32
07/09/2013,18:00,26,4,22
07/09/2013,18:15,44,3,41
07/09/2013,18:30,40,1,39
07/09/2013,18:45,76,2,74
07/09/2013,19:00,144,4,140
07/09/2013,19:15,38,4,34
07/09/2013,19:30,66,5,61
07/09/2013,19:45,107,63,44
07/09/2013,20:00,25,2,23
07/09/2013,20:15,18,0,18
07/09/2013,20:30,24,20,4
07/09/2013,20:45,3,3,0
07/09/2013,21:00,0,0,0
07/09/2013,21:15,1,1,0
07/09/2013,21:30,0,0,0
07/09/2013,21:45,0,0,0
07/09/2013,22:00,0,0,0
07/09/2013,22:15,3,3,0
07/09/2013,22:30,3,0,3
07/09/2013,22:45,0,0,0
07/09/2013,23:00,0,0,0
07/09/2013,23:15,0,0,0
07/09/2013,23:30,0,0,0
07/09/2013,23:45,0,0,0
08/09/2013,00:00,0,0,0
08/09/2013,00:15,0,0,0
08/09/2013,00:30,2,2,0
08/09/2013,00:45,0,0,0
08/09/2013,01:00,0,0,0
08/09/2013,01:15,0,0,0
08/09/2013,01:30,0,0,0
08/09/2013,01:45,0,0,0
08/09/2013,02:00,0,0,0
08/09/2013,02:15,0,0,0
08/09/2013,02:30,0,0,0
08/09/2013,02:45,0,0,0
08/09/2013,03:00,0,0,0
08/09/2013,03:15,0,0,0
08/09/2013,03:30,0,0,0
08/09/2013,03:45,1,1,0
08/09/2013,04:00,0,0,0
08/09/2013,04:15,0,0,0
08/09/2013,04:30,0,0,0
08/09/2013,04:45,0,0,0
08/09/2013,05:00,0,0,0
08/09/2013,05:15,0,0,0
08/09/2013,05:30,1,0,1
08/09/2013,05:45,1,0,1
08/09/2013,06:00,1,0,1
08/09/2013,06:15,2,1,1
08/09/2013,06:30,4,1,3
08/09/2013,06:45,6,1,5
08/09/2013,07:00,4,0,4
08/09/2013,07:15,7,0,7
08/09/2013,07:30,10,3,7
08/09/2013,07:45,12,0,12
08/09/2013,08:00,12,3,9
08/09/2013,08:15,18,3,15
08/09/2013,08:30,24,3,21
08/09/2013,08:45,24,1,23
08/09/2013,09:00,33,4,29
08/09/2013,09:15,37,4,33
08/09/2013,09:30,21,2,19
08/09/2013,09:45,30,4,26
08/09/2013,10:00,28,10,18
08/09/2013,10:15,39,12,27
08/09/2013,10:30,34,8,26
08/09/2013,10:45,27,10,17
08/09/2013,11:00,32,9,23
08/09/2013,11:15,19,3,16
08/09/2013,11:30,17,4,13
08/09/2013,11:45,26,7,19
08/09/2013,12:00,24,10,14
08/09/2013,12:15,18,4,14
08/09/2013,12:30,31,12,19
08/09/2013,12:45,14,4,10
08/09/2013,13:00,13,7,6
08/09/2013,13:15,21,10,11
08/09/2013,13:30,22,13,9
08/09/2013,13:45,17,7,10
08/09/2013,14:00,22,7,15
08/09/2013,14:15,25,7,18
08/09/2013,14:30,113,97,16
08/09/2013,14:45,65,46,19
08/09/2013,15:00,27,2,25
08/09/2013,15:15,26,4,22
08/09/2013,15:30,18,3,15
08/09/2013,15:45,19,0,19
08/09/2013,16:00,20,9,11
08/09/2013,16:15,9,2,7
08/09/2013,16:30,26,9,17
08/09/2013,16:45,19,8,11
08/09/2013,17:00,16,6,10
08/09/2013,17:15,43,8,35
08/09/2013,17:30,99,6,93
08/09/2013,17:45,115,7,108
08/09/2013,18:00,46,17,29
08/09/2013,18:15,58,7,51
08/09/2013,18:30,13,5,8
08/09/2013,18:45,32,5,27
08/09/2013,19:00,63,10,53
08/09/2013,19:15,15,6,9
08/09/2013,19:30,36,8,28
08/09/2013,19:45,21,3,18
08/09/2013,20:00,20,1,19
08/09/2013,20:15,8,2,6
08/09/2013,20:30,2,1,1
08/09/2013,20:45,1,0,1
08/09/2013,21:00,1,0,1
08/09/2013,21:15,0,0,0
08/09/2013,21:30,0,0,0
08/09/2013,21:45,0,0,0
08/09/2013,22:00,3,3,0
08/09/2013,22:15,0,0,0
08/09/2013,22:30,1,0,1
08/09/2013,22:45,42,42,0
08/09/2013,23:00,0,0,0
08/09/2013,23:15,0,0,0
08/09/2013,23:30,0,0,0
08/09/2013,23:45,0,0,0
09/09/2013,00:00,1,1,0
09/09/2013,00:15,33,33,0
09/09/2013,00:30,106,106,0
09/09/2013,00:45,0,0,0
09/09/2013,01:00,0,0,0
09/09/2013,01:15,0,0,0
09/09/2013,01:30,0,0,0
09/09/2013,01:45,0,0,0
09/09/2013,02:00,0,0,0
09/09/2013,02:15,0,0,0
09/09/2013,02:30,0,0,0
09/09/2013,02:45,0,0,0
09/09/2013,03:00,3,3,0
09/09/2013,03:15,0,0,0
09/09/2013,03:30,0,0,0
09/09/2013,03:45,0,0,0
09/09/2013,04:00,0,0,0
09/09/2013,04:15,0,0,0
09/09/2013,04:30,0,0,0
09/09/2013,04:45,0,0,0
09/09/2013,05:00,0,0,0
09/09/2013,05:15,2,1,1
09/09/2013,05:30,1,0,1
09/09/2013,05:45,0,0,0
09/09/2013,06:00,3,0,3
09/09/2013,06:15,7,0,7
09/09/2013,06:30,8,0,8
09/09/2013,06:45,6,0,6
09/09/2013,07:00,12,0,12
09/09/2013,07:15,12,2,10
09/09/2013,07:30,23,4,19
09/09/2013,07:45,33,7,26
09/09/2013,08:00,39,13,26
09/09/2013,08:15,33,10,23
09/09/2013,08:30,18,4,14
09/09/2013,08:45,25,1,24
09/09/2013,09:00,22,1,21
09/09/2013,09:15,21,3,18
09/09/2013,09:30,15,2,13
09/09/2013,09:45,14,2,12
09/09/2013,10:00,44,2,42
09/09/2013,10:15,17,2,15
09/09/2013,10:30,19,4,15
09/09/2013,10:45,21,5,16
09/09/2013,11:00,28,5,23
09/09/2013,11:15,19,4,15
09/09/2013,11:30,13,5,8
09/09/2013,11:45,21,9,12
09/09/2013,12:00,27,17,10
09/09/2013,12:15,16,3,13
09/09/2013,12:30,12,0,12
09/09/2013,12:45,10,2,8
09/09/2013,13:00,12,4,8
09/09/2013,13:15,19,11,8
09/09/2013,13:30,21,3,18
09/09/2013,13:45,15,6,9
09/09/2013,14:00,21,5,16
09/09/2013,14:15,28,3,25
09/09/2013,14:30,35,8,27
09/09/2013,14:45,25,8,17
09/09/2013,15:00,23,7,16
09/09/2013,15:15,41,5,36
09/09/2013,15:30,25,13,12
09/09/2013,15:45,31,14,17
09/09/2013,16:00,19,3,16
09/09/2013,16:15,36,4,32
09/09/2013,16:30,40,2,38
09/09/2013,16:45,38,8,30
09/09/2013,17:00,66,17,49
09/09/2013,17:15,40,11,29
09/09/2013,17:30,28,5,23
09/09/2013,17:45,97,10,87
09/09/2013,18:00,66,13,53
09/09/2013,18:15,80,5,75
09/09/2013,18:30,67,21,46
09/09/2013,18:45,27,5,22
09/09/2013,19:00,73,27,46
09/09/2013,19:15,32,1,31
09/09/2013,19:30,58,12,46
09/09/2013,19:45,10,3,7
09/09/2013,20:00,8,5,3
09/09/2013,20:15,7,4,3
09/09/2013,20:30,4,1,3
09/09/2013,20:45,7,2,5
09/09/2013,21:00,3,3,0
09/09/2013,21:15,4,1,3
09/09/2013,21:30,2,1,1
09/09/2013,21:45,1,0,1
09/09/2013,22:00,0,0,0
09/09/2013,22:15,7,5,2
09/09/2013,22:30,0,0,0
09/09/2013,22:45,0,0,0
09/09/2013,23:00,5,0,5
09/09/2013,23:15,0,0,0
09/09/2013,23:30,1,0,1
09/09/2013,23:45,1,0,1
10/09/2013,00:00,0,0,0
10/09/2013,00:15,0,0,0
10/09/2013,00:30,0,0,0
10/09/2013,00:45,0,0,0
10/09/2013,01:00,0,0,0
10/09/2013,01:15,0,0,0
10/09/2013,01:30,0,0,0
10/09/2013,01:45,0,0,0
10/09/2013,02:00,0,0,0
10/09/2013,02:15,0,0,0
10/09/2013,02:30,0,0,0
10/09/2013,02:45,0,0,0
10/09/2013,03:00,0,0,0
10/09/2013,03:15,0,0,0
10/09/2013,03:30,1,0,1
10/09/2013,03:45,0,0,0
10/09/2013,04:00,0,0,0
10/09/2013,04:15,0,0,0
10/09/2013,04:30,0,0,0
10/09/2013,04:45,0,0,0
10/09/2013,05:00,1,0,1
10/09/2013,05:15,1,0,1
10/09/2013,05:30,0,0,0
10/09/2013,05:45,1,0,1
10/09/2013,06:00,5,1,4
10/09/2013,06:15,12,0,12
10/09/2013,06:30,10,0,10
10/09/2013,06:45,12,0,12
10/09/2013,07:00,14,0,14
10/09/2013,07:15,18,2,16
10/09/2013,07:30,17,4,13
10/09/2013,07:45,25,10,15
10/09/2013,08:00,42,15,27
10/09/2013,08:15,31,7,24
10/09/2013,08:30,18,4,14
10/09/2013,08:45,20,2,18
10/09/2013,09:00,19,3,16
10/09/2013,09:15,19,3,16
10/09/2013,09:30,20,5,15
10/09/2013,09:45,19,1,18
10/09/2013,10:00,14,1,13
10/09/2013,10:15,15,2,13
10/09/2013,10:30,13,4,9
10/09/2013,10:45,22,2,20
10/09/2013,11:00,25,6,19
10/09/2013,11:15,10,1,9
10/09/2013,11:30,12,3,9
10/09/2013,11:45,10,1,9
10/09/2013,12:00,13,1,12
10/09/2013,12:15,11,0,11
10/09/2013,12:30,16,2,14
10/09/2013,12:45,15,1,14
10/09/2013,13:00,11,0,11
10/09/2013,13:15,11,2,9
10/09/2013,13:30,13,2,11
10/09/2013,13:45,15,1,14
10/09/2013,14:00,9,0,9
10/09/2013,14:15,10,3,7
10/09/2013,14:30,9,2,7
10/09/2013,14:45,21,1,20
10/09/2013,15:00,14,7,7
10/09/2013,15:15,20,7,13
10/09/2013,15:30,27,3,24
10/09/2013,15:45,36,9,27
10/09/2013,16:00,15,3,12
10/09/2013,16:15,21,6,15
10/09/2013,16:30,26,9,17
10/09/2013,16:45,21,4,17
10/09/2013,17:00,21,7,14
10/09/2013,17:15,10,2,8
10/09/2013,17:30,16,5,11
10/09/2013,17:45,17,7,10
10/09/2013,18:00,23,10,13
10/09/2013,18:15,17,3,14
10/09/2013,18:30,29,8,21
10/09/2013,18:45,20,4,16
10/09/2013,19:00,19,6,13
10/09/2013,19:15,13,2,11
10/09/2013,19:30,8,0,8
10/09/2013,19:45,4,0,4
10/09/2013,20:00,11,3,8
10/09/2013,20:15,1,0,1
10/09/2013,20:30,1,0,1
10/09/2013,20:45,2,1,1
10/09/2013,21:00,2,0,2
10/09/2013,21:15,1,0,1
10/09/2013,21:30,1,1,0
10/09/2013,21:45,0,0,0
10/09/2013,22:00,1,1,0
10/09/2013,22:15,1,1,0
10/09/2013,22:30,0,0,0
10/09/2013,22:45,2,1,1
10/09/2013,23:00,0,0,0
10/09/2013,23:15,0,0,0
10/09/2013,23:30,0,0,0
10/09/2013,23:45,0,0,0
11/09/2013,00:00,1,0,1
11/09/2013,00:15,0,0,0
11/09/2013,00:30,0,0,0
11/09/2013,00:45,0,0,0
11/09/2013,01:00,0,0,0
11/09/2013,01:15,0,0,0
11/09/2013,01:30,0,0,0
11/09/2013,01:45,0,0,0
11/09/2013,02:00,0,0,0
11/09/2013,02:15,0,0,0
11/09/2013,02:30,0,0,0
11/09/2013,02:45,0,0,0
11/09/2013,03:00,0,0,0
11/09/2013,03:15,0,0,0
11/09/2013,03:30,0,0,0
11/09/2013,03:45,0,0,0
11/09/2013,04:00,0,0,0
11/09/2013,04:15,0,0,0
11/09/2013,04:30,0,0,0
11/09/2013,04:45,0,0,0
11/09/2013,05:00,2,1,1
11/09/2013,05:15,2,1,1
11/09/2013,05:30,2,0,2
11/09/2013,05:45,1,0,1
11/09/2013,06:00,2,1,1
11/09/2013,06:15,5,0,5
11/09/2013,06:30,5,0,5
11/09/2013,06:45,5,1,4
11/09/2013,07:00,13,4,9
11/09/2013,07:15,16,2,14
11/09/2013,07:30,21,2,19
11/09/2013,07:45,19,4,15
11/09/2013,08:00,41,16,25
11/09/2013,08:15,24,10,14
11/09/2013,08:30,25,2,23
11/09/2013,08:45,20,2,18
11/09/2013,09:00,18,3,15
11/09/2013,09:15,26,4,22
11/09/2013,09:30,15,1,14
11/09/2013,09:45,16,2,14
11/09/2013,10:00,13,0,13
11/09/2013,10:15,6,1,5
11/09/2013,10:30,16,2,14
11/09/2013,10:45,10,1,9
11/09/2013,11:00,18,4,14
11/09/2013,11:15,16,3,13
11/09/2013,11:30,13,1,12
11/09/2013,11:45,7,1,6
11/09/2013,12:00,8,0,8
11/09/2013,12:15,10,2,8
11/09/2013,12:30,22,9,13
11/09/2013,12:45,7,0,7
11/09/2013,13:00,15,3,12
11/09/2013,13:15,20,4,16
11/09/2013,13:30,25,9,16
11/09/2013,13:45,15,1,14
11/09/2013,14:00,22,5,17
11/09/2013,14:15,17,4,13
11/09/2013,14:30,16,3,13
11/09/2013,14:45,15,1,14
11/09/2013,15:00,28,4,24
11/09/2013,15:15,17,2,15
11/09/2013,15:30,20,3,17
11/09/2013,15:45,19,6,13
11/09/2013,16:00,13,2,11
11/09/2013,16:15,26,5,21
11/09/2013,16:30,28,8,20
11/09/2013,16:45,16,3,13
11/09/2013,17:00,21,5,16
11/09/2013,17:15,24,4,20
11/09/2013,17:30,26,5,21
11/09/2013,17:45,17,0,17
11/09/2013,18:00,24,6,18
11/09/2013,18:15,28,10,18
11/09/2013,18:30,26,14,12
11/09/2013,18:45,18,4,14
11/09/2013,19:00,32,12,20
11/09/2013,19:15,19,5,14
11/09/2013,19:30,14,2,12
11/09/2013,19:45,12,0,12
11/09/2013,20:00,8,1,7
11/09/2013,20:15,3,0,3
11/09/2013,20:30,2,1,1
11/09/2013,20:45,1,1,0
11/09/2013,21:00,0,0,0
11/09/2013,21:15,1,0,1
11/09/2013,21:30,2,0,2
11/09/2013,21:45,1,0,1
11/09/2013,22:00,2,0,2
11/09/2013,22:15,4,3,1
11/09/2013,22:30,1,0,1
11/09/2013,22:45,0,0,0
11/09/2013,23:00,0,0,0
11/09/2013,23:15,0,0,0
11/09/2013,23:30,0,0,0
11/09/2013,23:45,0,0,0
12/09/2013,00:00,0,0,0
12/09/2013,00:15,1,0,1
12/09/2013,00:30,0,0,0
12/09/2013,00:45,0,0,0
12/09/2013,01:00,0,0,0
12/09/2013,01:15,0,0,0
12/09/2013,01:30,0,0,0
12/09/2013,01:45,0,0,0
12/09/2013,02:00,0,0,0
12/09/2013,02:15,0,0,0
12/09/2013,02:30,0,0,0
12/09/2013,02:45,0,0,0
12/09/2013,03:00,0,0,0
12/09/2013,03:15,0,0,0
12/09/2013,03:30,0,0,0
12/09/2013,03:45,0,0,0
12/09/2013,04:00,0,0,0
12/09/2013,04:15,0,0,0
12/09/2013,04:30,0,0,0
12/09/2013,04:45,0,0,0
12/09/2013,05:00,1,0,1
12/09/2013,05:15,2,1,1
12/09/2013,05:30,0,0,0
12/09/2013,05:45,1,1,0
12/09/2013,06:00,4,1,3
12/09/2013,06:15,3,0,3
12/09/2013,06:30,6,0,6
12/09/2013,06:45,8,0,8
12/09/2013,07:00,23,1,22
12/09/2013,07:15,16,2,14
12/09/2013,07:30,7,0,7
12/09/2013,07:45,13,1,12
12/09/2013,08:00,46,17,29
12/09/2013,08:15,34,6,28
12/09/2013,08:30,18,1,17
12/09/2013,08:45,26,2,24
12/09/2013,09:00,23,3,20
12/09/2013,09:15,13,3,10
12/09/2013,09:30,22,3,19
12/09/2013,09:45,12,1,11
12/09/2013,10:00,15,3,12
12/09/2013,10:15,14,4,10
12/09/2013,10:30,18,2,16
12/09/2013,10:45,16,1,15
12/09/2013,11:00,10,0,10
12/09/2013,11:15,17,3,14
12/09/2013,11:30,7,1,6
12/09/2013,11:45,16,1,15
12/09/2013,12:00,10,3,7
12/09/2013,12:15,16,2,14
12/09/2013,12:30,16,0,16
12/09/2013,12:45,11,2,9
12/09/2013,13:00,12,2,10
12/09/2013,13:15,15,2,13
12/09/2013,13:30,15,0,15
12/09/2013,13:45,18,1,17
12/09/2013,14:00,21,3,18
12/09/2013,14:15,25,4,21
12/09/2013,14:30,17,5,12
12/09/2013,14:45,13,1,12
12/09/2013,15:00,25,12,13
12/09/2013,15:15,43,20,23
12/09/2013,15:30,30,6,24
12/09/2013,15:45,26,11,15
12/09/2013,16:00,18,3,15
12/09/2013,16:15,19,6,13
12/09/2013,16:30,11,2,9
12/09/2013,16:45,13,2,11
12/09/2013,17:00,17,11,6
12/09/2013,17:15,18,2,16
12/09/2013,17:30,26,6,20
12/09/2013,17:45,22,8,14
12/09/2013,18:00,26,13,13
12/09/2013,18:15,29,7,22
12/09/2013,18:30,30,8,22
12/09/2013,18:45,24,8,16
12/09/2013,19:00,20,3,17
12/09/2013,19:15,16,1,15
12/09/2013,19:30,19,4,15
12/09/2013,19:45,16,4,12
12/09/2013,20:00,6,4,2
12/09/2013,20:15,5,2,3
12/09/2013,20:30,6,3,3
12/09/2013,20:45,7,4,3
12/09/2013,21:00,1,1,0
12/09/2013,21:15,15,15,0
12/09/2013,21:30,2,1,1
12/09/2013,21:45,0,0,0
12/09/2013,22:00,0,0,0
12/09/2013,22:15,1,1,0
12/09/2013,22:30,1,0,1
12/09/2013,22:45,0,0,0
12/09/2013,23:00,0,0,0
12/09/2013,23:15,0,0,0
12/09/2013,23:30,0,0,0
12/09/2013,23:45,0,0,0
13/09/2013,00:00,0,0,0
13/09/2013,00:15,0,0,0
13/09/2013,00:30,0,0,0
13/09/2013,00:45,0,0,0
13/09/2013,01:00,0,0,0
13/09/2013,01:15,0,0,0
13/09/2013,01:30,0,0,0
13/09/2013,01:45,0,0,0
13/09/2013,02:00,0,0,0
13/09/2013,02:15,0,0,0
13/09/2013,02:30,0,0,0
13/09/2013,02:45,1,0,1
13/09/2013,03:00,0,0,0
13/09/2013,03:15,0,0,0
13/09/2013,03:30,0,0,0
13/09/2013,03:45,0,0,0
13/09/2013,04:00,0,0,0
13/09/2013,04:15,0,0,0
13/09/2013,04:30,0,0,0
13/09/2013,04:45,0,0,0
13/09/2013,05:00,0,0,0
13/09/2013,05:15,0,0,0
13/09/2013,05:30,0,0,0
13/09/2013,05:45,2,0,2
13/09/2013,06:00,5,0,5
13/09/2013,06:15,9,1,8
13/09/2013,06:30,15,0,15
13/09/2013,06:45,20,0,20
13/09/2013,07:00,12,1,11
13/09/2013,07:15,7,0,7
13/09/2013,07:30,21,1,20
13/09/2013,07:45,17,2,15
13/09/2013,08:00,21,3,18
13/09/2013,08:15,17,4,13
13/09/2013,08:30,14,6,8
13/09/2013,08:45,24,10,14
13/09/2013,09:00,23,7,16
13/09/2013,09:15,18,8,10
13/09/2013,09:30,30,10,20
13/09/2013,09:45,12,3,9
13/09/2013,10:00,18,9,9
13/09/2013,10:15,15,5,10
13/09/2013,10:30,19,6,13
13/09/2013,10:45,21,9,12
13/09/2013,11:00,7,3,4
13/09/2013,11:15,21,3,18
13/09/2013,11:30,25,9,16
13/09/2013,11:45,7,2,5
13/09/2013,12:00,20,6,14
13/09/2013,12:15,22,9,13
13/09/2013,12:30,18,8,10
13/09/2013,12:45,14,3,11
13/09/2013,13:00,21,7,14
13/09/2013,13:15,14,0,14
13/09/2013,13:30,16,1,15
13/09/2013,13:45,14,1,13
13/09/2013,14:00,22,1,21
13/09/2013,14:15,16,2,14
13/09/2013,14:30,12,2,10
13/09/2013,14:45,26,0,26
13/09/2013,15:00,23,11,12
13/09/2013,15:15,11,6,5
13/09/2013,15:30,16,8,8
13/09/2013,15:45,19,12,7
13/09/2013,16:00,12,3,9
13/09/2013,16:15,18,12,6
13/09/2013,16:30,19,12,7
13/09/2013,16:45,13,2,11
13/09/2013,17:00,23,12,11
13/09/2013,17:15,28,8,20
13/09/2013,17:30,22,5,17
13/09/2013,17:45,21,8,13
13/09/2013,18:00,15,7,8
13/09/2013,18:15,18,5,13
13/09/2013,18:30,14,7,7
13/09/2013,18:45,21,0,21
13/09/2013,19:00,19,10,9
13/09/2013,19:15,11,4,7
13/09/2013,19:30,4,1,3
13/09/2013,19:45,6,0,6
13/09/2013,20:00,6,4,2
13/09/2013,20:15,1,0,1
13/09/2013,20:30,0,0,0
13/09/2013,20:45,1,0,1
13/09/2013,21:00,0,0,0
13/09/2013,21:15,1,0,1
13/09/2013,21:30,1,0,1
13/09/2013,21:45,0,0,0
13/09/2013,22:00,0,0,0
13/09/2013,22:15,0,0,0
13/09/2013,22:30,0,0,0
13/09/2013,22:45,1,0,1
13/09/2013,23:00,0,0,0
13/09/2013,23:15,0,0,0
13/09/2013,23:30,0,0,0
13/09/2013,23:45,1,0,1
14/09/2013,00:00,0,0,0
14/09/2013,00:15,0,0,0
14/09/2013,00:30,0,0,0
14/09/2013,00:45,0,0,0
14/09/2013,01:00,0,0,0
14/09/2013,01:15,0,0,0
14/09/2013,01:30,0,0,0
14/09/2013,01:45,0,0,0
14/09/2013,02:00,0,0,0
14/09/2013,02:15,0,0,0
14/09/2013,02:30,0,0,0
14/09/2013,02:45,0,0,0
14/09/2013,03:00,1,1,0
14/09/2013,03:15,0,0,0
14/09/2013,03:30,0,0,0
14/09/2013,03:45,0,0,0
14/09/2013,04:00,0,0,0
14/09/2013,04:15,0,0,0
14/09/2013,04:30,0,0,0
14/09/2013,04:45,0,0,0
14/09/2013,05:00,1,0,1
14/09/2013,05:15,0,0,0
14/09/2013,05:30,1,0,1
14/09/2013,05:45,1,0,1
14/09/2013,06:00,1,0,1
14/09/2013,06:15,0,0,0
14/09/2013,06:30,6,0,6
14/09/2013,06:45,4,1,3
14/09/2013,07:00,9,0,9
14/09/2013,07:15,15,1,14
14/09/2013,07:30,9,0,9
14/09/2013,07:45,17,3,14
14/09/2013,08:00,16,2,14
14/09/2013,08:15,21,4,17
14/09/2013,08:30,19,3,16
14/09/2013,08:45,32,3,29
14/09/2013,09:00,38,3,35
14/09/2013,09:15,22,3,19
14/09/2013,09:30,15,3,12
14/09/2013,09:45,22,2,20
14/09/2013,10:00,19,3,16
14/09/2013,10:15,26,0,26
14/09/2013,10:30,25,1,24
14/09/2013,10:45,47,4,43
14/09/2013,11:00,27,4,23
14/09/2013,11:15,36,4,32
14/09/2013,11:30,23,4,19
14/09/2013,11:45,22,3,19
14/09/2013,12:00,42,14,28
14/09/2013,12:15,23,5,18
14/09/2013,12:30,22,10,12
14/09/2013,12:45,15,3,12
14/09/2013,13:00,18,3,15
14/09/2013,13:15,12,5,7
14/09/2013,13:30,28,8,20
14/09/2013,13:45,12,2,10
14/09/2013,14:00,27,13,14
14/09/2013,14:15,12,0,12
14/09/2013,14:30,18,7,11
14/09/2013,14:45,35,3,32
14/09/2013,15:00,13,5,8
14/09/2013,15:15,31,12,19
14/09/2013,15:30,27,12,15
14/09/2013,15:45,21,3,18
14/09/2013,16:00,14,1,13
14/09/2013,16:15,24,9,15
14/09/2013,16:30,22,16,6
14/09/2013,16:45,9,2,7
14/09/2013,17:00,19,7,12
14/09/2013,17:15,18,2,16
14/09/2013,17:30,17,4,13
14/09/2013,17:45,22,6,16
14/09/2013,18:00,20,5,15
14/09/2013,18:15,16,4,12
14/09/2013,18:30,9,2,7
14/09/2013,18:45,43,37,6
14/09/2013,19:00,25,2,23
14/09/2013,19:15,25,2,23
14/09/2013,19:30,15,1,14
14/09/2013,19:45,11,1,10
14/09/2013,20:00,4,0,4
14/09/2013,20:15,1,0,1
14/09/2013,20:30,2,0,2
14/09/2013,20:45,1,1,0
14/09/2013,21:00,0,0,0
14/09/2013,21:15,0,0,0
14/09/2013,21:30,0,0,0
14/09/2013,21:45,1,0,1
14/09/2013,22:00,1,0,1
14/09/2013,22:15,1,0,1
14/09/2013,22:30,0,0,0
14/09/2013,22:45,0,0,0
14/09/2013,23:00,0,0,0
14/09/2013,23:15,0,0,0
14/09/2013,23:30,0,0,0
14/09/2013,23:45,0,0,0
15/09/2013,00:00,0,0,0
15/09/2013,00:15,1,0,1
15/09/2013,00:30,0,0,0
15/09/2013,00:45,0,0,0
15/09/2013,01:00,0,0,0
15/09/2013,01:15,0,0,0
15/09/2013,01:30,1,0,1
15/09/2013,01:45,1,0,1
15/09/2013,02:00,0,0,0
15/09/2013,02:15,0,0,0
15/09/2013,02:30,0,0,0
15/09/2013,02:45,0,0,0
15/09/2013,03:00,1,1,0
15/09/2013,03:15,0,0,0
15/09/2013,03:30,0,0,0
15/09/2013,03:45,0,0,0
15/09/2013,04:00,0,0,0
15/09/2013,04:15,0,0,0
15/09/2013,04:30,0,0,0
15/09/2013,04:45,0,0,0
15/09/2013,05:00,0,0,0
15/09/2013,05:15,1,0,1
15/09/2013,05:30,0,0,0
15/09/2013,05:45,1,0,1
15/09/2013,06:00,0,0,0
15/09/2013,06:15,1,0,1
15/09/2013,06:30,4,1,3
15/09/2013,06:45,6,0,6
15/09/2013,07:00,4,0,4
15/09/2013,07:15,5,0,5
15/09/2013,07:30,6,1,5
15/09/2013,07:45,14,4,10
15/09/2013,08:00,14,2,12
15/09/2013,08:15,11,1,10
15/09/2013,08:30,9,0,9
15/09/2013,08:45,29,9,20
15/09/2013,09:00,18,2,16
15/09/2013,09:15,24,5,19
15/09/2013,09:30,41,10,31
15/09/2013,09:45,20,9,11
15/09/2013,10:00,28,2,26
15/09/2013,10:15,38,7,31
15/09/2013,10:30,30,7,23
15/09/2013,10:45,24,7,17
15/09/2013,11:00,26,4,22
15/09/2013,11:15,31,10,21
15/09/2013,11:30,40,14,26
15/09/2013,11:45,19,1,18
15/09/2013,12:00,28,14,14
15/09/2013,12:15,18,6,12
15/09/2013,12:30,18,8,10
15/09/2013,12:45,29,6,23
15/09/2013,13:00,20,8,12
15/09/2013,13:15,37,13,24
15/09/2013,13:30,38,13,25
15/09/2013,13:45,29,5,24
15/09/2013,14:00,48,18,30
15/09/2013,14:15,30,15,15
15/09/2013,14:30,14,6,8
15/09/2013,14:45,22,6,16
15/09/2013,15:00,45,12,33
15/09/2013,15:15,68,6,62
15/09/2013,15:30,64,11,53
15/09/2013,15:45,73,26,47
15/09/2013,16:00,66,8,58
15/09/2013,16:15,74,25,49
15/09/2013,16:30,50,11,39
15/09/2013,16:45,60,6,54
15/09/2013,17:00,45,1,44
15/09/2013,17:15,44,7,37
15/09/2013,17:30,31,4,27
15/09/2013,17:45,24,3,21
15/09/2013,18:00,24,5,19
15/09/2013,18:15,25,4,21
15/09/2013,18:30,28,2,26
15/09/2013,18:45,67,0,67
15/09/2013,19:00,77,1,76
15/09/2013,19:15,40,2,38
15/09/2013,19:30,18,2,16
15/09/2013,19:45,5,0,5
15/09/2013,20:00,6,1,5
15/09/2013,20:15,1,0,1
15/09/2013,20:30,1,1,0
15/09/2013,20:45,0,0,0
15/09/2013,21:00,2,0,2
15/09/2013,21:15,0,0,0
15/09/2013,21:30,0,0,0
15/09/2013,21:45,0,0,0
15/09/2013,22:00,1,0,1
15/09/2013,22:15,30,0,30
15/09/2013,22:30,12,0,12
15/09/2013,22:45,0,0,0
15/09/2013,23:00,0,0,0
15/09/2013,23:15,1,0,1
15/09/2013,23:30,0,0,0
15/09/2013,23:45,0,0,0
16/09/2013,00:00,1,0,1
16/09/2013,00:15,0,0,0
16/09/2013,00:30,0,0,0
16/09/2013,00:45,0,0,0
16/09/2013,01:00,0,0,0
16/09/2013,01:15,0,0,0
16/09/2013,01:30,0,0,0
16/09/2013,01:45,0,0,0
16/09/2013,02:00,0,0,0
16/09/2013,02:15,0,0,0
16/09/2013,02:30,0,0,0
16/09/2013,02:45,0,0,0
16/09/2013,03:00,0,0,0
16/09/2013,03:15,0,0,0
16/09/2013,03:30,0,0,0
16/09/2013,03:45,0,0,0
16/09/2013,04:00,0,0,0
16/09/2013,04:15,0,0,0
16/09/2013,04:30,0,0,0
16/09/2013,04:45,0,0,0
16/09/2013,05:00,0,0,0
16/09/2013,05:15,1,0,1
16/09/2013,05:30,0,0,0
16/09/2013,05:45,5,1,4
16/09/2013,06:00,5,0,5
16/09/2013,06:15,4,1,3
16/09/2013,06:30,9,0,9
16/09/2013,06:45,5,0,5
16/09/2013,07:00,13,1,12
16/09/2013,07:15,15,2,13
16/09/2013,07:30,17,3,14
16/09/2013,07:45,16,4,12
16/09/2013,08:00,39,10,29
16/09/2013,08:15,28,9,19
16/09/2013,08:30,13,1,12
16/09/2013,08:45,43,1,42
16/09/2013,09:00,19,2,17
16/09/2013,09:15,24,1,23
16/09/2013,09:30,20,3,17
16/09/2013,09:45,19,0,19
16/09/2013,10:00,12,1,11
16/09/2013,10:15,20,3,17
16/09/2013,10:30,14,0,14
16/09/2013,10:45,18,5,13
16/09/2013,11:00,6,0,6
16/09/2013,11:15,13,1,12
16/09/2013,11:30,12,2,10
16/09/2013,11:45,11,1,10
16/09/2013,12:00,13,2,11
16/09/2013,12:15,17,1,16
16/09/2013,12:30,16,1,15
16/09/2013,12:45,18,2,16
16/09/2013,13:00,22,1,21
16/09/2013,13:15,25,4,21
16/09/2013,13:30,32,0,32
16/09/2013,13:45,31,1,30
16/09/2013,14:00,32,4,28
16/09/2013,14:15,20,4,16
16/09/2013,14:30,24,5,19
16/09/2013,14:45,13,3,10
16/09/2013,15:00,16,1,15
16/09/2013,15:15,16,3,13
16/09/2013,15:30,64,4,60
16/09/2013,15:45,33,7,26
16/09/2013,16:00,52,2,50
16/09/2013,16:15,32,5,27
16/09/2013,16:30,25,3,22
16/09/2013,16:45,18,1,17
16/09/2013,17:00,40,8,32
16/09/2013,17:15,39,7,32
16/09/2013,17:30,57,10,47
16/09/2013,17:45,54,14,40
16/09/2013,18:00,45,9,36
16/09/2013,18:15,42,2,40
16/09/2013,18:30,52,5,47
16/09/2013,18:45,38,6,32
16/09/2013,19:00,42,5,37
16/09/2013,19:15,36,3,33
16/09/2013,19:30,18,0,18
16/09/2013,19:45,13,4,9
16/09/2013,20:00,11,8,3
16/09/2013,20:15,1,0,1
16/09/2013,20:30,0,0,0
16/09/2013,20:45,0,0,0
16/09/2013,21:00,1,0,1
16/09/2013,21:15,6,2,4
16/09/2013,21:30,3,1,2
16/09/2013,21:45,0,0,0
16/09/2013,22:00,0,0,0
16/09/2013,22:15,0,0,0
16/09/2013,22:30,0,0,0
16/09/2013,22:45,2,0,2
16/09/2013,23:00,2,0,2
16/09/2013,23:15,4,0,4
16/09/2013,23:30,4,0,4
16/09/2013,23:45,0,0,0
17/09/2013,00:00,0,0,0
17/09/2013,00:15,0,0,0
17/09/2013,00:30,1,1,0
17/09/2013,00:45,0,0,0
17/09/2013,01:00,0,0,0
17/09/2013,01:15,0,0,0
17/09/2013,01:30,0,0,0
17/09/2013,01:45,0,0,0
17/09/2013,02:00,0,0,0
17/09/2013,02:15,0,0,0
17/09/2013,02:30,0,0,0
17/09/2013,02:45,0,0,0
17/09/2013,03:00,0,0,0
17/09/2013,03:15,0,0,0
17/09/2013,03:30,0,0,0
17/09/2013,03:45,0,0,0
17/09/2013,04:00,0,0,0
17/09/2013,04:15,0,0,0
17/09/2013,04:30,0,0,0
17/09/2013,04:45,0,0,0
17/09/2013,05:00,1,0,1
17/09/2013,05:15,1,0,1
17/09/2013,05:30,1,0,1
17/09/2013,05:45,1,0,1
17/09/2013,06:00,4,1,3
17/09/2013,06:15,5,0,5
17/09/2013,06:30,7,0,7
17/09/2013,06:45,8,1,7
17/09/2013,07:00,12,1,11
17/09/2013,07:15,10,3,7
17/09/2013,07:30,18,2,16
17/09/2013,07:45,27,5,22
17/09/2013,08:00,39,21,18
17/09/2013,08:15,29,12,17
17/09/2013,08:30,19,3,16
17/09/2013,08:45,19,1,18
17/09/2013,09:00,31,3,28
17/09/2013,09:15,24,2,22
17/09/2013,09:30,22,5,17
17/09/2013,09:45,14,4,10
17/09/2013,10:00,11,1,10
17/09/2013,10:15,21,2,19
17/09/2013,10:30,17,2,15
17/09/2013,10:45,26,3,23
17/09/2013,11:00,17,2,15
17/09/2013,11:15,24,2,22
17/09/2013,11:30,16,2,14
17/09/2013,11:45,15,2,13
17/09/2013,12:00,12,1,11
17/09/2013,12:15,17,1,16
17/09/2013,12:30,27,5,22
17/09/2013,12:45,24,1,23
17/09/2013,13:00,22,5,17
17/09/2013,13:15,75,3,72
17/09/2013,13:30,51,2,49
17/09/2013,13:45,35,0,35
17/09/2013,14:00,43,4,39
17/09/2013,14:15,24,1,23
17/09/2013,14:30,53,2,51
17/09/2013,14:45,23,2,21
17/09/2013,15:00,26,5,21
17/09/2013,15:15,35,6,29
17/09/2013,15:30,41,9,32
17/09/2013,15:45,28,5,23
17/09/2013,16:00,36,7,29
17/09/2013,16:15,44,7,37
17/09/2013,16:30,55,6,49
17/09/2013,16:45,33,5,28
17/09/2013,17:00,33,6,27
17/09/2013,17:15,55,5,50
17/09/2013,17:30,51,5,46
17/09/2013,17:45,36,7,29
17/09/2013,18:00,21,2,19
17/09/2013,18:15,15,5,10
17/09/2013,18:30,24,5,19
17/09/2013,18:45,38,6,32
17/09/2013,19:00,54,5,49
17/09/2013,19:15,33,6,27
17/09/2013,19:30,16,0,16
17/09/2013,19:45,7,2,5
17/09/2013,20:00,3,2,1
17/09/2013,20:15,5,0,5
17/09/2013,20:30,1,0,1
17/09/2013,20:45,1,0,1
17/09/2013,21:00,1,0,1
17/09/2013,21:15,1,0,1
17/09/2013,21:30,1,1,0
17/09/2013,21:45,1,0,1
17/09/2013,22:00,0,0,0
17/09/2013,22:15,3,2,1
17/09/2013,22:30,0,0,0
17/09/2013,22:45,0,0,0
17/09/2013,23:00,0,0,0
17/09/2013,23:15,1,0,1
17/09/2013,23:30,0,0,0
17/09/2013,23:45,1,1,0
18/09/2013,00:00,3,1,2
18/09/2013,00:15,0,0,0
18/09/2013,00:30,0,0,0
18/09/2013,00:45,0,0,0
18/09/2013,01:00,0,0,0
18/09/2013,01:15,0,0,0
18/09/2013,01:30,0,0,0
18/09/2013,01:45,0,0,0
18/09/2013,02:00,0,0,0
18/09/2013,02:15,0,0,0
18/09/2013,02:30,0,0,0
18/09/2013,02:45,0,0,0
18/09/2013,03:00,0,0,0
18/09/2013,03:15,0,0,0
18/09/2013,03:30,0,0,0
18/09/2013,03:45,0,0,0
18/09/2013,04:00,0,0,0
18/09/2013,04:15,0,0,0
18/09/2013,04:30,0,0,0
18/09/2013,04:45,0,0,0
18/09/2013,05:00,0,0,0
18/09/2013,05:15,5,0,5
18/09/2013,05:30,1,0,1
18/09/2013,05:45,0,0,0
18/09/2013,06:00,7,0,7
18/09/2013,06:15,11,0,11
18/09/2013,06:30,7,0,7
18/09/2013,06:45,7,0,7
18/09/2013,07:00,12,1,11
18/09/2013,07:15,21,6,15
18/09/2013,07:30,20,2,18
18/09/2013,07:45,33,7,26
18/09/2013,08:00,56,30,26
18/09/2013,08:15,36,14,22
18/09/2013,08:30,31,5,26
18/09/2013,08:45,28,4,24
18/09/2013,09:00,34,1,33
18/09/2013,09:15,13,3,10
18/09/2013,09:30,27,4,23
18/09/2013,09:45,18,4,14
18/09/2013,10:00,18,1,17
18/09/2013,10:15,18,2,16
18/09/2013,10:30,19,2,17
18/09/2013,10:45,22,2,20
18/09/2013,11:00,17,3,14
18/09/2013,11:15,17,1,16
18/09/2013,11:30,24,3,21
18/09/2013,11:45,8,0,8
18/09/2013,12:00,14,5,9
18/09/2013,12:15,13,3,10
18/09/2013,12:30,19,8,11
18/09/2013,12:45,14,5,9
18/09/2013,13:00,12,0,12
18/09/2013,13:15,34,8,26
18/09/2013,13:30,23,6,17
18/09/2013,13:45,28,3,25
18/09/2013,14:00,14,1,13
18/09/2013,14:15,25,0,25
18/09/2013,14:30,58,1,57
18/09/2013,14:45,54,4,50
18/09/2013,15:00,54,4,50
18/09/2013,15:15,91,5,86
18/09/2013,15:30,49,4,45
18/09/2013,15:45,27,7,20
18/09/2013,16:00,29,5,24
18/09/2013,16:15,22,3,19
18/09/2013,16:30,25,6,19
18/09/2013,16:45,22,7,15
18/09/2013,17:00,15,3,12
18/09/2013,17:15,26,3,23
18/09/2013,17:30,21,5,16
18/09/2013,17:45,19,2,17
18/09/2013,18:00,36,7,29
18/09/2013,18:15,34,6,28
18/09/2013,18:30,55,12,43
18/09/2013,18:45,63,5,58
18/09/2013,19:00,31,10,21
18/09/2013,19:15,25,2,23
18/09/2013,19:30,17,4,13
18/09/2013,19:45,8,2,6
18/09/2013,20:00,9,5,4
18/09/2013,20:15,5,0,5
18/09/2013,20:30,0,0,0
18/09/2013,20:45,2,0,2
18/09/2013,21:00,3,0,3
18/09/2013,21:15,2,0,2
18/09/2013,21:30,2,0,2
18/09/2013,21:45,0,0,0
18/09/2013,22:00,1,1,0
18/09/2013,22:15,0,0,0
18/09/2013,22:30,0,0,0
18/09/2013,22:45,2,1,1
18/09/2013,23:00,0,0,0
18/09/2013,23:15,1,0,1
18/09/2013,23:30,0,0,0
18/09/2013,23:45,0,0,0
19/09/2013,00:00,0,0,0
19/09/2013,00:15,0,0,0
19/09/2013,00:30,0,0,0
19/09/2013,00:45,0,0,0
19/09/2013,01:00,0,0,0
19/09/2013,01:15,0,0,0
19/09/2013,01:30,0,0,0
19/09/2013,01:45,0,0,0
19/09/2013,02:00,0,0,0
19/09/2013,02:15,0,0,0
19/09/2013,02:30,0,0,0
19/09/2013,02:45,0,0,0
19/09/2013,03:00,0,0,0
19/09/2013,03:15,0,0,0
19/09/2013,03:30,0,0,0
19/09/2013,03:45,0,0,0
19/09/2013,04:00,1,1,0
19/09/2013,04:15,0,0,0
19/09/2013,04:30,0,0,0
19/09/2013,04:45,0,0,0
19/09/2013,05:00,2,0,2
19/09/2013,05:15,2,1,1
19/09/2013,05:30,0,0,0
19/09/2013,05:45,1,0,1
19/09/2013,06:00,3,0,3
19/09/2013,06:15,2,0,2
19/09/2013,06:30,4,0,4
19/09/2013,06:45,13,1,12
19/09/2013,07:00,17,0,17
19/09/2013,07:15,15,3,12
19/09/2013,07:30,15,2,13
19/09/2013,07:45,17,4,13
19/09/2013,08:00,33,12,21
19/09/2013,08:15,29,10,19
19/09/2013,08:30,15,1,14
19/09/2013,08:45,20,4,16
19/09/2013,09:00,28,5,23
19/09/2013,09:15,30,5,25
19/09/2013,09:30,15,3,12
19/09/2013,09:45,19,4,15
19/09/2013,10:00,17,3,14
19/09/2013,10:15,15,3,12
19/09/2013,10:30,22,2,20
19/09/2013,10:45,13,3,10
19/09/2013,11:00,19,2,17
19/09/2013,11:15,15,5,10
19/09/2013,11:30,8,2,6
19/09/2013,11:45,4,1,3
19/09/2013,12:00,6,2,4
19/09/2013,12:15,10,2,8
19/09/2013,12:30,9,1,8
19/09/2013,12:45,20,1,19
19/09/2013,13:00,8,3,5
19/09/2013,13:15,19,2,17
19/09/2013,13:30,17,1,16
19/09/2013,13:45,18,2,16
19/09/2013,14:00,9,3,6
19/09/2013,14:15,20,3,17
19/09/2013,14:30,41,8,33
19/09/2013,14:45,31,3,28
19/09/2013,15:00,45,2,43
19/09/2013,15:15,50,4,46
19/09/2013,15:30,60,7,53
19/09/2013,15:45,60,12,48
19/09/2013,16:00,50,2,48
19/09/2013,16:15,60,7,53
19/09/2013,16:30,90,6,84
19/09/2013,16:45,75,7,68
19/09/2013,17:00,75,11,64
19/09/2013,17:15,75,9,66
19/09/2013,17:30,77,5,72
19/09/2013,17:45,31,2,29
19/09/2013,18:00,15,3,12
19/09/2013,18:15,27,12,15
19/09/2013,18:30,32,9,23
19/09/2013,18:45,29,7,22
19/09/2013,19:00,21,6,15
19/09/2013,19:15,48,3,45
19/09/2013,19:30,72,1,71
19/09/2013,19:45,51,0,51
19/09/2013,20:00,22,4,18
19/09/2013,20:15,1,1,0
19/09/2013,20:30,1,0,1
19/09/2013,20:45,1,1,0
19/09/2013,21:00,3,3,0
19/09/2013,21:15,4,2,2
19/09/2013,21:30,2,0,2
19/09/2013,21:45,5,2,3
19/09/2013,22:00,1,0,1
19/09/2013,22:15,0,0,0
19/09/2013,22:30,1,0,1
19/09/2013,22:45,2,0,2
19/09/2013,23:00,0,0,0
19/09/2013,23:15,17,14,3
19/09/2013,23:30,2,0,2
19/09/2013,23:45,0,0,0
20/09/2013,00:00,0,0,0
20/09/2013,00:15,0,0,0
20/09/2013,00:30,0,0,0
20/09/2013,00:45,0,0,0
20/09/2013,01:00,0,0,0
20/09/2013,01:15,0,0,0
20/09/2013,01:30,0,0,0
20/09/2013,01:45,0,0,0
20/09/2013,02:00,0,0,0
20/09/2013,02:15,0,0,0
20/09/2013,02:30,0,0,0
20/09/2013,02:45,0,0,0
20/09/2013,03:00,0,0,0
20/09/2013,03:15,0,0,0
20/09/2013,03:30,0,0,0
20/09/2013,03:45,0,0,0
20/09/2013,04:00,0,0,0
20/09/2013,04:15,0,0,0
20/09/2013,04:30,0,0,0
20/09/2013,04:45,0,0,0
20/09/2013,05:00,0,0,0
20/09/2013,05:15,1,0,1
20/09/2013,05:30,2,0,2
20/09/2013,05:45,0,0,0
20/09/2013,06:00,4,1,3
20/09/2013,06:15,3,1,2
20/09/2013,06:30,5,0,5
20/09/2013,06:45,9,1,8
20/09/2013,07:00,10,1,9
20/09/2013,07:15,18,3,15
20/09/2013,07:30,25,4,21
20/09/2013,07:45,21,5,16
20/09/2013,08:00,42,12,30
20/09/2013,08:15,20,9,11
20/09/2013,08:30,26,5,21
20/09/2013,08:45,32,4,28
20/09/2013,09:00,22,3,19
20/09/2013,09:15,28,6,22
20/09/2013,09:30,35,1,34
20/09/2013,09:45,36,0,36
20/09/2013,10:00,33,10,23
20/09/2013,10:15,46,3,43
20/09/2013,10:30,37,1,36
20/09/2013,10:45,35,2,33
20/09/2013,11:00,27,2,25
20/09/2013,11:15,41,0,41
20/09/2013,11:30,30,3,27
20/09/2013,11:45,21,0,21
20/09/2013,12:00,18,1,17
20/09/2013,12:15,29,4,25
20/09/2013,12:30,39,3,36
20/09/2013,12:45,24,0,24
20/09/2013,13:00,18,3,15
20/09/2013,13:15,27,3,24
20/09/2013,13:30,32,2,30
20/09/2013,13:45,25,1,24
20/09/2013,14:00,31,2,29
20/09/2013,14:15,25,5,20
20/09/2013,14:30,15,2,13
20/09/2013,14:45,19,1,18
20/09/2013,15:00,19,5,14
20/09/2013,15:15,72,6,66
20/09/2013,15:30,28,4,24
20/09/2013,15:45,35,8,27
20/09/2013,16:00,18,2,16
20/09/2013,16:15,31,3,28
20/09/2013,16:30,20,3,17
20/09/2013,16:45,19,4,15
20/09/2013,17:00,18,5,13
20/09/2013,17:15,14,7,7
20/09/2013,17:30,19,5,14
20/09/2013,17:45,20,6,14
20/09/2013,18:00,19,13,6
20/09/2013,18:15,4,1,3
20/09/2013,18:30,10,6,4
20/09/2013,18:45,9,5,4
20/09/2013,19:00,12,4,8
20/09/2013,19:15,4,1,3
20/09/2013,19:30,1,0,1
20/09/2013,19:45,4,2,2
20/09/2013,20:00,4,1,3
20/09/2013,20:15,2,2,0
20/09/2013,20:30,0,0,0
20/09/2013,20:45,1,0,1
20/09/2013,21:00,2,0,2
20/09/2013,21:15,0,0,0
20/09/2013,21:30,1,1,0
20/09/2013,21:45,0,0,0
20/09/2013,22:00,0,0,0
20/09/2013,22:15,0,0,0
20/09/2013,22:30,0,0,0
20/09/2013,22:45,0,0,0
20/09/2013,23:00,0,0,0
20/09/2013,23:15,0,0,0
20/09/2013,23:30,0,0,0
20/09/2013,23:45,0,0,0
21/09/2013,00:00,1,0,1
21/09/2013,00:15,0,0,0
21/09/2013,00:30,0,0,0
21/09/2013,00:45,0,0,0
21/09/2013,01:00,0,0,0
21/09/2013,01:15,0,0,0
21/09/2013,01:30,0,0,0
21/09/2013,01:45,0,0,0
21/09/2013,02:00,0,0,0
21/09/2013,02:15,0,0,0
21/09/2013,02:30,0,0,0
21/09/2013,02:45,0,0,0
21/09/2013,03:00,0,0,0
21/09/2013,03:15,0,0,0
21/09/2013,03:30,0,0,0
21/09/2013,03:45,0,0,0
21/09/2013,04:00,0,0,0
21/09/2013,04:15,0,0,0
21/09/2013,04:30,0,0,0
21/09/2013,04:45,0,0,0
21/09/2013,05:00,0,0,0
21/09/2013,05:15,0,0,0
21/09/2013,05:30,0,0,0
21/09/2013,05:45,1,0,1
21/09/2013,06:00,1,1,0
21/09/2013,06:15,2,0,2
21/09/2013,06:30,1,1,0
21/09/2013,06:45,5,0,5
21/09/2013,07:00,4,0,4
21/09/2013,07:15,6,2,4
21/09/2013,07:30,5,0,5
21/09/2013,07:45,7,1,6
21/09/2013,08:00,14,2,12
21/09/2013,08:15,12,4,8
21/09/2013,08:30,5,0,5
21/09/2013,08:45,2,1,1
21/09/2013,09:00,4,0,4
21/09/2013,09:15,6,0,6
21/09/2013,09:30,3,0,3
21/09/2013,09:45,4,2,2
21/09/2013,10:00,2,0,2
21/09/2013,10:15,7,0,7
21/09/2013,10:30,6,2,4
21/09/2013,10:45,1,0,1
21/09/2013,11:00,1,0,1
21/09/2013,11:15,4,2,2
21/09/2013,11:30,1,0,1
21/09/2013,11:45,6,1,5
21/09/2013,12:00,7,0,7
21/09/2013,12:15,6,3,3
21/09/2013,12:30,4,0,4
21/09/2013,12:45,15,4,11
21/09/2013,13:00,1,0,1
21/09/2013,13:15,5,2,3
21/09/2013,13:30,11,2,9
21/09/2013,13:45,3,0,3
21/09/2013,14:00,8,2,6
21/09/2013,14:15,17,3,14
21/09/2013,14:30,16,1,15
21/09/2013,14:45,16,4,12
21/09/2013,15:00,12,1,11
21/09/2013,15:15,16,6,10
21/09/2013,15:30,17,2,15
21/09/2013,15:45,24,6,18
21/09/2013,16:00,23,3,20
21/09/2013,16:15,27,8,19
21/09/2013,16:30,24,1,23
21/09/2013,16:45,23,3,20
21/09/2013,17:00,29,4,25
21/09/2013,17:15,28,2,26
21/09/2013,17:30,28,5,23
21/09/2013,17:45,21,2,19
21/09/2013,18:00,69,1,68
21/09/2013,18:15,25,1,24
21/09/2013,18:30,19,2,17
21/09/2013,18:45,20,4,16
21/09/2013,19:00,11,1,10
21/09/2013,19:15,8,2,6
21/09/2013,19:30,3,0,3
21/09/2013,19:45,1,0,1
21/09/2013,20:00,1,0,1
21/09/2013,20:15,2,0,2
21/09/2013,20:30,0,0,0
21/09/2013,20:45,0,0,0
21/09/2013,21:00,2,0,2
21/09/2013,21:15,0,0,0
21/09/2013,21:30,0,0,0
21/09/2013,21:45,0,0,0
21/09/2013,22:00,0,0,0
21/09/2013,22:15,1,0,1
21/09/2013,22:30,2,0,2
21/09/2013,22:45,0,0,0
21/09/2013,23:00,0,0,0
21/09/2013,23:15,2,1,1
21/09/2013,23:30,1,0,1
21/09/2013,23:45,0,0,0
22/09/2013,00:00,0,0,0
22/09/2013,00:15,1,0,1
22/09/2013,00:30,2,1,1
22/09/2013,00:45,0,0,0
22/09/2013,01:00,0,0,0
22/09/2013,01:15,0,0,0
22/09/2013,01:30,0,0,0
22/09/2013,01:45,0,0,0
22/09/2013,02:00,1,1,0
22/09/2013,02:15,0,0,0
22/09/2013,02:30,0,0,0
22/09/2013,02:45,0,0,0
22/09/2013,03:00,0,0,0
22/09/2013,03:15,0,0,0
22/09/2013,03:30,0,0,0
22/09/2013,03:45,0,0,0
22/09/2013,04:00,0,0,0
22/09/2013,04:15,0,0,0
22/09/2013,04:30,0,0,0
22/09/2013,04:45,0,0,0
22/09/2013,05:00,0,0,0
22/09/2013,05:15,0,0,0
22/09/2013,05:30,0,0,0
22/09/2013,05:45,1,0,1
22/09/2013,06:00,1,1,0
22/09/2013,06:15,0,0,0
22/09/2013,06:30,2,0,2
22/09/2013,06:45,4,2,2
22/09/2013,07:00,5,0,5
22/09/2013,07:15,4,0,4
22/09/2013,07:30,7,0,7
22/09/2013,07:45,13,0,13
22/09/2013,08:00,11,3,8
22/09/2013,08:15,11,2,9
22/09/2013,08:30,22,10,12
22/09/2013,08:45,28,10,18
22/09/2013,09:00,27,4,23
22/09/2013,09:15,28,5,23
22/09/2013,09:30,103,6,97
22/09/2013,09:45,98,7,91
22/09/2013,10:00,40,3,37
22/09/2013,10:15,34,8,26
22/09/2013,10:30,34,4,30
22/09/2013,10:45,28,9,19
22/09/2013,11:00,37,8,29
22/09/2013,11:15,62,6,56
22/09/2013,11:30,48,1,47
22/09/2013,11:45,38,1,37
22/09/2013,12:00,66,14,52
22/09/2013,12:15,53,8,45
22/09/2013,12:30,42,9,33
22/09/2013,12:45,39,8,31
22/09/2013,13:00,37,2,35
22/09/2013,13:15,31,7,24
22/09/2013,13:30,23,9,14
22/09/2013,13:45,33,8,25
22/09/2013,14:00,51,18,33
22/09/2013,14:15,26,7,19
22/09/2013,14:30,52,17,35
22/09/2013,14:45,36,13,23
22/09/2013,15:00,41,7,34
22/09/2013,15:15,27,7,20
22/09/2013,15:30,37,12,25
22/09/2013,15:45,44,4,40
22/09/2013,16:00,52,8,44
22/09/2013,16:15,53,8,45
22/09/2013,16:30,106,8,98
22/09/2013,16:45,29,4,25
22/09/2013,17:00,49,4,45
22/09/2013,17:15,52,3,49
22/09/2013,17:30,46,4,42
22/09/2013,17:45,31,2,29
22/09/2013,18:00,22,2,20
22/09/2013,18:15,23,2,21
22/09/2013,18:30,27,2,25
22/09/2013,18:45,30,2,28
22/09/2013,19:00,31,0,31
22/09/2013,19:15,7,0,7
22/09/2013,19:30,4,0,4
22/09/2013,19:45,0,0,0
22/09/2013,20:00,1,0,1
22/09/2013,20:15,2,1,1
22/09/2013,20:30,0,0,0
22/09/2013,20:45,2,1,1
22/09/2013,21:00,1,0,1
22/09/2013,21:15,0,0,0
22/09/2013,21:30,0,0,0
22/09/2013,21:45,0,0,0
22/09/2013,22:00,1,0,1
22/09/2013,22:15,1,0,1
22/09/2013,22:30,2,1,1
22/09/2013,22:45,0,0,0
22/09/2013,23:00,0,0,0
22/09/2013,23:15,0,0,0
22/09/2013,23:30,0,0,0
22/09/2013,23:45,0,0,0
23/09/2013,00:00,0,0,0
23/09/2013,00:15,1,1,0
23/09/2013,00:30,0,0,0
23/09/2013,00:45,0,0,0
23/09/2013,01:00,0,0,0
23/09/2013,01:15,0,0,0
23/09/2013,01:30,0,0,0
23/09/2013,01:45,0,0,0
23/09/2013,02:00,0,0,0
23/09/2013,02:15,0,0,0
23/09/2013,02:30,0,0,0
23/09/2013,02:45,0,0,0
23/09/2013,03:00,0,0,0
23/09/2013,03:15,0,0,0
23/09/2013,03:30,0,0,0
23/09/2013,03:45,1,1,0
23/09/2013,04:00,0,0,0
23/09/2013,04:15,0,0,0
23/09/2013,04:30,0,0,0
23/09/2013,04:45,0,0,0
23/09/2013,05:00,0,0,0
23/09/2013,05:15,1,0,1
23/09/2013,05:30,0,0,0
23/09/2013,05:45,1,0,1
23/09/2013,06:00,1,0,1
23/09/2013,06:15,8,1,7
23/09/2013,06:30,1,0,1
23/09/2013,06:45,8,1,7
23/09/2013,07:00,9,2,7
23/09/2013,07:15,16,4,12
23/09/2013,07:30,21,4,17
23/09/2013,07:45,16,2,14
23/09/2013,08:00,32,11,21
23/09/2013,08:15,23,8,15
23/09/2013,08:30,17,1,16
23/09/2013,08:45,19,2,17
23/09/2013,09:00,21,5,16
23/09/2013,09:15,19,3,16
23/09/2013,09:30,18,3,15
23/09/2013,09:45,15,2,13
23/09/2013,10:00,15,2,13
23/09/2013,10:15,17,0,17
23/09/2013,10:30,16,2,14
23/09/2013,10:45,16,3,13
23/09/2013,11:00,20,2,18
23/09/2013,11:15,8,1,7
23/09/2013,11:30,17,4,13
23/09/2013,11:45,14,5,9
23/09/2013,12:00,16,2,14
23/09/2013,12:15,18,0,18
23/09/2013,12:30,24,1,23
23/09/2013,12:45,22,4,18
23/09/2013,13:00,22,2,20
23/09/2013,13:15,25,1,24
23/09/2013,13:30,26,0,26
23/09/2013,13:45,37,4,33
23/09/2013,14:00,38,1,37
23/09/2013,14:15,50,3,47
23/09/2013,14:30,49,5,44
23/09/2013,14:45,35,2,33
23/09/2013,15:00,66,5,61
23/09/2013,15:15,43,3,40
23/09/2013,15:30,54,10,44
23/09/2013,15:45,37,6,31
23/09/2013,16:00,27,3,24
23/09/2013,16:15,29,3,26
23/09/2013,16:30,17,5,12
23/09/2013,16:45,47,8,39
23/09/2013,17:00,96,11,85
23/09/2013,17:15,46,5,41
23/09/2013,17:30,31,1,30
23/09/2013,17:45,48,8,40
23/09/2013,18:00,34,10,24
23/09/2013,18:15,37,10,27
23/09/2013,18:30,21,6,15
23/09/2013,18:45,26,6,20
23/09/2013,19:00,33,9,24
23/09/2013,19:15,24,3,21
23/09/2013,19:30,15,1,14
23/09/2013,19:45,4,2,2
23/09/2013,20:00,3,1,2
23/09/2013,20:15,1,0,1
23/09/2013,20:30,2,0,2
23/09/2013,20:45,1,1,0
23/09/2013,21:00,3,0,3
23/09/2013,21:15,4,1,3
23/09/2013,21:30,3,2,1
23/09/2013,21:45,1,1,0
23/09/2013,22:00,0,0,0
23/09/2013,22:15,2,1,1
23/09/2013,22:30,2,1,1
23/09/2013,22:45,2,1,1
23/09/2013,23:00,1,0,1
23/09/2013,23:15,0,0,0
23/09/2013,23:30,1,0,1
23/09/2013,23:45,0,0,0
24/09/2013,00:00,1,0,1
24/09/2013,00:15,0,0,0
24/09/2013,00:30,0,0,0
24/09/2013,00:45,0,0,0
24/09/2013,01:00,0,0,0
24/09/2013,01:15,0,0,0
24/09/2013,01:30,1,0,1
24/09/2013,01:45,0,0,0
24/09/2013,02:00,0,0,0
24/09/2013,02:15,0,0,0
24/09/2013,02:30,0,0,0
24/09/2013,02:45,0,0,0
24/09/2013,03:00,0,0,0
24/09/2013,03:15,0,0,0
24/09/2013,03:30,0,0,0
24/09/2013,03:45,0,0,0
24/09/2013,04:00,0,0,0
24/09/2013,04:15,0,0,0
24/09/2013,04:30,0,0,0
24/09/2013,04:45,1,0,1
24/09/2013,05:00,2,0,2
24/09/2013,05:15,0,0,0
24/09/2013,05:30,1,0,1
24/09/2013,05:45,1,0,1
24/09/2013,06:00,3,1,2
24/09/2013,06:15,8,0,8
24/09/2013,06:30,12,1,11
24/09/2013,06:45,10,2,8
24/09/2013,07:00,8,1,7
24/09/2013,07:15,14,2,12
24/09/2013,07:30,27,3,24
24/09/2013,07:45,22,1,21
24/09/2013,08:00,38,16,22
24/09/2013,08:15,25,5,20
24/09/2013,08:30,29,5,24
24/09/2013,08:45,26,1,25
24/09/2013,09:00,18,2,16
24/09/2013,09:15,19,7,12
24/09/2013,09:30,26,1,25
24/09/2013,09:45,17,1,16
24/09/2013,10:00,21,3,18
24/09/2013,10:15,16,3,13
24/09/2013,10:30,18,2,16
24/09/2013,10:45,13,4,9
24/09/2013,11:00,16,1,15
24/09/2013,11:15,9,2,7
24/09/2013,11:30,9,3,6
24/09/2013,11:45,12,2,10
24/09/2013,12:00,14,3,11
24/09/2013,12:15,20,3,17
24/09/2013,12:30,28,7,21
24/09/2013,12:45,15,6,9
24/09/2013,13:00,23,4,19
24/09/2013,13:15,14,0,14
24/09/2013,13:30,21,3,18
24/09/2013,13:45,19,2,17
24/09/2013,14:00,16,3,13
24/09/2013,14:15,34,3,31
24/09/2013,14:30,14,1,13
24/09/2013,14:45,14,3,11
24/09/2013,15:00,23,3,20
24/09/2013,15:15,17,4,13
24/09/2013,15:30,53,6,47
24/09/2013,15:45,47,5,42
24/09/2013,16:00,81,5,76
24/09/2013,16:15,59,6,53
24/09/2013,16:30,51,6,45
24/09/2013,16:45,40,5,35
24/09/2013,17:00,58,11,47
24/09/2013,17:15,37,4,33
24/09/2013,17:30,41,6,35
24/09/2013,17:45,53,4,49
24/09/2013,18:00,51,6,45
24/09/2013,18:15,56,1,55
24/09/2013,18:30,71,7,64
24/09/2013,18:45,78,8,70
24/09/2013,19:00,38,7,31
24/09/2013,19:15,9,3,6
24/09/2013,19:30,3,1,2
24/09/2013,19:45,1,0,1
24/09/2013,20:00,3,1,2
24/09/2013,20:15,0,0,0
24/09/2013,20:30,0,0,0
24/09/2013,20:45,1,1,0
24/09/2013,21:00,0,0,0
24/09/2013,21:15,1,1,0
24/09/2013,21:30,1,1,0
24/09/2013,21:45,0,0,0
24/09/2013,22:00,0,0,0
24/09/2013,22:15,1,1,0
24/09/2013,22:30,0,0,0
24/09/2013,22:45,1,0,1
24/09/2013,23:00,1,0,1
24/09/2013,23:15,1,0,1
24/09/2013,23:30,0,0,0
24/09/2013,23:45,0,0,0
25/09/2013,00:00,0,0,0
25/09/2013,00:15,0,0,0
25/09/2013,00:30,0,0,0
25/09/2013,00:45,0,0,0
25/09/2013,01:00,0,0,0
25/09/2013,01:15,0,0,0
25/09/2013,01:30,0,0,0
25/09/2013,01:45,0,0,0
25/09/2013,02:00,0,0,0
25/09/2013,02:15,0,0,0
25/09/2013,02:30,0,0,0
25/09/2013,02:45,0,0,0
25/09/2013,03:00,0,0,0
25/09/2013,03:15,0,0,0
25/09/2013,03:30,0,0,0
25/09/2013,03:45,0,0,0
25/09/2013,04:00,0,0,0
25/09/2013,04:15,1,0,1
25/09/2013,04:30,0,0,0
25/09/2013,04:45,0,0,0
25/09/2013,05:00,0,0,0
25/09/2013,05:15,0,0,0
25/09/2013,05:30,1,0,1
25/09/2013,05:45,0,0,0
25/09/2013,06:00,2,0,2
25/09/2013,06:15,8,0,8
25/09/2013,06:30,4,0,4
25/09/2013,06:45,8,0,8
25/09/2013,07:00,7,1,6
25/09/2013,07:15,11,1,10
25/09/2013,07:30,22,3,19
25/09/2013,07:45,17,5,12
25/09/2013,08:00,44,19,25
25/09/2013,08:15,34,15,19
25/09/2013,08:30,21,0,21
25/09/2013,08:45,31,3,28
25/09/2013,09:00,20,2,18
25/09/2013,09:15,16,2,14
25/09/2013,09:30,11,1,10
25/09/2013,09:45,14,2,12
25/09/2013,10:00,13,0,13
25/09/2013,10:15,11,1,10
25/09/2013,10:30,11,4,7
25/09/2013,10:45,11,1,10
25/09/2013,11:00,17,4,13
25/09/2013,11:15,15,2,13
25/09/2013,11:30,17,3,14
25/09/2013,11:45,13,1,12
25/09/2013,12:00,25,2,23
25/09/2013,12:15,25,2,23
25/09/2013,12:30,25,2,23
25/09/2013,12:45,25,2,23
25/09/2013,13:00,16,1,15
25/09/2013,13:15,19,4,15
25/09/2013,13:30,32,3,29
25/09/2013,13:45,19,6,13
25/09/2013,14:00,36,10,26
25/09/2013,14:15,26,5,21
25/09/2013,14:30,31,3,28
25/09/2013,14:45,39,1,38
25/09/2013,15:00,16,5,11
25/09/2013,15:15,20,4,16
25/09/2013,15:30,21,2,19
25/09/2013,15:45,27,4,23
25/09/2013,16:00,32,11,21
25/09/2013,16:15,41,5,36
25/09/2013,16:30,22,4,18
25/09/2013,16:45,20,5,15
25/09/2013,17:00,20,3,17
25/09/2013,17:15,25,5,20
25/09/2013,17:30,29,2,27
25/09/2013,17:45,27,8,19
25/09/2013,18:00,23,1,22
25/09/2013,18:15,20,1,19
25/09/2013,18:30,27,6,21
25/09/2013,18:45,24,7,17
25/09/2013,19:00,32,4,28
25/09/2013,19:15,35,7,28
25/09/2013,19:30,29,2,27
25/09/2013,19:45,16,2,14
25/09/2013,20:00,5,1,4
25/09/2013,20:15,5,0,5
25/09/2013,20:30,3,0,3
25/09/2013,20:45,3,2,1
25/09/2013,21:00,2,1,1
25/09/2013,21:15,0,0,0
25/09/2013,21:30,1,0,1
25/09/2013,21:45,2,1,1
25/09/2013,22:00,0,0,0
25/09/2013,22:15,1,0,1
25/09/2013,22:30,0,0,0
25/09/2013,22:45,0,0,0
25/09/2013,23:00,1,1,0
25/09/2013,23:15,0,0,0
25/09/2013,23:30,0,0,0
25/09/2013,23:45,0,0,0
26/09/2013,00:00,0,0,0
26/09/2013,00:15,0,0,0
26/09/2013,00:30,1,1,0
26/09/2013,00:45,0,0,0
26/09/2013,01:00,0,0,0
26/09/2013,01:15,0,0,0
26/09/2013,01:30,0,0,0
26/09/2013,01:45,0,0,0
26/09/2013,02:00,0,0,0
26/09/2013,02:15,0,0,0
26/09/2013,02:30,0,0,0
26/09/2013,02:45,0,0,0
26/09/2013,03:00,0,0,0
26/09/2013,03:15,0,0,0
26/09/2013,03:30,0,0,0
26/09/2013,03:45,0,0,0
26/09/2013,04:00,0,0,0
26/09/2013,04:15,0,0,0
26/09/2013,04:30,0,0,0
26/09/2013,04:45,0,0,0
26/09/2013,05:00,0,0,0
26/09/2013,05:15,1,0,1
26/09/2013,05:30,1,0,1
26/09/2013,05:45,2,0,2
26/09/2013,06:00,5,0,5
26/09/2013,06:15,5,1,4
26/09/2013,06:30,4,0,4
26/09/2013,06:45,9,0,9
26/09/2013,07:00,19,1,18
26/09/2013,07:15,13,0,13
26/09/2013,07:30,15,1,14
26/09/2013,07:45,28,11,17
26/09/2013,08:00,24,13,11
26/09/2013,08:15,20,7,13
26/09/2013,08:30,18,3,15
26/09/2013,08:45,17,1,16
26/09/2013,09:00,22,0,22
26/09/2013,09:15,20,3,17
26/09/2013,09:30,26,9,17
26/09/2013,09:45,14,1,13
26/09/2013,10:00,12,1,11
26/09/2013,10:15,13,2,11
26/09/2013,10:30,22,0,22
26/09/2013,10:45,23,5,18
26/09/2013,11:00,16,4,12
26/09/2013,11:15,13,0,13
26/09/2013,11:30,16,2,14
26/09/2013,11:45,12,0,12
26/09/2013,12:00,9,3,6
26/09/2013,12:15,7,2,5
26/09/2013,12:30,16,8,8
26/09/2013,12:45,13,1,12
26/09/2013,13:00,10,0,10
26/09/2013,13:15,18,1,17
26/09/2013,13:30,38,0,38
26/09/2013,13:45,51,2,49
26/09/2013,14:00,24,3,21
26/09/2013,14:15,23,0,23
26/09/2013,14:30,67,4,63
26/09/2013,14:45,117,2,115
26/09/2013,15:00,114,5,109
26/09/2013,15:15,176,3,173
26/09/2013,15:30,106,8,98
26/09/2013,15:45,104,8,96
26/09/2013,16:00,133,3,130
26/09/2013,16:15,14,1,13
26/09/2013,16:30,113,1,112
26/09/2013,16:45,110,7,103
26/09/2013,17:00,74,12,62
26/09/2013,17:15,61,1,60
26/09/2013,17:30,113,3,110
26/09/2013,17:45,109,5,104
26/09/2013,18:00,52,9,43
26/09/2013,18:15,62,4,58
26/09/2013,18:30,57,7,50
26/09/2013,18:45,25,3,22
26/09/2013,19:00,27,2,25
26/09/2013,19:15,14,4,10
26/09/2013,19:30,11,2,9
26/09/2013,19:45,3,1,2
26/09/2013,20:00,4,3,1
26/09/2013,20:15,1,0,1
26/09/2013,20:30,0,0,0
26/09/2013,20:45,0,0,0
26/09/2013,21:00,1,1,0
26/09/2013,21:15,8,7,1
26/09/2013,21:30,61,61,0
26/09/2013,21:45,24,24,0
26/09/2013,22:00,43,43,0
26/09/2013,22:15,1,1,0
26/09/2013,22:30,0,0,0
26/09/2013,22:45,0,0,0
26/09/2013,23:00,0,0,0
26/09/2013,23:15,1,0,1
26/09/2013,23:30,1,0,1
26/09/2013,23:45,0,0,0
27/09/2013,00:00,0,0,0
27/09/2013,00:15,0,0,0
27/09/2013,00:30,0,0,0
27/09/2013,00:45,0,0,0
27/09/2013,01:00,0,0,0
27/09/2013,01:15,0,0,0
27/09/2013,01:30,0,0,0
27/09/2013,01:45,0,0,0
27/09/2013,02:00,0,0,0
27/09/2013,02:15,0,0,0
27/09/2013,02:30,0,0,0
27/09/2013,02:45,0,0,0
27/09/2013,03:00,0,0,0
27/09/2013,03:15,0,0,0
27/09/2013,03:30,0,0,0
27/09/2013,03:45,0,0,0
27/09/2013,04:00,0,0,0
27/09/2013,04:15,0,0,0
27/09/2013,04:30,0,0,0
27/09/2013,04:45,0,0,0
27/09/2013,05:00,0,0,0
27/09/2013,05:15,0,0,0
27/09/2013,05:30,2,0,2
27/09/2013,05:45,1,0,1
27/09/2013,06:00,2,0,2
27/09/2013,06:15,7,0,7
27/09/2013,06:30,6,0,6
27/09/2013,06:45,5,0,5
27/09/2013,07:00,7,1,6
27/09/2013,07:15,80,72,8
27/09/2013,07:30,19,16,3
27/09/2013,07:45,21,12,9
27/09/2013,08:00,35,25,10
27/09/2013,08:15,23,17,6
27/09/2013,08:30,22,6,16
27/09/2013,08:45,28,7,21
27/09/2013,09:00,19,5,14
27/09/2013,09:15,9,4,5
27/09/2013,09:30,17,3,14
27/09/2013,09:45,16,4,12
27/09/2013,10:00,19,4,15
27/09/2013,10:15,14,2,12
27/09/2013,10:30,15,2,13
27/09/2013,10:45,26,10,16
27/09/2013,11:00,18,6,12
27/09/2013,11:15,23,9,14
27/09/2013,11:30,12,4,8
27/09/2013,11:45,16,3,13
27/09/2013,12:00,10,2,8
27/09/2013,12:15,14,7,7
27/09/2013,12:30,28,7,21
27/09/2013,12:45,21,1,20
27/09/2013,13:00,19,5,14
27/09/2013,13:15,29,3,26
27/09/2013,13:30,22,1,21
27/09/2013,13:45,50,3,47
27/09/2013,14:00,54,6,48
27/09/2013,14:15,60,9,51
27/09/2013,14:30,60,10,50
27/09/2013,14:45,73,2,71
27/09/2013,15:00,94,7,87
27/09/2013,15:15,87,9,78
27/09/2013,15:30,119,21,98
27/09/2013,15:45,116,24,92
27/09/2013,16:00,99,13,86
27/09/2013,16:15,91,15,76
27/09/2013,16:30,106,21,85
27/09/2013,16:45,73,7,66
27/09/2013,17:00,75,23,52
27/09/2013,17:15,71,7,64
27/09/2013,17:30,119,16,103
27/09/2013,17:45,75,5,70
27/09/2013,18:00,58,13,45
27/09/2013,18:15,54,6,48
27/09/2013,18:30,85,10,75
27/09/2013,18:45,31,6,25
27/09/2013,19:00,15,5,10
27/09/2013,19:15,17,12,5
27/09/2013,19:30,9,5,4
27/09/2013,19:45,2,0,2
27/09/2013,20:00,2,1,1
27/09/2013,20:15,4,2,2
27/09/2013,20:30,1,1,0
27/09/2013,20:45,1,1,0
27/09/2013,21:00,0,0,0
27/09/2013,21:15,1,1,0
27/09/2013,21:30,0,0,0
27/09/2013,21:45,2,1,1
27/09/2013,22:00,0,0,0
27/09/2013,22:15,0,0,0
27/09/2013,22:30,0,0,0
27/09/2013,22:45,1,1,0
27/09/2013,23:00,0,0,0
27/09/2013,23:15,1,0,1
27/09/2013,23:30,0,0,0
27/09/2013,23:45,0,0,0
28/09/2013,00:00,1,0,1
28/09/2013,00:15,0,0,0
28/09/2013,00:30,50,50,0
28/09/2013,00:45,29,29,0
28/09/2013,01:00,0,0,0
28/09/2013,01:15,0,0,0
28/09/2013,01:30,0,0,0
28/09/2013,01:45,0,0,0
28/09/2013,02:00,0,0,0
28/09/2013,02:15,0,0,0
28/09/2013,02:30,0,0,0
28/09/2013,02:45,0,0,0
28/09/2013,03:00,0,0,0
28/09/2013,03:15,0,0,0
28/09/2013,03:30,0,0,0
28/09/2013,03:45,0,0,0
28/09/2013,04:00,0,0,0
28/09/2013,04:15,0,0,0
28/09/2013,04:30,0,0,0
28/09/2013,04:45,0,0,0
28/09/2013,05:00,0,0,0
28/09/2013,05:15,0,0,0
28/09/2013,05:30,10,10,0
28/09/2013,05:45,0,0,0
28/09/2013,06:00,3,1,2
28/09/2013,06:15,0,0,0
28/09/2013,06:30,3,2,1
28/09/2013,06:45,4,2,2
28/09/2013,07:00,5,0,5
28/09/2013,07:15,3,0,3
28/09/2013,07:30,6,0,6
28/09/2013,07:45,10,0,10
28/09/2013,08:00,12,1,11
28/09/2013,08:15,15,4,11
28/09/2013,08:30,12,3,9
28/09/2013,08:45,21,2,19
28/09/2013,09:00,31,9,22
28/09/2013,09:15,25,8,17
28/09/2013,09:30,22,8,14
28/09/2013,09:45,23,13,10
28/09/2013,10:00,38,22,16
28/09/2013,10:15,40,20,20
28/09/2013,10:30,34,15,19
28/09/2013,10:45,27,10,17
28/09/2013,11:00,35,11,24
28/09/2013,11:15,34,11,23
28/09/2013,11:30,32,23,9
28/09/2013,11:45,27,21,6
28/09/2013,12:00,28,13,15
28/09/2013,12:15,19,8,11
28/09/2013,12:30,19,6,13
28/09/2013,12:45,15,9,6
28/09/2013,13:00,48,26,22
28/09/2013,13:15,35,22,13
28/09/2013,13:30,39,9,30
28/09/2013,13:45,68,19,49
28/09/2013,14:00,38,13,25
28/09/2013,14:15,71,33,38
28/09/2013,14:30,54,12,42
28/09/2013,14:45,62,9,53
28/09/2013,15:00,65,16,49
28/09/2013,15:15,79,17,62
28/09/2013,15:30,93,9,84
28/09/2013,15:45,100,15,85
28/09/2013,16:00,103,15,88
28/09/2013,16:15,70,10,60
28/09/2013,16:30,88,14,74
28/09/2013,16:45,89,19,70
28/09/2013,17:00,21,5,16
28/09/2013,17:15,18,6,12
28/09/2013,17:30,25,12,13
28/09/2013,17:45,13,5,8
28/09/2013,18:00,7,3,4
28/09/2013,18:15,14,4,10
28/09/2013,18:30,18,2,16
28/09/2013,18:45,40,5,35
28/09/2013,19:00,31,2,29
28/09/2013,19:15,10,4,6
28/09/2013,19:30,6,1,5
28/09/2013,19:45,8,2,6
28/09/2013,20:00,0,0,0
28/09/2013,20:15,1,0,1
28/09/2013,20:30,1,1,0
28/09/2013,20:45,1,0,1
28/09/2013,21:00,0,0,0
28/09/2013,21:15,1,1,0
28/09/2013,21:30,0,0,0
28/09/2013,21:45,0,0,0
28/09/2013,22:00,1,1,0
28/09/2013,22:15,0,0,0
28/09/2013,22:30,0,0,0
28/09/2013,22:45,0,0,0
28/09/2013,23:00,1,0,1
28/09/2013,23:15,0,0,0
28/09/2013,23:30,0,0,0
28/09/2013,23:45,1,1,0
29/09/2013,00:00,0,0,0
29/09/2013,00:15,0,0,0
29/09/2013,00:30,0,0,0
29/09/2013,00:45,0,0,0
29/09/2013,01:00,0,0,0
29/09/2013,01:15,0,0,0
29/09/2013,01:30,0,0,0
29/09/2013,01:45,0,0,0
29/09/2013,02:00,0,0,0
29/09/2013,02:15,0,0,0
29/09/2013,02:30,0,0,0
29/09/2013,02:45,0,0,0
29/09/2013,03:00,0,0,0
29/09/2013,03:15,0,0,0
29/09/2013,03:30,0,0,0
29/09/2013,03:45,0,0,0
29/09/2013,04:00,0,0,0
29/09/2013,04:15,0,0,0
29/09/2013,04:30,0,0,0
29/09/2013,04:45,0,0,0
29/09/2013,05:00,0,0,0
29/09/2013,05:15,1,0,1
29/09/2013,05:30,0,0,0
29/09/2013,05:45,0,0,0
29/09/2013,06:00,0,0,0
29/09/2013,06:15,0,0,0
29/09/2013,06:30,2,0,2
29/09/2013,06:45,5,2,3
29/09/2013,07:00,2,0,2
29/09/2013,07:15,2,0,2
29/09/2013,07:30,9,2,7
29/09/2013,07:45,11,3,8
29/09/2013,08:00,5,2,3
29/09/2013,08:15,18,7,11
29/09/2013,08:30,22,11,11
29/09/2013,08:45,21,10,11
29/09/2013,09:00,17,1,16
29/09/2013,09:15,27,4,23
29/09/2013,09:30,19,7,12
29/09/2013,09:45,34,10,24
29/09/2013,10:00,25,8,17
29/09/2013,10:15,16,0,16
29/09/2013,10:30,32,16,16
29/09/2013,10:45,24,10,14
29/09/2013,11:00,21,8,13
29/09/2013,11:15,24,9,15
29/09/2013,11:30,31,19,12
29/09/2013,11:45,15,4,11
29/09/2013,12:00,21,12,9
29/09/2013,12:15,17,11,6
29/09/2013,12:30,23,18,5
29/09/2013,12:45,20,11,9
29/09/2013,13:00,28,14,14
29/09/2013,13:15,19,12,7
29/09/2013,13:30,25,12,13
29/09/2013,13:45,58,22,36
29/09/2013,14:00,25,5,20
29/09/2013,14:15,28,11,17
29/09/2013,14:30,22,11,11
29/09/2013,14:45,23,9,14
29/09/2013,15:00,35,6,29
29/09/2013,15:15,36,14,22
29/09/2013,15:30,55,11,44
29/09/2013,15:45,122,17,105
29/09/2013,16:00,77,14,63
29/09/2013,16:15,59,8,51
29/09/2013,16:30,62,15,47
29/09/2013,16:45,36,15,21
29/09/2013,17:00,37,24,13
29/09/2013,17:15,28,15,13
29/09/2013,17:30,15,6,9
29/09/2013,17:45,16,5,11
29/09/2013,18:00,8,2,6
29/09/2013,18:15,13,5,8
29/09/2013,18:30,8,2,6
29/09/2013,18:45,13,3,10
29/09/2013,19:00,7,1,6
29/09/2013,19:15,4,3,1
29/09/2013,19:30,1,0,1
29/09/2013,19:45,0,0,0
29/09/2013,20:00,1,0,1
29/09/2013,20:15,2,1,1
29/09/2013,20:30,1,0,1
29/09/2013,20:45,1,0,1
29/09/2013,21:00,1,0,1
29/09/2013,21:15,0,0,0
29/09/2013,21:30,3,1,2
29/09/2013,21:45,1,0,1
29/09/2013,22:00,0,0,0
29/09/2013,22:15,5,0,5
29/09/2013,22:30,0,0,0
29/09/2013,22:45,1,0,1
29/09/2013,23:00,0,0,0
29/09/2013,23:15,0,0,0
29/09/2013,23:30,0,0,0
29/09/2013,23:45,0,0,0
30/09/2013,00:00,0,0,0
30/09/2013,00:15,0,0,0
30/09/2013,00:30,0,0,0
30/09/2013,00:45,0,0,0
30/09/2013,01:00,0,0,0
30/09/2013,01:15,0,0,0
30/09/2013,01:30,0,0,0
30/09/2013,01:45,0,0,0
30/09/2013,02:00,0,0,0
30/09/2013,02:15,0,0,0
30/09/2013,02:30,0,0,0
30/09/2013,02:45,0,0,0
30/09/2013,03:00,0,0,0
30/09/2013,03:15,0,0,0
30/09/2013,03:30,0,0,0
30/09/2013,03:45,0,0,0
30/09/2013,04:00,0,0,0
30/09/2013,04:15,0,0,0
30/09/2013,04:30,0,0,0
30/09/2013,04:45,1,1,0
30/09/2013,05:00,0,0,0
30/09/2013,05:15,0,0,0
30/09/2013,05:30,0,0,0
30/09/2013,05:45,0,0,0
30/09/2013,06:00,1,0,1
30/09/2013,06:15,3,2,1
30/09/2013,06:30,4,2,2
30/09/2013,06:45,8,0,8
30/09/2013,07:00,7,3,4
30/09/2013,07:15,14,5,9
30/09/2013,07:30,31,19,12
30/09/2013,07:45,18,5,13
30/09/2013,08:00,42,31,11
30/09/2013,08:15,29,11,18
30/09/2013,08:30,16,6,10
30/09/2013,08:45,19,5,14
30/09/2013,09:00,24,5,19
30/09/2013,09:15,20,6,14
30/09/2013,09:30,18,0,18
30/09/2013,09:45,16,5,11
30/09/2013,10:00,20,2,18
30/09/2013,10:15,14,1,13
30/09/2013,10:30,15,7,8
30/09/2013,10:45,15,6,9
30/09/2013,11:00,15,4,11
30/09/2013,11:15,18,9,9
30/09/2013,11:30,13,2,11
30/09/2013,11:45,16,1,15
30/09/2013,12:00,13,2,11
30/09/2013,12:15,7,1,6
30/09/2013,12:30,12,0,12
30/09/2013,12:45,14,3,11
30/09/2013,13:00,20,5,15
30/09/2013,13:15,12,1,11
30/09/2013,13:30,16,3,13
30/09/2013,13:45,11,2,9
30/09/2013,14:00,10,2,8
30/09/2013,14:15,8,3,5
30/09/2013,14:30,13,5,8
30/09/2013,14:45,13,5,8
30/09/2013,15:00,18,9,9
30/09/2013,15:15,30,20,10
30/09/2013,15:30,20,14,6
30/09/2013,15:45,18,5,13
30/09/2013,16:00,11,4,7
30/09/2013,16:15,18,5,13
30/09/2013,16:30,28,9,19
30/09/2013,16:45,23,11,12
30/09/2013,17:00,26,6,20
30/09/2013,17:15,28,11,17
30/09/2013,17:30,26,13,13
30/09/2013,17:45,26,10,16
30/09/2013,18:00,27,14,13
30/09/2013,18:15,15,6,9
30/09/2013,18:30,13,5,8
30/09/2013,18:45,20,6,14
30/09/2013,19:00,13,5,8
30/09/2013,19:15,9,2,7
30/09/2013,19:30,4,1,3
30/09/2013,19:45,5,3,2
30/09/2013,20:00,3,2,1
30/09/2013,20:15,2,1,1
30/09/2013,20:30,1,0,1
30/09/2013,20:45,1,0,1
30/09/2013,21:00,1,0,1
30/09/2013,21:15,1,1,0
30/09/2013,21:30,0,0,0
30/09/2013,21:45,1,1,0
30/09/2013,22:00,0,0,0
30/09/2013,22:15,0,0,0
30/09/2013,22:30,2,0,2
30/09/2013,22:45,0,0,0
30/09/2013,23:00,2,0,2
30/09/2013,23:15,1,0,1
30/09/2013,23:30,0,0,0
30/09/2013,23:45,0,0,0
01/10/2013,00:00,1,1,0
01/10/2013,00:15,0,0,0
01/10/2013,00:30,0,0,0
01/10/2013,00:45,0,0,0
01/10/2013,01:00,0,0,0
01/10/2013,01:15,0,0,0
01/10/2013,01:30,0,0,0
01/10/2013,01:45,1,1,0
01/10/2013,02:00,0,0,0
01/10/2013,02:15,0,0,0
01/10/2013,02:30,0,0,0
01/10/2013,02:45,0,0,0
01/10/2013,03:00,0,0,0
01/10/2013,03:15,0,0,0
01/10/2013,03:30,0,0,0
01/10/2013,03:45,0,0,0
01/10/2013,04:00,0,0,0
01/10/2013,04:15,0,0,0
01/10/2013,04:30,0,0,0
01/10/2013,04:45,0,0,0
01/10/2013,05:00,0,0,0
01/10/2013,05:15,1,0,1
01/10/2013,05:30,2,0,2
01/10/2013,05:45,1,0,1
01/10/2013,06:00,5,2,3
01/10/2013,06:15,3,0,3
01/10/2013,06:30,2,0,2
01/10/2013,06:45,7,1,6
01/10/2013,07:00,10,1,9
01/10/2013,07:15,16,2,14
01/10/2013,07:30,17,2,15
01/10/2013,07:45,25,3,22
01/10/2013,08:00,44,14,30
01/10/2013,08:15,16,7,9
01/10/2013,08:30,22,4,18
01/10/2013,08:45,23,4,19
01/10/2013,09:00,25,2,23
01/10/2013,09:15,21,7,14
01/10/2013,09:30,31,11,20
01/10/2013,09:45,23,12,11
01/10/2013,10:00,17,3,14
01/10/2013,10:15,12,0,12
01/10/2013,10:30,25,5,20
01/10/2013,10:45,19,3,16
01/10/2013,11:00,51,33,18
01/10/2013,11:15,16,5,11
01/10/2013,11:30,11,5,6
01/10/2013,11:45,9,2,7
01/10/2013,12:00,14,7,7
01/10/2013,12:15,14,9,5
01/10/2013,12:30,19,6,13
01/10/2013,12:45,19,7,12
01/10/2013,13:00,18,4,14
01/10/2013,13:15,19,3,16
01/10/2013,13:30,14,4,10
01/10/2013,13:45,20,7,13
01/10/2013,14:00,14,4,10
01/10/2013,14:15,16,4,12
01/10/2013,14:30,16,4,12
01/10/2013,14:45,18,5,13
01/10/2013,15:00,18,8,10
01/10/2013,15:15,16,10,6
01/10/2013,15:30,19,10,9
01/10/2013,15:45,28,20,8
01/10/2013,16:00,20,10,10
01/10/2013,16:15,58,14,44
01/10/2013,16:30,20,4,16
01/10/2013,16:45,25,11,14
01/10/2013,17:00,26,13,13
01/10/2013,17:15,18,5,13
01/10/2013,17:30,16,6,10
01/10/2013,17:45,22,13,9
01/10/2013,18:00,14,4,10
01/10/2013,18:15,14,7,7
01/10/2013,18:30,21,9,12
01/10/2013,18:45,24,16,8
01/10/2013,19:00,18,8,10
01/10/2013,19:15,14,6,8
01/10/2013,19:30,5,0,5
01/10/2013,19:45,4,2,2
01/10/2013,20:00,5,4,1
01/10/2013,20:15,2,1,1
01/10/2013,20:30,4,4,0
01/10/2013,20:45,2,2,0
01/10/2013,21:00,13,13,0
01/10/2013,21:15,0,0,0
01/10/2013,21:30,0,0,0
01/10/2013,21:45,0,0,0
01/10/2013,22:00,5,5,0
01/10/2013,22:15,1,1,0
01/10/2013,22:30,3,3,0
01/10/2013,22:45,0,0,0
01/10/2013,23:00,2,0,2
01/10/2013,23:15,0,0,0
01/10/2013,23:30,3,3,0
01/10/2013,23:45,0,0,0
02/10/2013,00:00,25,25,0
02/10/2013,00:15,0,0,0
02/10/2013,00:30,0,0,0
02/10/2013,00:45,0,0,0
02/10/2013,01:00,0,0,0
02/10/2013,01:15,0,0,0
02/10/2013,01:30,0,0,0
02/10/2013,01:45,0,0,0
02/10/2013,02:00,0,0,0
02/10/2013,02:15,0,0,0
02/10/2013,02:30,0,0,0
02/10/2013,02:45,0,0,0
02/10/2013,03:00,0,0,0
02/10/2013,03:15,0,0,0
02/10/2013,03:30,0,0,0
02/10/2013,03:45,0,0,0
02/10/2013,04:00,0,0,0
02/10/2013,04:15,0,0,0
02/10/2013,04:30,0,0,0
02/10/2013,04:45,0,0,0
02/10/2013,05:00,0,0,0
02/10/2013,05:15,1,0,1
02/10/2013,05:30,1,0,1
02/10/2013,05:45,3,0,3
02/10/2013,06:00,4,0,4
02/10/2013,06:15,5,0,5
02/10/2013,06:30,4,0,4
02/10/2013,06:45,12,3,9
02/10/2013,07:00,6,1,5
02/10/2013,07:15,20,2,18
02/10/2013,07:30,25,3,22
02/10/2013,07:45,26,4,22
02/10/2013,08:00,37,16,21
02/10/2013,08:15,33,15,18
02/10/2013,08:30,19,6,13
02/10/2013,08:45,23,3,20
02/10/2013,09:00,16,2,14
02/10/2013,09:15,23,1,22
02/10/2013,09:30,21,3,18
02/10/2013,09:45,17,1,16
02/10/2013,10:00,15,2,13
02/10/2013,10:15,17,1,16
02/10/2013,10:30,8,1,7
02/10/2013,10:45,17,4,13
02/10/2013,11:00,42,19,23
02/10/2013,11:15,27,15,12
02/10/2013,11:30,14,6,8
02/10/2013,11:45,10,5,5
02/10/2013,12:00,18,9,9
02/10/2013,12:15,18,5,13
02/10/2013,12:30,23,8,15
02/10/2013,12:45,20,7,13
02/10/2013,13:00,14,8,6
02/10/2013,13:15,32,15,17
02/10/2013,13:30,32,21,11
02/10/2013,13:45,12,5,7
02/10/2013,14:00,19,1,18
02/10/2013,14:15,9,6,3
02/10/2013,14:30,19,9,10
02/10/2013,14:45,14,7,7
02/10/2013,15:00,19,11,8
02/10/2013,15:15,15,10,5
02/10/2013,15:30,38,8,30
02/10/2013,15:45,21,10,11
02/10/2013,16:00,34,3,31
02/10/2013,16:15,25,9,16
02/10/2013,16:30,26,11,15
02/10/2013,16:45,24,10,14
02/10/2013,17:00,18,7,11
02/10/2013,17:15,21,12,9
02/10/2013,17:30,15,7,8
02/10/2013,17:45,22,12,10
02/10/2013,18:00,24,10,14
02/10/2013,18:15,25,9,16
02/10/2013,18:30,25,12,13
02/10/2013,18:45,19,8,11
02/10/2013,19:00,9,3,6
02/10/2013,19:15,12,2,10
02/10/2013,19:30,0,0,0
02/10/2013,19:45,1,0,1
02/10/2013,20:00,7,7,0
02/10/2013,20:15,11,10,1
02/10/2013,20:30,3,2,1
02/10/2013,20:45,0,0,0
02/10/2013,21:00,1,1,0
02/10/2013,21:15,2,2,0
02/10/2013,21:30,0,0,0
02/10/2013,21:45,1,0,1
02/10/2013,22:00,0,0,0
02/10/2013,22:15,0,0,0
02/10/2013,22:30,13,13,0
02/10/2013,22:45,0,0,0
02/10/2013,23:00,0,0,0
02/10/2013,23:15,0,0,0
02/10/2013,23:30,1,0,1
02/10/2013,23:45,0,0,0
03/10/2013,00:00,0,0,0
03/10/2013,00:15,0,0,0
03/10/2013,00:30,0,0,0
03/10/2013,00:45,0,0,0
03/10/2013,01:00,0,0,0
03/10/2013,01:15,0,0,0
03/10/2013,01:30,0,0,0
03/10/2013,01:45,0,0,0
03/10/2013,02:00,0,0,0
03/10/2013,02:15,0,0,0
03/10/2013,02:30,0,0,0
03/10/2013,02:45,0,0,0
03/10/2013,03:00,0,0,0
03/10/2013,03:15,0,0,0
03/10/2013,03:30,0,0,0
03/10/2013,03:45,0,0,0
03/10/2013,04:00,0,0,0
03/10/2013,04:15,0,0,0
03/10/2013,04:30,0,0,0
03/10/2013,04:45,0,0,0
03/10/2013,05:00,0,0,0
03/10/2013,05:15,1,0,1
03/10/2013,05:30,1,0,1
03/10/2013,05:45,0,0,0
03/10/2013,06:00,3,0,3
03/10/2013,06:15,7,0,7
03/10/2013,06:30,8,0,8
03/10/2013,06:45,11,1,10
03/10/2013,07:00,21,1,20
03/10/2013,07:15,14,0,14
03/10/2013,07:30,16,2,14
03/10/2013,07:45,15,2,13
03/10/2013,08:00,36,12,24
03/10/2013,08:15,21,11,10
03/10/2013,08:30,20,3,17
03/10/2013,08:45,23,1,22
03/10/2013,09:00,26,5,21
03/10/2013,09:15,18,3,15
03/10/2013,09:30,14,0,14
03/10/2013,09:45,25,3,22
03/10/2013,10:00,9,1,8
03/10/2013,10:15,20,1,19
03/10/2013,10:30,12,3,9
03/10/2013,10:45,20,2,18
03/10/2013,11:00,21,4,17
03/10/2013,11:15,24,14,10
03/10/2013,11:30,10,5,5
03/10/2013,11:45,6,2,4
03/10/2013,12:00,12,5,7
03/10/2013,12:15,17,2,15
03/10/2013,12:30,12,1,11
03/10/2013,12:45,16,3,13
03/10/2013,13:00,13,4,9
03/10/2013,13:15,23,6,17
03/10/2013,13:30,16,3,13
03/10/2013,13:45,20,9,11
03/10/2013,14:00,15,7,8
03/10/2013,14:15,15,6,9
03/10/2013,14:30,14,10,4
03/10/2013,14:45,13,5,8
03/10/2013,15:00,17,10,7
03/10/2013,15:15,14,6,8
03/10/2013,15:30,19,12,7
03/10/2013,15:45,20,12,8
03/10/2013,16:00,12,4,8
03/10/2013,16:15,26,9,17
03/10/2013,16:30,19,6,13
03/10/2013,16:45,131,125,6
03/10/2013,17:00,69,60,9
03/10/2013,17:15,117,108,9
03/10/2013,17:30,79,76,3
03/10/2013,17:45,160,152,8
03/10/2013,18:00,95,86,9
03/10/2013,18:15,44,32,12
03/10/2013,18:30,76,62,14
03/10/2013,18:45,30,22,8
03/10/2013,19:00,39,26,13
03/10/2013,19:15,16,7,9
03/10/2013,19:30,23,22,1
03/10/2013,19:45,8,4,4
03/10/2013,20:00,6,4,2
03/10/2013,20:15,4,1,3
03/10/2013,20:30,1,0,1
03/10/2013,20:45,4,2,2
03/10/2013,21:00,3,3,0
03/10/2013,21:15,2,1,1
03/10/2013,21:30,0,0,0
03/10/2013,21:45,0,0,0
03/10/2013,22:00,1,0,1
03/10/2013,22:15,1,1,0
03/10/2013,22:30,1,0,1
03/10/2013,22:45,0,0,0
03/10/2013,23:00,1,1,0
03/10/2013,23:15,0,0,0
03/10/2013,23:30,1,0,1
03/10/2013,23:45,0,0,0
04/10/2013,00:00,0,0,0
04/10/2013,00:15,29,29,0
04/10/2013,00:30,0,0,0
04/10/2013,00:45,0,0,0
04/10/2013,01:00,0,0,0
04/10/2013,01:15,0,0,0
04/10/2013,01:30,0,0,0
04/10/2013,01:45,0,0,0
04/10/2013,02:00,0,0,0
04/10/2013,02:15,0,0,0
04/10/2013,02:30,0,0,0
04/10/2013,02:45,1,1,0
04/10/2013,03:00,0,0,0
04/10/2013,03:15,0,0,0
04/10/2013,03:30,0,0,0
04/10/2013,03:45,0,0,0
04/10/2013,04:00,11,11,0
04/10/2013,04:15,0,0,0
04/10/2013,04:30,0,0,0
04/10/2013,04:45,0,0,0
04/10/2013,05:00,0,0,0
04/10/2013,05:15,0,0,0
04/10/2013,05:30,1,1,0
04/10/2013,05:45,0,0,0
04/10/2013,06:00,3,1,2
04/10/2013,06:15,5,2,3
04/10/2013,06:30,8,0,8
04/10/2013,06:45,5,0,5
04/10/2013,07:00,6,1,5
04/10/2013,07:15,18,1,17
04/10/2013,07:30,56,42,14
04/10/2013,07:45,21,13,8
04/10/2013,08:00,45,32,13
04/10/2013,08:15,28,10,18
04/10/2013,08:30,14,4,10
04/10/2013,08:45,30,11,19
04/10/2013,09:00,29,9,20
04/10/2013,09:15,18,3,15
04/10/2013,09:30,21,2,19
04/10/2013,09:45,32,10,22
04/10/2013,10:00,21,4,17
04/10/2013,10:15,27,7,20
04/10/2013,10:30,17,4,13
04/10/2013,10:45,17,2,15
04/10/2013,11:00,55,48,7
04/10/2013,11:15,34,28,6
04/10/2013,11:30,21,11,10
04/10/2013,11:45,11,1,10
04/10/2013,12:00,7,1,6
04/10/2013,12:15,61,53,8
04/10/2013,12:30,18,13,5
04/10/2013,12:45,16,2,14
04/10/2013,13:00,11,3,8
04/10/2013,13:15,9,6,3
04/10/2013,13:30,10,4,6
04/10/2013,13:45,10,1,9
04/10/2013,14:00,17,11,6
04/10/2013,14:15,12,4,8
04/10/2013,14:30,15,8,7
04/10/2013,14:45,4,2,2
04/10/2013,15:00,4,1,3
04/10/2013,15:15,15,11,4
04/10/2013,15:30,21,13,8
04/10/2013,15:45,22,10,12
04/10/2013,16:00,14,4,10
04/10/2013,16:15,19,10,9
04/10/2013,16:30,19,11,8
04/10/2013,16:45,17,5,12
04/10/2013,17:00,13,8,5
04/10/2013,17:15,19,8,11
04/10/2013,17:30,20,6,14
04/10/2013,17:45,23,13,10
04/10/2013,18:00,18,9,9
04/10/2013,18:15,16,10,6
04/10/2013,18:30,25,9,16
04/10/2013,18:45,14,9,5
04/10/2013,19:00,23,9,14
04/10/2013,19:15,6,2,4
04/10/2013,19:30,6,0,6
04/10/2013,19:45,2,0,2
04/10/2013,20:00,6,2,4
04/10/2013,20:15,17,17,0
04/10/2013,20:30,2,2,0
04/10/2013,20:45,5,5,0
04/10/2013,21:00,2,1,1
04/10/2013,21:15,1,0,1
04/10/2013,21:30,21,21,0
04/10/2013,21:45,4,1,3
04/10/2013,22:00,3,3,0
04/10/2013,22:15,1,1,0
04/10/2013,22:30,0,0,0
04/10/2013,22:45,0,0,0
04/10/2013,23:00,0,0,0
04/10/2013,23:15,0,0,0
04/10/2013,23:30,0,0,0
04/10/2013,23:45,0,0,0
05/10/2013,00:00,0,0,0
05/10/2013,00:15,0,0,0
05/10/2013,00:30,4,1,3
05/10/2013,00:45,0,0,0
05/10/2013,01:00,1,0,1
05/10/2013,01:15,0,0,0
05/10/2013,01:30,0,0,0
05/10/2013,01:45,0,0,0
05/10/2013,02:00,0,0,0
05/10/2013,02:15,1,0,1
05/10/2013,02:30,0,0,0
05/10/2013,02:45,0,0,0
05/10/2013,03:00,0,0,0
05/10/2013,03:15,0,0,0
05/10/2013,03:30,15,15,0
05/10/2013,03:45,0,0,0
05/10/2013,04:00,0,0,0
05/10/2013,04:15,0,0,0
05/10/2013,04:30,0,0,0
05/10/2013,04:45,0,0,0
05/10/2013,05:00,0,0,0
05/10/2013,05:15,0,0,0
05/10/2013,05:30,0,0,0
05/10/2013,05:45,1,1,0
05/10/2013,06:00,2,2,0
05/10/2013,06:15,1,0,1
05/10/2013,06:30,4,2,2
05/10/2013,06:45,7,0,7
05/10/2013,07:00,7,2,5
05/10/2013,07:15,11,0,11
05/10/2013,07:30,8,0,8
05/10/2013,07:45,14,0,14
05/10/2013,08:00,12,2,10
05/10/2013,08:15,7,2,5
05/10/2013,08:30,16,6,10
05/10/2013,08:45,18,4,14
05/10/2013,09:00,39,6,33
05/10/2013,09:15,26,4,22
05/10/2013,09:30,31,15,16
05/10/2013,09:45,26,11,15
05/10/2013,10:00,25,9,16
05/10/2013,10:15,29,5,24
05/10/2013,10:30,40,11,29
05/10/2013,10:45,35,13,22
05/10/2013,11:00,36,16,20
05/10/2013,11:15,37,13,24
05/10/2013,11:30,36,22,14
05/10/2013,11:45,37,14,23
05/10/2013,12:00,32,9,23
05/10/2013,12:15,20,6,14
05/10/2013,12:30,27,21,6
05/10/2013,12:45,14,7,7
05/10/2013,13:00,32,21,11
05/10/2013,13:15,15,5,10
05/10/2013,13:30,29,19,10
05/10/2013,13:45,9,3,6
05/10/2013,14:00,13,10,3
05/10/2013,14:15,18,10,8
05/10/2013,14:30,7,6,1
05/10/2013,14:45,23,15,8
05/10/2013,15:00,24,17,7
05/10/2013,15:15,32,24,8
05/10/2013,15:30,44,38,6
05/10/2013,15:45,27,20,7
05/10/2013,16:00,67,57,10
05/10/2013,16:15,44,27,17
05/10/2013,16:30,17,1,16
05/10/2013,16:45,15,2,13
05/10/2013,17:00,15,3,12
05/10/2013,17:15,22,8,14
05/10/2013,17:30,17,6,11
05/10/2013,17:45,30,8,22
05/10/2013,18:00,16,3,13
05/10/2013,18:15,16,2,14
05/10/2013,18:30,16,3,13
05/10/2013,18:45,18,4,14
05/10/2013,19:00,7,5,2
05/10/2013,19:15,5,0,5
05/10/2013,19:30,10,8,2
05/10/2013,19:45,4,0,4
05/10/2013,20:00,10,8,2
05/10/2013,20:15,32,32,0
05/10/2013,20:30,7,6,1
05/10/2013,20:45,1,0,1
05/10/2013,21:00,0,0,0
05/10/2013,21:15,2,1,1
05/10/2013,21:30,0,0,0
05/10/2013,21:45,1,1,0
05/10/2013,22:00,0,0,0
05/10/2013,22:15,4,4,0
05/10/2013,22:30,0,0,0
05/10/2013,22:45,0,0,0
05/10/2013,23:00,0,0,0
05/10/2013,23:15,0,0,0
05/10/2013,23:30,0,0,0
05/10/2013,23:45,0,0,0
06/10/2013,00:00,0,0,0
06/10/2013,00:15,0,0,0
06/10/2013,00:30,3,3,0
06/10/2013,00:45,0,0,0
06/10/2013,01:00,0,0,0
06/10/2013,01:15,0,0,0
06/10/2013,01:30,0,0,0
06/10/2013,01:45,0,0,0
06/10/2013,02:00,1,0,1
06/10/2013,02:15,0,0,0
06/10/2013,02:30,17,17,0
06/10/2013,02:45,0,0,0
06/10/2013,03:00,0,0,0
06/10/2013,03:15,0,0,0
06/10/2013,03:30,0,0,0
06/10/2013,03:45,0,0,0
06/10/2013,04:00,0,0,0
06/10/2013,04:15,0,0,0
06/10/2013,04:30,0,0,0
06/10/2013,04:45,0,0,0
06/10/2013,05:00,0,0,0
06/10/2013,05:15,0,0,0
06/10/2013,05:30,0,0,0
06/10/2013,05:45,0,0,0
06/10/2013,06:00,0,0,0
06/10/2013,06:15,1,1,0
06/10/2013,06:30,3,1,2
06/10/2013,06:45,0,0,0
06/10/2013,07:00,2,0,2
06/10/2013,07:15,6,2,4
06/10/2013,07:30,5,2,3
06/10/2013,07:45,15,3,12
06/10/2013,08:00,13,5,8
06/10/2013,08:15,12,2,10
06/10/2013,08:30,21,4,17
06/10/2013,08:45,13,4,9
06/10/2013,09:00,20,2,18
06/10/2013,09:15,20,8,12
06/10/2013,09:30,16,2,14
06/10/2013,09:45,54,13,41
06/10/2013,10:00,38,11,27
06/10/2013,10:15,25,9,16
06/10/2013,10:30,21,6,15
06/10/2013,10:45,29,9,20
06/10/2013,11:00,21,9,12
06/10/2013,11:15,21,9,12
06/10/2013,11:30,41,12,29
06/10/2013,11:45,18,11,7
06/10/2013,12:00,35,18,17
06/10/2013,12:15,26,14,12
06/10/2013,12:30,30,15,15
06/10/2013,12:45,18,10,8
06/10/2013,13:00,21,5,16
06/10/2013,13:15,23,10,13
06/10/2013,13:30,15,7,8
06/10/2013,13:45,44,34,10
06/10/2013,14:00,17,12,5
06/10/2013,14:15,21,10,11
06/10/2013,14:30,33,11,22
06/10/2013,14:45,13,13,0
06/10/2013,15:00,25,25,0
06/10/2013,15:15,8,5,3
06/10/2013,15:30,11,10,1
06/10/2013,15:45,4,4,0
06/10/2013,16:00,21,21,0
06/10/2013,16:15,16,16,0
06/10/2013,16:30,17,17,0
06/10/2013,16:45,11,11,0
06/10/2013,17:00,13,13,0
06/10/2013,17:15,8,8,0
06/10/2013,17:30,6,6,0
06/10/2013,17:45,11,11,0
06/10/2013,18:00,3,3,0
06/10/2013,18:15,2,2,0
06/10/2013,18:30,5,5,0
06/10/2013,18:45,4,4,0
06/10/2013,19:00,2,2,0
06/10/2013,19:15,1,1,0
06/10/2013,19:30,3,3,0
06/10/2013,19:45,1,1,0
06/10/2013,20:00,0,0,0
06/10/2013,20:15,3,3,0
06/10/2013,20:30,1,1,0
06/10/2013,20:45,1,1,0
06/10/2013,21:00,0,0,0
06/10/2013,21:15,0,0,0
06/10/2013,21:30,0,0,0
06/10/2013,21:45,0,0,0
06/10/2013,22:00,0,0,0
06/10/2013,22:15,3,3,0
06/10/2013,22:30,2,2,0
06/10/2013,22:45,0,0,0
06/10/2013,23:00,1,1,0
06/10/2013,23:15,0,0,0
06/10/2013,23:30,52,52,0
06/10/2013,23:45,15,15,0
07/10/2013,00:00,2,2,0
07/10/2013,00:15,0,0,0
07/10/2013,00:30,17,17,0
07/10/2013,00:45,0,0,0
07/10/2013,01:00,0,0,0
07/10/2013,01:15,0,0,0
07/10/2013,01:30,1,1,0
07/10/2013,01:45,0,0,0
07/10/2013,02:00,0,0,0
07/10/2013,02:15,0,0,0
07/10/2013,02:30,0,0,0
07/10/2013,02:45,0,0,0
07/10/2013,03:00,0,0,0
07/10/2013,03:15,0,0,0
07/10/2013,03:30,0,0,0
07/10/2013,03:45,0,0,0
07/10/2013,04:00,0,0,0
07/10/2013,04:15,0,0,0
07/10/2013,04:30,0,0,0
07/10/2013,04:45,0,0,0
07/10/2013,05:00,10,10,0
07/10/2013,05:15,0,0,0
07/10/2013,05:30,0,0,0
07/10/2013,05:45,1,1,0
07/10/2013,06:00,0,0,0
07/10/2013,06:15,2,2,0
07/10/2013,06:30,0,0,0
07/10/2013,06:45,3,3,0
07/10/2013,07:00,3,3,0
07/10/2013,07:15,8,8,0
07/10/2013,07:30,14,14,0
07/10/2013,07:45,19,19,0
07/10/2013,08:00,26,26,0
07/10/2013,08:15,11,11,0
07/10/2013,08:30,2,2,0
07/10/2013,08:45,10,10,0
07/10/2013,09:00,10,10,0
07/10/2013,09:15,6,6,0
07/10/2013,09:30,7,7,0
07/10/2013,09:45,5,5,0
07/10/2013,10:00,5,5,0
07/10/2013,10:15,5,5,0
07/10/2013,10:30,1,1,0
07/10/2013,10:45,3,3,0
07/10/2013,11:00,2,2,0
07/10/2013,11:15,1,1,0
07/10/2013,11:30,4,4,0
07/10/2013,11:45,6,6,0
07/10/2013,12:00,3,3,0
07/10/2013,12:15,4,4,0
07/10/2013,12:30,21,21,0
07/10/2013,12:45,1,1,0
07/10/2013,13:00,32,32,0
07/10/2013,13:15,3,3,0
07/10/2013,13:30,1,1,0
07/10/2013,13:45,1,1,0
07/10/2013,14:00,7,7,0
07/10/2013,14:15,4,4,0
07/10/2013,14:30,9,6,3
07/10/2013,14:45,9,8,1
07/10/2013,15:00,4,4,0
07/10/2013,15:15,3,3,0
07/10/2013,15:30,9,9,0
07/10/2013,15:45,18,18,0
07/10/2013,16:00,7,7,0
07/10/2013,16:15,7,7,0
07/10/2013,16:30,12,8,4
07/10/2013,16:45,24,3,21
07/10/2013,17:00,25,4,21
07/10/2013,17:15,20,6,14
07/10/2013,17:30,14,4,10
07/10/2013,17:45,27,15,12
07/10/2013,18:00,21,5,16
07/10/2013,18:15,21,11,10
07/10/2013,18:30,25,11,14
07/10/2013,18:45,15,4,11
07/10/2013,19:00,9,3,6
07/10/2013,19:15,16,9,7
07/10/2013,19:30,1,1,0
07/10/2013,19:45,5,4,1
07/10/2013,20:00,15,15,0
07/10/2013,20:15,0,0,0
07/10/2013,20:30,1,0,1
07/10/2013,20:45,4,1,3
07/10/2013,21:00,3,0,3
07/10/2013,21:15,2,0,2
07/10/2013,21:30,1,0,1
07/10/2013,21:45,0,0,0
07/10/2013,22:00,1,0,1
07/10/2013,22:15,1,1,0
07/10/2013,22:30,50,50,0
07/10/2013,22:45,0,0,0
07/10/2013,23:00,0,0,0
07/10/2013,23:15,20,19,1
07/10/2013,23:30,1,0,1
07/10/2013,23:45,1,0,1
08/10/2013,00:00,0,0,0
08/10/2013,00:15,0,0,0
08/10/2013,00:30,0,0,0
08/10/2013,00:45,0,0,0
08/10/2013,01:00,0,0,0
08/10/2013,01:15,0,0,0
08/10/2013,01:30,0,0,0
08/10/2013,01:45,0,0,0
08/10/2013,02:00,0,0,0
08/10/2013,02:15,0,0,0
08/10/2013,02:30,0,0,0
08/10/2013,02:45,0,0,0
08/10/2013,03:00,0,0,0
08/10/2013,03:15,1,1,0
08/10/2013,03:30,0,0,0
08/10/2013,03:45,0,0,0
08/10/2013,04:00,0,0,0
08/10/2013,04:15,0,0,0
08/10/2013,04:30,0,0,0
08/10/2013,04:45,0,0,0
08/10/2013,05:00,0,0,0
08/10/2013,05:15,1,0,1
08/10/2013,05:30,1,0,1
08/10/2013,05:45,1,0,1
08/10/2013,06:00,5,1,4
08/10/2013,06:15,6,2,4
08/10/2013,06:30,9,2,7
08/10/2013,06:45,7,1,6
08/10/2013,07:00,46,38,8
08/10/2013,07:15,14,6,8
08/10/2013,07:30,27,17,10
08/10/2013,07:45,14,11,3
08/10/2013,08:00,60,43,17
08/10/2013,08:15,30,13,17
08/10/2013,08:30,25,2,23
08/10/2013,08:45,16,6,10
08/10/2013,09:00,21,10,11
08/10/2013,09:15,21,5,16
08/10/2013,09:30,31,10,21
08/10/2013,09:45,23,10,13
08/10/2013,10:00,41,27,14
08/10/2013,10:15,29,9,20
08/10/2013,10:30,18,5,13
08/10/2013,10:45,26,7,19
08/10/2013,11:00,16,2,14
08/10/2013,11:15,17,4,13
08/10/2013,11:30,15,4,11
08/10/2013,11:45,9,4,5
08/10/2013,12:00,9,2,7
08/10/2013,12:15,4,1,3
08/10/2013,12:30,15,4,11
08/10/2013,12:45,35,17,18
08/10/2013,13:00,25,8,17
08/10/2013,13:15,15,3,12
08/10/2013,13:30,20,7,13
08/10/2013,13:45,15,5,10
08/10/2013,14:00,14,4,10
08/10/2013,14:15,12,5,7
08/10/2013,14:30,9,4,5
08/10/2013,14:45,16,6,10
08/10/2013,15:00,13,4,9
08/10/2013,15:15,17,6,11
08/10/2013,15:30,21,13,8
08/10/2013,15:45,26,10,16
08/10/2013,16:00,25,10,15
08/10/2013,16:15,49,8,41
08/10/2013,16:30,20,8,12
08/10/2013,16:45,30,12,18
08/10/2013,17:00,35,25,10
08/10/2013,17:15,33,12,21
08/10/2013,17:30,28,15,13
08/10/2013,17:45,36,11,25
08/10/2013,18:00,20,5,15
08/10/2013,18:15,28,13,15
08/10/2013,18:30,25,10,15
08/10/2013,18:45,17,5,12
08/10/2013,19:00,8,4,4
08/10/2013,19:15,4,4,0
08/10/2013,19:30,1,0,1
08/10/2013,19:45,1,1,0
08/10/2013,20:00,5,3,2
08/10/2013,20:15,2,0,2
08/10/2013,20:30,2,1,1
08/10/2013,20:45,10,9,1
08/10/2013,21:00,0,0,0
08/10/2013,21:15,0,0,0
08/10/2013,21:30,2,2,0
08/10/2013,21:45,0,0,0
08/10/2013,22:00,0,0,0
08/10/2013,22:15,1,1,0
08/10/2013,22:30,0,0,0
08/10/2013,22:45,36,36,0
08/10/2013,23:00,97,96,1
08/10/2013,23:15,2,2,0
08/10/2013,23:30,0,0,0
08/10/2013,23:45,1,0,1
09/10/2013,00:00,0,0,0
09/10/2013,00:15,1,0,1
09/10/2013,00:30,0,0,0
09/10/2013,00:45,0,0,0
09/10/2013,01:00,0,0,0
09/10/2013,01:15,0,0,0
09/10/2013,01:30,2,0,2
09/10/2013,01:45,0,0,0
09/10/2013,02:00,0,0,0
09/10/2013,02:15,0,0,0
09/10/2013,02:30,0,0,0
09/10/2013,02:45,0,0,0
09/10/2013,03:00,33,33,0
09/10/2013,03:15,86,86,0
09/10/2013,03:30,5,5,0
09/10/2013,03:45,0,0,0
09/10/2013,04:00,0,0,0
09/10/2013,04:15,0,0,0
09/10/2013,04:30,0,0,0
09/10/2013,04:45,0,0,0
09/10/2013,05:00,0,0,0
09/10/2013,05:15,1,1,0
09/10/2013,05:30,3,0,3
09/10/2013,05:45,0,0,0
09/10/2013,06:00,1,1,0
09/10/2013,06:15,5,4,1
09/10/2013,06:30,4,0,4
09/10/2013,06:45,4,1,3
09/10/2013,07:00,11,5,6
09/10/2013,07:15,19,7,12
09/10/2013,07:30,20,14,6
09/10/2013,07:45,30,23,7
09/10/2013,08:00,57,42,15
09/10/2013,08:15,43,25,18
09/10/2013,08:30,30,7,23
09/10/2013,08:45,21,11,10
09/10/2013,09:00,18,7,11
09/10/2013,09:15,22,8,14
09/10/2013,09:30,19,9,10
09/10/2013,09:45,18,10,8
09/10/2013,10:00,17,9,8
09/10/2013,10:15,16,8,8
09/10/2013,10:30,20,7,13
09/10/2013,10:45,17,5,12
09/10/2013,11:00,32,12,20
09/10/2013,11:15,18,2,16
09/10/2013,11:30,16,4,12
09/10/2013,11:45,14,3,11
09/10/2013,12:00,10,3,7
09/10/2013,12:15,22,11,11
09/10/2013,12:30,18,7,11
09/10/2013,12:45,18,6,12
09/10/2013,13:00,23,12,11
09/10/2013,13:15,21,13,8
09/10/2013,13:30,40,27,13
09/10/2013,13:45,19,7,12
09/10/2013,14:00,13,8,5
09/10/2013,14:15,12,7,5
09/10/2013,14:30,9,6,3
09/10/2013,14:45,11,3,8
09/10/2013,15:00,8,3,5
09/10/2013,15:15,32,11,21
09/10/2013,15:30,25,4,21
09/10/2013,15:45,16,2,14
09/10/2013,16:00,31,9,22
09/10/2013,16:15,13,4,9
09/10/2013,16:30,17,4,13
09/10/2013,16:45,15,4,11
09/10/2013,17:00,23,11,12
09/10/2013,17:15,24,7,17
09/10/2013,17:30,17,2,15
09/10/2013,17:45,35,12,23
09/10/2013,18:00,17,1,16
09/10/2013,18:15,27,6,21
09/10/2013,18:30,18,12,6
09/10/2013,18:45,20,5,15
09/10/2013,19:00,12,4,8
09/10/2013,19:15,6,3,3
09/10/2013,19:30,1,0,1
09/10/2013,19:45,67,64,3
09/10/2013,20:00,4,4,0
09/10/2013,20:15,54,54,0
09/10/2013,20:30,3,1,2
09/10/2013,20:45,2,0,2
09/10/2013,21:00,53,51,2
09/10/2013,21:15,12,12,0
09/10/2013,21:30,2,1,1
09/10/2013,21:45,1,0,1
09/10/2013,22:00,0,0,0
09/10/2013,22:15,3,2,1
09/10/2013,22:30,0,0,0
09/10/2013,22:45,0,0,0
09/10/2013,23:00,0,0,0
09/10/2013,23:15,0,0,0
09/10/2013,23:30,7,7,0
09/10/2013,23:45,0,0,0
10/10/2013,00:00,0,0,0
10/10/2013,00:15,0,0,0
10/10/2013,00:30,1,1,0
10/10/2013,00:45,0,0,0
10/10/2013,01:00,0,0,0
10/10/2013,01:15,0,0,0
10/10/2013,01:30,0,0,0
10/10/2013,01:45,0,0,0
10/10/2013,02:00,0,0,0
10/10/2013,02:15,0,0,0
10/10/2013,02:30,0,0,0
10/10/2013,02:45,1,0,1
10/10/2013,03:00,10,10,0
10/10/2013,03:15,0,0,0
10/10/2013,03:30,0,0,0
10/10/2013,03:45,0,0,0
10/10/2013,04:00,0,0,0
10/10/2013,04:15,0,0,0
10/10/2013,04:30,0,0,0
10/10/2013,04:45,0,0,0
10/10/2013,05:00,0,0,0
10/10/2013,05:15,1,0,1
10/10/2013,05:30,1,0,1
10/10/2013,05:45,1,0,1
10/10/2013,06:00,6,1,5
10/10/2013,06:15,3,1,2
10/10/2013,06:30,7,1,6
10/10/2013,06:45,3,0,3
10/10/2013,07:00,22,5,17
10/10/2013,07:15,8,4,4
10/10/2013,07:30,17,12,5
10/10/2013,07:45,12,9,3
10/10/2013,08:00,43,28,15
10/10/2013,08:15,21,11,10
10/10/2013,08:30,16,2,14
10/10/2013,08:45,20,6,14
10/10/2013,09:00,20,9,11
10/10/2013,09:15,21,5,16
10/10/2013,09:30,18,7,11
10/10/2013,09:45,14,6,8
10/10/2013,10:00,12,1,11
10/10/2013,10:15,15,6,9
10/10/2013,10:30,14,3,11
10/10/2013,10:45,12,4,8
10/10/2013,11:00,11,6,5
10/10/2013,11:15,11,6,5
10/10/2013,11:30,11,3,8
10/10/2013,11:45,44,32,12
10/10/2013,12:00,19,4,15
10/10/2013,12:15,17,5,12
10/10/2013,12:30,15,6,9
10/10/2013,12:45,38,13,25
10/10/2013,13:00,15,5,10
10/10/2013,13:15,60,49,11
10/10/2013,13:30,10,2,8
10/10/2013,13:45,14,4,10
10/10/2013,14:00,11,7,4
10/10/2013,14:15,12,4,8
10/10/2013,14:30,18,9,9
10/10/2013,14:45,12,7,5
10/10/2013,15:00,17,10,7
10/10/2013,15:15,11,5,6
10/10/2013,15:30,11,6,5
10/10/2013,15:45,33,18,15
10/10/2013,16:00,13,7,6
10/10/2013,16:15,10,5,5
10/10/2013,16:30,13,7,6
10/10/2013,16:45,21,10,11
10/10/2013,17:00,22,11,11
10/10/2013,17:15,20,13,7
10/10/2013,17:30,23,10,13
10/10/2013,17:45,21,12,9
10/10/2013,18:00,15,7,8
10/10/2013,18:15,20,9,11
10/10/2013,18:30,22,8,14
10/10/2013,18:45,7,3,4
10/10/2013,19:00,10,6,4
10/10/2013,19:15,10,4,6
10/10/2013,19:30,3,2,1
10/10/2013,19:45,0,0,0
10/10/2013,20:00,3,3,0
10/10/2013,20:15,0,0,0
10/10/2013,20:30,1,0,1
10/10/2013,20:45,18,18,0
10/10/2013,21:00,2,2,0
10/10/2013,21:15,0,0,0
10/10/2013,21:30,0,0,0
10/10/2013,21:45,3,0,3
10/10/2013,22:00,1,0,1
10/10/2013,22:15,0,0,0
10/10/2013,22:30,0,0,0
10/10/2013,22:45,0,0,0
10/10/2013,23:00,2,0,2
10/10/2013,23:15,0,0,0
10/10/2013,23:30,2,0,2
10/10/2013,23:45,6,5,1
11/10/2013,00:00,0,0,0
11/10/2013,00:15,0,0,0
11/10/2013,00:30,0,0,0
11/10/2013,00:45,0,0,0
11/10/2013,01:00,0,0,0
11/10/2013,01:15,0,0,0
11/10/2013,01:30,0,0,0
11/10/2013,01:45,1,1,0
11/10/2013,02:00,0,0,0
11/10/2013,02:15,3,3,0
11/10/2013,02:30,0,0,0
11/10/2013,02:45,0,0,0
11/10/2013,03:00,11,11,0
11/10/2013,03:15,12,12,0
11/10/2013,03:30,23,23,0
11/10/2013,03:45,74,74,0
11/10/2013,04:00,0,0,0
11/10/2013,04:15,0,0,0
11/10/2013,04:30,0,0,0
11/10/2013,04:45,0,0,0
11/10/2013,05:00,88,88,0
11/10/2013,05:15,1,1,0
11/10/2013,05:30,1,0,1
11/10/2013,05:45,1,1,0
11/10/2013,06:00,0,0,0
11/10/2013,06:15,3,1,2
11/10/2013,06:30,4,1,3
11/10/2013,06:45,2,1,1
11/10/2013,07:00,12,0,12
11/10/2013,07:15,8,0,8
11/10/2013,07:30,24,1,23
11/10/2013,07:45,18,0,18
11/10/2013,08:00,31,12,19
11/10/2013,08:15,22,4,18
11/10/2013,08:30,18,3,15
11/10/2013,08:45,27,3,24
11/10/2013,09:00,21,1,20
11/10/2013,09:15,12,0,12
11/10/2013,09:30,17,4,13
11/10/2013,09:45,51,37,14
11/10/2013,10:00,31,14,17
11/10/2013,10:15,19,4,15
11/10/2013,10:30,14,0,14
11/10/2013,10:45,36,28,8
11/10/2013,11:00,15,5,10
11/10/2013,11:15,14,4,10
11/10/2013,11:30,17,5,12
11/10/2013,11:45,14,5,9
11/10/2013,12:00,17,10,7
11/10/2013,12:15,14,3,11
11/10/2013,12:30,25,10,15
11/10/2013,12:45,14,7,7
11/10/2013,13:00,16,8,8
11/10/2013,13:15,17,9,8
11/10/2013,13:30,21,8,13
11/10/2013,13:45,17,5,12
11/10/2013,14:00,19,3,16
11/10/2013,14:15,12,3,9
11/10/2013,14:30,18,4,14
11/10/2013,14:45,18,2,16
11/10/2013,15:00,15,2,13
11/10/2013,15:15,15,5,10
11/10/2013,15:30,29,10,19
11/10/2013,15:45,36,13,23
11/10/2013,16:00,26,6,20
11/10/2013,16:15,17,4,13
11/10/2013,16:30,27,7,20
11/10/2013,16:45,20,8,12
11/10/2013,17:00,16,3,13
11/10/2013,17:15,18,5,13
11/10/2013,17:30,10,1,9
11/10/2013,17:45,18,9,9
11/10/2013,18:00,12,2,10
11/10/2013,18:15,17,2,15
11/10/2013,18:30,18,0,18
11/10/2013,18:45,11,1,10
11/10/2013,19:00,10,2,8
11/10/2013,19:15,8,2,6
11/10/2013,19:30,8,1,7
11/10/2013,19:45,1,0,1
11/10/2013,20:00,3,1,2
11/10/2013,20:15,4,2,2
11/10/2013,20:30,1,0,1
11/10/2013,20:45,1,0,1
11/10/2013,21:00,10,9,1
11/10/2013,21:15,26,26,0
11/10/2013,21:30,1,0,1
11/10/2013,21:45,2,0,2
11/10/2013,22:00,0,0,0
11/10/2013,22:15,2,0,2
11/10/2013,22:30,0,0,0
11/10/2013,22:45,0,0,0
11/10/2013,23:00,2,1,1
11/10/2013,23:15,1,0,1
11/10/2013,23:30,0,0,0
11/10/2013,23:45,0,0,0
12/10/2013,00:00,37,37,0
12/10/2013,00:15,0,0,0
12/10/2013,00:30,0,0,0
12/10/2013,00:45,0,0,0
12/10/2013,01:00,0,0,0
12/10/2013,01:15,0,0,0
12/10/2013,01:30,0,0,0
12/10/2013,01:45,0,0,0
12/10/2013,02:00,0,0,0
12/10/2013,02:15,0,0,0
12/10/2013,02:30,0,0,0
12/10/2013,02:45,0,0,0
12/10/2013,03:00,0,0,0
12/10/2013,03:15,0,0,0
12/10/2013,03:30,0,0,0
12/10/2013,03:45,1,1,0
12/10/2013,04:00,0,0,0
12/10/2013,04:15,0,0,0
12/10/2013,04:30,0,0,0
12/10/2013,04:45,0,0,0
12/10/2013,05:00,0,0,0
12/10/2013,05:15,0,0,0
12/10/2013,05:30,0,0,0
12/10/2013,05:45,0,0,0
12/10/2013,06:00,0,0,0
12/10/2013,06:15,3,0,3
12/10/2013,06:30,3,0,3
12/10/2013,06:45,4,0,4
12/10/2013,07:00,3,1,2
12/10/2013,07:15,6,0,6
12/10/2013,07:30,4,0,4
12/10/2013,07:45,18,4,14
12/10/2013,08:00,11,0,11
12/10/2013,08:15,15,0,15
12/10/2013,08:30,22,4,18
12/10/2013,08:45,19,2,17
12/10/2013,09:00,42,6,36
12/10/2013,09:15,24,1,23
12/10/2013,09:30,21,7,14
12/10/2013,09:45,24,5,19
12/10/2013,10:00,21,4,17
12/10/2013,10:15,81,64,17
12/10/2013,10:30,53,37,16
12/10/2013,10:45,22,5,17
12/10/2013,11:00,37,14,23
12/10/2013,11:15,33,14,19
12/10/2013,11:30,25,11,14
12/10/2013,11:45,34,20,14
12/10/2013,12:00,22,17,5
12/10/2013,12:15,28,14,14
12/10/2013,12:30,28,21,7
12/10/2013,12:45,29,11,18
12/10/2013,13:00,20,11,9
12/10/2013,13:15,32,13,19
12/10/2013,13:30,36,24,12
12/10/2013,13:45,24,7,17
12/10/2013,14:00,32,14,18
12/10/2013,14:15,36,22,14
12/10/2013,14:30,32,11,21
12/10/2013,14:45,20,7,13
12/10/2013,15:00,24,14,10
12/10/2013,15:15,37,14,23
12/10/2013,15:30,41,17,24
12/10/2013,15:45,40,12,28
12/10/2013,16:00,21,10,11
12/10/2013,16:15,26,14,12
12/10/2013,16:30,67,58,9
12/10/2013,16:45,25,17,8
12/10/2013,17:00,17,13,4
12/10/2013,17:15,18,10,8
12/10/2013,17:30,28,23,5
12/10/2013,17:45,20,13,7
12/10/2013,18:00,15,4,11
12/10/2013,18:15,17,8,9
12/10/2013,18:30,10,6,4
12/10/2013,18:45,16,12,4
12/10/2013,19:00,4,1,3
12/10/2013,19:15,11,8,3
12/10/2013,19:30,5,3,2
12/10/2013,19:45,3,0,3
12/10/2013,20:00,1,0,1
12/10/2013,20:15,0,0,0
12/10/2013,20:30,15,14,1
12/10/2013,20:45,2,2,0
12/10/2013,21:00,0,0,0
12/10/2013,21:15,1,0,1
12/10/2013,21:30,0,0,0
12/10/2013,21:45,0,0,0
12/10/2013,22:00,1,1,0
12/10/2013,22:15,0,0,0
12/10/2013,22:30,8,8,0
12/10/2013,22:45,2,1,1
12/10/2013,23:00,0,0,0
12/10/2013,23:15,2,1,1
12/10/2013,23:30,1,0,1
12/10/2013,23:45,2,0,2
13/10/2013,00:00,1,1,0
13/10/2013,00:15,0,0,0
13/10/2013,00:30,0,0,0
13/10/2013,00:45,0,0,0
13/10/2013,01:00,0,0,0
13/10/2013,01:15,0,0,0
13/10/2013,01:30,0,0,0
13/10/2013,01:45,0,0,0
13/10/2013,02:00,0,0,0
13/10/2013,02:15,0,0,0
13/10/2013,02:30,0,0,0
13/10/2013,02:45,0,0,0
13/10/2013,03:00,0,0,0
13/10/2013,03:15,0,0,0
13/10/2013,03:30,0,0,0
13/10/2013,03:45,0,0,0
13/10/2013,04:00,0,0,0
13/10/2013,04:15,0,0,0
13/10/2013,04:30,0,0,0
13/10/2013,04:45,0,0,0
13/10/2013,05:00,1,1,0
13/10/2013,05:15,0,0,0
13/10/2013,05:30,1,1,0
13/10/2013,05:45,0,0,0
13/10/2013,06:00,0,0,0
13/10/2013,06:15,0,0,0
13/10/2013,06:30,1,0,1
13/10/2013,06:45,3,0,3
13/10/2013,07:00,1,0,1
13/10/2013,07:15,5,0,5
13/10/2013,07:30,6,1,5
13/10/2013,07:45,11,5,6
13/10/2013,08:00,5,2,3
13/10/2013,08:15,12,2,10
13/10/2013,08:30,10,3,7
13/10/2013,08:45,17,7,10
13/10/2013,09:00,17,3,14
13/10/2013,09:15,20,7,13
13/10/2013,09:30,34,4,30
13/10/2013,09:45,23,3,20
13/10/2013,10:00,39,6,33
13/10/2013,10:15,25,5,20
13/10/2013,10:30,42,22,20
13/10/2013,10:45,26,12,14
13/10/2013,11:00,14,1,13
13/10/2013,11:15,33,13,20
13/10/2013,11:30,69,50,19
13/10/2013,11:45,46,15,31
13/10/2013,12:00,15,4,11
13/10/2013,12:15,27,4,23
13/10/2013,12:30,28,6,22
13/10/2013,12:45,25,8,17
13/10/2013,13:00,42,10,32
13/10/2013,13:15,30,11,19
13/10/2013,13:30,26,9,17
13/10/2013,13:45,31,8,23
13/10/2013,14:00,36,8,28
13/10/2013,14:15,47,32,15
13/10/2013,14:30,24,13,11
13/10/2013,14:45,27,12,15
13/10/2013,15:00,26,10,16
13/10/2013,15:15,28,8,20
13/10/2013,15:30,19,2,17
13/10/2013,15:45,32,8,24
13/10/2013,16:00,21,6,15
13/10/2013,16:15,28,9,19
13/10/2013,16:30,31,10,21
13/10/2013,16:45,27,5,22
13/10/2013,17:00,18,5,13
13/10/2013,17:15,21,5,16
13/10/2013,17:30,19,0,19
13/10/2013,17:45,23,4,19
13/10/2013,18:00,23,1,22
13/10/2013,18:15,16,1,15
13/10/2013,18:30,6,0,6
13/10/2013,18:45,7,1,6
13/10/2013,19:00,5,1,4
13/10/2013,19:15,4,1,3
13/10/2013,19:30,1,0,1
13/10/2013,19:45,0,0,0
13/10/2013,20:00,3,3,0
13/10/2013,20:15,8,8,0
13/10/2013,20:30,1,1,0
13/10/2013,20:45,0,0,0
13/10/2013,21:00,0,0,0
13/10/2013,21:15,1,0,1
13/10/2013,21:30,1,0,1
13/10/2013,21:45,0,0,0
13/10/2013,22:00,0,0,0
13/10/2013,22:15,0,0,0
13/10/2013,22:30,1,1,0
13/10/2013,22:45,0,0,0
13/10/2013,23:00,2,2,0
13/10/2013,23:15,0,0,0
13/10/2013,23:30,0,0,0
13/10/2013,23:45,0,0,0
14/10/2013,00:00,1,0,1
14/10/2013,00:15,27,27,0
14/10/2013,00:30,1,1,0
14/10/2013,00:45,0,0,0
14/10/2013,01:00,0,0,0
14/10/2013,01:15,0,0,0
14/10/2013,01:30,7,7,0
14/10/2013,01:45,89,89,0
14/10/2013,02:00,0,0,0
14/10/2013,02:15,0,0,0
14/10/2013,02:30,1,1,0
14/10/2013,02:45,0,0,0
14/10/2013,03:00,0,0,0
14/10/2013,03:15,0,0,0
14/10/2013,03:30,0,0,0
14/10/2013,03:45,0,0,0
14/10/2013,04:00,0,0,0
14/10/2013,04:15,0,0,0
14/10/2013,04:30,0,0,0
14/10/2013,04:45,0,0,0
14/10/2013,05:00,0,0,0
14/10/2013,05:15,0,0,0
14/10/2013,05:30,1,1,0
14/10/2013,05:45,0,0,0
14/10/2013,06:00,7,1,6
14/10/2013,06:15,3,0,3
14/10/2013,06:30,6,1,5
14/10/2013,06:45,5,1,4
14/10/2013,07:00,10,3,7
14/10/2013,07:15,10,5,5
14/10/2013,07:30,18,11,7
14/10/2013,07:45,24,18,6
14/10/2013,08:00,33,17,16
14/10/2013,08:15,23,14,9
14/10/2013,08:30,12,1,11
14/10/2013,08:45,28,7,21
14/10/2013,09:00,19,8,11
14/10/2013,09:15,14,1,13
14/10/2013,09:30,15,4,11
14/10/2013,09:45,19,9,10
14/10/2013,10:00,21,4,17
14/10/2013,10:15,32,12,20
14/10/2013,10:30,10,2,8
14/10/2013,10:45,19,5,14
14/10/2013,11:00,20,2,18
14/10/2013,11:15,27,12,15
14/10/2013,11:30,20,6,14
14/10/2013,11:45,22,6,16
14/10/2013,12:00,24,4,20
14/10/2013,12:15,17,3,14
14/10/2013,12:30,19,1,18
14/10/2013,12:45,17,1,16
14/10/2013,13:00,19,3,16
14/10/2013,13:15,13,3,10
14/10/2013,13:30,22,5,17
14/10/2013,13:45,21,4,17
14/10/2013,14:00,11,1,10
14/10/2013,14:15,18,5,13
14/10/2013,14:30,14,3,11
14/10/2013,14:45,27,17,10
14/10/2013,15:00,18,6,12
14/10/2013,15:15,20,11,9
14/10/2013,15:30,27,16,11
14/10/2013,15:45,39,22,17
14/10/2013,16:00,23,20,3
14/10/2013,16:15,16,7,9
14/10/2013,16:30,19,12,7
14/10/2013,16:45,26,15,11
14/10/2013,17:00,18,11,7
14/10/2013,17:15,29,12,17
14/10/2013,17:30,17,6,11
14/10/2013,17:45,37,24,13
14/10/2013,18:00,20,9,11
14/10/2013,18:15,24,11,13
14/10/2013,18:30,25,14,11
14/10/2013,18:45,16,3,13
14/10/2013,19:00,12,3,9
14/10/2013,19:15,7,2,5
14/10/2013,19:30,2,1,1
14/10/2013,19:45,3,2,1
14/10/2013,20:00,7,4,3
14/10/2013,20:15,3,1,2
14/10/2013,20:30,1,0,1
14/10/2013,20:45,2,2,0
14/10/2013,21:00,1,0,1
14/10/2013,21:15,3,0,3
14/10/2013,21:30,0,0,0
14/10/2013,21:45,0,0,0
14/10/2013,22:00,2,1,1
14/10/2013,22:15,1,1,0
14/10/2013,22:30,0,0,0
14/10/2013,22:45,0,0,0
14/10/2013,23:00,0,0,0
14/10/2013,23:15,37,37,0
14/10/2013,23:30,1,1,0
14/10/2013,23:45,1,0,1
15/10/2013,00:00,0,0,0
15/10/2013,00:15,1,0,1
15/10/2013,00:30,1,1,0
15/10/2013,00:45,0,0,0
15/10/2013,01:00,10,10,0
15/10/2013,01:15,0,0,0
15/10/2013,01:30,0,0,0
15/10/2013,01:45,5,5,0
15/10/2013,02:00,0,0,0
15/10/2013,02:15,0,0,0
15/10/2013,02:30,0,0,0
15/10/2013,02:45,0,0,0
15/10/2013,03:00,0,0,0
15/10/2013,03:15,0,0,0
15/10/2013,03:30,0,0,0
15/10/2013,03:45,1,1,0
15/10/2013,04:00,0,0,0
15/10/2013,04:15,0,0,0
15/10/2013,04:30,0,0,0
15/10/2013,04:45,2,1,1
15/10/2013,05:00,2,0,2
15/10/2013,05:15,2,1,1
15/10/2013,05:30,1,0,1
15/10/2013,05:45,1,0,1
15/10/2013,06:00,2,1,1
15/10/2013,06:15,6,2,4
15/10/2013,06:30,8,2,6
15/10/2013,06:45,4,2,2
15/10/2013,07:00,9,4,5
15/10/2013,07:15,15,5,10
15/10/2013,07:30,20,11,9
15/10/2013,07:45,20,14,6
15/10/2013,08:00,42,28,14
15/10/2013,08:15,29,17,12
15/10/2013,08:30,29,1,28
15/10/2013,08:45,26,6,20
15/10/2013,09:00,21,4,17
15/10/2013,09:15,16,4,12
15/10/2013,09:30,13,2,11
15/10/2013,09:45,17,7,10
15/10/2013,10:00,26,5,21
15/10/2013,10:15,16,3,13
15/10/2013,10:30,32,9,23
15/10/2013,10:45,9,1,8
15/10/2013,11:00,25,13,12
15/10/2013,11:15,20,8,12
15/10/2013,11:30,11,1,10
15/10/2013,11:45,11,1,10
15/10/2013,12:00,18,6,12
15/10/2013,12:15,16,5,11
15/10/2013,12:30,18,2,16
15/10/2013,12:45,20,3,17
15/10/2013,13:00,9,2,7
15/10/2013,13:15,19,3,16
15/10/2013,13:30,16,4,12
15/10/2013,13:45,25,9,16
15/10/2013,14:00,21,3,18
15/10/2013,14:15,11,2,9
15/10/2013,14:30,16,10,6
15/10/2013,14:45,9,5,4
15/10/2013,15:00,33,27,6
15/10/2013,15:15,11,6,5
15/10/2013,15:30,19,8,11
15/10/2013,15:45,29,14,15
15/10/2013,16:00,25,12,13
15/10/2013,16:15,15,8,7
15/10/2013,16:30,28,13,15
15/10/2013,16:45,22,9,13
15/10/2013,17:00,31,12,19
15/10/2013,17:15,27,13,14
15/10/2013,17:30,28,17,11
15/10/2013,17:45,37,13,24
15/10/2013,18:00,20,10,10
15/10/2013,18:15,23,8,15
15/10/2013,18:30,29,19,10
15/10/2013,18:45,23,8,15
15/10/2013,19:00,14,12,2
15/10/2013,19:15,8,4,4
15/10/2013,19:30,1,0,1
15/10/2013,19:45,1,1,0
15/10/2013,20:00,5,5,0
15/10/2013,20:15,14,13,1
15/10/2013,20:30,4,0,4
15/10/2013,20:45,3,3,0
15/10/2013,21:00,1,0,1
15/10/2013,21:15,1,1,0
15/10/2013,21:30,0,0,0
15/10/2013,21:45,1,0,1
15/10/2013,22:00,2,1,1
15/10/2013,22:15,1,1,0
15/10/2013,22:30,0,0,0
15/10/2013,22:45,1,0,1
15/10/2013,23:00,0,0,0
15/10/2013,23:15,0,0,0
15/10/2013,23:30,0,0,0
15/10/2013,23:45,0,0,0
16/10/2013,00:00,0,0,0
16/10/2013,00:15,0,0,0
16/10/2013,00:30,0,0,0
16/10/2013,00:45,0,0,0
16/10/2013,01:00,4,4,0
16/10/2013,01:15,0,0,0
16/10/2013,01:30,0,0,0
16/10/2013,01:45,0,0,0
16/10/2013,02:00,0,0,0
16/10/2013,02:15,0,0,0
16/10/2013,02:30,0,0,0
16/10/2013,02:45,0,0,0
16/10/2013,03:00,0,0,0
16/10/2013,03:15,0,0,0
16/10/2013,03:30,0,0,0
16/10/2013,03:45,2,2,0
16/10/2013,04:00,12,12,0
16/10/2013,04:15,6,6,0
16/10/2013,04:30,0,0,0
16/10/2013,04:45,0,0,0
16/10/2013,05:00,0,0,0
16/10/2013,05:15,2,1,1
16/10/2013,05:30,1,0,1
16/10/2013,05:45,0,0,0
16/10/2013,06:00,4,1,3
16/10/2013,06:15,3,2,1
16/10/2013,06:30,6,0,6
16/10/2013,06:45,9,3,6
16/10/2013,07:00,10,4,6
16/10/2013,07:15,14,4,10
16/10/2013,07:30,22,13,9
16/10/2013,07:45,23,17,6
16/10/2013,08:00,49,30,19
16/10/2013,08:15,31,21,10
16/10/2013,08:30,22,4,18
16/10/2013,08:45,34,10,24
16/10/2013,09:00,21,6,15
16/10/2013,09:15,27,7,20
16/10/2013,09:30,20,3,17
16/10/2013,09:45,18,6,12
16/10/2013,10:00,13,5,8
16/10/2013,10:15,52,45,7
16/10/2013,10:30,25,3,22
16/10/2013,10:45,21,7,14
16/10/2013,11:00,29,11,18
16/10/2013,11:15,17,9,8
16/10/2013,11:30,29,9,20
16/10/2013,11:45,14,2,12
16/10/2013,12:00,14,2,12
16/10/2013,12:15,14,3,11
16/10/2013,12:30,14,5,9
16/10/2013,12:45,11,3,8
16/10/2013,13:00,27,4,23
16/10/2013,13:15,14,6,8
16/10/2013,13:30,36,5,31
16/10/2013,13:45,39,15,24
16/10/2013,14:00,18,4,14
16/10/2013,14:15,25,5,20
16/10/2013,14:30,20,8,12
16/10/2013,14:45,13,2,11
16/10/2013,15:00,13,2,11
16/10/2013,15:15,12,4,8
16/10/2013,15:30,15,7,8
16/10/2013,15:45,8,2,6
16/10/2013,16:00,17,3,14
16/10/2013,16:15,21,4,17
16/10/2013,16:30,25,7,18
16/10/2013,16:45,13,8,5
16/10/2013,17:00,14,4,10
16/10/2013,17:15,18,4,14
16/10/2013,17:30,26,12,14
16/10/2013,17:45,15,3,12
16/10/2013,18:00,23,7,16
16/10/2013,18:15,25,10,15
16/10/2013,18:30,17,5,12
16/10/2013,18:45,29,8,21
16/10/2013,19:00,16,6,10
16/10/2013,19:15,21,4,17
16/10/2013,19:30,11,8,3
16/10/2013,19:45,3,2,1
16/10/2013,20:00,12,10,2
16/10/2013,20:15,2,2,0
16/10/2013,20:30,2,0,2
16/10/2013,20:45,0,0,0
16/10/2013,21:00,1,1,0
16/10/2013,21:15,0,0,0
16/10/2013,21:30,1,0,1
16/10/2013,21:45,1,0,1
16/10/2013,22:00,1,0,1
16/10/2013,22:15,0,0,0
16/10/2013,22:30,88,88,0
16/10/2013,22:45,0,0,0
16/10/2013,23:00,0,0,0
16/10/2013,23:15,1,1,0
16/10/2013,23:30,0,0,0
16/10/2013,23:45,0,0,0
17/10/2013,00:00,0,0,0
17/10/2013,00:15,0,0,0
17/10/2013,00:30,0,0,0
17/10/2013,00:45,0,0,0
17/10/2013,01:00,0,0,0
17/10/2013,01:15,0,0,0
17/10/2013,01:30,0,0,0
17/10/2013,01:45,0,0,0
17/10/2013,02:00,0,0,0
17/10/2013,02:15,0,0,0
17/10/2013,02:30,0,0,0
17/10/2013,02:45,0,0,0
17/10/2013,03:00,0,0,0
17/10/2013,03:15,0,0,0
17/10/2013,03:30,0,0,0
17/10/2013,03:45,0,0,0
17/10/2013,04:00,0,0,0
17/10/2013,04:15,0,0,0
17/10/2013,04:30,0,0,0
17/10/2013,04:45,1,0,1
17/10/2013,05:00,0,0,0
17/10/2013,05:15,1,0,1
17/10/2013,05:30,3,1,2
17/10/2013,05:45,0,0,0
17/10/2013,06:00,3,1,2
17/10/2013,06:15,5,2,3
17/10/2013,06:30,4,0,4
17/10/2013,06:45,11,5,6
17/10/2013,07:00,15,1,14
17/10/2013,07:15,12,0,12
17/10/2013,07:30,19,2,17
17/10/2013,07:45,23,5,18
17/10/2013,08:00,30,8,22
17/10/2013,08:15,23,6,17
17/10/2013,08:30,18,2,16
17/10/2013,08:45,15,0,15
17/10/2013,09:00,27,4,23
17/10/2013,09:15,18,7,11
17/10/2013,09:30,35,26,9
17/10/2013,09:45,10,1,9
17/10/2013,10:00,22,3,19
17/10/2013,10:15,17,1,16
17/10/2013,10:30,23,15,8
17/10/2013,10:45,25,16,9
17/10/2013,11:00,15,6,9
17/10/2013,11:15,39,22,17
17/10/2013,11:30,17,6,11
17/10/2013,11:45,19,5,14
17/10/2013,12:00,15,7,8
17/10/2013,12:15,11,3,8
17/10/2013,12:30,17,3,14
17/10/2013,12:45,13,1,12
17/10/2013,13:00,12,2,10
17/10/2013,13:15,15,0,15
17/10/2013,13:30,15,3,12
17/10/2013,13:45,21,3,18
17/10/2013,14:00,16,1,15
17/10/2013,14:15,8,1,7
17/10/2013,14:30,20,6,14
17/10/2013,14:45,14,5,9
17/10/2013,15:00,11,1,10
17/10/2013,15:15,26,1,25
17/10/2013,15:30,14,4,10
17/10/2013,15:45,20,7,13
17/10/2013,16:00,13,6,7
17/10/2013,16:15,17,9,8
17/10/2013,16:30,18,8,10
17/10/2013,16:45,18,12,6
17/10/2013,17:00,19,12,7
17/10/2013,17:15,25,18,7
17/10/2013,17:30,21,12,9
17/10/2013,17:45,22,11,11
17/10/2013,18:00,26,11,15
17/10/2013,18:15,25,9,16
17/10/2013,18:30,29,11,18
17/10/2013,18:45,27,10,17
17/10/2013,19:00,10,4,6
17/10/2013,19:15,8,3,5
17/10/2013,19:30,13,13,0
17/10/2013,19:45,36,36,0
17/10/2013,20:00,11,10,1
17/10/2013,20:15,2,0,2
17/10/2013,20:30,1,0,1
17/10/2013,20:45,1,0,1
17/10/2013,21:00,1,0,1
17/10/2013,21:15,0,0,0
17/10/2013,21:30,0,0,0
17/10/2013,21:45,1,0,1
17/10/2013,22:00,0,0,0
17/10/2013,22:15,0,0,0
17/10/2013,22:30,2,0,2
17/10/2013,22:45,5,5,0
17/10/2013,23:00,18,17,1
17/10/2013,23:15,8,8,0
17/10/2013,23:30,0,0,0
17/10/2013,23:45,1,0,1
18/10/2013,00:00,0,0,0
18/10/2013,00:15,1,1,0
18/10/2013,00:30,0,0,0
18/10/2013,00:45,0,0,0
18/10/2013,01:00,0,0,0
18/10/2013,01:15,0,0,0
18/10/2013,01:30,0,0,0
18/10/2013,01:45,0,0,0
18/10/2013,02:00,0,0,0
18/10/2013,02:15,0,0,0
18/10/2013,02:30,0,0,0
18/10/2013,02:45,0,0,0
18/10/2013,03:00,0,0,0
18/10/2013,03:15,0,0,0
18/10/2013,03:30,0,0,0
18/10/2013,03:45,0,0,0
18/10/2013,04:00,0,0,0
18/10/2013,04:15,0,0,0
18/10/2013,04:30,0,0,0
18/10/2013,04:45,0,0,0
18/10/2013,05:00,0,0,0
18/10/2013,05:15,0,0,0
18/10/2013,05:30,2,1,1
18/10/2013,05:45,0,0,0
18/10/2013,06:00,3,2,1
18/10/2013,06:15,5,3,2
18/10/2013,06:30,1,0,1
18/10/2013,06:45,5,4,1
18/10/2013,07:00,10,4,6
18/10/2013,07:15,7,1,6
18/10/2013,07:30,14,10,4
18/10/2013,07:45,19,10,9
18/10/2013,08:00,36,28,8
18/10/2013,08:15,24,12,12
18/10/2013,08:30,13,3,10
18/10/2013,08:45,28,6,22
18/10/2013,09:00,22,6,16
18/10/2013,09:15,21,8,13
18/10/2013,09:30,26,9,17
18/10/2013,09:45,21,5,16
18/10/2013,10:00,14,6,8
18/10/2013,10:15,43,32,11
18/10/2013,10:30,63,59,4
18/10/2013,10:45,20,4,16
18/10/2013,11:00,13,3,10
18/10/2013,11:15,26,12,14
18/10/2013,11:30,17,8,9
18/10/2013,11:45,23,4,19
18/10/2013,12:00,19,5,14
18/10/2013,12:15,17,7,10
18/10/2013,12:30,17,3,14
18/10/2013,12:45,29,2,27
18/10/2013,13:00,17,3,14
18/10/2013,13:15,18,5,13
18/10/2013,13:30,20,7,13
18/10/2013,13:45,18,3,15
18/10/2013,14:00,14,3,11
18/10/2013,14:15,15,4,11
18/10/2013,14:30,10,3,7
18/10/2013,14:45,14,3,11
18/10/2013,15:00,19,9,10
18/10/2013,15:15,22,8,14
18/10/2013,15:30,18,2,16
18/10/2013,15:45,19,6,13
18/10/2013,16:00,19,3,16
18/10/2013,16:15,17,9,8
18/10/2013,16:30,23,5,18
18/10/2013,16:45,12,3,9
18/10/2013,17:00,34,10,24
18/10/2013,17:15,29,8,21
18/10/2013,17:30,18,9,9
18/10/2013,17:45,18,5,13
18/10/2013,18:00,22,6,16
18/10/2013,18:15,24,3,21
18/10/2013,18:30,12,7,5
18/10/2013,18:45,12,1,11
18/10/2013,19:00,12,3,9
18/10/2013,19:15,2,1,1
18/10/2013,19:30,42,40,2
18/10/2013,19:45,3,0,3
18/10/2013,20:00,7,0,7
18/10/2013,20:15,0,0,0
18/10/2013,20:30,0,0,0
18/10/2013,20:45,1,0,1
18/10/2013,21:00,0,0,0
18/10/2013,21:15,2,2,0
18/10/2013,21:30,11,11,0
18/10/2013,21:45,86,86,0
18/10/2013,22:00,7,7,0
18/10/2013,22:15,1,0,1
18/10/2013,22:30,0,0,0
18/10/2013,22:45,2,0,2
18/10/2013,23:00,0,0,0
18/10/2013,23:15,0,0,0
18/10/2013,23:30,2,2,0
18/10/2013,23:45,1,0,1
19/10/2013,00:00,0,0,0
19/10/2013,00:15,47,47,0
19/10/2013,00:30,9,9,0
19/10/2013,00:45,1,0,1
19/10/2013,01:00,9,9,0
19/10/2013,01:15,0,0,0
19/10/2013,01:30,0,0,0
19/10/2013,01:45,0,0,0
19/10/2013,02:00,0,0,0
19/10/2013,02:15,0,0,0
19/10/2013,02:30,0,0,0
19/10/2013,02:45,0,0,0
19/10/2013,03:00,0,0,0
19/10/2013,03:15,0,0,0
19/10/2013,03:30,0,0,0
19/10/2013,03:45,0,0,0
19/10/2013,04:00,0,0,0
19/10/2013,04:15,0,0,0
19/10/2013,04:30,0,0,0
19/10/2013,04:45,0,0,0
19/10/2013,05:00,0,0,0
19/10/2013,05:15,0,0,0
19/10/2013,05:30,0,0,0
19/10/2013,05:45,1,0,1
19/10/2013,06:00,1,0,1
19/10/2013,06:15,1,1,0
19/10/2013,06:30,0,0,0
19/10/2013,06:45,2,1,1
19/10/2013,07:00,5,1,4
19/10/2013,07:15,3,0,3
19/10/2013,07:30,9,1,8
19/10/2013,07:45,15,6,9
19/10/2013,08:00,12,4,8
19/10/2013,08:15,8,0,8
19/10/2013,08:30,23,1,22
19/10/2013,08:45,17,3,14
19/10/2013,09:00,27,3,24
19/10/2013,09:15,18,3,15
19/10/2013,09:30,19,2,17
19/10/2013,09:45,25,15,10
19/10/2013,10:00,25,14,11
19/10/2013,10:15,68,49,19
19/10/2013,10:30,38,18,20
19/10/2013,10:45,26,7,19
19/10/2013,11:00,32,17,15
19/10/2013,11:15,24,4,20
19/10/2013,11:30,30,14,16
19/10/2013,11:45,60,6,54
19/10/2013,12:00,20,1,19
19/10/2013,12:15,23,7,16
19/10/2013,12:30,25,12,13
19/10/2013,12:45,10,3,7
19/10/2013,13:00,26,13,13
19/10/2013,13:15,26,5,21
19/10/2013,13:30,30,8,22
19/10/2013,13:45,16,5,11
19/10/2013,14:00,14,6,8
19/10/2013,14:15,22,6,16
19/10/2013,14:30,26,9,17
19/10/2013,14:45,23,6,17
19/10/2013,15:00,21,4,17
19/10/2013,15:15,30,9,21
19/10/2013,15:30,25,10,15
19/10/2013,15:45,24,7,17
19/10/2013,16:00,26,6,20
19/10/2013,16:15,24,5,19
19/10/2013,16:30,21,2,19
19/10/2013,16:45,32,18,14
19/10/2013,17:00,18,3,15
19/10/2013,17:15,26,5,21
19/10/2013,17:30,16,2,14
19/10/2013,17:45,17,2,15
19/10/2013,18:00,13,3,10
19/10/2013,18:15,15,1,14
19/10/2013,18:30,14,2,12
19/10/2013,18:45,5,1,4
19/10/2013,19:00,4,1,3
19/10/2013,19:15,3,2,1
19/10/2013,19:30,4,1,3
19/10/2013,19:45,2,1,1
19/10/2013,20:00,1,0,1
19/10/2013,20:15,0,0,0
19/10/2013,20:30,0,0,0
19/10/2013,20:45,6,0,6
19/10/2013,21:00,3,0,3
19/10/2013,21:15,2,0,2
19/10/2013,21:30,2,1,1
19/10/2013,21:45,1,0,1
19/10/2013,22:00,1,0,1
19/10/2013,22:15,27,27,0
19/10/2013,22:30,0,0,0
19/10/2013,22:45,0,0,0
19/10/2013,23:00,0,0,0
19/10/2013,23:15,0,0,0
19/10/2013,23:30,0,0,0
19/10/2013,23:45,0,0,0
20/10/2013,00:00,0,0,0
20/10/2013,00:15,0,0,0
20/10/2013,00:30,0,0,0
20/10/2013,00:45,0,0,0
20/10/2013,01:00,10,10,0
20/10/2013,01:15,0,0,0
20/10/2013,01:30,0,0,0
20/10/2013,01:45,1,1,0
20/10/2013,02:00,0,0,0
20/10/2013,02:15,0,0,0
20/10/2013,02:30,1,1,0
20/10/2013,02:45,0,0,0
20/10/2013,03:00,0,0,0
20/10/2013,03:15,0,0,0
20/10/2013,03:30,0,0,0
20/10/2013,03:45,0,0,0
20/10/2013,04:00,1,1,0
20/10/2013,04:15,0,0,0
20/10/2013,04:30,0,0,0
20/10/2013,04:45,0,0,0
20/10/2013,05:00,0,0,0
20/10/2013,05:15,0,0,0
20/10/2013,05:30,0,0,0
20/10/2013,05:45,0,0,0
20/10/2013,06:00,1,0,1
20/10/2013,06:15,1,0,1
20/10/2013,06:30,3,2,1
20/10/2013,06:45,1,1,0
20/10/2013,07:00,2,0,2
20/10/2013,07:15,3,0,3
20/10/2013,07:30,4,1,3
20/10/2013,07:45,6,2,4
20/10/2013,08:00,10,3,7
20/10/2013,08:15,5,0,5
20/10/2013,08:30,8,1,7
20/10/2013,08:45,15,5,10
20/10/2013,09:00,18,1,17
20/10/2013,09:15,20,4,16
20/10/2013,09:30,29,8,21
20/10/2013,09:45,31,5,26
20/10/2013,10:00,30,6,24
20/10/2013,10:15,31,10,21
20/10/2013,10:30,18,5,13
20/10/2013,10:45,56,29,27
20/10/2013,11:00,30,10,20
20/10/2013,11:15,33,13,20
20/10/2013,11:30,42,17,25
20/10/2013,11:45,27,12,15
20/10/2013,12:00,36,11,25
20/10/2013,12:15,32,10,22
20/10/2013,12:30,31,21,10
20/10/2013,12:45,30,16,14
20/10/2013,13:00,27,5,22
20/10/2013,13:15,22,6,16
20/10/2013,13:30,18,7,11
20/10/2013,13:45,43,17,26
20/10/2013,14:00,20,4,16
20/10/2013,14:15,18,8,10
20/10/2013,14:30,31,15,16
20/10/2013,14:45,17,5,12
20/10/2013,15:00,30,5,25
20/10/2013,15:15,30,17,13
20/10/2013,15:30,25,12,13
20/10/2013,15:45,40,14,26
20/10/2013,16:00,35,10,25
20/10/2013,16:15,30,4,26
20/10/2013,16:30,39,16,23
20/10/2013,16:45,33,9,24
20/10/2013,17:00,35,5,30
20/10/2013,17:15,27,7,20
20/10/2013,17:30,19,10,9
20/10/2013,17:45,18,6,12
20/10/2013,18:00,15,3,12
20/10/2013,18:15,16,5,11
20/10/2013,18:30,5,2,3
20/10/2013,18:45,7,0,7
20/10/2013,19:00,7,0,7
20/10/2013,19:15,0,0,0
20/10/2013,19:30,1,0,1
20/10/2013,19:45,1,0,1
20/10/2013,20:00,2,0,2
20/10/2013,20:15,0,0,0
20/10/2013,20:30,0,0,0
20/10/2013,20:45,1,1,0
20/10/2013,21:00,11,10,1
20/10/2013,21:15,0,0,0
20/10/2013,21:30,13,13,0
20/10/2013,21:45,0,0,0
20/10/2013,22:00,0,0,0
20/10/2013,22:15,0,0,0
20/10/2013,22:30,0,0,0
20/10/2013,22:45,6,6,0
20/10/2013,23:00,0,0,0
20/10/2013,23:15,0,0,0
20/10/2013,23:30,0,0,0
20/10/2013,23:45,1,0,1
21/10/2013,00:00,16,16,0
21/10/2013,00:15,0,0,0
21/10/2013,00:30,0,0,0
21/10/2013,00:45,0,0,0
21/10/2013,01:00,0,0,0
21/10/2013,01:15,0,0,0
21/10/2013,01:30,0,0,0
21/10/2013,01:45,0,0,0
21/10/2013,02:00,8,8,0
21/10/2013,02:15,0,0,0
21/10/2013,02:30,0,0,0
21/10/2013,02:45,0,0,0
21/10/2013,03:00,0,0,0
21/10/2013,03:15,0,0,0
21/10/2013,03:30,0,0,0
21/10/2013,03:45,0,0,0
21/10/2013,04:00,0,0,0
21/10/2013,04:15,1,1,0
21/10/2013,04:30,0,0,0
21/10/2013,04:45,0,0,0
21/10/2013,05:00,0,0,0
21/10/2013,05:15,2,1,1
21/10/2013,05:30,3,0,3
21/10/2013,05:45,5,4,1
21/10/2013,06:00,11,7,4
21/10/2013,06:15,34,29,5
21/10/2013,06:30,70,65,5
21/10/2013,06:45,7,0,7
21/10/2013,07:00,10,0,10
21/10/2013,07:15,10,0,10
21/10/2013,07:30,19,0,19
21/10/2013,07:45,19,3,16
21/10/2013,08:00,37,10,27
21/10/2013,08:15,26,9,17
21/10/2013,08:30,12,1,11
21/10/2013,08:45,14,0,14
21/10/2013,09:00,13,0,13
21/10/2013,09:15,19,3,16
21/10/2013,09:30,14,1,13
21/10/2013,09:45,22,2,20
21/10/2013,10:00,23,4,19
21/10/2013,10:15,19,3,16
21/10/2013,10:30,20,9,11
21/10/2013,10:45,11,2,9
21/10/2013,11:00,18,2,16
21/10/2013,11:15,7,0,7
21/10/2013,11:30,19,2,17
21/10/2013,11:45,26,8,18
21/10/2013,12:00,14,6,8
21/10/2013,12:15,27,8,19
21/10/2013,12:30,27,12,15
21/10/2013,12:45,20,7,13
21/10/2013,13:00,23,14,9
21/10/2013,13:15,8,2,6
21/10/2013,13:30,15,0,15
21/10/2013,13:45,15,2,13
21/10/2013,14:00,10,2,8
21/10/2013,14:15,10,2,8
21/10/2013,14:30,15,4,11
21/10/2013,14:45,15,4,11
21/10/2013,15:00,16,4,12
21/10/2013,15:15,16,8,8
21/10/2013,15:30,27,8,19
21/10/2013,15:45,36,11,25
21/10/2013,16:00,15,4,11
21/10/2013,16:15,33,12,21
21/10/2013,16:30,13,3,10
21/10/2013,16:45,27,1,26
21/10/2013,17:00,24,6,18
21/10/2013,17:15,25,9,16
21/10/2013,17:30,29,11,18
21/10/2013,17:45,19,3,16
21/10/2013,18:00,25,10,15
21/10/2013,18:15,15,2,13
21/10/2013,18:30,24,10,14
21/10/2013,18:45,12,2,10
21/10/2013,19:00,16,10,6
21/10/2013,19:15,5,2,3
21/10/2013,19:30,1,0,1
21/10/2013,19:45,43,42,1
21/10/2013,20:00,2,0,2
21/10/2013,20:15,1,1,0
21/10/2013,20:30,1,0,1
21/10/2013,20:45,2,1,1
21/10/2013,21:00,7,6,1
21/10/2013,21:15,4,1,3
21/10/2013,21:30,0,0,0
21/10/2013,21:45,0,0,0
21/10/2013,22:00,1,0,1
21/10/2013,22:15,2,2,0
21/10/2013,22:30,0,0,0
21/10/2013,22:45,0,0,0
21/10/2013,23:00,0,0,0
21/10/2013,23:15,0,0,0
21/10/2013,23:30,0,0,0
21/10/2013,23:45,1,0,1
22/10/2013,00:00,0,0,0
22/10/2013,00:15,1,1,0
22/10/2013,00:30,2,2,0
22/10/2013,00:45,0,0,0
22/10/2013,01:00,0,0,0
22/10/2013,01:15,0,0,0
22/10/2013,01:30,0,0,0
22/10/2013,01:45,17,17,0
22/10/2013,02:00,0,0,0
22/10/2013,02:15,0,0,0
22/10/2013,02:30,0,0,0
22/10/2013,02:45,0,0,0
22/10/2013,03:00,0,0,0
22/10/2013,03:15,0,0,0
22/10/2013,03:30,0,0,0
22/10/2013,03:45,0,0,0
22/10/2013,04:00,0,0,0
22/10/2013,04:15,0,0,0
22/10/2013,04:30,0,0,0
22/10/2013,04:45,1,0,1
22/10/2013,05:00,1,0,1
22/10/2013,05:15,3,1,2
22/10/2013,05:30,2,0,2
22/10/2013,05:45,2,0,2
22/10/2013,06:00,6,2,4
22/10/2013,06:15,8,3,5
22/10/2013,06:30,5,2,3
22/10/2013,06:45,6,4,2
22/10/2013,07:00,11,4,7
22/10/2013,07:15,15,5,10
22/10/2013,07:30,25,12,13
22/10/2013,07:45,19,13,6
22/10/2013,08:00,28,21,7
22/10/2013,08:15,27,15,12
22/10/2013,08:30,13,5,8
22/10/2013,08:45,12,4,8
22/10/2013,09:00,15,9,6
22/10/2013,09:15,13,1,12
22/10/2013,09:30,14,8,6
22/10/2013,09:45,14,7,7
22/10/2013,10:00,17,3,14
22/10/2013,10:15,10,3,7
22/10/2013,10:30,15,4,11
22/10/2013,10:45,21,2,19
22/10/2013,11:00,16,8,8
22/10/2013,11:15,18,8,10
22/10/2013,11:30,16,3,13
22/10/2013,11:45,17,5,12
22/10/2013,12:00,11,1,10
22/10/2013,12:15,14,2,12
22/10/2013,12:30,22,9,13
22/10/2013,12:45,38,7,31
22/10/2013,13:00,11,1,10
22/10/2013,13:15,28,13,15
22/10/2013,13:30,15,3,12
22/10/2013,13:45,17,3,14
22/10/2013,14:00,14,4,10
22/10/2013,14:15,11,3,8
22/10/2013,14:30,12,3,9
22/10/2013,14:45,21,6,15
22/10/2013,15:00,16,5,11
22/10/2013,15:15,14,6,8
22/10/2013,15:30,33,5,28
22/10/2013,15:45,29,7,22
22/10/2013,16:00,46,9,37
22/10/2013,16:15,19,5,14
22/10/2013,16:30,18,7,11
22/10/2013,16:45,23,3,20
22/10/2013,17:00,29,10,19
22/10/2013,17:15,27,13,14
22/10/2013,17:30,28,7,21
22/10/2013,17:45,30,4,26
22/10/2013,18:00,25,9,16
22/10/2013,18:15,15,1,14
22/10/2013,18:30,35,9,26
22/10/2013,18:45,17,3,14
22/10/2013,19:00,24,19,5
22/10/2013,19:15,3,1,2
22/10/2013,19:30,5,2,3
22/10/2013,19:45,4,3,1
22/10/2013,20:00,2,0,2
22/10/2013,20:15,1,1,0
22/10/2013,20:30,0,0,0
22/10/2013,20:45,36,36,0
22/10/2013,21:00,1,1,0
22/10/2013,21:15,1,1,0
22/10/2013,21:30,3,3,0
22/10/2013,21:45,1,0,1
22/10/2013,22:00,0,0,0
22/10/2013,22:15,2,1,1
22/10/2013,22:30,0,0,0
22/10/2013,22:45,0,0,0
22/10/2013,23:00,0,0,0
22/10/2013,23:15,0,0,0
22/10/2013,23:30,0,0,0
22/10/2013,23:45,10,10,0
23/10/2013,00:00,0,0,0
23/10/2013,00:15,1,1,0
23/10/2013,00:30,0,0,0
23/10/2013,00:45,4,4,0
23/10/2013,01:00,28,28,0
23/10/2013,01:15,0,0,0
23/10/2013,01:30,0,0,0
23/10/2013,01:45,0,0,0
23/10/2013,02:00,0,0,0
23/10/2013,02:15,11,11,0
23/10/2013,02:30,2,2,0
23/10/2013,02:45,0,0,0
23/10/2013,03:00,0,0,0
23/10/2013,03:15,0,0,0
23/10/2013,03:30,0,0,0
23/10/2013,03:45,0,0,0
23/10/2013,04:00,0,0,0
23/10/2013,04:15,0,0,0
23/10/2013,04:30,0,0,0
23/10/2013,04:45,0,0,0
23/10/2013,05:00,0,0,0
23/10/2013,05:15,2,1,1
23/10/2013,05:30,0,0,0
23/10/2013,05:45,3,0,3
23/10/2013,06:00,2,0,2
23/10/2013,06:15,7,3,4
23/10/2013,06:30,2,0,2
23/10/2013,06:45,5,1,4
23/10/2013,07:00,4,2,2
23/10/2013,07:15,19,7,12
23/10/2013,07:30,12,7,5
23/10/2013,07:45,27,18,9
23/10/2013,08:00,52,35,17
23/10/2013,08:15,25,14,11
23/10/2013,08:30,19,7,12
23/10/2013,08:45,21,5,16
23/10/2013,09:00,15,6,9
23/10/2013,09:15,19,2,17
23/10/2013,09:30,20,7,13
23/10/2013,09:45,17,7,10
23/10/2013,10:00,8,3,5
23/10/2013,10:15,12,1,11
23/10/2013,10:30,16,6,10
23/10/2013,10:45,12,2,10
23/10/2013,11:00,8,4,4
23/10/2013,11:15,6,1,5
23/10/2013,11:30,7,4,3
23/10/2013,11:45,10,8,2
23/10/2013,12:00,17,6,11
23/10/2013,12:15,15,12,3
23/10/2013,12:30,16,8,8
23/10/2013,12:45,23,4,19
23/10/2013,13:00,14,7,7
23/10/2013,13:15,17,5,12
23/10/2013,13:30,41,15,26
23/10/2013,13:45,24,10,14
23/10/2013,14:00,27,11,16
23/10/2013,14:15,26,22,4
23/10/2013,14:30,21,5,16
23/10/2013,14:45,14,3,11
23/10/2013,15:00,16,4,12
23/10/2013,15:15,31,15,16
23/10/2013,15:30,17,4,13
23/10/2013,15:45,24,5,19
23/10/2013,16:00,18,2,16
23/10/2013,16:15,20,7,13
23/10/2013,16:30,12,1,11
23/10/2013,16:45,17,5,12
23/10/2013,17:00,22,4,18
23/10/2013,17:15,25,6,19
23/10/2013,17:30,20,7,13
23/10/2013,17:45,24,7,17
23/10/2013,18:00,21,3,18
23/10/2013,18:15,24,8,16
23/10/2013,18:30,18,5,13
23/10/2013,18:45,21,9,12
23/10/2013,19:00,9,4,5
23/10/2013,19:15,10,7,3
23/10/2013,19:30,21,19,2
23/10/2013,19:45,4,0,4
23/10/2013,20:00,2,0,2
23/10/2013,20:15,0,0,0
23/10/2013,20:30,29,29,0
23/10/2013,20:45,4,4,0
23/10/2013,21:00,1,0,1
23/10/2013,21:15,1,0,1
23/10/2013,21:30,1,0,1
23/10/2013,21:45,1,0,1
23/10/2013,22:00,0,0,0
23/10/2013,22:15,2,0,2
23/10/2013,22:30,1,0,1
23/10/2013,22:45,0,0,0
23/10/2013,23:00,0,0,0
23/10/2013,23:15,0,0,0
23/10/2013,23:30,15,15,0
23/10/2013,23:45,11,11,0
24/10/2013,00:00,0,0,0
24/10/2013,00:15,1,1,0
24/10/2013,00:30,0,0,0
24/10/2013,00:45,13,13,0
24/10/2013,01:00,15,15,0
24/10/2013,01:15,0,0,0
24/10/2013,01:30,0,0,0
24/10/2013,01:45,0,0,0
24/10/2013,02:00,1,0,1
24/10/2013,02:15,29,29,0
24/10/2013,02:30,0,0,0
24/10/2013,02:45,0,0,0
24/10/2013,03:00,0,0,0
24/10/2013,03:15,0,0,0
24/10/2013,03:30,0,0,0
24/10/2013,03:45,0,0,0
24/10/2013,04:00,0,0,0
24/10/2013,04:15,0,0,0
24/10/2013,04:30,0,0,0
24/10/2013,04:45,0,0,0
24/10/2013,05:00,0,0,0
24/10/2013,05:15,3,1,2
24/10/2013,05:30,1,0,1
24/10/2013,05:45,1,0,1
24/10/2013,06:00,3,0,3
24/10/2013,06:15,6,1,5
24/10/2013,06:30,4,0,4
24/10/2013,06:45,6,3,3
24/10/2013,07:00,4,1,3
24/10/2013,07:15,26,4,22
24/10/2013,07:30,14,9,5
24/10/2013,07:45,17,11,6
24/10/2013,08:00,27,23,4
24/10/2013,08:15,23,12,11
24/10/2013,08:30,21,4,17
24/10/2013,08:45,15,6,9
24/10/2013,09:00,25,9,16
24/10/2013,09:15,21,11,10
24/10/2013,09:30,13,2,11
24/10/2013,09:45,5,2,3
24/10/2013,10:00,10,4,6
24/10/2013,10:15,19,5,14
24/10/2013,10:30,11,3,8
24/10/2013,10:45,23,13,10
24/10/2013,11:00,14,4,10
24/10/2013,11:15,19,9,10
24/10/2013,11:30,7,2,5
24/10/2013,11:45,11,4,7
24/10/2013,12:00,10,3,7
24/10/2013,12:15,14,6,8
24/10/2013,12:30,11,1,10
24/10/2013,12:45,27,15,12
24/10/2013,13:00,106,104,2
24/10/2013,13:15,55,38,17
24/10/2013,13:30,16,8,8
24/10/2013,13:45,11,6,5
24/10/2013,14:00,34,26,8
24/10/2013,14:15,18,1,17
24/10/2013,14:30,9,3,6
24/10/2013,14:45,13,3,10
24/10/2013,15:00,15,4,11
24/10/2013,15:15,20,0,20
24/10/2013,15:30,22,5,17
24/10/2013,15:45,41,8,33
24/10/2013,16:00,26,3,23
24/10/2013,16:15,11,2,9
24/10/2013,16:30,25,11,14
24/10/2013,16:45,21,3,18
24/10/2013,17:00,27,5,22
24/10/2013,17:15,27,8,19
24/10/2013,17:30,24,2,22
24/10/2013,17:45,18,4,14
24/10/2013,18:00,11,1,10
24/10/2013,18:15,18,5,13
24/10/2013,18:30,11,3,8
24/10/2013,18:45,3,2,1
24/10/2013,19:00,9,6,3
24/10/2013,19:15,10,4,6
24/10/2013,19:30,4,2,2
24/10/2013,19:45,0,0,0
24/10/2013,20:00,1,1,0
24/10/2013,20:15,1,1,0
24/10/2013,20:30,1,0,1
24/10/2013,20:45,1,0,1
24/10/2013,21:00,1,0,1
24/10/2013,21:15,2,0,2
24/10/2013,21:30,0,0,0
24/10/2013,21:45,7,7,0
24/10/2013,22:00,0,0,0
24/10/2013,22:15,0,0,0
24/10/2013,22:30,0,0,0
24/10/2013,22:45,0,0,0
24/10/2013,23:00,3,1,2
24/10/2013,23:15,0,0,0
24/10/2013,23:30,9,9,0
24/10/2013,23:45,13,12,1
25/10/2013,00:00,0,0,0
25/10/2013,00:15,61,61,0
25/10/2013,00:30,20,20,0
25/10/2013,00:45,5,5,0
25/10/2013,01:00,0,0,0
25/10/2013,01:15,0,0,0
25/10/2013,01:30,0,0,0
25/10/2013,01:45,0,0,0
25/10/2013,02:00,0,0,0
25/10/2013,02:15,0,0,0
25/10/2013,02:30,0,0,0
25/10/2013,02:45,26,26,0
25/10/2013,03:00,26,26,0
25/10/2013,03:15,0,0,0
25/10/2013,03:30,0,0,0
25/10/2013,03:45,0,0,0
25/10/2013,04:00,0,0,0
25/10/2013,04:15,0,0,0
25/10/2013,04:30,0,0,0
25/10/2013,04:45,0,0,0
25/10/2013,05:00,1,1,0
25/10/2013,05:15,2,0,2
25/10/2013,05:30,0,0,0
25/10/2013,05:45,1,0,1
25/10/2013,06:00,4,0,4
25/10/2013,06:15,1,0,1
25/10/2013,06:30,3,0,3
25/10/2013,06:45,6,0,6
25/10/2013,07:00,8,2,6
25/10/2013,07:15,14,3,11
25/10/2013,07:30,14,2,12
25/10/2013,07:45,16,1,15
25/10/2013,08:00,27,7,20
25/10/2013,08:15,21,8,13
25/10/2013,08:30,15,1,14
25/10/2013,08:45,14,0,14
25/10/2013,09:00,21,3,18
25/10/2013,09:15,13,3,10
25/10/2013,09:30,21,3,18
25/10/2013,09:45,18,4,14
25/10/2013,10:00,15,2,13
25/10/2013,10:15,16,1,15
25/10/2013,10:30,17,3,14
25/10/2013,10:45,20,0,20
25/10/2013,11:00,38,27,11
25/10/2013,11:15,17,3,14
25/10/2013,11:30,15,6,9
25/10/2013,11:45,9,2,7
25/10/2013,12:00,10,1,9
25/10/2013,12:15,15,5,10
25/10/2013,12:30,15,7,8
25/10/2013,12:45,18,3,15
25/10/2013,13:00,12,2,10
25/10/2013,13:15,15,6,9
25/10/2013,13:30,10,0,10
25/10/2013,13:45,14,4,10
25/10/2013,14:00,6,0,6
25/10/2013,14:15,10,2,8
25/10/2013,14:30,14,6,8
25/10/2013,14:45,20,7,13
25/10/2013,15:00,8,2,6
25/10/2013,15:15,15,4,11
25/10/2013,15:30,31,5,26
25/10/2013,15:45,25,5,20
25/10/2013,16:00,14,2,12
25/10/2013,16:15,15,4,11
25/10/2013,16:30,17,5,12
25/10/2013,16:45,18,2,16
25/10/2013,17:00,31,6,25
25/10/2013,17:15,24,9,15
25/10/2013,17:30,20,8,12
25/10/2013,17:45,20,6,14
25/10/2013,18:00,23,7,16
25/10/2013,18:15,23,4,19
25/10/2013,18:30,20,8,12
25/10/2013,18:45,11,6,5
25/10/2013,19:00,3,1,2
25/10/2013,19:15,5,0,5
25/10/2013,19:30,4,0,4
25/10/2013,19:45,1,0,1
25/10/2013,20:00,0,0,0
25/10/2013,20:15,1,0,1
25/10/2013,20:30,1,0,1
25/10/2013,20:45,3,1,2
25/10/2013,21:00,0,0,0
25/10/2013,21:15,0,0,0
25/10/2013,21:30,0,0,0
25/10/2013,21:45,0,0,0
25/10/2013,22:00,0,0,0
25/10/2013,22:15,1,0,1
25/10/2013,22:30,0,0,0
25/10/2013,22:45,0,0,0
25/10/2013,23:00,1,1,0
25/10/2013,23:15,0,0,0
25/10/2013,23:30,0,0,0
25/10/2013,23:45,0,0,0
26/10/2013,00:00,0,0,0
26/10/2013,00:15,30,30,0
26/10/2013,00:30,0,0,0
26/10/2013,00:45,0,0,0
26/10/2013,01:00,0,0,0
26/10/2013,01:15,0,0,0
26/10/2013,01:30,11,11,0
26/10/2013,01:45,0,0,0
26/10/2013,02:00,98,98,0
26/10/2013,02:15,12,12,0
26/10/2013,02:30,0,0,0
26/10/2013,02:45,0,0,0
26/10/2013,03:00,0,0,0
26/10/2013,03:15,0,0,0
26/10/2013,03:30,0,0,0
26/10/2013,03:45,0,0,0
26/10/2013,04:00,0,0,0
26/10/2013,04:15,0,0,0
26/10/2013,04:30,0,0,0
26/10/2013,04:45,0,0,0
26/10/2013,05:00,0,0,0
26/10/2013,05:15,1,0,1
26/10/2013,05:30,1,0,1
26/10/2013,05:45,1,0,1
26/10/2013,06:00,1,0,1
26/10/2013,06:15,0,0,0
26/10/2013,06:30,2,0,2
26/10/2013,06:45,4,0,4
26/10/2013,07:00,2,0,2
26/10/2013,07:15,6,2,4
26/10/2013,07:30,8,0,8
26/10/2013,07:45,85,81,4
26/10/2013,08:00,8,1,7
26/10/2013,08:15,15,3,12
26/10/2013,08:30,19,1,18
26/10/2013,08:45,17,5,12
26/10/2013,09:00,25,5,20
26/10/2013,09:15,19,4,15
26/10/2013,09:30,23,6,17
26/10/2013,09:45,29,4,25
26/10/2013,10:00,27,6,21
26/10/2013,10:15,24,5,19
26/10/2013,10:30,25,3,22
26/10/2013,10:45,30,2,28
26/10/2013,11:00,40,15,25
26/10/2013,11:15,30,8,22
26/10/2013,11:30,20,4,16
26/10/2013,11:45,15,5,10
26/10/2013,12:00,50,29,21
26/10/2013,12:15,22,6,16
26/10/2013,12:30,11,0,11
26/10/2013,12:45,16,4,12
26/10/2013,13:00,23,3,20
26/10/2013,13:15,19,5,14
26/10/2013,13:30,20,3,17
26/10/2013,13:45,20,3,17
26/10/2013,14:00,19,7,12
26/10/2013,14:15,18,7,11
26/10/2013,14:30,20,6,14
26/10/2013,14:45,17,5,12
26/10/2013,15:00,19,7,12
26/10/2013,15:15,25,15,10
26/10/2013,15:30,24,10,14
26/10/2013,15:45,14,5,9
26/10/2013,16:00,24,2,22
26/10/2013,16:15,31,7,24
26/10/2013,16:30,27,6,21
26/10/2013,16:45,24,4,20
26/10/2013,17:00,30,7,23
26/10/2013,17:15,20,8,12
26/10/2013,17:30,18,3,15
26/10/2013,17:45,13,3,10
26/10/2013,18:00,18,5,13
26/10/2013,18:15,15,2,13
26/10/2013,18:30,11,1,10
26/10/2013,18:45,13,1,12
26/10/2013,19:00,4,1,3
26/10/2013,19:15,3,0,3
26/10/2013,19:30,5,1,4
26/10/2013,19:45,2,0,2
26/10/2013,20:00,5,3,2
26/10/2013,20:15,0,0,0
26/10/2013,20:30,0,0,0
26/10/2013,20:45,0,0,0
26/10/2013,21:00,0,0,0
26/10/2013,21:15,1,1,0
26/10/2013,21:30,0,0,0
26/10/2013,21:45,2,0,2
26/10/2013,22:00,0,0,0
26/10/2013,22:15,0,0,0
26/10/2013,22:30,0,0,0
26/10/2013,22:45,0,0,0
26/10/2013,23:00,0,0,0
26/10/2013,23:15,24,24,0
26/10/2013,23:30,0,0,0
26/10/2013,23:45,0,0,0
27/10/2013,00:00,28,28,0
27/10/2013,00:15,11,11,0
27/10/2013,00:30,35,35,0
27/10/2013,00:45,4,4,0
27/10/2013,01:00,0,0,0
27/10/2013,01:15,33,33,0
27/10/2013,01:30,6,6,0
27/10/2013,01:45,17,17,0
27/10/2013,02:00,0,0,0
27/10/2013,02:15,0,0,0
27/10/2013,02:30,0,0,0
27/10/2013,02:45,0,0,0
27/10/2013,03:00,0,0,0
27/10/2013,03:15,0,0,0
27/10/2013,03:30,0,0,0
27/10/2013,03:45,0,0,0
27/10/2013,04:00,0,0,0
27/10/2013,04:15,0,0,0
27/10/2013,04:30,0,0,0
27/10/2013,04:45,0,0,0
27/10/2013,05:00,2,1,1
27/10/2013,05:15,0,0,0
27/10/2013,05:30,1,0,1
27/10/2013,05:45,0,0,0
27/10/2013,06:00,0,0,0
27/10/2013,06:15,1,0,1
27/10/2013,06:30,8,7,1
27/10/2013,06:45,40,38,2
27/10/2013,07:00,6,3,3
27/10/2013,07:15,2,1,1
27/10/2013,07:30,6,0,6
27/10/2013,07:45,7,0,7
27/10/2013,08:00,11,2,9
27/10/2013,08:15,17,7,10
27/10/2013,08:30,9,5,4
27/10/2013,08:45,17,2,15
27/10/2013,09:00,22,7,15
27/10/2013,09:15,19,1,18
27/10/2013,09:30,17,9,8
27/10/2013,09:45,18,7,11
27/10/2013,10:00,29,10,19
27/10/2013,10:15,45,14,31
27/10/2013,10:30,34,9,25
27/10/2013,10:45,25,7,18
27/10/2013,11:00,10,1,9
27/10/2013,11:15,23,7,16
27/10/2013,11:30,32,15,17
27/10/2013,11:45,21,3,18
27/10/2013,12:00,32,11,21
27/10/2013,12:15,28,6,22
27/10/2013,12:30,21,5,16
27/10/2013,12:45,20,5,15
27/10/2013,13:00,31,13,18
27/10/2013,13:15,25,7,18
27/10/2013,13:30,23,10,13
27/10/2013,13:45,24,7,17
27/10/2013,14:00,24,5,19
27/10/2013,14:15,22,4,18
27/10/2013,14:30,33,6,27
27/10/2013,14:45,30,12,18
27/10/2013,15:00,24,9,15
27/10/2013,15:15,24,7,17
27/10/2013,15:30,27,4,23
27/10/2013,15:45,16,8,8
27/10/2013,16:00,19,4,15
27/10/2013,16:15,18,6,12
27/10/2013,16:30,23,5,18
27/10/2013,16:45,11,2,9
27/10/2013,17:00,4,0,4
27/10/2013,17:15,16,3,13
27/10/2013,17:30,4,0,4
27/10/2013,17:45,7,0,7
27/10/2013,18:00,10,0,10
27/10/2013,18:15,6,0,6
27/10/2013,18:30,5,1,4
27/10/2013,18:45,1,0,1
27/10/2013,19:00,1,1,0
27/10/2013,19:15,1,0,1
27/10/2013,19:30,0,0,0
27/10/2013,19:45,0,0,0
27/10/2013,20:00,0,0,0
27/10/2013,20:15,0,0,0
27/10/2013,20:30,2,0,2
27/10/2013,20:45,0,0,0
27/10/2013,21:00,0,0,0
27/10/2013,21:15,0,0,0
27/10/2013,21:30,0,0,0
27/10/2013,21:45,1,0,1
27/10/2013,22:00,0,0,0
27/10/2013,22:15,1,1,0
27/10/2013,22:30,1,1,0
27/10/2013,22:45,0,0,0
27/10/2013,23:00,0,0,0
27/10/2013,23:15,0,0,0
27/10/2013,23:30,4,4,0
27/10/2013,23:45,1,0,1
28/10/2013,00:00,2,2,0
28/10/2013,00:15,0,0,0
28/10/2013,00:30,0,0,0
28/10/2013,00:45,0,0,0
28/10/2013,01:00,0,0,0
28/10/2013,01:15,0,0,0
28/10/2013,01:30,0,0,0
28/10/2013,01:45,23,23,0
28/10/2013,02:00,1,1,0
28/10/2013,02:15,0,0,0
28/10/2013,02:30,1,1,0
28/10/2013,02:45,0,0,0
28/10/2013,03:00,0,0,0
28/10/2013,03:15,0,0,0
28/10/2013,03:30,0,0,0
28/10/2013,03:45,0,0,0
28/10/2013,04:00,0,0,0
28/10/2013,04:15,0,0,0
28/10/2013,04:30,0,0,0
28/10/2013,04:45,0,0,0
28/10/2013,05:00,1,1,0
28/10/2013,05:15,0,0,0
28/10/2013,05:30,0,0,0
28/10/2013,05:45,0,0,0
28/10/2013,06:00,23,21,2
28/10/2013,06:15,3,1,2
28/10/2013,06:30,155,151,4
28/10/2013,06:45,52,48,4
28/10/2013,07:00,23,14,9
28/10/2013,07:15,16,7,9
28/10/2013,07:30,11,6,5
28/10/2013,07:45,21,17,4
28/10/2013,08:00,30,21,9
28/10/2013,08:15,14,10,4
28/10/2013,08:30,15,3,12
28/10/2013,08:45,21,4,17
28/10/2013,09:00,24,8,16
28/10/2013,09:15,13,2,11
28/10/2013,09:30,8,3,5
28/10/2013,09:45,25,8,17
28/10/2013,10:00,13,3,10
28/10/2013,10:15,15,1,14
28/10/2013,10:30,17,3,14
28/10/2013,10:45,22,4,18
28/10/2013,11:00,11,3,8
28/10/2013,11:15,21,3,18
28/10/2013,11:30,23,5,18
28/10/2013,11:45,23,9,14
28/10/2013,12:00,21,3,18
28/10/2013,12:15,39,18,21
28/10/2013,12:30,28,12,16
28/10/2013,12:45,16,3,13
28/10/2013,13:00,12,1,11
28/10/2013,13:15,14,3,11
28/10/2013,13:30,15,2,13
28/10/2013,13:45,13,2,11
28/10/2013,14:00,9,0,9
28/10/2013,14:15,13,2,11
28/10/2013,14:30,21,6,15
28/10/2013,14:45,14,2,12
28/10/2013,15:00,20,5,15
28/10/2013,15:15,11,3,8
28/10/2013,15:30,21,8,13
28/10/2013,15:45,38,13,25
28/10/2013,16:00,18,7,11
28/10/2013,16:15,19,5,14
28/10/2013,16:30,24,6,18
28/10/2013,16:45,18,5,13
28/10/2013,17:00,24,6,18
28/10/2013,17:15,34,10,24
28/10/2013,17:30,20,4,16
28/10/2013,17:45,15,4,11
28/10/2013,18:00,9,1,8
28/10/2013,18:15,48,37,11
28/10/2013,18:30,53,46,7
28/10/2013,18:45,7,3,4
28/10/2013,19:00,7,3,4
28/10/2013,19:15,4,2,2
28/10/2013,19:30,0,0,0
28/10/2013,19:45,3,2,1
28/10/2013,20:00,4,2,2
28/10/2013,20:15,3,1,2
28/10/2013,20:30,116,115,1
28/10/2013,20:45,13,13,0
28/10/2013,21:00,22,22,0
28/10/2013,21:15,0,0,0
28/10/2013,21:30,1,1,0
28/10/2013,21:45,2,1,1
28/10/2013,22:00,1,0,1
28/10/2013,22:15,0,0,0
28/10/2013,22:30,0,0,0
28/10/2013,22:45,1,1,0
28/10/2013,23:00,1,1,0
28/10/2013,23:15,0,0,0
28/10/2013,23:30,0,0,0
28/10/2013,23:45,0,0,0
29/10/2013,00:00,0,0,0
29/10/2013,00:15,2,0,2
29/10/2013,00:30,0,0,0
29/10/2013,00:45,0,0,0
29/10/2013,01:00,0,0,0
29/10/2013,01:15,0,0,0
29/10/2013,01:30,1,0,1
29/10/2013,01:45,0,0,0
29/10/2013,02:00,0,0,0
29/10/2013,02:15,1,0,1
29/10/2013,02:30,0,0,0
29/10/2013,02:45,0,0,0
29/10/2013,03:00,0,0,0
29/10/2013,03:15,0,0,0
29/10/2013,03:30,0,0,0
29/10/2013,03:45,0,0,0
29/10/2013,04:00,0,0,0
29/10/2013,04:15,0,0,0
29/10/2013,04:30,0,0,0
29/10/2013,04:45,1,1,0
29/10/2013,05:00,0,0,0
29/10/2013,05:15,1,0,1
29/10/2013,05:30,1,0,1
29/10/2013,05:45,5,0,5
29/10/2013,06:00,3,0,3
29/10/2013,06:15,7,0,7
29/10/2013,06:30,2,0,2
29/10/2013,06:45,4,0,4
29/10/2013,07:00,8,2,6
29/10/2013,07:15,14,1,13
29/10/2013,07:30,17,4,13
29/10/2013,07:45,19,3,16
29/10/2013,08:00,24,11,13
29/10/2013,08:15,17,5,12
29/10/2013,08:30,17,2,15
29/10/2013,08:45,14,0,14
29/10/2013,09:00,14,3,11
29/10/2013,09:15,15,2,13
29/10/2013,09:30,14,2,12
29/10/2013,09:45,15,1,14
29/10/2013,10:00,21,3,18
29/10/2013,10:15,21,1,20
29/10/2013,10:30,25,0,25
29/10/2013,10:45,26,1,25
29/10/2013,11:00,7,0,7
29/10/2013,11:15,12,2,10
29/10/2013,11:30,16,2,14
29/10/2013,11:45,6,2,4
29/10/2013,12:00,16,3,13
29/10/2013,12:15,15,3,12
29/10/2013,12:30,9,2,7
29/10/2013,12:45,17,3,14
29/10/2013,13:00,55,46,9
29/10/2013,13:15,17,2,15
29/10/2013,13:30,21,6,15
29/10/2013,13:45,14,0,14
29/10/2013,14:00,18,7,11
29/10/2013,14:15,12,5,7
29/10/2013,14:30,19,5,14
29/10/2013,14:45,23,16,7
29/10/2013,15:00,7,5,2
29/10/2013,15:15,8,2,6
29/10/2013,15:30,19,16,3
29/10/2013,15:45,31,13,18
29/10/2013,16:00,18,9,9
29/10/2013,16:15,16,6,10
29/10/2013,16:30,24,10,14
29/10/2013,16:45,23,7,16
29/10/2013,17:00,33,14,19
29/10/2013,17:15,23,9,14
29/10/2013,17:30,24,8,16
29/10/2013,17:45,24,7,17
29/10/2013,18:00,18,4,14
29/10/2013,18:15,14,7,7
29/10/2013,18:30,20,12,8
29/10/2013,18:45,14,9,5
29/10/2013,19:00,6,5,1
29/10/2013,19:15,3,3,0
29/10/2013,19:30,2,2,0
29/10/2013,19:45,1,0,1
29/10/2013,20:00,3,2,1
29/10/2013,20:15,1,1,0
29/10/2013,20:30,3,2,1
29/10/2013,20:45,1,1,0
29/10/2013,21:00,2,0,2
29/10/2013,21:15,0,0,0
29/10/2013,21:30,0,0,0
29/10/2013,21:45,1,1,0
29/10/2013,22:00,0,0,0
29/10/2013,22:15,1,1,0
29/10/2013,22:30,0,0,0
29/10/2013,22:45,2,0,2
29/10/2013,23:00,1,0,1
29/10/2013,23:15,0,0,0
29/10/2013,23:30,4,4,0
29/10/2013,23:45,0,0,0
30/10/2013,00:00,0,0,0
30/10/2013,00:15,0,0,0
30/10/2013,00:30,0,0,0
30/10/2013,00:45,0,0,0
30/10/2013,01:00,0,0,0
30/10/2013,01:15,0,0,0
30/10/2013,01:30,0,0,0
30/10/2013,01:45,1,0,1
30/10/2013,02:00,0,0,0
30/10/2013,02:15,0,0,0
30/10/2013,02:30,0,0,0
30/10/2013,02:45,0,0,0
30/10/2013,03:00,0,0,0
30/10/2013,03:15,0,0,0
30/10/2013,03:30,0,0,0
30/10/2013,03:45,0,0,0
30/10/2013,04:00,0,0,0
30/10/2013,04:15,0,0,0
30/10/2013,04:30,0,0,0
30/10/2013,04:45,0,0,0
30/10/2013,05:00,0,0,0
30/10/2013,05:15,1,0,1
30/10/2013,05:30,1,1,0
30/10/2013,05:45,0,0,0
30/10/2013,06:00,4,1,3
30/10/2013,06:15,3,1,2
30/10/2013,06:30,6,0,6
30/10/2013,06:45,15,11,4
30/10/2013,07:00,15,11,4
30/10/2013,07:15,7,1,6
30/10/2013,07:30,17,4,13
30/10/2013,07:45,24,11,13
30/10/2013,08:00,49,38,11
30/10/2013,08:15,28,15,13
30/10/2013,08:30,13,2,11
30/10/2013,08:45,26,7,19
30/10/2013,09:00,18,4,14
30/10/2013,09:15,17,5,12
30/10/2013,09:30,13,1,12
30/10/2013,09:45,21,3,18
30/10/2013,10:00,12,4,8
30/10/2013,10:15,13,1,12
30/10/2013,10:30,23,4,19
30/10/2013,10:45,18,1,17
30/10/2013,11:00,14,0,14
30/10/2013,11:15,20,2,18
30/10/2013,11:30,34,20,14
30/10/2013,11:45,12,7,5
30/10/2013,12:00,15,5,10
30/10/2013,12:15,15,7,8
30/10/2013,12:30,17,2,15
30/10/2013,12:45,52,37,15
30/10/2013,13:00,15,5,10
30/10/2013,13:15,20,5,15
30/10/2013,13:30,33,8,25
30/10/2013,13:45,12,2,10
30/10/2013,14:00,16,3,13
30/10/2013,14:15,12,4,8
30/10/2013,14:30,13,0,13
30/10/2013,14:45,13,2,11
30/10/2013,15:00,11,0,11
30/10/2013,15:15,14,4,10
30/10/2013,15:30,35,5,30
30/10/2013,15:45,22,3,19
30/10/2013,16:00,22,6,16
30/10/2013,16:15,22,8,14
30/10/2013,16:30,17,6,11
30/10/2013,16:45,26,6,20
30/10/2013,17:00,29,10,19
30/10/2013,17:15,19,7,12
30/10/2013,17:30,19,6,13
30/10/2013,17:45,15,3,12
30/10/2013,18:00,17,5,12
30/10/2013,18:15,16,6,10
30/10/2013,18:30,15,7,8
30/10/2013,18:45,13,5,8
30/10/2013,19:00,5,2,3
30/10/2013,19:15,8,3,5
30/10/2013,19:30,2,0,2
30/10/2013,19:45,1,0,1
30/10/2013,20:00,3,3,0
30/10/2013,20:15,3,2,1
30/10/2013,20:30,1,1,0
30/10/2013,20:45,1,0,1
30/10/2013,21:00,1,0,1
30/10/2013,21:15,2,0,2
30/10/2013,21:30,2,0,2
30/10/2013,21:45,0,0,0
30/10/2013,22:00,1,0,1
30/10/2013,22:15,93,93,0
30/10/2013,22:30,0,0,0
30/10/2013,22:45,0,0,0
30/10/2013,23:00,0,0,0
30/10/2013,23:15,9,9,0
30/10/2013,23:30,2,1,1
30/10/2013,23:45,0,0,0
31/10/2013,00:00,0,0,0
31/10/2013,00:15,0,0,0
31/10/2013,00:30,0,0,0
31/10/2013,00:45,0,0,0
31/10/2013,01:00,0,0,0
31/10/2013,01:15,0,0,0
31/10/2013,01:30,0,0,0
31/10/2013,01:45,0,0,0
31/10/2013,02:00,0,0,0
31/10/2013,02:15,1,1,0
31/10/2013,02:30,0,0,0
31/10/2013,02:45,1,1,0
31/10/2013,03:00,0,0,0
31/10/2013,03:15,39,39,0
31/10/2013,03:30,133,133,0
31/10/2013,03:45,82,82,0
31/10/2013,04:00,60,60,0
31/10/2013,04:15,100,99,1
31/10/2013,04:30,54,54,0
31/10/2013,04:45,1,1,0
31/10/2013,05:00,1,1,0
31/10/2013,05:15,1,0,1
31/10/2013,05:30,0,0,0
31/10/2013,05:45,2,0,2
31/10/2013,06:00,2,1,1
31/10/2013,06:15,3,2,1
31/10/2013,06:30,4,0,4
31/10/2013,06:45,6,2,4
31/10/2013,07:00,9,5,4
31/10/2013,07:15,21,3,18
31/10/2013,07:30,18,7,11
31/10/2013,07:45,22,11,11
31/10/2013,08:00,19,13,6
31/10/2013,08:15,13,4,9
31/10/2013,08:30,15,0,15
31/10/2013,08:45,18,2,16
31/10/2013,09:00,14,1,13
31/10/2013,09:15,85,3,82
31/10/2013,09:30,22,4,18
31/10/2013,09:45,14,1,13
31/10/2013,10:00,16,2,14
31/10/2013,10:15,11,2,9
31/10/2013,10:30,11,3,8
31/10/2013,10:45,10,0,10
31/10/2013,11:00,55,25,30
31/10/2013,11:15,41,10,31
31/10/2013,11:30,12,4,8
31/10/2013,11:45,12,4,8
31/10/2013,12:00,13,3,10
31/10/2013,12:15,14,2,12
31/10/2013,12:30,16,1,15
31/10/2013,12:45,25,11,14
31/10/2013,13:00,11,1,10
31/10/2013,13:15,43,3,40
31/10/2013,13:30,60,4,56
31/10/2013,13:45,15,2,13
31/10/2013,14:00,36,2,34
31/10/2013,14:15,13,0,13
31/10/2013,14:30,21,3,18
31/10/2013,14:45,36,5,31
31/10/2013,15:00,22,1,21
31/10/2013,15:15,20,3,17
31/10/2013,15:30,18,5,13
31/10/2013,15:45,21,4,17
31/10/2013,16:00,20,1,19
31/10/2013,16:15,30,7,23
31/10/2013,16:30,11,1,10
31/10/2013,16:45,18,4,14
31/10/2013,17:00,19,3,16
31/10/2013,17:15,15,7,8
31/10/2013,17:30,17,4,13
31/10/2013,17:45,30,3,27
31/10/2013,18:00,16,4,12
31/10/2013,18:15,10,1,9
31/10/2013,18:30,10,4,6
31/10/2013,18:45,5,1,4
31/10/2013,19:00,7,3,4
31/10/2013,19:15,7,3,4
31/10/2013,19:30,2,0,2
31/10/2013,19:45,5,2,3
31/10/2013,20:00,2,2,0
31/10/2013,20:15,4,3,1
31/10/2013,20:30,0,0,0
31/10/2013,20:45,3,1,2
31/10/2013,21:00,2,0,2
31/10/2013,21:15,1,0,1
31/10/2013,21:30,1,0,1
31/10/2013,21:45,0,0,0
31/10/2013,22:00,0,0,0
31/10/2013,22:15,0,0,0
31/10/2013,22:30,17,17,0
31/10/2013,22:45,38,38,0
31/10/2013,23:00,0,0,0
31/10/2013,23:15,45,45,0
31/10/2013,23:30,1,0,1
31/10/2013,23:45,0,0,0
01/11/2013,00:00,3,3,0
01/11/2013,00:15,1,1,0
01/11/2013,00:30,26,26,0
01/11/2013,00:45,8,8,0
01/11/2013,01:00,0,0,0
01/11/2013,01:15,2,1,1
01/11/2013,01:30,0,0,0
01/11/2013,01:45,0,0,0
01/11/2013,02:00,0,0,0
01/11/2013,02:15,0,0,0
01/11/2013,02:30,0,0,0
01/11/2013,02:45,0,0,0
01/11/2013,03:00,0,0,0
01/11/2013,03:15,0,0,0
01/11/2013,03:30,0,0,0
01/11/2013,03:45,0,0,0
01/11/2013,04:00,0,0,0
01/11/2013,04:15,1,1,0
01/11/2013,04:30,0,0,0
01/11/2013,04:45,0,0,0
01/11/2013,05:00,0,0,0
01/11/2013,05:15,0,0,0
01/11/2013,05:30,1,1,0
01/11/2013,05:45,4,0,4
01/11/2013,06:00,1,0,1
01/11/2013,06:15,2,0,2
01/11/2013,06:30,4,0,4
01/11/2013,06:45,1,0,1
01/11/2013,07:00,7,1,6
01/11/2013,07:15,9,0,9
01/11/2013,07:30,14,0,14
01/11/2013,07:45,21,4,17
01/11/2013,08:00,31,11,20
01/11/2013,08:15,16,2,14
01/11/2013,08:30,13,1,12
01/11/2013,08:45,22,2,20
01/11/2013,09:00,25,4,21
01/11/2013,09:15,16,4,12
01/11/2013,09:30,12,1,11
01/11/2013,09:45,13,5,8
01/11/2013,10:00,22,5,17
01/11/2013,10:15,27,3,24
01/11/2013,10:30,21,3,18
01/11/2013,10:45,14,4,10
01/11/2013,11:00,16,3,13
01/11/2013,11:15,21,7,14
01/11/2013,11:30,31,3,28
01/11/2013,11:45,26,9,17
01/11/2013,12:00,17,1,16
01/11/2013,12:15,16,4,12
01/11/2013,12:30,30,5,25
01/11/2013,12:45,18,2,16
01/11/2013,13:00,25,7,18
01/11/2013,13:15,12,4,8
01/11/2013,13:30,13,4,9
01/11/2013,13:45,30,8,22
01/11/2013,14:00,26,15,11
01/11/2013,14:15,30,9,21
01/11/2013,14:30,18,3,15
01/11/2013,14:45,18,1,17
01/11/2013,15:00,7,1,6
01/11/2013,15:15,24,11,13
01/11/2013,15:30,20,3,17
01/11/2013,15:45,28,10,18
01/11/2013,16:00,15,5,10
01/11/2013,16:15,16,6,10
01/11/2013,16:30,32,3,29
01/11/2013,16:45,24,6,18
01/11/2013,17:00,31,6,25
01/11/2013,17:15,31,9,22
01/11/2013,17:30,24,5,19
01/11/2013,17:45,33,14,19
01/11/2013,18:00,15,1,14
01/11/2013,18:15,16,6,10
01/11/2013,18:30,11,1,10
01/11/2013,18:45,8,2,6
01/11/2013,19:00,4,2,2
01/11/2013,19:15,2,0,2
01/11/2013,19:30,5,2,3
01/11/2013,19:45,1,1,0
01/11/2013,20:00,2,2,0
01/11/2013,20:15,1,1,0
01/11/2013,20:30,1,0,1
01/11/2013,20:45,0,0,0
01/11/2013,21:00,2,0,2
01/11/2013,21:15,0,0,0
01/11/2013,21:30,2,0,2
01/11/2013,21:45,0,0,0
01/11/2013,22:00,1,0,1
01/11/2013,22:15,0,0,0
01/11/2013,22:30,0,0,0
01/11/2013,22:45,0,0,0
01/11/2013,23:00,2,0,2
01/11/2013,23:15,0,0,0
01/11/2013,23:30,0,0,0
01/11/2013,23:45,32,31,1
02/11/2013,00:00,0,0,0
02/11/2013,00:15,0,0,0
02/11/2013,00:30,0,0,0
02/11/2013,00:45,0,0,0
02/11/2013,01:00,0,0,0
02/11/2013,01:15,0,0,0
02/11/2013,01:30,0,0,0
02/11/2013,01:45,0,0,0
02/11/2013,02:00,0,0,0
02/11/2013,02:15,5,5,0
02/11/2013,02:30,7,7,0
02/11/2013,02:45,0,0,0
02/11/2013,03:00,0,0,0
02/11/2013,03:15,0,0,0
02/11/2013,03:30,0,0,0
02/11/2013,03:45,0,0,0
02/11/2013,04:00,0,0,0
02/11/2013,04:15,0,0,0
02/11/2013,04:30,0,0,0
02/11/2013,04:45,0,0,0
02/11/2013,05:00,0,0,0
02/11/2013,05:15,0,0,0
02/11/2013,05:30,0,0,0
02/11/2013,05:45,0,0,0
02/11/2013,06:00,0,0,0
02/11/2013,06:15,1,0,1
02/11/2013,06:30,0,0,0
02/11/2013,06:45,1,0,1
02/11/2013,07:00,1,0,1
02/11/2013,07:15,0,0,0
02/11/2013,07:30,2,1,1
02/11/2013,07:45,3,2,1
02/11/2013,08:00,1,0,1
02/11/2013,08:15,26,1,25
02/11/2013,08:30,11,1,10
02/11/2013,08:45,6,0,6
02/11/2013,09:00,10,0,10
02/11/2013,09:15,20,1,19
02/11/2013,09:30,8,0,8
02/11/2013,09:45,12,1,11
02/11/2013,10:00,11,1,10
02/11/2013,10:15,26,3,23
02/11/2013,10:30,20,1,19
02/11/2013,10:45,20,6,14
02/11/2013,11:00,25,2,23
02/11/2013,11:15,19,2,17
02/11/2013,11:30,28,7,21
02/11/2013,11:45,28,5,23
02/11/2013,12:00,22,6,16
02/11/2013,12:15,29,11,18
02/11/2013,12:30,33,12,21
02/11/2013,12:45,42,2,40
02/11/2013,13:00,23,3,20
02/11/2013,13:15,45,21,24
02/11/2013,13:30,40,6,34
02/11/2013,13:45,34,10,24
02/11/2013,14:00,22,4,18
02/11/2013,14:15,32,5,27
02/11/2013,14:30,7,0,7
02/11/2013,14:45,25,10,15
02/11/2013,15:00,14,3,11
02/11/2013,15:15,19,1,18
02/11/2013,15:30,17,4,13
02/11/2013,15:45,30,7,23
02/11/2013,16:00,36,16,20
02/11/2013,16:15,27,6,21
02/11/2013,16:30,26,6,20
02/11/2013,16:45,18,7,11
02/11/2013,17:00,30,7,23
02/11/2013,17:15,28,5,23
02/11/2013,17:30,22,7,15
02/11/2013,17:45,27,6,21
02/11/2013,18:00,25,7,18
02/11/2013,18:15,15,4,11
02/11/2013,18:30,11,1,10
02/11/2013,18:45,15,1,14
02/11/2013,19:00,7,1,6
02/11/2013,19:15,11,1,10
02/11/2013,19:30,3,0,3
02/11/2013,19:45,2,0,2
02/11/2013,20:00,3,1,2
02/11/2013,20:15,3,0,3
02/11/2013,20:30,4,0,4
02/11/2013,20:45,0,0,0
02/11/2013,21:00,1,0,1
02/11/2013,21:15,0,0,0
02/11/2013,21:30,1,0,1
02/11/2013,21:45,0,0,0
02/11/2013,22:00,1,0,1
02/11/2013,22:15,2,1,1
02/11/2013,22:30,0,0,0
02/11/2013,22:45,0,0,0
02/11/2013,23:00,0,0,0
02/11/2013,23:15,1,1,0
02/11/2013,23:30,0,0,0
02/11/2013,23:45,0,0,0
03/11/2013,00:00,0,0,0
03/11/2013,00:15,0,0,0
03/11/2013,00:30,0,0,0
03/11/2013,00:45,0,0,0
03/11/2013,01:00,1,1,0
03/11/2013,01:15,0,0,0
03/11/2013,01:30,1,0,1
03/11/2013,01:45,3,3,0
03/11/2013,02:00,6,6,0
03/11/2013,02:15,59,59,0
03/11/2013,02:30,0,0,0
03/11/2013,02:45,0,0,0
03/11/2013,03:00,0,0,0
03/11/2013,03:15,0,0,0
03/11/2013,03:30,0,0,0
03/11/2013,03:45,0,0,0
03/11/2013,04:00,0,0,0
03/11/2013,04:15,0,0,0
03/11/2013,04:30,1,0,1
03/11/2013,04:45,0,0,0
03/11/2013,05:00,0,0,0
03/11/2013,05:15,1,0,1
03/11/2013,05:30,0,0,0
03/11/2013,05:45,0,0,0
03/11/2013,06:00,1,1,0
03/11/2013,06:15,2,1,1
03/11/2013,06:30,4,1,3
03/11/2013,06:45,5,0,5
03/11/2013,07:00,8,0,8
03/11/2013,07:15,15,1,14
03/11/2013,07:30,9,0,9
03/11/2013,07:45,16,0,16
03/11/2013,08:00,13,1,12
03/11/2013,08:15,11,3,8
03/11/2013,08:30,19,4,15
03/11/2013,08:45,21,4,17
03/11/2013,09:00,23,3,20
03/11/2013,09:15,23,4,19
03/11/2013,09:30,26,7,19
03/11/2013,09:45,21,7,14
03/11/2013,10:00,37,6,31
03/11/2013,10:15,40,6,34
03/11/2013,10:30,34,10,24
03/11/2013,10:45,54,26,28
03/11/2013,11:00,34,16,18
03/11/2013,11:15,38,4,34
03/11/2013,11:30,33,4,29
03/11/2013,11:45,27,5,22
03/11/2013,12:00,25,8,17
03/11/2013,12:15,41,7,34
03/11/2013,12:30,28,6,22
03/11/2013,12:45,21,13,8
03/11/2013,13:00,23,6,17
03/11/2013,13:15,25,6,19
03/11/2013,13:30,22,7,15
03/11/2013,13:45,27,9,18
03/11/2013,14:00,24,8,16
03/11/2013,14:15,44,10,34
03/11/2013,14:30,19,1,18
03/11/2013,14:45,25,4,21
03/11/2013,15:00,24,11,13
03/11/2013,15:15,23,12,11
03/11/2013,15:30,21,8,13
03/11/2013,15:45,32,5,27
03/11/2013,16:00,25,6,19
03/11/2013,16:15,19,5,14
03/11/2013,16:30,42,12,30
03/11/2013,16:45,27,5,22
03/11/2013,17:00,17,3,14
03/11/2013,17:15,11,0,11
03/11/2013,17:30,6,1,5
03/11/2013,17:45,7,1,6
03/11/2013,18:00,0,0,0
03/11/2013,18:15,2,0,2
03/11/2013,18:30,0,0,0
03/11/2013,18:45,0,0,0
03/11/2013,19:00,0,0,0
03/11/2013,19:15,0,0,0
03/11/2013,19:30,0,0,0
03/11/2013,19:45,0,0,0
03/11/2013,20:00,0,0,0
03/11/2013,20:15,1,0,1
03/11/2013,20:30,0,0,0
03/11/2013,20:45,1,0,1
03/11/2013,21:00,0,0,0
03/11/2013,21:15,1,1,0
03/11/2013,21:30,0,0,0
03/11/2013,21:45,1,0,1
03/11/2013,22:00,0,0,0
03/11/2013,22:15,0,0,0
03/11/2013,22:30,0,0,0
03/11/2013,22:45,0,0,0
03/11/2013,23:00,0,0,0
03/11/2013,23:15,0,0,0
03/11/2013,23:30,0,0,0
03/11/2013,23:45,0,0,0
04/11/2013,00:00,1,0,1
04/11/2013,00:15,0,0,0
04/11/2013,00:30,0,0,0
04/11/2013,00:45,0,0,0
04/11/2013,01:00,0,0,0
04/11/2013,01:15,0,0,0
04/11/2013,01:30,0,0,0
04/11/2013,01:45,0,0,0
04/11/2013,02:00,0,0,0
04/11/2013,02:15,0,0,0
04/11/2013,02:30,0,0,0
04/11/2013,02:45,0,0,0
04/11/2013,03:00,0,0,0
04/11/2013,03:15,0,0,0
04/11/2013,03:30,0,0,0
04/11/2013,03:45,0,0,0
04/11/2013,04:00,0,0,0
04/11/2013,04:15,1,0,1
04/11/2013,04:30,0,0,0
04/11/2013,04:45,0,0,0
04/11/2013,05:00,0,0,0
04/11/2013,05:15,0,0,0
04/11/2013,05:30,0,0,0
04/11/2013,05:45,2,0,2
04/11/2013,06:00,4,0,4
04/11/2013,06:15,6,0,6
04/11/2013,06:30,16,1,15
04/11/2013,06:45,24,14,10
04/11/2013,07:00,17,9,8
04/11/2013,07:15,14,3,11
04/11/2013,07:30,28,18,10
04/11/2013,07:45,77,67,10
04/11/2013,08:00,62,49,13
04/11/2013,08:15,88,79,9
04/11/2013,08:30,16,2,14
04/11/2013,08:45,21,2,19
04/11/2013,09:00,16,1,15
04/11/2013,09:15,19,2,17
04/11/2013,09:30,20,4,16
04/11/2013,09:45,19,4,15
04/11/2013,10:00,21,2,19
04/11/2013,10:15,14,1,13
04/11/2013,10:30,20,9,11
04/11/2013,10:45,15,2,13
04/11/2013,11:00,43,26,17
04/11/2013,11:15,20,2,18
04/11/2013,11:30,20,1,19
04/11/2013,11:45,17,3,14
04/11/2013,12:00,19,3,16
04/11/2013,12:15,21,4,17
04/11/2013,12:30,16,4,12
04/11/2013,12:45,26,6,20
04/11/2013,13:00,22,5,17
04/11/2013,13:15,26,6,20
04/11/2013,13:30,35,6,29
04/11/2013,13:45,21,4,17
04/11/2013,14:00,22,5,17
04/11/2013,14:15,17,1,16
04/11/2013,14:30,21,3,18
04/11/2013,14:45,12,3,9
04/11/2013,15:00,12,2,10
04/11/2013,15:15,12,0,12
04/11/2013,15:30,27,6,21
04/11/2013,15:45,41,13,28
04/11/2013,16:00,12,2,10
04/11/2013,16:15,20,2,18
04/11/2013,16:30,14,1,13
04/11/2013,16:45,14,3,11
04/11/2013,17:00,24,7,17
04/11/2013,17:15,11,3,8
04/11/2013,17:30,21,5,16
04/11/2013,17:45,8,2,6
04/11/2013,18:00,10,5,5
04/11/2013,18:15,14,9,5
04/11/2013,18:30,6,3,3
04/11/2013,18:45,7,5,2
04/11/2013,19:00,2,1,1
04/11/2013,19:15,4,3,1
04/11/2013,19:30,1,1,0
04/11/2013,19:45,1,1,0
04/11/2013,20:00,4,1,3
04/11/2013,20:15,0,0,0
04/11/2013,20:30,0,0,0
04/11/2013,20:45,1,0,1
04/11/2013,21:00,1,0,1
04/11/2013,21:15,1,1,0
04/11/2013,21:30,0,0,0
04/11/2013,21:45,1,0,1
04/11/2013,22:00,0,0,0
04/11/2013,22:15,0,0,0
04/11/2013,22:30,0,0,0
04/11/2013,22:45,0,0,0
04/11/2013,23:00,0,0,0
04/11/2013,23:15,0,0,0
04/11/2013,23:30,0,0,0
04/11/2013,23:45,0,0,0
05/11/2013,00:00,6,6,0
05/11/2013,00:15,0,0,0
05/11/2013,00:30,0,0,0
05/11/2013,00:45,0,0,0
05/11/2013,01:00,0,0,0
05/11/2013,01:15,1,1,0
05/11/2013,01:30,13,13,0
05/11/2013,01:45,0,0,0
05/11/2013,02:00,0,0,0
05/11/2013,02:15,0,0,0
05/11/2013,02:30,0,0,0
05/11/2013,02:45,0,0,0
05/11/2013,03:00,0,0,0
05/11/2013,03:15,0,0,0
05/11/2013,03:30,0,0,0
05/11/2013,03:45,0,0,0
05/11/2013,04:00,0,0,0
05/11/2013,04:15,0,0,0
05/11/2013,04:30,0,0,0
05/11/2013,04:45,0,0,0
05/11/2013,05:00,0,0,0
05/11/2013,05:15,2,0,2
05/11/2013,05:30,1,0,1
05/11/2013,05:45,3,0,3
05/11/2013,06:00,3,1,2
05/11/2013,06:15,6,0,6
05/11/2013,06:30,7,0,7
05/11/2013,06:45,14,0,14
05/11/2013,07:00,84,76,8
05/11/2013,07:15,79,73,6
05/11/2013,07:30,19,5,14
05/11/2013,07:45,18,2,16
05/11/2013,08:00,32,16,16
05/11/2013,08:15,30,9,21
05/11/2013,08:30,25,5,20
05/11/2013,08:45,13,0,13
05/11/2013,09:00,20,2,18
05/11/2013,09:15,26,6,20
05/11/2013,09:30,21,2,19
05/11/2013,09:45,11,3,8
05/11/2013,10:00,10,3,7
05/11/2013,10:15,21,3,18
05/11/2013,10:30,17,5,12
05/11/2013,10:45,17,5,12
05/11/2013,11:00,20,3,17
05/11/2013,11:15,11,4,7
05/11/2013,11:30,10,0,10
05/11/2013,11:45,17,3,14
05/11/2013,12:00,14,1,13
05/11/2013,12:15,23,4,19
05/11/2013,12:30,21,3,18
05/11/2013,12:45,16,1,15
05/11/2013,13:00,14,3,11
05/11/2013,13:15,19,4,15
05/11/2013,13:30,20,4,16
05/11/2013,13:45,20,2,18
05/11/2013,14:00,15,2,13
05/11/2013,14:15,12,1,11
05/11/2013,14:30,10,2,8
05/11/2013,14:45,17,2,15
05/11/2013,15:00,14,3,11
05/11/2013,15:15,20,5,15
05/11/2013,15:30,17,3,14
05/11/2013,15:45,35,8,27
05/11/2013,16:00,15,4,11
05/11/2013,16:15,27,6,21
05/11/2013,16:30,29,4,25
05/11/2013,16:45,29,3,26
05/11/2013,17:00,32,10,22
05/11/2013,17:15,16,5,11
05/11/2013,17:30,11,1,10
05/11/2013,17:45,18,3,15
05/11/2013,18:00,8,4,4
05/11/2013,18:15,7,6,1
05/11/2013,18:30,7,3,4
05/11/2013,18:45,1,1,0
05/11/2013,19:00,8,5,3
05/11/2013,19:15,3,1,2
05/11/2013,19:30,7,0,7
05/11/2013,19:45,0,0,0
05/11/2013,20:00,2,2,0
05/11/2013,20:15,1,1,0
05/11/2013,20:30,1,0,1
05/11/2013,20:45,1,0,1
05/11/2013,21:00,0,0,0
05/11/2013,21:15,0,0,0
05/11/2013,21:30,1,1,0
05/11/2013,21:45,31,31,0
05/11/2013,22:00,5,5,0
05/11/2013,22:15,0,0,0
05/11/2013,22:30,1,0,1
05/11/2013,22:45,0,0,0
05/11/2013,23:00,46,46,0
05/11/2013,23:15,21,20,1
05/11/2013,23:30,17,15,2
05/11/2013,23:45,13,13,0
06/11/2013,00:00,51,51,0
06/11/2013,00:15,0,0,0
06/11/2013,00:30,0,0,0
06/11/2013,00:45,0,0,0
06/11/2013,01:00,0,0,0
06/11/2013,01:15,0,0,0
06/11/2013,01:30,0,0,0
06/11/2013,01:45,0,0,0
06/11/2013,02:00,0,0,0
06/11/2013,02:15,0,0,0
06/11/2013,02:30,0,0,0
06/11/2013,02:45,0,0,0
06/11/2013,03:00,0,0,0
06/11/2013,03:15,0,0,0
06/11/2013,03:30,0,0,0
06/11/2013,03:45,0,0,0
06/11/2013,04:00,0,0,0
06/11/2013,04:15,0,0,0
06/11/2013,04:30,0,0,0
06/11/2013,04:45,1,0,1
06/11/2013,05:00,0,0,0
06/11/2013,05:15,3,0,3
06/11/2013,05:30,1,0,1
06/11/2013,05:45,3,0,3
06/11/2013,06:00,3,0,3
06/11/2013,06:15,9,0,9
06/11/2013,06:30,10,0,10
06/11/2013,06:45,10,0,10
06/11/2013,07:00,12,2,10
06/11/2013,07:15,15,1,14
06/11/2013,07:30,19,3,16
06/11/2013,07:45,29,8,21
06/11/2013,08:00,37,15,22
06/11/2013,08:15,27,10,17
06/11/2013,08:30,15,1,14
06/11/2013,08:45,23,2,21
06/11/2013,09:00,26,4,22
06/11/2013,09:15,27,3,24
06/11/2013,09:30,13,1,12
06/11/2013,09:45,10,0,10
06/11/2013,10:00,16,2,14
06/11/2013,10:15,9,0,9
06/11/2013,10:30,21,3,18
06/11/2013,10:45,28,6,22
06/11/2013,11:00,14,3,11
06/11/2013,11:15,21,3,18
06/11/2013,11:30,9,2,7
06/11/2013,11:45,12,2,10
06/11/2013,12:00,17,5,12
06/11/2013,12:15,24,3,21
06/11/2013,12:30,13,0,13
06/11/2013,12:45,16,2,14
06/11/2013,13:00,20,2,18
06/11/2013,13:15,14,3,11
06/11/2013,13:30,40,14,26
06/11/2013,13:45,20,8,12
06/11/2013,14:00,16,3,13
06/11/2013,14:15,15,3,12
06/11/2013,14:30,19,1,18
06/11/2013,14:45,19,6,13
06/11/2013,15:00,30,8,22
06/11/2013,15:15,27,6,21
06/11/2013,15:30,36,13,23
06/11/2013,15:45,27,6,21
06/11/2013,16:00,33,4,29
06/11/2013,16:15,15,4,11
06/11/2013,16:30,22,7,15
06/11/2013,16:45,23,3,20
06/11/2013,17:00,14,3,11
06/11/2013,17:15,23,5,18
06/11/2013,17:30,17,2,15
06/11/2013,17:45,14,5,9
06/11/2013,18:00,2,1,1
06/11/2013,18:15,12,8,4
06/11/2013,18:30,6,5,1
06/11/2013,18:45,7,5,2
06/11/2013,19:00,3,1,2
06/11/2013,19:15,4,1,3
06/11/2013,19:30,1,1,0
06/11/2013,19:45,1,0,1
06/11/2013,20:00,6,1,5
06/11/2013,20:15,4,2,2
06/11/2013,20:30,2,0,2
06/11/2013,20:45,1,0,1
06/11/2013,21:00,2,1,1
06/11/2013,21:15,13,12,1
06/11/2013,21:30,1,0,1
06/11/2013,21:45,1,0,1
06/11/2013,22:00,1,0,1
06/11/2013,22:15,16,16,0
06/11/2013,22:30,0,0,0
06/11/2013,22:45,0,0,0
06/11/2013,23:00,0,0,0
06/11/2013,23:15,0,0,0
06/11/2013,23:30,0,0,0
06/11/2013,23:45,0,0,0
07/11/2013,00:00,0,0,0
07/11/2013,00:15,41,41,0
07/11/2013,00:30,27,27,0
07/11/2013,00:45,1,1,0
07/11/2013,01:00,0,0,0
07/11/2013,01:15,0,0,0
07/11/2013,01:30,0,0,0
07/11/2013,01:45,0,0,0
07/11/2013,02:00,0,0,0
07/11/2013,02:15,0,0,0
07/11/2013,02:30,0,0,0
07/11/2013,02:45,0,0,0
07/11/2013,03:00,0,0,0
07/11/2013,03:15,0,0,0
07/11/2013,03:30,0,0,0
07/11/2013,03:45,0,0,0
07/11/2013,04:00,0,0,0
07/11/2013,04:15,1,0,1
07/11/2013,04:30,0,0,0
07/11/2013,04:45,0,0,0
07/11/2013,05:00,0,0,0
07/11/2013,05:15,2,0,2
07/11/2013,05:30,1,0,1
07/11/2013,05:45,1,0,1
07/11/2013,06:00,1,0,1
07/11/2013,06:15,10,0,10
07/11/2013,06:30,7,0,7
07/11/2013,06:45,16,0,16
07/11/2013,07:00,9,1,8
07/11/2013,07:15,25,0,25
07/11/2013,07:30,20,3,17
07/11/2013,07:45,19,2,17
07/11/2013,08:00,26,8,18
07/11/2013,08:15,24,3,21
07/11/2013,08:30,20,0,20
07/11/2013,08:45,24,2,22
07/11/2013,09:00,20,1,19
07/11/2013,09:15,17,6,11
07/11/2013,09:30,20,4,16
07/11/2013,09:45,24,3,21
07/11/2013,10:00,19,7,12
07/11/2013,10:15,20,3,17
07/11/2013,10:30,22,7,15
07/11/2013,10:45,23,10,13
07/11/2013,11:00,14,2,12
07/11/2013,11:15,16,5,11
07/11/2013,11:30,14,3,11
07/11/2013,11:45,9,1,8
07/11/2013,12:00,9,0,9
07/11/2013,12:15,15,3,12
07/11/2013,12:30,21,2,19
07/11/2013,12:45,16,4,12
07/11/2013,13:00,16,2,14
07/11/2013,13:15,16,0,16
07/11/2013,13:30,20,3,17
07/11/2013,13:45,16,4,12
07/11/2013,14:00,12,2,10
07/11/2013,14:15,14,2,12
07/11/2013,14:30,18,8,10
07/11/2013,14:45,36,12,24
07/11/2013,15:00,14,3,11
07/11/2013,15:15,15,3,12
07/11/2013,15:30,23,6,17
07/11/2013,15:45,29,10,19
07/11/2013,16:00,25,5,20
07/11/2013,16:15,17,3,14
07/11/2013,16:30,16,5,11
07/11/2013,16:45,17,3,14
07/11/2013,17:00,35,14,21
07/11/2013,17:15,26,2,24
07/11/2013,17:30,24,4,20
07/11/2013,17:45,9,3,6
07/11/2013,18:00,15,6,9
07/11/2013,18:15,3,1,2
07/11/2013,18:30,2,1,1
07/11/2013,18:45,8,5,3
07/11/2013,19:00,4,2,2
07/11/2013,19:15,5,3,2
07/11/2013,19:30,1,0,1
07/11/2013,19:45,0,0,0
07/11/2013,20:00,2,2,0
07/11/2013,20:15,0,0,0
07/11/2013,20:30,1,1,0
07/11/2013,20:45,1,0,1
07/11/2013,21:00,0,0,0
07/11/2013,21:15,0,0,0
07/11/2013,21:30,0,0,0
07/11/2013,21:45,1,0,1
07/11/2013,22:00,1,1,0
07/11/2013,22:15,2,1,1
07/11/2013,22:30,0,0,0
07/11/2013,22:45,0,0,0
07/11/2013,23:00,1,1,0
07/11/2013,23:15,0,0,0
07/11/2013,23:30,0,0,0
07/11/2013,23:45,1,0,1
08/11/2013,00:00,0,0,0
08/11/2013,00:15,0,0,0
08/11/2013,00:30,0,0,0
08/11/2013,00:45,0,0,0
08/11/2013,01:00,0,0,0
08/11/2013,01:15,0,0,0
08/11/2013,01:30,0,0,0
08/11/2013,01:45,0,0,0
08/11/2013,02:00,0,0,0
08/11/2013,02:15,0,0,0
08/11/2013,02:30,0,0,0
08/11/2013,02:45,0,0,0
08/11/2013,03:00,0,0,0
08/11/2013,03:15,0,0,0
08/11/2013,03:30,0,0,0
08/11/2013,03:45,1,0,1
08/11/2013,04:00,0,0,0
08/11/2013,04:15,0,0,0
08/11/2013,04:30,0,0,0
08/11/2013,04:45,0,0,0
08/11/2013,05:00,0,0,0
08/11/2013,05:15,2,0,2
08/11/2013,05:30,2,0,2
08/11/2013,05:45,1,0,1
08/11/2013,06:00,4,0,4
08/11/2013,06:15,4,1,3
08/11/2013,06:30,3,0,3
08/11/2013,06:45,8,1,7
08/11/2013,07:00,13,0,13
08/11/2013,07:15,11,1,10
08/11/2013,07:30,21,4,17
08/11/2013,07:45,20,2,18
08/11/2013,08:00,36,13,23
08/11/2013,08:15,29,6,23
08/11/2013,08:30,15,0,15
08/11/2013,08:45,27,1,26
08/11/2013,09:00,13,3,10
08/11/2013,09:15,16,2,14
08/11/2013,09:30,29,3,26
08/11/2013,09:45,19,2,17
08/11/2013,10:00,21,3,18
08/11/2013,10:15,18,2,16
08/11/2013,10:30,24,2,22
08/11/2013,10:45,11,3,8
08/11/2013,11:00,20,8,12
08/11/2013,11:15,21,7,14
08/11/2013,11:30,16,1,15
08/11/2013,11:45,10,1,9
08/11/2013,12:00,13,3,10
08/11/2013,12:15,13,3,10
08/11/2013,12:30,16,2,14
08/11/2013,12:45,7,2,5
08/11/2013,13:00,7,1,6
08/11/2013,13:15,14,4,10
08/11/2013,13:30,16,2,14
08/11/2013,13:45,14,2,12
08/11/2013,14:00,12,1,11
08/11/2013,14:15,15,5,10
08/11/2013,14:30,23,8,15
08/11/2013,14:45,11,1,10
08/11/2013,15:00,20,5,15
08/11/2013,15:15,23,3,20
08/11/2013,15:30,19,3,16
08/11/2013,15:45,42,11,31
08/11/2013,16:00,23,6,17
08/11/2013,16:15,22,6,16
08/11/2013,16:30,30,5,25
08/11/2013,16:45,20,4,16
08/11/2013,17:00,41,2,39
08/11/2013,17:15,20,6,14
08/11/2013,17:30,9,1,8
08/11/2013,17:45,6,3,3
08/11/2013,18:00,0,0,0
08/11/2013,18:15,6,4,2
08/11/2013,18:30,5,2,3
08/11/2013,18:45,10,8,2
08/11/2013,19:00,2,2,0
08/11/2013,19:15,1,1,0
08/11/2013,19:30,1,0,1
08/11/2013,19:45,0,0,0
08/11/2013,20:00,3,3,0
08/11/2013,20:15,0,0,0
08/11/2013,20:30,0,0,0
08/11/2013,20:45,0,0,0
08/11/2013,21:00,0,0,0
08/11/2013,21:15,3,2,1
08/11/2013,21:30,0,0,0
08/11/2013,21:45,0,0,0
08/11/2013,22:00,1,0,1
08/11/2013,22:15,1,1,0
08/11/2013,22:30,0,0,0
08/11/2013,22:45,0,0,0
08/11/2013,23:00,0,0,0
08/11/2013,23:15,0,0,0
08/11/2013,23:30,0,0,0
08/11/2013,23:45,0,0,0
09/11/2013,00:00,0,0,0
09/11/2013,00:15,0,0,0
09/11/2013,00:30,1,1,0
09/11/2013,00:45,0,0,0
09/11/2013,01:00,0,0,0
09/11/2013,01:15,0,0,0
09/11/2013,01:30,0,0,0
09/11/2013,01:45,0,0,0
09/11/2013,02:00,0,0,0
09/11/2013,02:15,0,0,0
09/11/2013,02:30,0,0,0
09/11/2013,02:45,0,0,0
09/11/2013,03:00,0,0,0
09/11/2013,03:15,0,0,0
09/11/2013,03:30,0,0,0
09/11/2013,03:45,0,0,0
09/11/2013,04:00,0,0,0
09/11/2013,04:15,0,0,0
09/11/2013,04:30,2,1,1
09/11/2013,04:45,0,0,0
09/11/2013,05:00,0,0,0
09/11/2013,05:15,1,1,0
09/11/2013,05:30,0,0,0
09/11/2013,05:45,0,0,0
09/11/2013,06:00,0,0,0
09/11/2013,06:15,5,2,3
09/11/2013,06:30,4,0,4
09/11/2013,06:45,10,1,9
09/11/2013,07:00,3,0,3
09/11/2013,07:15,4,0,4
09/11/2013,07:30,7,0,7
09/11/2013,07:45,12,0,12
09/11/2013,08:00,17,1,16
09/11/2013,08:15,17,0,17
09/11/2013,08:30,17,2,15
09/11/2013,08:45,24,5,19
09/11/2013,09:00,24,0,24
09/11/2013,09:15,41,2,39
09/11/2013,09:30,16,2,14
09/11/2013,09:45,30,6,24
09/11/2013,10:00,27,6,21
09/11/2013,10:15,28,2,26
09/11/2013,10:30,38,17,21
09/11/2013,10:45,31,10,21
09/11/2013,11:00,24,6,18
09/11/2013,11:15,27,6,21
09/11/2013,11:30,35,12,23
09/11/2013,11:45,23,3,20
09/11/2013,12:00,35,12,23
09/11/2013,12:15,24,3,21
09/11/2013,12:30,26,12,14
09/11/2013,12:45,24,7,17
09/11/2013,13:00,19,5,14
09/11/2013,13:15,29,5,24
09/11/2013,13:30,13,5,8
09/11/2013,13:45,14,2,12
09/11/2013,14:00,20,2,18
09/11/2013,14:15,13,4,9
09/11/2013,14:30,18,6,12
09/11/2013,14:45,27,9,18
09/11/2013,15:00,21,2,19
09/11/2013,15:15,21,11,10
09/11/2013,15:30,26,5,21
09/11/2013,15:45,27,6,21
09/11/2013,16:00,43,9,34
09/11/2013,16:15,44,12,32
09/11/2013,16:30,29,4,25
09/11/2013,16:45,41,8,33
09/11/2013,17:00,22,5,17
09/11/2013,17:15,18,4,14
09/11/2013,17:30,17,1,16
09/11/2013,17:45,2,0,2
09/11/2013,18:00,4,0,4
09/11/2013,18:15,1,1,0
09/11/2013,18:30,2,2,0
09/11/2013,18:45,0,0,0
09/11/2013,19:00,3,0,3
09/11/2013,19:15,0,0,0
09/11/2013,19:30,0,0,0
09/11/2013,19:45,0,0,0
09/11/2013,20:00,0,0,0
09/11/2013,20:15,0,0,0
09/11/2013,20:30,0,0,0
09/11/2013,20:45,0,0,0
09/11/2013,21:00,1,0,1
09/11/2013,21:15,1,0,1
09/11/2013,21:30,4,1,3
09/11/2013,21:45,0,0,0
09/11/2013,22:00,1,0,1
09/11/2013,22:15,0,0,0
09/11/2013,22:30,0,0,0
09/11/2013,22:45,0,0,0
09/11/2013,23:00,0,0,0
09/11/2013,23:15,0,0,0
09/11/2013,23:30,0,0,0
09/11/2013,23:45,0,0,0
10/11/2013,00:00,0,0,0
10/11/2013,00:15,0,0,0
10/11/2013,00:30,0,0,0
10/11/2013,00:45,1,0,1
10/11/2013,01:00,0,0,0
10/11/2013,01:15,0,0,0
10/11/2013,01:30,0,0,0
10/11/2013,01:45,0,0,0
10/11/2013,02:00,0,0,0
10/11/2013,02:15,0,0,0
10/11/2013,02:30,0,0,0
10/11/2013,02:45,1,0,1
10/11/2013,03:00,0,0,0
10/11/2013,03:15,0,0,0
10/11/2013,03:30,0,0,0
10/11/2013,03:45,0,0,0
10/11/2013,04:00,0,0,0
10/11/2013,04:15,0,0,0
10/11/2013,04:30,0,0,0
10/11/2013,04:45,0,0,0
10/11/2013,05:00,0,0,0
10/11/2013,05:15,1,0,1
10/11/2013,05:30,1,0,1
10/11/2013,05:45,0,0,0
10/11/2013,06:00,0,0,0
10/11/2013,06:15,0,0,0
10/11/2013,06:30,5,2,3
10/11/2013,06:45,1,0,1
10/11/2013,07:00,4,1,3
10/11/2013,07:15,7,0,7
10/11/2013,07:30,5,0,5
10/11/2013,07:45,7,3,4
10/11/2013,08:00,5,3,2
10/11/2013,08:15,11,1,10
10/11/2013,08:30,11,2,9
10/11/2013,08:45,19,3,16
10/11/2013,09:00,18,4,14
10/11/2013,09:15,42,21,21
10/11/2013,09:30,25,5,20
10/11/2013,09:45,23,3,20
10/11/2013,10:00,14,3,11
10/11/2013,10:15,31,4,27
10/11/2013,10:30,35,7,28
10/11/2013,10:45,42,8,34
10/11/2013,11:00,26,10,16
10/11/2013,11:15,32,15,17
10/11/2013,11:30,32,5,27
10/11/2013,11:45,18,2,16
10/11/2013,12:00,25,4,21
10/11/2013,12:15,30,9,21
10/11/2013,12:30,33,14,19
10/11/2013,12:45,37,13,24
10/11/2013,13:00,34,9,25
10/11/2013,13:15,26,7,19
10/11/2013,13:30,28,9,19
10/11/2013,13:45,26,11,15
10/11/2013,14:00,41,20,21
10/11/2013,14:15,32,6,26
10/11/2013,14:30,32,9,23
10/11/2013,14:45,21,6,15
10/11/2013,15:00,33,7,26
10/11/2013,15:15,27,9,18
10/11/2013,15:30,53,12,41
10/11/2013,15:45,32,5,27
10/11/2013,16:00,29,7,22
10/11/2013,16:15,30,4,26
10/11/2013,16:30,24,4,20
10/11/2013,16:45,28,6,22
10/11/2013,17:00,28,3,25
10/11/2013,17:15,11,3,8
10/11/2013,17:30,10,1,9
10/11/2013,17:45,1,0,1
10/11/2013,18:00,3,0,3
10/11/2013,18:15,2,0,2
10/11/2013,18:30,1,0,1
10/11/2013,18:45,2,1,1
10/11/2013,19:00,0,0,0
10/11/2013,19:15,1,0,1
10/11/2013,19:30,1,0,1
10/11/2013,19:45,0,0,0
10/11/2013,20:00,1,0,1
10/11/2013,20:15,0,0,0
10/11/2013,20:30,0,0,0
10/11/2013,20:45,2,1,1
10/11/2013,21:00,3,0,3
10/11/2013,21:15,0,0,0
10/11/2013,21:30,1,0,1
10/11/2013,21:45,0,0,0
10/11/2013,22:00,0,0,0
10/11/2013,22:15,0,0,0
10/11/2013,22:30,0,0,0
10/11/2013,22:45,1,0,1
10/11/2013,23:00,0,0,0
10/11/2013,23:15,1,1,0
10/11/2013,23:30,1,0,1
10/11/2013,23:45,0,0,0
11/11/2013,00:00,0,0,0
11/11/2013,00:15,0,0,0
11/11/2013,00:30,0,0,0
11/11/2013,00:45,0,0,0
11/11/2013,01:00,0,0,0
11/11/2013,01:15,0,0,0
11/11/2013,01:30,0,0,0
11/11/2013,01:45,0,0,0
11/11/2013,02:00,0,0,0
11/11/2013,02:15,0,0,0
11/11/2013,02:30,0,0,0
11/11/2013,02:45,0,0,0
11/11/2013,03:00,0,0,0
11/11/2013,03:15,0,0,0
11/11/2013,03:30,0,0,0
11/11/2013,03:45,0,0,0
11/11/2013,04:00,0,0,0
11/11/2013,04:15,0,0,0
11/11/2013,04:30,0,0,0
11/11/2013,04:45,0,0,0
11/11/2013,05:00,0,0,0
11/11/2013,05:15,0,0,0
11/11/2013,05:30,0,0,0
11/11/2013,05:45,2,0,2
11/11/2013,06:00,3,1,2
11/11/2013,06:15,5,0,5
11/11/2013,06:30,4,1,3
11/11/2013,06:45,8,1,7
11/11/2013,07:00,10,1,9
11/11/2013,07:15,14,0,14
11/11/2013,07:30,11,0,11
11/11/2013,07:45,10,1,9
11/11/2013,08:00,12,0,12
11/11/2013,08:15,12,2,10
11/11/2013,08:30,11,2,9
11/11/2013,08:45,15,1,14
11/11/2013,09:00,17,3,14
11/11/2013,09:15,10,0,10
11/11/2013,09:30,17,1,16
11/11/2013,09:45,16,5,11
11/11/2013,10:00,18,6,12
11/11/2013,10:15,12,3,9
11/11/2013,10:30,15,0,15
11/11/2013,10:45,15,2,13
11/11/2013,11:00,8,2,6
11/11/2013,11:15,16,7,9
11/11/2013,11:30,18,3,15
11/11/2013,11:45,22,6,16
11/11/2013,12:00,18,7,11
11/11/2013,12:15,26,12,14
11/11/2013,12:30,17,4,13
11/11/2013,12:45,39,33,6
11/11/2013,13:00,17,8,9
11/11/2013,13:15,22,6,16
11/11/2013,13:30,18,2,16
11/11/2013,13:45,19,2,17
11/11/2013,14:00,15,3,12
11/11/2013,14:15,26,3,23
11/11/2013,14:30,29,6,23
11/11/2013,14:45,16,4,12
11/11/2013,15:00,18,5,13
11/11/2013,15:15,23,5,18
11/11/2013,15:30,20,5,15
11/11/2013,15:45,23,9,14
11/11/2013,16:00,12,4,8
11/11/2013,16:15,21,1,20
11/11/2013,16:30,28,6,22
11/11/2013,16:45,24,7,17
11/11/2013,17:00,24,8,16
11/11/2013,17:15,17,6,11
11/11/2013,17:30,6,0,6
11/11/2013,17:45,6,3,3
11/11/2013,18:00,2,1,1
11/11/2013,18:15,7,5,2
11/11/2013,18:30,6,5,1
11/11/2013,18:45,4,0,4
11/11/2013,19:00,3,3,0
11/11/2013,19:15,0,0,0
11/11/2013,19:30,3,1,2
11/11/2013,19:45,4,1,3
11/11/2013,20:00,2,2,0
11/11/2013,20:15,0,0,0
11/11/2013,20:30,1,0,1
11/11/2013,20:45,3,0,3
11/11/2013,21:00,4,0,4
11/11/2013,21:15,2,0,2
11/11/2013,21:30,2,0,2
11/11/2013,21:45,0,0,0
11/11/2013,22:00,0,0,0
11/11/2013,22:15,1,1,0
11/11/2013,22:30,1,0,1
11/11/2013,22:45,0,0,0
11/11/2013,23:00,0,0,0
11/11/2013,23:15,1,0,1
11/11/2013,23:30,1,0,1
11/11/2013,23:45,0,0,0
12/11/2013,00:00,0,0,0
12/11/2013,00:15,0,0,0
12/11/2013,00:30,0,0,0
12/11/2013,00:45,1,1,0
12/11/2013,01:00,0,0,0
12/11/2013,01:15,0,0,0
12/11/2013,01:30,0,0,0
12/11/2013,01:45,0,0,0
12/11/2013,02:00,0,0,0
12/11/2013,02:15,0,0,0
12/11/2013,02:30,0,0,0
12/11/2013,02:45,0,0,0
12/11/2013,03:00,0,0,0
12/11/2013,03:15,0,0,0
12/11/2013,03:30,0,0,0
12/11/2013,03:45,0,0,0
12/11/2013,04:00,0,0,0
12/11/2013,04:15,0,0,0
12/11/2013,04:30,0,0,0
12/11/2013,04:45,0,0,0
12/11/2013,05:00,0,0,0
12/11/2013,05:15,2,1,1
12/11/2013,05:30,3,0,3
12/11/2013,05:45,3,0,3
12/11/2013,06:00,3,0,3
12/11/2013,06:15,7,0,7
12/11/2013,06:30,3,0,3
12/11/2013,06:45,10,0,10
12/11/2013,07:00,18,1,17
12/11/2013,07:15,13,1,12
12/11/2013,07:30,18,4,14
12/11/2013,07:45,14,4,10
12/11/2013,08:00,29,9,20
12/11/2013,08:15,19,5,14
12/11/2013,08:30,17,2,15
12/11/2013,08:45,21,3,18
12/11/2013,09:00,15,0,15
12/11/2013,09:15,19,2,17
12/11/2013,09:30,16,3,13
12/11/2013,09:45,11,1,10
12/11/2013,10:00,12,2,10
12/11/2013,10:15,12,3,9
12/11/2013,10:30,7,0,7
12/11/2013,10:45,21,4,17
12/11/2013,11:00,8,0,8
12/11/2013,11:15,13,1,12
12/11/2013,11:30,10,1,9
12/11/2013,11:45,11,2,9
12/11/2013,12:00,15,4,11
12/11/2013,12:15,9,1,8
12/11/2013,12:30,16,3,13
12/11/2013,12:45,84,75,9
12/11/2013,13:00,22,8,14
12/11/2013,13:15,14,6,8
12/11/2013,13:30,11,4,7
12/11/2013,13:45,15,3,12
12/11/2013,14:00,16,2,14
12/11/2013,14:15,13,0,13
12/11/2013,14:30,10,1,9
12/11/2013,14:45,11,3,8
12/11/2013,15:00,10,3,7
12/11/2013,15:15,5,1,4
12/11/2013,15:30,31,5,26
12/11/2013,15:45,33,10,23
12/11/2013,16:00,30,8,22
12/11/2013,16:15,22,5,17
12/11/2013,16:30,21,3,18
12/11/2013,16:45,25,5,20
12/11/2013,17:00,28,10,18
12/11/2013,17:15,12,3,9
12/11/2013,17:30,15,4,11
12/11/2013,17:45,17,8,9
12/11/2013,18:00,8,2,6
12/11/2013,18:15,7,4,3
12/11/2013,18:30,4,2,2
12/11/2013,18:45,8,5,3
12/11/2013,19:00,4,2,2
12/11/2013,19:15,5,2,3
12/11/2013,19:30,2,0,2
12/11/2013,19:45,1,0,1
12/11/2013,20:00,5,4,1
12/11/2013,20:15,1,0,1
12/11/2013,20:30,4,1,3
12/11/2013,20:45,3,2,1
12/11/2013,21:00,2,1,1
12/11/2013,21:15,0,0,0
12/11/2013,21:30,0,0,0
12/11/2013,21:45,1,0,1
12/11/2013,22:00,0,0,0
12/11/2013,22:15,2,1,1
12/11/2013,22:30,0,0,0
12/11/2013,22:45,0,0,0
12/11/2013,23:00,0,0,0
12/11/2013,23:15,0,0,0
12/11/2013,23:30,0,0,0
12/11/2013,23:45,0,0,0
13/11/2013,00:00,0,0,0
13/11/2013,00:15,0,0,0
13/11/2013,00:30,0,0,0
13/11/2013,00:45,0,0,0
13/11/2013,01:00,0,0,0
13/11/2013,01:15,0,0,0
13/11/2013,01:30,0,0,0
13/11/2013,01:45,0,0,0
13/11/2013,02:00,0,0,0
13/11/2013,02:15,0,0,0
13/11/2013,02:30,0,0,0
13/11/2013,02:45,0,0,0
13/11/2013,03:00,0,0,0
13/11/2013,03:15,0,0,0
13/11/2013,03:30,0,0,0
13/11/2013,03:45,0,0,0
13/11/2013,04:00,0,0,0
13/11/2013,04:15,0,0,0
13/11/2013,04:30,0,0,0
13/11/2013,04:45,0,0,0
13/11/2013,05:00,0,0,0
13/11/2013,05:15,1,0,1
13/11/2013,05:30,3,0,3
13/11/2013,05:45,0,0,0
13/11/2013,06:00,2,0,2
13/11/2013,06:15,13,0,13
13/11/2013,06:30,12,1,11
13/11/2013,06:45,10,1,9
13/11/2013,07:00,13,1,12
13/11/2013,07:15,12,1,11
13/11/2013,07:30,19,4,15
13/11/2013,07:45,32,7,25
13/11/2013,08:00,36,15,21
13/11/2013,08:15,22,8,14
13/11/2013,08:30,25,3,22
13/11/2013,08:45,19,1,18
13/11/2013,09:00,18,1,17
13/11/2013,09:15,27,5,22
13/11/2013,09:30,15,2,13
13/11/2013,09:45,18,2,16
13/11/2013,10:00,47,4,43
13/11/2013,10:15,16,3,13
13/11/2013,10:30,25,7,18
13/11/2013,10:45,19,8,11
13/11/2013,11:00,22,5,17
13/11/2013,11:15,22,6,16
13/11/2013,11:30,18,4,14
13/11/2013,11:45,18,7,11
13/11/2013,12:00,27,4,23
13/11/2013,12:15,17,3,14
13/11/2013,12:30,20,3,17
13/11/2013,12:45,26,3,23
13/11/2013,13:00,21,3,18
13/11/2013,13:15,17,2,15
13/11/2013,13:30,42,16,26
13/11/2013,13:45,15,4,11
13/11/2013,14:00,28,11,17
13/11/2013,14:15,13,5,8
13/11/2013,14:30,14,5,9
13/11/2013,14:45,16,4,12
13/11/2013,15:00,25,2,23
13/11/2013,15:15,13,8,5
13/11/2013,15:30,20,6,14
13/11/2013,15:45,35,9,26
13/11/2013,16:00,17,4,13
13/11/2013,16:15,25,2,23
13/11/2013,16:30,21,1,20
13/11/2013,16:45,17,1,16
13/11/2013,17:00,25,6,19
13/11/2013,17:15,17,7,10
13/11/2013,17:30,17,2,15
13/11/2013,17:45,13,4,9
13/11/2013,18:00,6,0,6
13/11/2013,18:15,10,5,5
13/11/2013,18:30,12,8,4
13/11/2013,18:45,6,4,2
13/11/2013,19:00,4,2,2
13/11/2013,19:15,4,1,3
13/11/2013,19:30,3,1,2
13/11/2013,19:45,0,0,0
13/11/2013,20:00,5,2,3
13/11/2013,20:15,1,1,0
13/11/2013,20:30,1,0,1
13/11/2013,20:45,2,1,1
13/11/2013,21:00,0,0,0
13/11/2013,21:15,2,1,1
13/11/2013,21:30,0,0,0
13/11/2013,21:45,4,1,3
13/11/2013,22:00,2,0,2
13/11/2013,22:15,3,2,1
13/11/2013,22:30,1,0,1
13/11/2013,22:45,0,0,0
13/11/2013,23:00,0,0,0
13/11/2013,23:15,0,0,0
13/11/2013,23:30,0,0,0
13/11/2013,23:45,0,0,0
14/11/2013,00:00,0,0,0
14/11/2013,00:15,0,0,0
14/11/2013,00:30,0,0,0
14/11/2013,00:45,0,0,0
14/11/2013,01:00,0,0,0
14/11/2013,01:15,0,0,0
14/11/2013,01:30,0,0,0
14/11/2013,01:45,0,0,0
14/11/2013,02:00,0,0,0
14/11/2013,02:15,0,0,0
14/11/2013,02:30,0,0,0
14/11/2013,02:45,0,0,0
14/11/2013,03:00,0,0,0
14/11/2013,03:15,0,0,0
14/11/2013,03:30,0,0,0
14/11/2013,03:45,0,0,0
14/11/2013,04:00,0,0,0
14/11/2013,04:15,0,0,0
14/11/2013,04:30,0,0,0
14/11/2013,04:45,0,0,0
14/11/2013,05:00,1,0,1
14/11/2013,05:15,2,0,2
14/11/2013,05:30,1,0,1
14/11/2013,05:45,2,0,2
14/11/2013,06:00,2,0,2
14/11/2013,06:15,4,0,4
14/11/2013,06:30,9,0,9
14/11/2013,06:45,7,0,7
14/11/2013,07:00,21,3,18
14/11/2013,07:15,17,1,16
14/11/2013,07:30,17,0,17
14/11/2013,07:45,21,2,19
14/11/2013,08:00,33,8,25
14/11/2013,08:15,16,4,12
14/11/2013,08:30,9,1,8
14/11/2013,08:45,22,0,22
14/11/2013,09:00,14,3,11
14/11/2013,09:15,13,1,12
14/11/2013,09:30,8,2,6
14/11/2013,09:45,11,1,10
14/11/2013,10:00,14,1,13
14/11/2013,10:15,12,0,12
14/11/2013,10:30,19,2,17
14/11/2013,10:45,9,1,8
14/11/2013,11:00,15,1,14
14/11/2013,11:15,8,1,7
14/11/2013,11:30,12,1,11
14/11/2013,11:45,18,3,15
14/11/2013,12:00,13,2,11
14/11/2013,12:15,60,55,5
14/11/2013,12:30,26,8,18
14/11/2013,12:45,17,3,14
14/11/2013,13:00,17,2,15
14/11/2013,13:15,18,1,17
14/11/2013,13:30,19,3,16
14/11/2013,13:45,10,2,8
14/11/2013,14:00,16,2,14
14/11/2013,14:15,10,2,8
14/11/2013,14:30,12,1,11
14/11/2013,14:45,27,5,22
14/11/2013,15:00,17,4,13
14/11/2013,15:15,7,1,6
14/11/2013,15:30,20,4,16
14/11/2013,15:45,27,7,20
14/11/2013,16:00,20,5,15
14/11/2013,16:15,16,6,10
14/11/2013,16:30,13,1,12
14/11/2013,16:45,19,2,17
14/11/2013,17:00,18,5,13
14/11/2013,17:15,18,8,10
14/11/2013,17:30,8,1,7
14/11/2013,17:45,14,6,8
14/11/2013,18:00,5,2,3
14/11/2013,18:15,6,4,2
14/11/2013,18:30,9,7,2
14/11/2013,18:45,3,0,3
14/11/2013,19:00,2,2,0
14/11/2013,19:15,3,2,1
14/11/2013,19:30,2,1,1
14/11/2013,19:45,2,0,2
14/11/2013,20:00,4,4,0
14/11/2013,20:15,1,1,0
14/11/2013,20:30,2,1,1
14/11/2013,20:45,0,0,0
14/11/2013,21:00,1,1,0
14/11/2013,21:15,1,0,1
14/11/2013,21:30,1,0,1
14/11/2013,21:45,0,0,0
14/11/2013,22:00,0,0,0
14/11/2013,22:15,1,0,1
14/11/2013,22:30,0,0,0
14/11/2013,22:45,0,0,0
14/11/2013,23:00,0,0,0
14/11/2013,23:15,2,0,2
14/11/2013,23:30,0,0,0
14/11/2013,23:45,1,0,1
