Date,,mvsssyc,mvsssyc_Cyclist,mvsssyc_Pedestrian
14/11/2012,00:00,0,0,0
14/11/2012,00:15,0,0,0
14/11/2012,00:30,0,0,0
14/11/2012,00:45,0,0,0
14/11/2012,01:00,0,0,0
14/11/2012,01:15,0,0,0
14/11/2012,01:30,0,0,0
14/11/2012,01:45,0,0,0
14/11/2012,02:00,0,0,0
14/11/2012,02:15,0,0,0
14/11/2012,02:30,0,0,0
14/11/2012,02:45,0,0,0
14/11/2012,03:00,0,0,0
14/11/2012,03:15,0,0,0
14/11/2012,03:30,0,0,0
14/11/2012,03:45,0,0,0
14/11/2012,04:00,0,0,0
14/11/2012,04:15,1,1,0
14/11/2012,04:30,1,1,0
14/11/2012,04:45,2,2,0
14/11/2012,05:00,2,2,0
14/11/2012,05:15,0,0,0
14/11/2012,05:30,5,5,0
14/11/2012,05:45,3,0,3
14/11/2012,06:00,7,1,6
14/11/2012,06:15,21,14,7
14/11/2012,06:30,13,5,8
14/11/2012,06:45,20,13,7
14/11/2012,07:00,14,8,6
14/11/2012,07:15,24,16,8
14/11/2012,07:30,23,14,9
14/11/2012,07:45,41,29,12
14/11/2012,08:00,76,68,8
14/11/2012,08:15,35,27,8
14/11/2012,08:30,35,19,16
14/11/2012,08:45,36,18,18
14/11/2012,09:00,39,11,28
14/11/2012,09:15,25,8,17
14/11/2012,09:30,53,12,41
14/11/2012,09:45,55,11,44
14/11/2012,10:00,45,13,32
14/11/2012,10:15,23,9,14
14/11/2012,10:30,24,15,9
14/11/2012,10:45,20,10,10
14/11/2012,11:00,5,2,3
14/11/2012,11:15,21,14,7
14/11/2012,11:30,19,14,5
14/11/2012,11:45,32,18,14
14/11/2012,12:00,20,6,14
14/11/2012,12:15,25,9,16
14/11/2012,12:30,26,15,11
14/11/2012,12:45,31,18,13
14/11/2012,13:00,21,12,9
14/11/2012,13:15,31,19,12
14/11/2012,13:30,38,20,18
14/11/2012,13:45,55,39,16
14/11/2012,14:00,28,10,18
14/11/2012,14:15,32,16,16
14/11/2012,14:30,40,18,22
14/11/2012,14:45,46,13,33
14/11/2012,15:00,60,27,33
14/11/2012,15:15,58,27,31
14/11/2012,15:30,40,13,27
14/11/2012,15:45,83,17,66
14/11/2012,16:00,91,19,72
14/11/2012,16:15,72,23,49
14/11/2012,16:30,69,21,48
14/11/2012,16:45,44,20,24
14/11/2012,17:00,28,12,16
14/11/2012,17:15,41,16,25
14/11/2012,17:30,36,12,24
14/11/2012,17:45,14,5,9
14/11/2012,18:00,12,9,3
14/11/2012,18:15,13,10,3
14/11/2012,18:30,11,8,3
14/11/2012,18:45,3,3,0
14/11/2012,19:00,1,0,1
14/11/2012,19:15,5,2,3
14/11/2012,19:30,1,1,0
14/11/2012,19:45,8,6,2
14/11/2012,20:00,1,0,1
14/11/2012,20:15,3,3,0
14/11/2012,20:30,5,5,0
14/11/2012,20:45,2,2,0
14/11/2012,21:00,2,2,0
14/11/2012,21:15,3,2,1
14/11/2012,21:30,3,2,1
14/11/2012,21:45,0,0,0
14/11/2012,22:00,0,0,0
14/11/2012,22:15,1,1,0
14/11/2012,22:30,0,0,0
14/11/2012,22:45,1,1,0
14/11/2012,23:00,0,0,0
14/11/2012,23:15,0,0,0
14/11/2012,23:30,0,0,0
14/11/2012,23:45,0,0,0
15/11/2012,00:00,0,0,0
15/11/2012,00:15,0,0,0
15/11/2012,00:30,0,0,0
15/11/2012,00:45,0,0,0
15/11/2012,01:00,0,0,0
15/11/2012,01:15,0,0,0
15/11/2012,01:30,0,0,0
15/11/2012,01:45,0,0,0
15/11/2012,02:00,0,0,0
15/11/2012,02:15,0,0,0
15/11/2012,02:30,0,0,0
15/11/2012,02:45,0,0,0
15/11/2012,03:00,0,0,0
15/11/2012,03:15,0,0,0
15/11/2012,03:30,1,1,0
15/11/2012,03:45,2,2,0
15/11/2012,04:00,1,1,0
15/11/2012,04:15,0,0,0
15/11/2012,04:30,1,1,0
15/11/2012,04:45,0,0,0
15/11/2012,05:00,0,0,0
15/11/2012,05:15,1,1,0
15/11/2012,05:30,3,2,1
15/11/2012,05:45,10,6,4
15/11/2012,06:00,7,5,2
15/11/2012,06:15,11,8,3
15/11/2012,06:30,17,10,7
15/11/2012,06:45,16,7,9
15/11/2012,07:00,25,15,10
15/11/2012,07:15,22,10,12
15/11/2012,07:30,25,13,12
15/11/2012,07:45,50,34,16
15/11/2012,08:00,78,67,11
15/11/2012,08:15,34,26,8
15/11/2012,08:30,16,7,9
15/11/2012,08:45,23,13,10
15/11/2012,09:00,16,10,6
15/11/2012,09:15,23,6,17
15/11/2012,09:30,24,7,17
15/11/2012,09:45,29,16,13
15/11/2012,10:00,19,11,8
15/11/2012,10:15,20,7,13
15/11/2012,10:30,21,14,7
15/11/2012,10:45,25,15,10
15/11/2012,11:00,30,22,8
15/11/2012,11:15,24,19,5
15/11/2012,11:30,15,11,4
15/11/2012,11:45,6,4,2
15/11/2012,12:00,14,12,2
15/11/2012,12:15,15,9,6
15/11/2012,12:30,8,4,4
15/11/2012,12:45,11,7,4
15/11/2012,13:00,20,11,9
15/11/2012,13:15,24,9,15
15/11/2012,13:30,23,11,12
15/11/2012,13:45,22,13,9
15/11/2012,14:00,25,11,14
15/11/2012,14:15,71,14,57
15/11/2012,14:30,137,12,125
15/11/2012,14:45,61,7,54
15/11/2012,15:00,49,32,17
15/11/2012,15:15,60,41,19
15/11/2012,15:30,27,11,16
15/11/2012,15:45,41,15,26
15/11/2012,16:00,87,30,57
15/11/2012,16:15,39,14,25
15/11/2012,16:30,35,13,22
15/11/2012,16:45,32,11,21
15/11/2012,17:00,32,17,15
15/11/2012,17:15,19,9,10
15/11/2012,17:30,14,7,7
15/11/2012,17:45,17,12,5
15/11/2012,18:00,18,13,5
15/11/2012,18:15,16,15,1
15/11/2012,18:30,19,15,4
15/11/2012,18:45,5,2,3
15/11/2012,19:00,4,2,2
15/11/2012,19:15,4,3,1
15/11/2012,19:30,5,5,0
15/11/2012,19:45,7,5,2
15/11/2012,20:00,2,1,1
15/11/2012,20:15,1,1,0
15/11/2012,20:30,0,0,0
15/11/2012,20:45,1,1,0
15/11/2012,21:00,0,0,0
15/11/2012,21:15,0,0,0
15/11/2012,21:30,0,0,0
15/11/2012,21:45,0,0,0
15/11/2012,22:00,0,0,0
15/11/2012,22:15,2,2,0
15/11/2012,22:30,0,0,0
15/11/2012,22:45,0,0,0
15/11/2012,23:00,0,0,0
15/11/2012,23:15,1,0,1
15/11/2012,23:30,0,0,0
15/11/2012,23:45,1,1,0
16/11/2012,00:00,0,0,0
16/11/2012,00:15,0,0,0
16/11/2012,00:30,0,0,0
16/11/2012,00:45,0,0,0
16/11/2012,01:00,0,0,0
16/11/2012,01:15,0,0,0
16/11/2012,01:30,0,0,0
16/11/2012,01:45,0,0,0
16/11/2012,02:00,0,0,0
16/11/2012,02:15,0,0,0
16/11/2012,02:30,0,0,0
16/11/2012,02:45,0,0,0
16/11/2012,03:00,0,0,0
16/11/2012,03:15,0,0,0
16/11/2012,03:30,1,0,1
16/11/2012,03:45,0,0,0
16/11/2012,04:00,0,0,0
16/11/2012,04:15,0,0,0
16/11/2012,04:30,1,1,0
16/11/2012,04:45,0,0,0
16/11/2012,05:00,0,0,0
16/11/2012,05:15,0,0,0
16/11/2012,05:30,1,1,0
16/11/2012,05:45,4,1,3
16/11/2012,06:00,5,3,2
16/11/2012,06:15,4,3,1
16/11/2012,06:30,5,2,3
16/11/2012,06:45,11,3,8
16/11/2012,07:00,4,2,2
16/11/2012,07:15,5,4,1
16/11/2012,07:30,1,1,0
16/11/2012,07:45,5,2,3
16/11/2012,08:00,9,6,3
16/11/2012,08:15,5,5,0
16/11/2012,08:30,6,3,3
16/11/2012,08:45,6,4,2
16/11/2012,09:00,9,1,8
16/11/2012,09:15,14,3,11
16/11/2012,09:30,3,1,2
16/11/2012,09:45,5,1,4
16/11/2012,10:00,6,1,5
16/11/2012,10:15,2,0,2
16/11/2012,10:30,4,1,3
16/11/2012,10:45,11,1,10
16/11/2012,11:00,13,7,6
16/11/2012,11:15,7,2,5
16/11/2012,11:30,11,2,9
16/11/2012,11:45,19,4,15
16/11/2012,12:00,9,1,8
16/11/2012,12:15,10,3,7
16/11/2012,12:30,1,0,1
16/11/2012,12:45,7,6,1
16/11/2012,13:00,8,4,4
16/11/2012,13:15,8,8,0
16/11/2012,13:30,9,6,3
16/11/2012,13:45,11,8,3
16/11/2012,14:00,6,3,3
16/11/2012,14:15,6,4,2
16/11/2012,14:30,4,3,1
16/11/2012,14:45,8,6,2
16/11/2012,15:00,1,0,1
16/11/2012,15:15,4,4,0
16/11/2012,15:30,2,2,0
16/11/2012,15:45,6,5,1
16/11/2012,16:00,9,2,7
16/11/2012,16:15,4,0,4
16/11/2012,16:30,3,1,2
16/11/2012,16:45,4,2,2
16/11/2012,17:00,4,1,3
16/11/2012,17:15,3,0,3
16/11/2012,17:30,4,2,2
16/11/2012,17:45,0,0,0
16/11/2012,18:00,1,1,0
16/11/2012,18:15,1,1,0
16/11/2012,18:30,3,2,1
16/11/2012,18:45,2,2,0
16/11/2012,19:00,1,0,1
16/11/2012,19:15,0,0,0
16/11/2012,19:30,1,1,0
16/11/2012,19:45,2,1,1
16/11/2012,20:00,0,0,0
16/11/2012,20:15,0,0,0
16/11/2012,20:30,0,0,0
16/11/2012,20:45,0,0,0
16/11/2012,21:00,1,0,1
16/11/2012,21:15,0,0,0
16/11/2012,21:30,0,0,0
16/11/2012,21:45,1,1,0
16/11/2012,22:00,0,0,0
16/11/2012,22:15,0,0,0
16/11/2012,22:30,1,1,0
16/11/2012,22:45,0,0,0
16/11/2012,23:00,0,0,0
16/11/2012,23:15,0,0,0
16/11/2012,23:30,0,0,0
16/11/2012,23:45,0,0,0
17/11/2012,00:00,0,0,0
17/11/2012,00:15,0,0,0
17/11/2012,00:30,0,0,0
17/11/2012,00:45,0,0,0
17/11/2012,01:00,0,0,0
17/11/2012,01:15,0,0,0
17/11/2012,01:30,0,0,0
17/11/2012,01:45,0,0,0
17/11/2012,02:00,0,0,0
17/11/2012,02:15,0,0,0
17/11/2012,02:30,0,0,0
17/11/2012,02:45,0,0,0
17/11/2012,03:00,0,0,0
17/11/2012,03:15,0,0,0
17/11/2012,03:30,1,1,0
17/11/2012,03:45,0,0,0
17/11/2012,04:00,0,0,0
17/11/2012,04:15,0,0,0
17/11/2012,04:30,0,0,0
17/11/2012,04:45,0,0,0
17/11/2012,05:00,0,0,0
17/11/2012,05:15,0,0,0
17/11/2012,05:30,0,0,0
17/11/2012,05:45,2,0,2
17/11/2012,06:00,0,0,0
17/11/2012,06:15,0,0,0
17/11/2012,06:30,0,0,0
17/11/2012,06:45,0,0,0
17/11/2012,07:00,2,2,0
17/11/2012,07:15,5,5,0
17/11/2012,07:30,1,1,0
17/11/2012,07:45,0,0,0
17/11/2012,08:00,0,0,0
17/11/2012,08:15,2,2,0
17/11/2012,08:30,8,4,4
17/11/2012,08:45,5,3,2
17/11/2012,09:00,16,13,3
17/11/2012,09:15,12,5,7
17/11/2012,09:30,36,21,15
17/11/2012,09:45,15,3,12
17/11/2012,10:00,18,3,15
17/11/2012,10:15,28,7,21
17/11/2012,10:30,49,30,19
17/11/2012,10:45,28,12,16
17/11/2012,11:00,24,7,17
17/11/2012,11:15,18,6,12
17/11/2012,11:30,15,6,9
17/11/2012,11:45,21,9,12
17/11/2012,12:00,24,5,19
17/11/2012,12:15,27,17,10
17/11/2012,12:30,28,14,14
17/11/2012,12:45,35,15,20
17/11/2012,13:00,16,4,12
17/11/2012,13:15,30,21,9
17/11/2012,13:30,34,24,10
17/11/2012,13:45,33,19,14
17/11/2012,14:00,23,13,10
17/11/2012,14:15,32,20,12
17/11/2012,14:30,22,13,9
17/11/2012,14:45,35,24,11
17/11/2012,15:00,41,26,15
17/11/2012,15:15,26,14,12
17/11/2012,15:30,40,26,14
17/11/2012,15:45,31,20,11
17/11/2012,16:00,22,12,10
17/11/2012,16:15,17,8,9
17/11/2012,16:30,13,3,10
17/11/2012,16:45,11,5,6
17/11/2012,17:00,12,3,9
17/11/2012,17:15,6,2,4
17/11/2012,17:30,4,1,3
17/11/2012,17:45,2,2,0
17/11/2012,18:00,1,0,1
17/11/2012,18:15,1,0,1
17/11/2012,18:30,0,0,0
17/11/2012,18:45,0,0,0
17/11/2012,19:00,0,0,0
17/11/2012,19:15,0,0,0
17/11/2012,19:30,0,0,0
17/11/2012,19:45,0,0,0
17/11/2012,20:00,0,0,0
17/11/2012,20:15,0,0,0
17/11/2012,20:30,0,0,0
17/11/2012,20:45,1,0,1
17/11/2012,21:00,1,0,1
17/11/2012,21:15,0,0,0
17/11/2012,21:30,0,0,0
17/11/2012,21:45,0,0,0
17/11/2012,22:00,1,1,0
17/11/2012,22:15,0,0,0
17/11/2012,22:30,0,0,0
17/11/2012,22:45,0,0,0
17/11/2012,23:00,0,0,0
17/11/2012,23:15,0,0,0
17/11/2012,23:30,0,0,0
17/11/2012,23:45,1,0,1
18/11/2012,00:00,0,0,0
18/11/2012,00:15,0,0,0
18/11/2012,00:30,1,0,1
18/11/2012,00:45,0,0,0
18/11/2012,01:00,0,0,0
18/11/2012,01:15,0,0,0
18/11/2012,01:30,0,0,0
18/11/2012,01:45,0,0,0
18/11/2012,02:00,0,0,0
18/11/2012,02:15,0,0,0
18/11/2012,02:30,0,0,0
18/11/2012,02:45,0,0,0
18/11/2012,03:00,0,0,0
18/11/2012,03:15,0,0,0
18/11/2012,03:30,0,0,0
18/11/2012,03:45,1,1,0
18/11/2012,04:00,0,0,0
18/11/2012,04:15,1,1,0
18/11/2012,04:30,0,0,0
18/11/2012,04:45,0,0,0
18/11/2012,05:00,0,0,0
18/11/2012,05:15,0,0,0
18/11/2012,05:30,0,0,0
18/11/2012,05:45,0,0,0
18/11/2012,06:00,0,0,0
18/11/2012,06:15,1,0,1
18/11/2012,06:30,3,1,2
18/11/2012,06:45,1,0,1
18/11/2012,07:00,4,0,4
18/11/2012,07:15,7,2,5
18/11/2012,07:30,12,3,9
18/11/2012,07:45,14,8,6
18/11/2012,08:00,7,4,3
18/11/2012,08:15,17,11,6
18/11/2012,08:30,25,12,13
18/11/2012,08:45,33,14,19
18/11/2012,09:00,30,20,10
18/11/2012,09:15,54,33,21
18/11/2012,09:30,39,25,14
18/11/2012,09:45,61,43,18
18/11/2012,10:00,76,51,25
18/11/2012,10:15,71,48,23
18/11/2012,10:30,57,39,18
18/11/2012,10:45,70,46,24
18/11/2012,11:00,74,45,29
18/11/2012,11:15,60,44,16
18/11/2012,11:30,61,45,16
18/11/2012,11:45,80,57,23
18/11/2012,12:00,80,54,26
18/11/2012,12:15,64,52,12
18/11/2012,12:30,56,36,20
18/11/2012,12:45,60,42,18
18/11/2012,13:00,82,65,17
18/11/2012,13:15,82,62,20
18/11/2012,13:30,57,49,8
18/11/2012,13:45,71,53,18
18/11/2012,14:00,66,52,14
18/11/2012,14:15,74,45,29
18/11/2012,14:30,67,45,22
18/11/2012,14:45,69,40,29
18/11/2012,15:00,73,53,20
18/11/2012,15:15,52,37,15
18/11/2012,15:30,59,38,21
18/11/2012,15:45,47,35,12
18/11/2012,16:00,38,20,18
18/11/2012,16:15,30,19,11
18/11/2012,16:30,25,12,13
18/11/2012,16:45,32,15,17
18/11/2012,17:00,23,9,14
18/11/2012,17:15,23,12,11
18/11/2012,17:30,9,1,8
18/11/2012,17:45,8,3,5
18/11/2012,18:00,6,6,0
18/11/2012,18:15,5,4,1
18/11/2012,18:30,3,2,1
18/11/2012,18:45,5,2,3
18/11/2012,19:00,4,4,0
18/11/2012,19:15,2,2,0
18/11/2012,19:30,1,0,1
18/11/2012,19:45,0,0,0
18/11/2012,20:00,1,0,1
18/11/2012,20:15,2,1,1
18/11/2012,20:30,1,0,1
18/11/2012,20:45,1,1,0
18/11/2012,21:00,0,0,0
18/11/2012,21:15,0,0,0
18/11/2012,21:30,0,0,0
18/11/2012,21:45,0,0,0
18/11/2012,22:00,0,0,0
18/11/2012,22:15,1,0,1
18/11/2012,22:30,0,0,0
18/11/2012,22:45,0,0,0
18/11/2012,23:00,0,0,0
18/11/2012,23:15,1,0,1
18/11/2012,23:30,0,0,0
18/11/2012,23:45,0,0,0
19/11/2012,00:00,0,0,0
19/11/2012,00:15,0,0,0
19/11/2012,00:30,0,0,0
19/11/2012,00:45,0,0,0
19/11/2012,01:00,0,0,0
19/11/2012,01:15,0,0,0
19/11/2012,01:30,0,0,0
19/11/2012,01:45,0,0,0
19/11/2012,02:00,0,0,0
19/11/2012,02:15,0,0,0
19/11/2012,02:30,0,0,0
19/11/2012,02:45,0,0,0
19/11/2012,03:00,1,1,0
19/11/2012,03:15,2,2,0
19/11/2012,03:30,1,1,0
19/11/2012,03:45,0,0,0
19/11/2012,04:00,0,0,0
19/11/2012,04:15,3,3,0
19/11/2012,04:30,0,0,0
19/11/2012,04:45,2,1,1
19/11/2012,05:00,2,2,0
19/11/2012,05:15,4,4,0
19/11/2012,05:30,2,1,1
19/11/2012,05:45,5,3,2
19/11/2012,06:00,24,19,5
19/11/2012,06:15,7,4,3
19/11/2012,06:30,16,8,8
19/11/2012,06:45,25,18,7
19/11/2012,07:00,26,21,5
19/11/2012,07:15,33,24,9
19/11/2012,07:30,24,21,3
19/11/2012,07:45,69,66,3
19/11/2012,08:00,38,29,9
19/11/2012,08:15,20,13,7
19/11/2012,08:30,36,24,12
19/11/2012,08:45,35,12,23
19/11/2012,09:00,19,8,11
19/11/2012,09:15,28,21,7
19/11/2012,09:30,19,9,10
19/11/2012,09:45,22,10,12
19/11/2012,10:00,25,12,13
19/11/2012,10:15,19,12,7
19/11/2012,10:30,35,24,11
19/11/2012,10:45,20,14,6
19/11/2012,11:00,21,16,5
19/11/2012,11:15,33,22,11
19/11/2012,11:30,24,15,9
19/11/2012,11:45,19,13,6
19/11/2012,12:00,25,17,8
19/11/2012,12:15,33,15,18
19/11/2012,12:30,30,16,14
19/11/2012,12:45,78,20,58
19/11/2012,13:00,134,10,124
19/11/2012,13:15,69,19,50
19/11/2012,13:30,155,14,141
19/11/2012,13:45,291,9,282
19/11/2012,14:00,192,18,174
19/11/2012,14:15,167,40,127
19/11/2012,14:30,101,22,79
19/11/2012,14:45,131,21,110
19/11/2012,15:00,53,19,34
19/11/2012,15:15,49,11,38
19/11/2012,15:30,40,17,23
19/11/2012,15:45,39,16,23
19/11/2012,16:00,43,29,14
19/11/2012,16:15,21,12,9
19/11/2012,16:30,17,11,6
19/11/2012,16:45,26,11,15
19/11/2012,17:00,32,16,16
19/11/2012,17:15,29,13,16
19/11/2012,17:30,18,12,6
19/11/2012,17:45,18,15,3
19/11/2012,18:00,20,14,6
19/11/2012,18:15,13,12,1
19/11/2012,18:30,15,12,3
19/11/2012,18:45,8,8,0
19/11/2012,19:00,1,1,0
19/11/2012,19:15,4,3,1
19/11/2012,19:30,2,2,0
19/11/2012,19:45,1,1,0
19/11/2012,20:00,5,4,1
19/11/2012,20:15,3,3,0
19/11/2012,20:30,1,1,0
19/11/2012,20:45,3,3,0
19/11/2012,21:00,1,1,0
19/11/2012,21:15,0,0,0
19/11/2012,21:30,1,0,1
19/11/2012,21:45,0,0,0
19/11/2012,22:00,0,0,0
19/11/2012,22:15,3,0,3
19/11/2012,22:30,0,0,0
19/11/2012,22:45,1,0,1
19/11/2012,23:00,2,2,0
19/11/2012,23:15,0,0,0
19/11/2012,23:30,0,0,0
19/11/2012,23:45,0,0,0
20/11/2012,00:00,0,0,0
20/11/2012,00:15,0,0,0
20/11/2012,00:30,0,0,0
20/11/2012,00:45,0,0,0
20/11/2012,01:00,0,0,0
20/11/2012,01:15,0,0,0
20/11/2012,01:30,0,0,0
20/11/2012,01:45,0,0,0
20/11/2012,02:00,0,0,0
20/11/2012,02:15,0,0,0
20/11/2012,02:30,0,0,0
20/11/2012,02:45,0,0,0
20/11/2012,03:00,0,0,0
20/11/2012,03:15,0,0,0
20/11/2012,03:30,0,0,0
20/11/2012,03:45,0,0,0
20/11/2012,04:00,0,0,0
20/11/2012,04:15,0,0,0
20/11/2012,04:30,0,0,0
20/11/2012,04:45,1,1,0
20/11/2012,05:00,1,1,0
20/11/2012,05:15,5,2,3
20/11/2012,05:30,5,1,4
20/11/2012,05:45,2,2,0
20/11/2012,06:00,10,9,1
20/11/2012,06:15,8,7,1
20/11/2012,06:30,14,5,9
20/11/2012,06:45,12,11,1
20/11/2012,07:00,7,3,4
20/11/2012,07:15,9,3,6
20/11/2012,07:30,9,5,4
20/11/2012,07:45,33,29,4
20/11/2012,08:00,12,8,4
20/11/2012,08:15,17,7,10
20/11/2012,08:30,13,3,10
20/11/2012,08:45,10,2,8
20/11/2012,09:00,14,3,11
20/11/2012,09:15,7,1,6
20/11/2012,09:30,22,12,10
20/11/2012,09:45,11,6,5
20/11/2012,10:00,15,6,9
20/11/2012,10:15,6,4,2
20/11/2012,10:30,13,3,10
20/11/2012,10:45,14,5,9
20/11/2012,11:00,19,7,12
20/11/2012,11:15,10,6,4
20/11/2012,11:30,10,3,7
20/11/2012,11:45,6,1,5
20/11/2012,12:00,8,6,2
20/11/2012,12:15,5,2,3
20/11/2012,12:30,8,1,7
20/11/2012,12:45,10,7,3
20/11/2012,13:00,9,3,6
20/11/2012,13:15,3,1,2
20/11/2012,13:30,12,6,6
20/11/2012,13:45,9,5,4
20/11/2012,14:00,13,7,6
20/11/2012,14:15,10,7,3
20/11/2012,14:30,6,2,4
20/11/2012,14:45,17,14,3
20/11/2012,15:00,35,25,10
20/11/2012,15:15,6,2,4
20/11/2012,15:30,10,4,6
20/11/2012,15:45,5,2,3
20/11/2012,16:00,11,4,7
20/11/2012,16:15,8,2,6
20/11/2012,16:30,12,5,7
20/11/2012,16:45,8,4,4
20/11/2012,17:00,16,13,3
20/11/2012,17:15,6,4,2
20/11/2012,17:30,5,5,0
20/11/2012,17:45,1,1,0
20/11/2012,18:00,7,6,1
20/11/2012,18:15,3,1,2
20/11/2012,18:30,3,2,1
20/11/2012,18:45,8,5,3
20/11/2012,19:00,5,2,3
20/11/2012,19:15,1,1,0
20/11/2012,19:30,4,4,0
20/11/2012,19:45,0,0,0
20/11/2012,20:00,0,0,0
20/11/2012,20:15,1,1,0
20/11/2012,20:30,0,0,0
20/11/2012,20:45,0,0,0
20/11/2012,21:00,0,0,0
20/11/2012,21:15,0,0,0
20/11/2012,21:30,1,1,0
20/11/2012,21:45,0,0,0
20/11/2012,22:00,1,1,0
20/11/2012,22:15,0,0,0
20/11/2012,22:30,0,0,0
20/11/2012,22:45,0,0,0
20/11/2012,23:00,0,0,0
20/11/2012,23:15,0,0,0
20/11/2012,23:30,0,0,0
20/11/2012,23:45,0,0,0
21/11/2012,00:00,0,0,0
21/11/2012,00:15,0,0,0
21/11/2012,00:30,0,0,0
21/11/2012,00:45,0,0,0
21/11/2012,01:00,0,0,0
21/11/2012,01:15,0,0,0
21/11/2012,01:30,0,0,0
21/11/2012,01:45,0,0,0
21/11/2012,02:00,0,0,0
21/11/2012,02:15,0,0,0
21/11/2012,02:30,0,0,0
21/11/2012,02:45,0,0,0
21/11/2012,03:00,0,0,0
21/11/2012,03:15,0,0,0
21/11/2012,03:30,1,1,0
21/11/2012,03:45,0,0,0
21/11/2012,04:00,0,0,0
21/11/2012,04:15,2,2,0
21/11/2012,04:30,0,0,0
21/11/2012,04:45,0,0,0
21/11/2012,05:00,2,2,0
21/11/2012,05:15,0,0,0
21/11/2012,05:30,0,0,0
21/11/2012,05:45,0,0,0
21/11/2012,06:00,3,3,0
21/11/2012,06:15,0,0,0
21/11/2012,06:30,6,4,2
21/11/2012,06:45,3,2,1
21/11/2012,07:00,2,2,0
21/11/2012,07:15,2,1,1
21/11/2012,07:30,9,4,5
21/11/2012,07:45,11,6,5
21/11/2012,08:00,6,1,5
21/11/2012,08:15,9,3,6
21/11/2012,08:30,6,6,0
21/11/2012,08:45,14,9,5
21/11/2012,09:00,8,5,3
21/11/2012,09:15,22,11,11
21/11/2012,09:30,15,8,7
21/11/2012,09:45,16,9,7
21/11/2012,10:00,18,9,9
21/11/2012,10:15,16,7,9
21/11/2012,10:30,20,14,6
21/11/2012,10:45,16,7,9
21/11/2012,11:00,22,11,11
21/11/2012,11:15,19,12,7
21/11/2012,11:30,25,11,14
21/11/2012,11:45,21,8,13
21/11/2012,12:00,25,16,9
21/11/2012,12:15,20,6,14
21/11/2012,12:30,17,9,8
21/11/2012,12:45,23,10,13
21/11/2012,13:00,32,27,5
21/11/2012,13:15,27,13,14
21/11/2012,13:30,33,19,14
21/11/2012,13:45,40,23,17
21/11/2012,14:00,38,21,17
21/11/2012,14:15,51,33,18
21/11/2012,14:30,25,16,9
21/11/2012,14:45,35,22,13
21/11/2012,15:00,54,33,21
21/11/2012,15:15,30,10,20
21/11/2012,15:30,34,12,22
21/11/2012,15:45,56,22,34
21/11/2012,16:00,52,21,31
21/11/2012,16:15,47,26,21
21/11/2012,16:30,39,24,15
21/11/2012,16:45,32,10,22
21/11/2012,17:00,23,6,17
21/11/2012,17:15,20,10,10
21/11/2012,17:30,10,7,3
21/11/2012,17:45,10,8,2
21/11/2012,18:00,0,0,0
21/11/2012,18:15,3,3,0
21/11/2012,18:30,5,2,3
21/11/2012,18:45,2,2,0
21/11/2012,19:00,4,3,1
21/11/2012,19:15,2,2,0
21/11/2012,19:30,2,2,0
21/11/2012,19:45,4,2,2
21/11/2012,20:00,4,1,3
21/11/2012,20:15,0,0,0
21/11/2012,20:30,5,3,2
21/11/2012,20:45,2,1,1
21/11/2012,21:00,0,0,0
21/11/2012,21:15,2,0,2
21/11/2012,21:30,0,0,0
21/11/2012,21:45,2,1,1
21/11/2012,22:00,0,0,0
21/11/2012,22:15,2,2,0
21/11/2012,22:30,0,0,0
21/11/2012,22:45,0,0,0
21/11/2012,23:00,0,0,0
21/11/2012,23:15,0,0,0
21/11/2012,23:30,0,0,0
21/11/2012,23:45,0,0,0
22/11/2012,00:00,0,0,0
22/11/2012,00:15,0,0,0
22/11/2012,00:30,0,0,0
22/11/2012,00:45,0,0,0
22/11/2012,01:00,0,0,0
22/11/2012,01:15,0,0,0
22/11/2012,01:30,0,0,0
22/11/2012,01:45,0,0,0
22/11/2012,02:00,0,0,0
22/11/2012,02:15,0,0,0
22/11/2012,02:30,0,0,0
22/11/2012,02:45,0,0,0
22/11/2012,03:00,1,1,0
22/11/2012,03:15,0,0,0
22/11/2012,03:30,1,1,0
22/11/2012,03:45,0,0,0
22/11/2012,04:00,1,0,1
22/11/2012,04:15,1,0,1
22/11/2012,04:30,0,0,0
22/11/2012,04:45,0,0,0
22/11/2012,05:00,0,0,0
22/11/2012,05:15,0,0,0
22/11/2012,05:30,0,0,0
22/11/2012,05:45,0,0,0
22/11/2012,06:00,2,2,0
22/11/2012,06:15,6,2,4
22/11/2012,06:30,6,5,1
22/11/2012,06:45,15,10,5
22/11/2012,07:00,17,6,11
22/11/2012,07:15,10,3,7
22/11/2012,07:30,13,4,9
22/11/2012,07:45,18,14,4
22/11/2012,08:00,27,13,14
22/11/2012,08:15,37,26,11
22/11/2012,08:30,38,30,8
22/11/2012,08:45,51,31,20
22/11/2012,09:00,54,43,11
22/11/2012,09:15,35,28,7
22/11/2012,09:30,57,38,19
22/11/2012,09:45,71,51,20
22/11/2012,10:00,77,52,25
22/11/2012,10:15,81,61,20
22/11/2012,10:30,72,56,16
22/11/2012,10:45,80,56,24
22/11/2012,11:00,84,62,22
22/11/2012,11:15,59,38,21
22/11/2012,11:30,69,50,19
22/11/2012,11:45,79,62,17
22/11/2012,12:00,63,45,18
22/11/2012,12:15,60,44,16
22/11/2012,12:30,48,35,13
22/11/2012,12:45,48,36,12
22/11/2012,13:00,42,35,7
22/11/2012,13:15,34,24,10
22/11/2012,13:30,41,33,8
22/11/2012,13:45,29,21,8
22/11/2012,14:00,51,36,15
22/11/2012,14:15,31,23,8
22/11/2012,14:30,36,26,10
22/11/2012,14:45,14,11,3
22/11/2012,15:00,29,18,11
22/11/2012,15:15,33,21,12
22/11/2012,15:30,23,15,8
22/11/2012,15:45,22,10,12
22/11/2012,16:00,9,5,4
22/11/2012,16:15,6,3,3
22/11/2012,16:30,11,5,6
22/11/2012,16:45,10,3,7
22/11/2012,17:00,9,7,2
22/11/2012,17:15,6,6,0
22/11/2012,17:30,6,4,2
22/11/2012,17:45,2,1,1
22/11/2012,18:00,2,0,2
22/11/2012,18:15,1,1,0
22/11/2012,18:30,0,0,0
22/11/2012,18:45,2,2,0
22/11/2012,19:00,1,1,0
22/11/2012,19:15,1,1,0
22/11/2012,19:30,0,0,0
22/11/2012,19:45,2,1,1
22/11/2012,20:00,1,0,1
22/11/2012,20:15,1,0,1
22/11/2012,20:30,2,0,2
22/11/2012,20:45,0,0,0
22/11/2012,21:00,0,0,0
22/11/2012,21:15,0,0,0
22/11/2012,21:30,0,0,0
22/11/2012,21:45,0,0,0
22/11/2012,22:00,0,0,0
22/11/2012,22:15,0,0,0
22/11/2012,22:30,1,0,1
22/11/2012,22:45,0,0,0
22/11/2012,23:00,0,0,0
22/11/2012,23:15,0,0,0
22/11/2012,23:30,0,0,0
22/11/2012,23:45,0,0,0
23/11/2012,00:00,0,0,0
23/11/2012,00:15,0,0,0
23/11/2012,00:30,0,0,0
23/11/2012,00:45,0,0,0
23/11/2012,01:00,0,0,0
23/11/2012,01:15,0,0,0
23/11/2012,01:30,0,0,0
23/11/2012,01:45,2,2,0
23/11/2012,02:00,2,2,0
23/11/2012,02:15,0,0,0
23/11/2012,02:30,0,0,0
23/11/2012,02:45,0,0,0
23/11/2012,03:00,0,0,0
23/11/2012,03:15,2,2,0
23/11/2012,03:30,0,0,0
23/11/2012,03:45,2,2,0
23/11/2012,04:00,0,0,0
23/11/2012,04:15,0,0,0
23/11/2012,04:30,0,0,0
23/11/2012,04:45,0,0,0
23/11/2012,05:00,0,0,0
23/11/2012,05:15,1,1,0
23/11/2012,05:30,0,0,0
23/11/2012,05:45,0,0,0
23/11/2012,06:00,5,4,1
23/11/2012,06:15,2,0,2
23/11/2012,06:30,4,2,2
23/11/2012,06:45,5,3,2
23/11/2012,07:00,10,7,3
23/11/2012,07:15,16,12,4
23/11/2012,07:30,8,4,4
23/11/2012,07:45,14,13,1
23/11/2012,08:00,13,9,4
23/11/2012,08:15,16,12,4
23/11/2012,08:30,23,16,7
23/11/2012,08:45,14,6,8
23/11/2012,09:00,32,16,16
23/11/2012,09:15,22,16,6
23/11/2012,09:30,40,29,11
23/11/2012,09:45,50,35,15
23/11/2012,10:00,48,28,20
23/11/2012,10:15,43,27,16
23/11/2012,10:30,41,26,15
23/11/2012,10:45,61,43,18
23/11/2012,11:00,67,52,15
23/11/2012,11:15,75,53,22
23/11/2012,11:30,67,42,25
23/11/2012,11:45,64,44,20
23/11/2012,12:00,47,35,12
23/11/2012,12:15,52,37,15
23/11/2012,12:30,63,47,16
23/11/2012,12:45,52,44,8
23/11/2012,13:00,50,30,20
23/11/2012,13:15,52,42,10
23/11/2012,13:30,47,37,10
23/11/2012,13:45,83,59,24
23/11/2012,14:00,60,34,26
23/11/2012,14:15,45,29,16
23/11/2012,14:30,52,37,15
23/11/2012,14:45,67,49,18
23/11/2012,15:00,39,27,12
23/11/2012,15:15,64,49,15
23/11/2012,15:30,44,27,17
23/11/2012,15:45,48,32,16
23/11/2012,16:00,47,30,17
23/11/2012,16:15,42,29,13
23/11/2012,16:30,34,24,10
23/11/2012,16:45,21,7,14
23/11/2012,17:00,27,14,13
23/11/2012,17:15,12,5,7
23/11/2012,17:30,7,4,3
23/11/2012,17:45,2,1,1
23/11/2012,18:00,0,0,0
23/11/2012,18:15,8,8,0
23/11/2012,18:30,3,3,0
23/11/2012,18:45,5,4,1
23/11/2012,19:00,0,0,0
23/11/2012,19:15,2,2,0
23/11/2012,19:30,3,3,0
23/11/2012,19:45,2,2,0
23/11/2012,20:00,0,0,0
23/11/2012,20:15,1,1,0
23/11/2012,20:30,0,0,0
23/11/2012,20:45,1,0,1
23/11/2012,21:00,0,0,0
23/11/2012,21:15,1,1,0
23/11/2012,21:30,2,0,2
23/11/2012,21:45,0,0,0
23/11/2012,22:00,0,0,0
23/11/2012,22:15,0,0,0
23/11/2012,22:30,5,5,0
23/11/2012,22:45,0,0,0
23/11/2012,23:00,0,0,0
23/11/2012,23:15,0,0,0
23/11/2012,23:30,0,0,0
23/11/2012,23:45,0,0,0
24/11/2012,00:00,0,0,0
24/11/2012,00:15,1,1,0
24/11/2012,00:30,0,0,0
24/11/2012,00:45,1,1,0
24/11/2012,01:00,0,0,0
24/11/2012,01:15,0,0,0
24/11/2012,01:30,0,0,0
24/11/2012,01:45,0,0,0
24/11/2012,02:00,0,0,0
24/11/2012,02:15,0,0,0
24/11/2012,02:30,0,0,0
24/11/2012,02:45,1,1,0
24/11/2012,03:00,1,1,0
24/11/2012,03:15,2,2,0
24/11/2012,03:30,0,0,0
24/11/2012,03:45,0,0,0
24/11/2012,04:00,0,0,0
24/11/2012,04:15,0,0,0
24/11/2012,04:30,0,0,0
24/11/2012,04:45,0,0,0
24/11/2012,05:00,0,0,0
24/11/2012,05:15,2,0,2
24/11/2012,05:30,2,0,2
24/11/2012,05:45,3,2,1
24/11/2012,06:00,1,0,1
24/11/2012,06:15,1,0,1
24/11/2012,06:30,4,1,3
24/11/2012,06:45,2,2,0
24/11/2012,07:00,9,7,2
24/11/2012,07:15,9,4,5
24/11/2012,07:30,20,13,7
24/11/2012,07:45,16,9,7
24/11/2012,08:00,35,24,11
24/11/2012,08:15,26,15,11
24/11/2012,08:30,42,27,15
24/11/2012,08:45,23,16,7
24/11/2012,09:00,53,36,17
24/11/2012,09:15,51,31,20
24/11/2012,09:30,63,45,18
24/11/2012,09:45,58,41,17
24/11/2012,10:00,69,47,22
24/11/2012,10:15,55,36,19
24/11/2012,10:30,76,61,15
24/11/2012,10:45,73,55,18
24/11/2012,11:00,81,67,14
24/11/2012,11:15,117,93,24
24/11/2012,11:30,105,86,19
24/11/2012,11:45,84,67,17
24/11/2012,12:00,77,54,23
24/11/2012,12:15,86,70,16
24/11/2012,12:30,92,72,20
24/11/2012,12:45,78,67,11
24/11/2012,13:00,81,69,12
24/11/2012,13:15,75,62,13
24/11/2012,13:30,97,81,16
24/11/2012,13:45,83,70,13
24/11/2012,14:00,86,67,19
24/11/2012,14:15,97,75,22
24/11/2012,14:30,45,35,10
24/11/2012,14:45,50,37,13
24/11/2012,15:00,71,61,10
24/11/2012,15:15,90,66,24
24/11/2012,15:30,71,46,25
24/11/2012,15:45,66,34,32
24/11/2012,16:00,34,20,14
24/11/2012,16:15,45,25,20
24/11/2012,16:30,39,14,25
24/11/2012,16:45,32,16,16
24/11/2012,17:00,13,4,9
24/11/2012,17:15,17,10,7
24/11/2012,17:30,8,7,1
24/11/2012,17:45,2,2,0
24/11/2012,18:00,2,2,0
24/11/2012,18:15,2,2,0
24/11/2012,18:30,2,2,0
24/11/2012,18:45,2,1,1
24/11/2012,19:00,0,0,0
24/11/2012,19:15,0,0,0
24/11/2012,19:30,1,0,1
24/11/2012,19:45,0,0,0
24/11/2012,20:00,0,0,0
24/11/2012,20:15,1,0,1
24/11/2012,20:30,2,1,1
24/11/2012,20:45,0,0,0
24/11/2012,21:00,2,1,1
24/11/2012,21:15,0,0,0
24/11/2012,21:30,0,0,0
24/11/2012,21:45,0,0,0
24/11/2012,22:00,0,0,0
24/11/2012,22:15,0,0,0
24/11/2012,22:30,0,0,0
24/11/2012,22:45,0,0,0
24/11/2012,23:00,0,0,0
24/11/2012,23:15,0,0,0
24/11/2012,23:30,0,0,0
24/11/2012,23:45,0,0,0
25/11/2012,00:00,0,0,0
25/11/2012,00:15,0,0,0
25/11/2012,00:30,0,0,0
25/11/2012,00:45,0,0,0
25/11/2012,01:00,0,0,0
25/11/2012,01:15,0,0,0
25/11/2012,01:30,0,0,0
25/11/2012,01:45,0,0,0
25/11/2012,02:00,0,0,0
25/11/2012,02:15,0,0,0
25/11/2012,02:30,0,0,0
25/11/2012,02:45,0,0,0
25/11/2012,03:00,0,0,0
25/11/2012,03:15,3,3,0
25/11/2012,03:30,2,2,0
25/11/2012,03:45,0,0,0
25/11/2012,04:00,0,0,0
25/11/2012,04:15,0,0,0
25/11/2012,04:30,0,0,0
25/11/2012,04:45,0,0,0
25/11/2012,05:00,0,0,0
25/11/2012,05:15,1,0,1
25/11/2012,05:30,4,2,2
25/11/2012,05:45,3,1,2
25/11/2012,06:00,0,0,0
25/11/2012,06:15,3,0,3
25/11/2012,06:30,5,1,4
25/11/2012,06:45,5,3,2
25/11/2012,07:00,2,1,1
25/11/2012,07:15,8,3,5
25/11/2012,07:30,7,6,1
25/11/2012,07:45,13,6,7
25/11/2012,08:00,10,6,4
25/11/2012,08:15,21,14,7
25/11/2012,08:30,16,8,8
25/11/2012,08:45,31,26,5
25/11/2012,09:00,43,33,10
25/11/2012,09:15,59,41,18
25/11/2012,09:30,68,60,8
25/11/2012,09:45,58,38,20
25/11/2012,10:00,42,34,8
25/11/2012,10:15,32,22,10
25/11/2012,10:30,64,50,14
25/11/2012,10:45,53,42,11
25/11/2012,11:00,66,47,19
25/11/2012,11:15,75,56,19
25/11/2012,11:30,83,62,21
25/11/2012,11:45,64,50,14
25/11/2012,12:00,49,39,10
25/11/2012,12:15,52,35,17
25/11/2012,12:30,68,51,17
25/11/2012,12:45,52,34,18
25/11/2012,13:00,58,38,20
25/11/2012,13:15,49,25,24
25/11/2012,13:30,65,49,16
25/11/2012,13:45,70,57,13
25/11/2012,14:00,54,39,15
25/11/2012,14:15,58,44,14
25/11/2012,14:30,67,45,22
25/11/2012,14:45,71,50,21
25/11/2012,15:00,72,38,34
25/11/2012,15:15,61,35,26
25/11/2012,15:30,159,31,128
25/11/2012,15:45,183,34,149
25/11/2012,16:00,55,26,29
25/11/2012,16:15,36,24,12
25/11/2012,16:30,35,24,11
25/11/2012,16:45,23,10,13
25/11/2012,17:00,19,10,9
25/11/2012,17:15,16,7,9
25/11/2012,17:30,8,4,4
25/11/2012,17:45,4,3,1
25/11/2012,18:00,1,1,0
25/11/2012,18:15,2,1,1
25/11/2012,18:30,2,2,0
25/11/2012,18:45,0,0,0
25/11/2012,19:00,3,3,0
25/11/2012,19:15,2,1,1
25/11/2012,19:30,3,2,1
25/11/2012,19:45,0,0,0
25/11/2012,20:00,0,0,0
25/11/2012,20:15,3,2,1
25/11/2012,20:30,1,1,0
25/11/2012,20:45,0,0,0
25/11/2012,21:00,1,0,1
25/11/2012,21:15,0,0,0
25/11/2012,21:30,0,0,0
25/11/2012,21:45,0,0,0
25/11/2012,22:00,0,0,0
25/11/2012,22:15,1,1,0
25/11/2012,22:30,0,0,0
25/11/2012,22:45,0,0,0
25/11/2012,23:00,0,0,0
25/11/2012,23:15,2,2,0
25/11/2012,23:30,0,0,0
25/11/2012,23:45,1,1,0
26/11/2012,00:00,0,0,0
26/11/2012,00:15,0,0,0
26/11/2012,00:30,0,0,0
26/11/2012,00:45,0,0,0
26/11/2012,01:00,0,0,0
26/11/2012,01:15,0,0,0
26/11/2012,01:30,0,0,0
26/11/2012,01:45,0,0,0
26/11/2012,02:00,0,0,0
26/11/2012,02:15,2,2,0
26/11/2012,02:30,0,0,0
26/11/2012,02:45,1,1,0
26/11/2012,03:00,0,0,0
26/11/2012,03:15,3,2,1
26/11/2012,03:30,1,1,0
26/11/2012,03:45,0,0,0
26/11/2012,04:00,0,0,0
26/11/2012,04:15,1,1,0
26/11/2012,04:30,2,2,0
26/11/2012,04:45,1,1,0
26/11/2012,05:00,6,5,1
26/11/2012,05:15,4,2,2
26/11/2012,05:30,6,1,5
26/11/2012,05:45,2,2,0
26/11/2012,06:00,21,17,4
26/11/2012,06:15,14,10,4
26/11/2012,06:30,11,6,5
26/11/2012,06:45,17,11,6
26/11/2012,07:00,20,14,6
26/11/2012,07:15,16,10,6
26/11/2012,07:30,29,20,9
26/11/2012,07:45,70,63,7
26/11/2012,08:00,34,26,8
26/11/2012,08:15,18,10,8
26/11/2012,08:30,20,8,12
26/11/2012,08:45,17,7,10
26/11/2012,09:00,17,4,13
26/11/2012,09:15,15,7,8
26/11/2012,09:30,12,5,7
26/11/2012,09:45,6,1,5
26/11/2012,10:00,16,4,12
26/11/2012,10:15,16,10,6
26/11/2012,10:30,15,5,10
26/11/2012,10:45,15,5,10
26/11/2012,11:00,17,7,10
26/11/2012,11:15,12,4,8
26/11/2012,11:30,10,5,5
26/11/2012,11:45,19,5,14
26/11/2012,12:00,18,11,7
26/11/2012,12:15,16,7,9
26/11/2012,12:30,20,16,4
26/11/2012,12:45,14,3,11
26/11/2012,13:00,17,2,15
26/11/2012,13:15,25,8,17
26/11/2012,13:30,34,10,24
26/11/2012,13:45,33,7,26
26/11/2012,14:00,73,15,58
26/11/2012,14:15,67,36,31
26/11/2012,14:30,38,17,21
26/11/2012,14:45,62,9,53
26/11/2012,15:00,36,12,24
26/11/2012,15:15,38,12,26
26/11/2012,15:30,87,9,78
26/11/2012,15:45,103,16,87
26/11/2012,16:00,52,13,39
26/11/2012,16:15,43,15,28
26/11/2012,16:30,35,15,20
26/11/2012,16:45,32,12,20
26/11/2012,17:00,24,9,15
26/11/2012,17:15,31,19,12
26/11/2012,17:30,9,5,4
26/11/2012,17:45,17,16,1
26/11/2012,18:00,18,12,6
26/11/2012,18:15,16,14,2
26/11/2012,18:30,16,11,5
26/11/2012,18:45,7,6,1
26/11/2012,19:00,9,4,5
26/11/2012,19:15,1,1,0
26/11/2012,19:30,5,4,1
26/11/2012,19:45,2,1,1
26/11/2012,20:00,5,5,0
26/11/2012,20:15,2,2,0
26/11/2012,20:30,2,2,0
26/11/2012,20:45,0,0,0
26/11/2012,21:00,0,0,0
26/11/2012,21:15,1,0,1
26/11/2012,21:30,0,0,0
26/11/2012,21:45,0,0,0
26/11/2012,22:00,3,1,2
26/11/2012,22:15,0,0,0
26/11/2012,22:30,0,0,0
26/11/2012,22:45,0,0,0
26/11/2012,23:00,1,1,0
26/11/2012,23:15,0,0,0
26/11/2012,23:30,1,1,0
26/11/2012,23:45,0,0,0
27/11/2012,00:00,0,0,0
27/11/2012,00:15,0,0,0
27/11/2012,00:30,0,0,0
27/11/2012,00:45,0,0,0
27/11/2012,01:00,0,0,0
27/11/2012,01:15,0,0,0
27/11/2012,01:30,0,0,0
27/11/2012,01:45,0,0,0
27/11/2012,02:00,0,0,0
27/11/2012,02:15,0,0,0
27/11/2012,02:30,0,0,0
27/11/2012,02:45,0,0,0
27/11/2012,03:00,0,0,0
27/11/2012,03:15,0,0,0
27/11/2012,03:30,0,0,0
27/11/2012,03:45,1,1,0
27/11/2012,04:00,0,0,0
27/11/2012,04:15,0,0,0
27/11/2012,04:30,1,1,0
27/11/2012,04:45,1,1,0
27/11/2012,05:00,2,1,1
27/11/2012,05:15,2,0,2
27/11/2012,05:30,12,5,7
27/11/2012,05:45,13,12,1
27/11/2012,06:00,25,20,5
27/11/2012,06:15,11,7,4
27/11/2012,06:30,17,11,6
27/11/2012,06:45,24,15,9
27/11/2012,07:00,20,11,9
27/11/2012,07:15,36,21,15
27/11/2012,07:30,42,28,14
27/11/2012,07:45,74,66,8
27/11/2012,08:00,43,35,8
27/11/2012,08:15,29,21,8
27/11/2012,08:30,27,20,7
27/11/2012,08:45,22,10,12
27/11/2012,09:00,25,11,14
27/11/2012,09:15,19,4,15
27/11/2012,09:30,15,4,11
27/11/2012,09:45,17,5,12
27/11/2012,10:00,31,15,16
27/11/2012,10:15,13,5,8
27/11/2012,10:30,35,19,16
27/11/2012,10:45,14,4,10
27/11/2012,11:00,13,5,8
27/11/2012,11:15,15,6,9
27/11/2012,11:30,19,8,11
27/11/2012,11:45,19,9,10
27/11/2012,12:00,27,11,16
27/11/2012,12:15,25,14,11
27/11/2012,12:30,18,10,8
27/11/2012,12:45,24,10,14
27/11/2012,13:00,28,12,16
27/11/2012,13:15,55,19,36
27/11/2012,13:30,26,17,9
27/11/2012,13:45,14,6,8
27/11/2012,14:00,29,10,19
27/11/2012,14:15,33,10,23
27/11/2012,14:30,24,11,13
27/11/2012,14:45,22,12,10
27/11/2012,15:00,61,42,19
27/11/2012,15:15,35,24,11
27/11/2012,15:30,34,18,16
27/11/2012,15:45,78,27,51
27/11/2012,16:00,76,24,52
27/11/2012,16:15,32,15,17
27/11/2012,16:30,18,8,10
27/11/2012,16:45,20,9,11
27/11/2012,17:00,31,15,16
27/11/2012,17:15,17,9,8
27/11/2012,17:30,14,6,8
27/11/2012,17:45,10,4,6
27/11/2012,18:00,14,12,2
27/11/2012,18:15,20,15,5
27/11/2012,18:30,13,6,7
27/11/2012,18:45,14,12,2
27/11/2012,19:00,6,5,1
27/11/2012,19:15,13,8,5
27/11/2012,19:30,7,6,1
27/11/2012,19:45,1,1,0
27/11/2012,20:00,3,1,2
27/11/2012,20:15,3,3,0
27/11/2012,20:30,0,0,0
27/11/2012,20:45,7,7,0
27/11/2012,21:00,1,1,0
27/11/2012,21:15,4,2,2
27/11/2012,21:30,1,0,1
27/11/2012,21:45,2,1,1
27/11/2012,22:00,2,2,0
27/11/2012,22:15,2,2,0
27/11/2012,22:30,1,1,0
27/11/2012,22:45,0,0,0
27/11/2012,23:00,0,0,0
27/11/2012,23:15,0,0,0
27/11/2012,23:30,0,0,0
27/11/2012,23:45,0,0,0
28/11/2012,00:00,0,0,0
28/11/2012,00:15,0,0,0
28/11/2012,00:30,0,0,0
28/11/2012,00:45,0,0,0
28/11/2012,01:00,1,1,0
28/11/2012,01:15,0,0,0
28/11/2012,01:30,0,0,0
28/11/2012,01:45,0,0,0
28/11/2012,02:00,1,0,1
28/11/2012,02:15,0,0,0
28/11/2012,02:30,0,0,0
28/11/2012,02:45,0,0,0
28/11/2012,03:00,1,0,1
28/11/2012,03:15,0,0,0
28/11/2012,03:30,0,0,0
28/11/2012,03:45,0,0,0
28/11/2012,04:00,1,1,0
28/11/2012,04:15,2,2,0
28/11/2012,04:30,0,0,0
28/11/2012,04:45,0,0,0
28/11/2012,05:00,0,0,0
28/11/2012,05:15,3,3,0
28/11/2012,05:30,0,0,0
28/11/2012,05:45,1,0,1
28/11/2012,06:00,3,3,0
28/11/2012,06:15,0,0,0
28/11/2012,06:30,4,3,1
28/11/2012,06:45,1,0,1
28/11/2012,07:00,3,0,3
28/11/2012,07:15,1,0,1
28/11/2012,07:30,9,5,4
28/11/2012,07:45,4,3,1
28/11/2012,08:00,3,3,0
28/11/2012,08:15,5,2,3
28/11/2012,08:30,3,0,3
28/11/2012,08:45,3,2,1
28/11/2012,09:00,2,1,1
28/11/2012,09:15,1,0,1
28/11/2012,09:30,1,0,1
28/11/2012,09:45,1,1,0
28/11/2012,10:00,0,0,0
28/11/2012,10:15,1,1,0
28/11/2012,10:30,1,1,0
28/11/2012,10:45,1,1,0
28/11/2012,11:00,1,0,1
28/11/2012,11:15,2,0,2
28/11/2012,11:30,2,1,1
28/11/2012,11:45,2,0,2
28/11/2012,12:00,1,0,1
28/11/2012,12:15,7,1,6
28/11/2012,12:30,6,0,6
28/11/2012,12:45,7,1,6
28/11/2012,13:00,7,1,6
28/11/2012,13:15,14,3,11
28/11/2012,13:30,13,3,10
28/11/2012,13:45,8,2,6
28/11/2012,14:00,11,5,6
28/11/2012,14:15,5,2,3
28/11/2012,14:30,4,1,3
28/11/2012,14:45,15,1,14
28/11/2012,15:00,12,6,6
28/11/2012,15:15,14,6,8
28/11/2012,15:30,13,4,9
28/11/2012,15:45,7,4,3
28/11/2012,16:00,23,9,14
28/11/2012,16:15,19,8,11
28/11/2012,16:30,14,6,8
28/11/2012,16:45,20,6,14
28/11/2012,17:00,23,3,20
28/11/2012,17:15,13,5,8
28/11/2012,17:30,5,3,2
28/11/2012,17:45,3,0,3
28/11/2012,18:00,5,4,1
28/11/2012,18:15,2,1,1
28/11/2012,18:30,10,8,2
28/11/2012,18:45,4,2,2
28/11/2012,19:00,1,0,1
28/11/2012,19:15,4,4,0
28/11/2012,19:30,2,1,1
28/11/2012,19:45,0,0,0
28/11/2012,20:00,1,1,0
28/11/2012,20:15,2,0,2
28/11/2012,20:30,3,1,2
28/11/2012,20:45,2,1,1
28/11/2012,21:00,0,0,0
28/11/2012,21:15,0,0,0
28/11/2012,21:30,0,0,0
28/11/2012,21:45,0,0,0
28/11/2012,22:00,2,2,0
28/11/2012,22:15,2,2,0
28/11/2012,22:30,0,0,0
28/11/2012,22:45,0,0,0
28/11/2012,23:00,0,0,0
28/11/2012,23:15,0,0,0
28/11/2012,23:30,1,0,1
28/11/2012,23:45,0,0,0
29/11/2012,00:00,0,0,0
29/11/2012,00:15,0,0,0
29/11/2012,00:30,0,0,0
29/11/2012,00:45,0,0,0
29/11/2012,01:00,0,0,0
29/11/2012,01:15,0,0,0
29/11/2012,01:30,0,0,0
29/11/2012,01:45,0,0,0
29/11/2012,02:00,0,0,0
29/11/2012,02:15,0,0,0
29/11/2012,02:30,0,0,0
29/11/2012,02:45,1,0,1
29/11/2012,03:00,0,0,0
29/11/2012,03:15,0,0,0
29/11/2012,03:30,0,0,0
29/11/2012,03:45,0,0,0
29/11/2012,04:00,0,0,0
29/11/2012,04:15,0,0,0
29/11/2012,04:30,0,0,0
29/11/2012,04:45,0,0,0
29/11/2012,05:00,2,0,2
29/11/2012,05:15,4,2,2
29/11/2012,05:30,1,1,0
29/11/2012,05:45,6,4,2
29/11/2012,06:00,15,12,3
29/11/2012,06:15,6,4,2
29/11/2012,06:30,8,5,3
29/11/2012,06:45,20,8,12
29/11/2012,07:00,15,8,7
29/11/2012,07:15,26,10,16
29/11/2012,07:30,25,14,11
29/11/2012,07:45,59,50,9
29/11/2012,08:00,24,17,7
29/11/2012,08:15,20,4,16
29/11/2012,08:30,24,12,12
29/11/2012,08:45,25,10,15
29/11/2012,09:00,30,8,22
29/11/2012,09:15,26,9,17
29/11/2012,09:30,19,7,12
29/11/2012,09:45,21,5,16
29/11/2012,10:00,16,7,9
29/11/2012,10:15,23,17,6
29/11/2012,10:30,15,9,6
29/11/2012,10:45,14,4,10
29/11/2012,11:00,14,9,5
29/11/2012,11:15,12,5,7
29/11/2012,11:30,13,7,6
29/11/2012,11:45,10,5,5
29/11/2012,12:00,2,0,2
29/11/2012,12:15,11,4,7
29/11/2012,12:30,10,2,8
29/11/2012,12:45,5,1,4
29/11/2012,13:00,8,1,7
29/11/2012,13:15,3,2,1
29/11/2012,13:30,4,3,1
29/11/2012,13:45,5,2,3
29/11/2012,14:00,12,7,5
29/11/2012,14:15,15,11,4
29/11/2012,14:30,10,5,5
29/11/2012,14:45,15,7,8
29/11/2012,15:00,31,23,8
29/11/2012,15:15,11,5,6
29/11/2012,15:30,5,1,4
29/11/2012,15:45,12,7,5
29/11/2012,16:00,7,3,4
29/11/2012,16:15,7,4,3
29/11/2012,16:30,17,10,7
29/11/2012,16:45,22,6,16
29/11/2012,17:00,2,2,0
29/11/2012,17:15,4,4,0
29/11/2012,17:30,2,2,0
29/11/2012,17:45,4,3,1
29/11/2012,18:00,8,8,0
29/11/2012,18:15,4,4,0
29/11/2012,18:30,2,1,1
29/11/2012,18:45,0,0,0
29/11/2012,19:00,3,3,0
29/11/2012,19:15,3,3,0
29/11/2012,19:30,1,0,1
29/11/2012,19:45,1,0,1
29/11/2012,20:00,2,1,1
29/11/2012,20:15,0,0,0
29/11/2012,20:30,0,0,0
29/11/2012,20:45,0,0,0
29/11/2012,21:00,3,0,3
29/11/2012,21:15,2,0,2
29/11/2012,21:30,0,0,0
29/11/2012,21:45,2,2,0
29/11/2012,22:00,1,1,0
29/11/2012,22:15,1,1,0
29/11/2012,22:30,0,0,0
29/11/2012,22:45,0,0,0
29/11/2012,23:00,0,0,0
29/11/2012,23:15,0,0,0
29/11/2012,23:30,0,0,0
29/11/2012,23:45,0,0,0
30/11/2012,00:00,0,0,0
30/11/2012,00:15,0,0,0
30/11/2012,00:30,0,0,0
30/11/2012,00:45,0,0,0
30/11/2012,01:00,0,0,0
30/11/2012,01:15,0,0,0
30/11/2012,01:30,0,0,0
30/11/2012,01:45,0,0,0
30/11/2012,02:00,0,0,0
30/11/2012,02:15,0,0,0
30/11/2012,02:30,0,0,0
30/11/2012,02:45,0,0,0
30/11/2012,03:00,0,0,0
30/11/2012,03:15,0,0,0
30/11/2012,03:30,0,0,0
30/11/2012,03:45,0,0,0
30/11/2012,04:00,0,0,0
30/11/2012,04:15,0,0,0
30/11/2012,04:30,0,0,0
30/11/2012,04:45,0,0,0
30/11/2012,05:00,0,0,0
30/11/2012,05:15,0,0,0
30/11/2012,05:30,0,0,0
30/11/2012,05:45,0,0,0
30/11/2012,06:00,0,0,0
30/11/2012,06:15,0,0,0
30/11/2012,06:30,0,0,0
30/11/2012,06:45,2,1,1
30/11/2012,07:00,1,0,1
30/11/2012,07:15,0,0,0
30/11/2012,07:30,0,0,0
30/11/2012,07:45,3,3,0
30/11/2012,08:00,4,4,0
30/11/2012,08:15,4,1,3
30/11/2012,08:30,4,2,2
30/11/2012,08:45,1,1,0
30/11/2012,09:00,4,3,1
30/11/2012,09:15,4,0,4
30/11/2012,09:30,2,0,2
30/11/2012,09:45,1,0,1
30/11/2012,10:00,6,2,4
30/11/2012,10:15,2,0,2
30/11/2012,10:30,4,2,2
30/11/2012,10:45,3,3,0
30/11/2012,11:00,5,5,0
30/11/2012,11:15,0,0,0
30/11/2012,11:30,3,2,1
30/11/2012,11:45,3,2,1
30/11/2012,12:00,2,0,2
30/11/2012,12:15,0,0,0
30/11/2012,12:30,2,2,0
30/11/2012,12:45,3,0,3
30/11/2012,13:00,2,0,2
30/11/2012,13:15,9,1,8
30/11/2012,13:30,6,0,6
30/11/2012,13:45,7,0,7
30/11/2012,14:00,7,2,5
30/11/2012,14:15,6,3,3
30/11/2012,14:30,6,3,3
30/11/2012,14:45,3,0,3
30/11/2012,15:00,3,3,0
30/11/2012,15:15,8,2,6
30/11/2012,15:30,4,1,3
30/11/2012,15:45,6,1,5
30/11/2012,16:00,5,0,5
30/11/2012,16:15,6,0,6
30/11/2012,16:30,8,6,2
30/11/2012,16:45,7,0,7
30/11/2012,17:00,11,2,9
30/11/2012,17:15,4,0,4
30/11/2012,17:30,7,7,0
30/11/2012,17:45,3,2,1
30/11/2012,18:00,0,0,0
30/11/2012,18:15,8,8,0
30/11/2012,18:30,2,0,2
30/11/2012,18:45,0,0,0
30/11/2012,19:00,0,0,0
30/11/2012,19:15,0,0,0
30/11/2012,19:30,2,1,1
30/11/2012,19:45,2,0,2
30/11/2012,20:00,1,1,0
30/11/2012,20:15,0,0,0
30/11/2012,20:30,0,0,0
30/11/2012,20:45,0,0,0
30/11/2012,21:00,0,0,0
30/11/2012,21:15,1,0,1
30/11/2012,21:30,0,0,0
30/11/2012,21:45,0,0,0
30/11/2012,22:00,1,1,0
30/11/2012,22:15,1,1,0
30/11/2012,22:30,0,0,0
30/11/2012,22:45,1,1,0
30/11/2012,23:00,0,0,0
30/11/2012,23:15,0,0,0
30/11/2012,23:30,0,0,0
30/11/2012,23:45,0,0,0
01/12/2012,00:00,0,0,0
01/12/2012,00:15,0,0,0
01/12/2012,00:30,0,0,0
01/12/2012,00:45,0,0,0
01/12/2012,01:00,0,0,0
01/12/2012,01:15,0,0,0
01/12/2012,01:30,0,0,0
01/12/2012,01:45,0,0,0
01/12/2012,02:00,0,0,0
01/12/2012,02:15,0,0,0
01/12/2012,02:30,0,0,0
01/12/2012,02:45,0,0,0
01/12/2012,03:00,0,0,0
01/12/2012,03:15,0,0,0
01/12/2012,03:30,0,0,0
01/12/2012,03:45,0,0,0
01/12/2012,04:00,0,0,0
01/12/2012,04:15,0,0,0
01/12/2012,04:30,0,0,0
01/12/2012,04:45,0,0,0
01/12/2012,05:00,0,0,0
01/12/2012,05:15,0,0,0
01/12/2012,05:30,1,0,1
01/12/2012,05:45,2,0,2
01/12/2012,06:00,1,0,1
01/12/2012,06:15,1,1,0
01/12/2012,06:30,0,0,0
01/12/2012,06:45,1,0,1
01/12/2012,07:00,2,1,1
01/12/2012,07:15,4,2,2
01/12/2012,07:30,4,1,3
01/12/2012,07:45,1,1,0
01/12/2012,08:00,9,4,5
01/12/2012,08:15,5,1,4
01/12/2012,08:30,7,3,4
01/12/2012,08:45,6,5,1
01/12/2012,09:00,11,6,5
01/12/2012,09:15,6,4,2
01/12/2012,09:30,9,2,7
01/12/2012,09:45,8,6,2
01/12/2012,10:00,18,11,7
01/12/2012,10:15,15,9,6
01/12/2012,10:30,10,4,6
01/12/2012,10:45,8,3,5
01/12/2012,11:00,10,0,10
01/12/2012,11:15,9,3,6
01/12/2012,11:30,11,2,9
01/12/2012,11:45,17,8,9
01/12/2012,12:00,20,11,9
01/12/2012,12:15,27,7,20
01/12/2012,12:30,16,4,12
01/12/2012,12:45,31,15,16
01/12/2012,13:00,17,9,8
01/12/2012,13:15,24,12,12
01/12/2012,13:30,11,3,8
01/12/2012,13:45,16,8,8
01/12/2012,14:00,21,14,7
01/12/2012,14:15,17,10,7
01/12/2012,14:30,25,13,12
01/12/2012,14:45,32,20,12
01/12/2012,15:00,22,15,7
01/12/2012,15:15,17,7,10
01/12/2012,15:30,17,13,4
01/12/2012,15:45,14,7,7
01/12/2012,16:00,19,10,9
01/12/2012,16:15,20,17,3
01/12/2012,16:30,7,5,2
01/12/2012,16:45,2,2,0
01/12/2012,17:00,1,0,1
01/12/2012,17:15,0,0,0
01/12/2012,17:30,0,0,0
01/12/2012,17:45,2,2,0
01/12/2012,18:00,1,1,0
01/12/2012,18:15,0,0,0
01/12/2012,18:30,1,1,0
01/12/2012,18:45,0,0,0
01/12/2012,19:00,0,0,0
01/12/2012,19:15,0,0,0
01/12/2012,19:30,0,0,0
01/12/2012,19:45,0,0,0
01/12/2012,20:00,0,0,0
01/12/2012,20:15,0,0,0
01/12/2012,20:30,0,0,0
01/12/2012,20:45,0,0,0
01/12/2012,21:00,0,0,0
01/12/2012,21:15,0,0,0
01/12/2012,21:30,0,0,0
01/12/2012,21:45,0,0,0
01/12/2012,22:00,0,0,0
01/12/2012,22:15,0,0,0
01/12/2012,22:30,0,0,0
01/12/2012,22:45,0,0,0
01/12/2012,23:00,0,0,0
01/12/2012,23:15,0,0,0
01/12/2012,23:30,0,0,0
01/12/2012,23:45,0,0,0
02/12/2012,00:00,0,0,0
02/12/2012,00:15,0,0,0
02/12/2012,00:30,0,0,0
02/12/2012,00:45,0,0,0
02/12/2012,01:00,0,0,0
02/12/2012,01:15,0,0,0
02/12/2012,01:30,0,0,0
02/12/2012,01:45,0,0,0
02/12/2012,02:00,0,0,0
02/12/2012,02:15,0,0,0
02/12/2012,02:30,0,0,0
02/12/2012,02:45,0,0,0
02/12/2012,03:00,0,0,0
02/12/2012,03:15,0,0,0
02/12/2012,03:30,0,0,0
02/12/2012,03:45,0,0,0
02/12/2012,04:00,0,0,0
02/12/2012,04:15,0,0,0
02/12/2012,04:30,1,1,0
02/12/2012,04:45,0,0,0
02/12/2012,05:00,0,0,0
02/12/2012,05:15,0,0,0
02/12/2012,05:30,0,0,0
02/12/2012,05:45,0,0,0
02/12/2012,06:00,0,0,0
02/12/2012,06:15,0,0,0
02/12/2012,06:30,0,0,0
02/12/2012,06:45,3,3,0
02/12/2012,07:00,0,0,0
02/12/2012,07:15,1,0,1
02/12/2012,07:30,0,0,0
02/12/2012,07:45,0,0,0
02/12/2012,08:00,0,0,0
02/12/2012,08:15,0,0,0
02/12/2012,08:30,0,0,0
02/12/2012,08:45,1,1,0
02/12/2012,09:00,0,0,0
02/12/2012,09:15,0,0,0
02/12/2012,09:30,0,0,0
02/12/2012,09:45,0,0,0
02/12/2012,10:00,1,0,1
02/12/2012,10:15,2,2,0
02/12/2012,10:30,1,1,0
02/12/2012,10:45,3,0,3
02/12/2012,11:00,4,2,2
02/12/2012,11:15,9,3,6
02/12/2012,11:30,12,3,9
02/12/2012,11:45,22,10,12
02/12/2012,12:00,14,4,10
02/12/2012,12:15,29,7,22
02/12/2012,12:30,32,8,24
02/12/2012,12:45,38,22,16
02/12/2012,13:00,34,20,14
02/12/2012,13:15,31,23,8
02/12/2012,13:30,32,16,16
02/12/2012,13:45,32,25,7
02/12/2012,14:00,53,25,28
02/12/2012,14:15,53,34,19
02/12/2012,14:30,47,26,21
02/12/2012,14:45,45,28,17
02/12/2012,15:00,45,30,15
02/12/2012,15:15,45,28,17
02/12/2012,15:30,41,24,17
02/12/2012,15:45,37,32,5
02/12/2012,16:00,39,31,8
02/12/2012,16:15,39,31,8
02/12/2012,16:30,30,18,12
02/12/2012,16:45,17,8,9
02/12/2012,17:00,20,7,13
02/12/2012,17:15,9,6,3
02/12/2012,17:30,8,6,2
02/12/2012,17:45,4,4,0
02/12/2012,18:00,9,6,3
02/12/2012,18:15,2,2,0
02/12/2012,18:30,4,4,0
02/12/2012,18:45,0,0,0
02/12/2012,19:00,2,2,0
02/12/2012,19:15,2,2,0
02/12/2012,19:30,0,0,0
02/12/2012,19:45,1,0,1
02/12/2012,20:00,2,2,0
02/12/2012,20:15,1,0,1
02/12/2012,20:30,1,1,0
02/12/2012,20:45,1,0,1
02/12/2012,21:00,0,0,0
02/12/2012,21:15,0,0,0
02/12/2012,21:30,0,0,0
02/12/2012,21:45,0,0,0
02/12/2012,22:00,0,0,0
02/12/2012,22:15,0,0,0
02/12/2012,22:30,0,0,0
02/12/2012,22:45,0,0,0
02/12/2012,23:00,0,0,0
02/12/2012,23:15,0,0,0
02/12/2012,23:30,0,0,0
02/12/2012,23:45,0,0,0
03/12/2012,00:00,0,0,0
03/12/2012,00:15,0,0,0
03/12/2012,00:30,0,0,0
03/12/2012,00:45,0,0,0
03/12/2012,01:00,0,0,0
03/12/2012,01:15,0,0,0
03/12/2012,01:30,0,0,0
03/12/2012,01:45,0,0,0
03/12/2012,02:00,0,0,0
03/12/2012,02:15,0,0,0
03/12/2012,02:30,0,0,0
03/12/2012,02:45,2,2,0
03/12/2012,03:00,1,1,0
03/12/2012,03:15,1,1,0
03/12/2012,03:30,0,0,0
03/12/2012,03:45,1,1,0
03/12/2012,04:00,0,0,0
03/12/2012,04:15,2,2,0
03/12/2012,04:30,0,0,0
03/12/2012,04:45,1,1,0
03/12/2012,05:00,5,3,2
03/12/2012,05:15,6,4,2
03/12/2012,05:30,2,1,1
03/12/2012,05:45,10,8,2
03/12/2012,06:00,12,7,5
03/12/2012,06:15,16,14,2
03/12/2012,06:30,10,6,4
03/12/2012,06:45,16,9,7
03/12/2012,07:00,9,8,1
03/12/2012,07:15,27,19,8
03/12/2012,07:30,21,16,5
03/12/2012,07:45,54,46,8
03/12/2012,08:00,54,52,2
03/12/2012,08:15,20,13,7
03/12/2012,08:30,22,14,8
03/12/2012,08:45,26,11,15
03/12/2012,09:00,27,13,14
03/12/2012,09:15,16,11,5
03/12/2012,09:30,19,10,9
03/12/2012,09:45,19,11,8
03/12/2012,10:00,13,6,7
03/12/2012,10:15,14,7,7
03/12/2012,10:30,20,15,5
03/12/2012,10:45,15,11,4
03/12/2012,11:00,14,9,5
03/12/2012,11:15,14,9,5
03/12/2012,11:30,26,17,9
03/12/2012,11:45,19,14,5
03/12/2012,12:00,24,21,3
03/12/2012,12:15,17,12,5
03/12/2012,12:30,19,16,3
03/12/2012,12:45,18,13,5
03/12/2012,13:00,18,13,5
03/12/2012,13:15,11,6,5
03/12/2012,13:30,11,11,0
03/12/2012,13:45,11,10,1
03/12/2012,14:00,19,18,1
03/12/2012,14:15,34,32,2
03/12/2012,14:30,40,40,0
03/12/2012,14:45,17,17,0
03/12/2012,15:00,15,15,0
03/12/2012,15:15,7,7,0
03/12/2012,15:30,16,16,0
03/12/2012,15:45,14,14,0
03/12/2012,16:00,19,19,0
03/12/2012,16:15,16,16,0
03/12/2012,16:30,11,11,0
03/12/2012,16:45,19,19,0
03/12/2012,17:00,13,13,0
03/12/2012,17:15,6,6,0
03/12/2012,17:30,8,8,0
03/12/2012,17:45,10,10,0
03/12/2012,18:00,17,16,1
03/12/2012,18:15,10,10,0
03/12/2012,18:30,12,12,0
03/12/2012,18:45,1,1,0
03/12/2012,19:00,9,7,2
03/12/2012,19:15,4,4,0
03/12/2012,19:30,3,3,0
03/12/2012,19:45,3,3,0
03/12/2012,20:00,3,3,0
03/12/2012,20:15,3,3,0
03/12/2012,20:30,0,0,0
03/12/2012,20:45,2,2,0
03/12/2012,21:00,1,1,0
03/12/2012,21:15,0,0,0
03/12/2012,21:30,0,0,0
03/12/2012,21:45,2,2,0
03/12/2012,22:00,0,0,0
03/12/2012,22:15,0,0,0
03/12/2012,22:30,0,0,0
03/12/2012,22:45,0,0,0
03/12/2012,23:00,2,2,0
03/12/2012,23:15,2,2,0
03/12/2012,23:30,0,0,0
03/12/2012,23:45,0,0,0
04/12/2012,00:00,0,0,0
04/12/2012,00:15,1,1,0
04/12/2012,00:30,0,0,0
04/12/2012,00:45,0,0,0
04/12/2012,01:00,0,0,0
04/12/2012,01:15,0,0,0
04/12/2012,01:30,0,0,0
04/12/2012,01:45,0,0,0
04/12/2012,02:00,0,0,0
04/12/2012,02:15,0,0,0
04/12/2012,02:30,0,0,0
04/12/2012,02:45,1,1,0
04/12/2012,03:00,1,1,0
04/12/2012,03:15,0,0,0
04/12/2012,03:30,0,0,0
04/12/2012,03:45,0,0,0
04/12/2012,04:00,0,0,0
04/12/2012,04:15,0,0,0
04/12/2012,04:30,2,2,0
04/12/2012,04:45,2,1,1
04/12/2012,05:00,1,1,0
04/12/2012,05:15,2,2,0
04/12/2012,05:30,2,2,0
04/12/2012,05:45,5,3,2
04/12/2012,06:00,7,7,0
04/12/2012,06:15,11,11,0
04/12/2012,06:30,7,4,3
04/12/2012,06:45,8,8,0
04/12/2012,07:00,21,19,2
04/12/2012,07:15,27,20,7
04/12/2012,07:30,30,25,5
04/12/2012,07:45,53,50,3
04/12/2012,08:00,28,23,5
04/12/2012,08:15,12,9,3
04/12/2012,08:30,19,12,7
04/12/2012,08:45,17,9,8
04/12/2012,09:00,15,9,6
04/12/2012,09:15,16,9,7
04/12/2012,09:30,12,8,4
04/12/2012,09:45,16,15,1
04/12/2012,10:00,14,9,5
04/12/2012,10:15,17,12,5
04/12/2012,10:30,16,10,6
04/12/2012,10:45,9,4,5
04/12/2012,11:00,24,10,14
04/12/2012,11:15,14,10,4
04/12/2012,11:30,13,8,5
04/12/2012,11:45,13,10,3
04/12/2012,12:00,16,13,3
04/12/2012,12:15,14,8,6
04/12/2012,12:30,16,9,7
04/12/2012,12:45,15,9,6
04/12/2012,13:00,19,16,3
04/12/2012,13:15,9,6,3
04/12/2012,13:30,8,5,3
04/12/2012,13:45,14,11,3
04/12/2012,14:00,9,3,6
04/12/2012,14:15,12,9,3
04/12/2012,14:30,8,6,2
04/12/2012,14:45,11,9,2
04/12/2012,15:00,43,39,4
04/12/2012,15:15,11,7,4
04/12/2012,15:30,13,10,3
04/12/2012,15:45,9,7,2
04/12/2012,16:00,12,10,2
04/12/2012,16:15,10,5,5
04/12/2012,16:30,9,6,3
04/12/2012,16:45,6,3,3
04/12/2012,17:00,11,11,0
04/12/2012,17:15,7,6,1
04/12/2012,17:30,11,11,0
04/12/2012,17:45,8,8,0
04/12/2012,18:00,9,9,0
04/12/2012,18:15,8,7,1
04/12/2012,18:30,7,7,0
04/12/2012,18:45,2,2,0
04/12/2012,19:00,6,6,0
04/12/2012,19:15,4,4,0
04/12/2012,19:30,1,1,0
04/12/2012,19:45,3,3,0
04/12/2012,20:00,2,2,0
04/12/2012,20:15,1,1,0
04/12/2012,20:30,0,0,0
04/12/2012,20:45,0,0,0
04/12/2012,21:00,0,0,0
04/12/2012,21:15,0,0,0
04/12/2012,21:30,0,0,0
04/12/2012,21:45,0,0,0
04/12/2012,22:00,1,1,0
04/12/2012,22:15,0,0,0
04/12/2012,22:30,0,0,0
04/12/2012,22:45,0,0,0
04/12/2012,23:00,0,0,0
04/12/2012,23:15,0,0,0
04/12/2012,23:30,0,0,0
04/12/2012,23:45,0,0,0
05/12/2012,00:00,1,1,0
05/12/2012,00:15,0,0,0
05/12/2012,00:30,0,0,0
05/12/2012,00:45,0,0,0
05/12/2012,01:00,0,0,0
05/12/2012,01:15,0,0,0
05/12/2012,01:30,0,0,0
05/12/2012,01:45,0,0,0
05/12/2012,02:00,0,0,0
05/12/2012,02:15,0,0,0
05/12/2012,02:30,0,0,0
05/12/2012,02:45,0,0,0
05/12/2012,03:00,0,0,0
05/12/2012,03:15,0,0,0
05/12/2012,03:30,0,0,0
05/12/2012,03:45,0,0,0
05/12/2012,04:00,0,0,0
05/12/2012,04:15,0,0,0
05/12/2012,04:30,1,1,0
05/12/2012,04:45,0,0,0
05/12/2012,05:00,0,0,0
05/12/2012,05:15,0,0,0
05/12/2012,05:30,0,0,0
05/12/2012,05:45,0,0,0
05/12/2012,06:00,0,0,0
05/12/2012,06:15,2,2,0
05/12/2012,06:30,0,0,0
05/12/2012,06:45,0,0,0
05/12/2012,07:00,1,1,0
05/12/2012,07:15,0,0,0
05/12/2012,07:30,0,0,0
05/12/2012,07:45,4,4,0
05/12/2012,08:00,8,8,0
05/12/2012,08:15,2,2,0
05/12/2012,08:30,1,1,0
05/12/2012,08:45,2,2,0
05/12/2012,09:00,1,1,0
05/12/2012,09:15,4,4,0
05/12/2012,09:30,3,3,0
05/12/2012,09:45,1,1,0
05/12/2012,10:00,1,1,0
05/12/2012,10:15,1,1,0
05/12/2012,10:30,2,2,0
05/12/2012,10:45,0,0,0
05/12/2012,11:00,2,2,0
05/12/2012,11:15,1,1,0
05/12/2012,11:30,1,1,0
05/12/2012,11:45,0,0,0
05/12/2012,12:00,1,1,0
05/12/2012,12:15,1,1,0
05/12/2012,12:30,3,3,0
05/12/2012,12:45,0,0,0
05/12/2012,13:00,1,1,0
05/12/2012,13:15,7,7,0
05/12/2012,13:30,7,7,0
05/12/2012,13:45,5,5,0
05/12/2012,14:00,3,3,0
05/12/2012,14:15,0,0,0
05/12/2012,14:30,3,3,0
05/12/2012,14:45,6,6,0
05/12/2012,15:00,4,4,0
05/12/2012,15:15,1,1,0
05/12/2012,15:30,2,2,0
05/12/2012,15:45,8,8,0
05/12/2012,16:00,8,8,0
05/12/2012,16:15,5,5,0
05/12/2012,16:30,12,12,0
05/12/2012,16:45,4,4,0
05/12/2012,17:00,4,4,0
05/12/2012,17:15,6,6,0
05/12/2012,17:30,1,1,0
05/12/2012,17:45,1,1,0
05/12/2012,18:00,0,0,0
05/12/2012,18:15,3,3,0
05/12/2012,18:30,1,1,0
05/12/2012,18:45,1,1,0
05/12/2012,19:00,2,2,0
05/12/2012,19:15,1,1,0
05/12/2012,19:30,1,1,0
05/12/2012,19:45,0,0,0
05/12/2012,20:00,1,1,0
05/12/2012,20:15,2,2,0
05/12/2012,20:30,4,4,0
05/12/2012,20:45,0,0,0
05/12/2012,21:00,1,1,0
05/12/2012,21:15,1,1,0
05/12/2012,21:30,0,0,0
05/12/2012,21:45,0,0,0
05/12/2012,22:00,1,1,0
05/12/2012,22:15,0,0,0
05/12/2012,22:30,0,0,0
05/12/2012,22:45,0,0,0
05/12/2012,23:00,0,0,0
05/12/2012,23:15,0,0,0
05/12/2012,23:30,0,0,0
05/12/2012,23:45,0,0,0
06/12/2012,00:00,0,0,0
06/12/2012,00:15,0,0,0
06/12/2012,00:30,0,0,0
06/12/2012,00:45,0,0,0
06/12/2012,01:00,0,0,0
06/12/2012,01:15,0,0,0
06/12/2012,01:30,0,0,0
06/12/2012,01:45,0,0,0
06/12/2012,02:00,0,0,0
06/12/2012,02:15,0,0,0
06/12/2012,02:30,0,0,0
06/12/2012,02:45,0,0,0
06/12/2012,03:00,0,0,0
06/12/2012,03:15,0,0,0
06/12/2012,03:30,0,0,0
06/12/2012,03:45,0,0,0
06/12/2012,04:00,0,0,0
06/12/2012,04:15,1,1,0
06/12/2012,04:30,0,0,0
06/12/2012,04:45,0,0,0
06/12/2012,05:00,0,0,0
06/12/2012,05:15,3,3,0
06/12/2012,05:30,3,3,0
06/12/2012,05:45,3,3,0
06/12/2012,06:00,11,11,0
06/12/2012,06:15,8,8,0
06/12/2012,06:30,9,9,0
06/12/2012,06:45,8,7,1
06/12/2012,07:00,9,8,1
06/12/2012,07:15,18,16,2
06/12/2012,07:30,19,19,0
06/12/2012,07:45,63,62,1
06/12/2012,08:00,33,31,2
06/12/2012,08:15,18,18,0
06/12/2012,08:30,22,17,5
06/12/2012,08:45,22,22,0
06/12/2012,09:00,15,14,1
06/12/2012,09:15,5,4,1
06/12/2012,09:30,19,18,1
06/12/2012,09:45,15,14,1
06/12/2012,10:00,9,9,0
06/12/2012,10:15,16,14,2
06/12/2012,10:30,9,8,1
06/12/2012,10:45,18,17,1
06/12/2012,11:00,14,12,2
06/12/2012,11:15,16,16,0
06/12/2012,11:30,15,13,2
06/12/2012,11:45,14,14,0
06/12/2012,12:00,11,11,0
06/12/2012,12:15,20,19,1
06/12/2012,12:30,11,11,0
06/12/2012,12:45,15,15,0
06/12/2012,13:00,9,8,1
06/12/2012,13:15,18,17,1
06/12/2012,13:30,13,13,0
06/12/2012,13:45,14,14,0
06/12/2012,14:00,14,14,0
06/12/2012,14:15,14,14,0
06/12/2012,14:30,2,2,0
06/12/2012,14:45,25,25,0
06/12/2012,15:00,47,47,0
06/12/2012,15:15,19,19,0
06/12/2012,15:30,17,17,0
06/12/2012,15:45,16,16,0
06/12/2012,16:00,18,18,0
06/12/2012,16:15,9,8,1
06/12/2012,16:30,14,14,0
06/12/2012,16:45,22,22,0
06/12/2012,17:00,10,10,0
06/12/2012,17:15,14,14,0
06/12/2012,17:30,7,7,0
06/12/2012,17:45,8,8,0
06/12/2012,18:00,9,9,0
06/12/2012,18:15,14,14,0
06/12/2012,18:30,3,3,0
06/12/2012,18:45,6,6,0
06/12/2012,19:00,3,3,0
06/12/2012,19:15,2,2,0
06/12/2012,19:30,3,3,0
06/12/2012,19:45,4,4,0
06/12/2012,20:00,1,1,0
06/12/2012,20:15,2,2,0
06/12/2012,20:30,0,0,0
06/12/2012,20:45,2,2,0
06/12/2012,21:00,0,0,0
06/12/2012,21:15,1,1,0
06/12/2012,21:30,0,0,0
06/12/2012,21:45,1,1,0
06/12/2012,22:00,2,2,0
06/12/2012,22:15,1,1,0
06/12/2012,22:30,0,0,0
06/12/2012,22:45,1,1,0
06/12/2012,23:00,1,1,0
06/12/2012,23:15,0,0,0
06/12/2012,23:30,0,0,0
06/12/2012,23:45,0,0,0
07/12/2012,00:00,0,0,0
07/12/2012,00:15,0,0,0
07/12/2012,00:30,0,0,0
07/12/2012,00:45,0,0,0
07/12/2012,01:00,0,0,0
07/12/2012,01:15,0,0,0
07/12/2012,01:30,0,0,0
07/12/2012,01:45,1,1,0
07/12/2012,02:00,1,1,0
07/12/2012,02:15,0,0,0
07/12/2012,02:30,0,0,0
07/12/2012,02:45,0,0,0
07/12/2012,03:00,0,0,0
07/12/2012,03:15,0,0,0
07/12/2012,03:30,0,0,0
07/12/2012,03:45,0,0,0
07/12/2012,04:00,1,1,0
07/12/2012,04:15,1,1,0
07/12/2012,04:30,0,0,0
07/12/2012,04:45,2,2,0
07/12/2012,05:00,0,0,0
07/12/2012,05:15,5,5,0
07/12/2012,05:30,1,1,0
07/12/2012,05:45,2,2,0
07/12/2012,06:00,8,8,0
07/12/2012,06:15,6,6,0
07/12/2012,06:30,10,10,0
07/12/2012,06:45,11,11,0
07/12/2012,07:00,12,11,1
07/12/2012,07:15,28,27,1
07/12/2012,07:30,16,15,1
07/12/2012,07:45,52,52,0
07/12/2012,08:00,32,31,1
07/12/2012,08:15,13,13,0
07/12/2012,08:30,10,10,0
07/12/2012,08:45,13,13,0
07/12/2012,09:00,21,20,1
07/12/2012,09:15,17,17,0
07/12/2012,09:30,11,11,0
07/12/2012,09:45,17,17,0
07/12/2012,10:00,13,13,0
07/12/2012,10:15,13,13,0
07/12/2012,10:30,18,18,0
07/12/2012,10:45,12,12,0
07/12/2012,11:00,17,17,0
07/12/2012,11:15,9,9,0
07/12/2012,11:30,15,15,0
07/12/2012,11:45,12,12,0
07/12/2012,12:00,13,13,0
07/12/2012,12:15,19,19,0
07/12/2012,12:30,23,23,0
07/12/2012,12:45,22,22,0
07/12/2012,13:00,13,13,0
07/12/2012,13:15,15,15,0
07/12/2012,13:30,14,14,0
07/12/2012,13:45,16,16,0
07/12/2012,14:00,9,9,0
07/12/2012,14:15,39,39,0
07/12/2012,14:30,34,34,0
07/12/2012,14:45,23,23,0
07/12/2012,15:00,11,11,0
07/12/2012,15:15,25,25,0
07/12/2012,15:30,24,24,0
07/12/2012,15:45,26,26,0
07/12/2012,16:00,15,15,0
07/12/2012,16:15,16,16,0
07/12/2012,16:30,10,10,0
07/12/2012,16:45,13,13,0
07/12/2012,17:00,13,13,0
07/12/2012,17:15,8,8,0
07/12/2012,17:30,9,9,0
07/12/2012,17:45,10,10,0
07/12/2012,18:00,9,9,0
07/12/2012,18:15,9,9,0
07/12/2012,18:30,4,4,0
07/12/2012,18:45,1,1,0
07/12/2012,19:00,2,2,0
07/12/2012,19:15,1,1,0
07/12/2012,19:30,0,0,0
07/12/2012,19:45,4,4,0
07/12/2012,20:00,1,1,0
07/12/2012,20:15,0,0,0
07/12/2012,20:30,0,0,0
07/12/2012,20:45,1,1,0
07/12/2012,21:00,0,0,0
07/12/2012,21:15,3,3,0
07/12/2012,21:30,0,0,0
07/12/2012,21:45,0,0,0
07/12/2012,22:00,1,1,0
07/12/2012,22:15,0,0,0
07/12/2012,22:30,0,0,0
07/12/2012,22:45,1,1,0
07/12/2012,23:00,0,0,0
07/12/2012,23:15,1,1,0
07/12/2012,23:30,1,1,0
07/12/2012,23:45,0,0,0
08/12/2012,00:00,0,0,0
08/12/2012,00:15,1,1,0
08/12/2012,00:30,0,0,0
08/12/2012,00:45,0,0,0
08/12/2012,01:00,0,0,0
08/12/2012,01:15,0,0,0
08/12/2012,01:30,0,0,0
08/12/2012,01:45,0,0,0
08/12/2012,02:00,0,0,0
08/12/2012,02:15,0,0,0
08/12/2012,02:30,0,0,0
08/12/2012,02:45,0,0,0
08/12/2012,03:00,0,0,0
08/12/2012,03:15,1,1,0
08/12/2012,03:30,0,0,0
08/12/2012,03:45,0,0,0
08/12/2012,04:00,0,0,0
08/12/2012,04:15,0,0,0
08/12/2012,04:30,0,0,0
08/12/2012,04:45,0,0,0
08/12/2012,05:00,0,0,0
08/12/2012,05:15,0,0,0
08/12/2012,05:30,0,0,0
08/12/2012,05:45,0,0,0
08/12/2012,06:00,3,3,0
08/12/2012,06:15,0,0,0
08/12/2012,06:30,2,2,0
08/12/2012,06:45,4,4,0
08/12/2012,07:00,1,1,0
08/12/2012,07:15,2,2,0
08/12/2012,07:30,12,12,0
08/12/2012,07:45,7,7,0
08/12/2012,08:00,17,17,0
08/12/2012,08:15,27,27,0
08/12/2012,08:30,32,32,0
08/12/2012,08:45,38,38,0
08/12/2012,09:00,42,42,0
08/12/2012,09:15,50,50,0
08/12/2012,09:30,36,36,0
08/12/2012,09:45,66,66,0
08/12/2012,10:00,53,53,0
08/12/2012,10:15,63,63,0
08/12/2012,10:30,48,48,0
08/12/2012,10:45,69,69,0
08/12/2012,11:00,62,62,0
08/12/2012,11:15,69,69,0
08/12/2012,11:30,54,54,0
08/12/2012,11:45,52,52,0
08/12/2012,12:00,55,55,0
08/12/2012,12:15,62,62,0
08/12/2012,12:30,63,63,0
08/12/2012,12:45,60,60,0
08/12/2012,13:00,50,50,0
08/12/2012,13:15,53,53,0
08/12/2012,13:30,66,66,0
08/12/2012,13:45,48,48,0
08/12/2012,14:00,48,48,0
08/12/2012,14:15,45,45,0
08/12/2012,14:30,63,63,0
08/12/2012,14:45,39,39,0
08/12/2012,15:00,31,31,0
08/12/2012,15:15,44,44,0
08/12/2012,15:30,42,42,0
08/12/2012,15:45,15,15,0
08/12/2012,16:00,20,20,0
08/12/2012,16:15,27,27,0
08/12/2012,16:30,12,12,0
08/12/2012,16:45,13,13,0
08/12/2012,17:00,3,3,0
08/12/2012,17:15,2,2,0
08/12/2012,17:30,5,5,0
08/12/2012,17:45,3,3,0
08/12/2012,18:00,1,1,0
08/12/2012,18:15,1,1,0
08/12/2012,18:30,1,1,0
08/12/2012,18:45,2,2,0
08/12/2012,19:00,1,1,0
08/12/2012,19:15,0,0,0
08/12/2012,19:30,0,0,0
08/12/2012,19:45,0,0,0
08/12/2012,20:00,1,1,0
08/12/2012,20:15,0,0,0
08/12/2012,20:30,0,0,0
08/12/2012,20:45,0,0,0
08/12/2012,21:00,0,0,0
08/12/2012,21:15,0,0,0
08/12/2012,21:30,0,0,0
08/12/2012,21:45,0,0,0
08/12/2012,22:00,0,0,0
08/12/2012,22:15,0,0,0
08/12/2012,22:30,0,0,0
08/12/2012,22:45,1,1,0
08/12/2012,23:00,0,0,0
08/12/2012,23:15,0,0,0
08/12/2012,23:30,0,0,0
08/12/2012,23:45,0,0,0
09/12/2012,00:00,0,0,0
09/12/2012,00:15,0,0,0
09/12/2012,00:30,0,0,0
09/12/2012,00:45,0,0,0
09/12/2012,01:00,0,0,0
09/12/2012,01:15,0,0,0
09/12/2012,01:30,0,0,0
09/12/2012,01:45,0,0,0
09/12/2012,02:00,2,2,0
09/12/2012,02:15,0,0,0
09/12/2012,02:30,0,0,0
09/12/2012,02:45,0,0,0
09/12/2012,03:00,0,0,0
09/12/2012,03:15,0,0,0
09/12/2012,03:30,0,0,0
09/12/2012,03:45,0,0,0
09/12/2012,04:00,0,0,0
09/12/2012,04:15,0,0,0
09/12/2012,04:30,0,0,0
09/12/2012,04:45,0,0,0
09/12/2012,05:00,0,0,0
09/12/2012,05:15,0,0,0
09/12/2012,05:30,0,0,0
09/12/2012,05:45,0,0,0
09/12/2012,06:00,0,0,0
09/12/2012,06:15,1,1,0
09/12/2012,06:30,1,1,0
09/12/2012,06:45,0,0,0
09/12/2012,07:00,0,0,0
09/12/2012,07:15,4,4,0
09/12/2012,07:30,7,7,0
09/12/2012,07:45,14,14,0
09/12/2012,08:00,14,14,0
09/12/2012,08:15,23,23,0
09/12/2012,08:30,26,26,0
09/12/2012,08:45,21,21,0
09/12/2012,09:00,41,41,0
09/12/2012,09:15,43,43,0
09/12/2012,09:30,68,68,0
09/12/2012,09:45,72,72,0
09/12/2012,10:00,59,59,0
09/12/2012,10:15,67,67,0
09/12/2012,10:30,42,42,0
09/12/2012,10:45,64,64,0
09/12/2012,11:00,74,74,0
09/12/2012,11:15,97,97,0
09/12/2012,11:30,50,50,0
09/12/2012,11:45,61,61,0
09/12/2012,12:00,72,72,0
09/12/2012,12:15,38,38,0
09/12/2012,12:30,77,77,0
09/12/2012,12:45,71,71,0
09/12/2012,13:00,63,63,0
09/12/2012,13:15,62,62,0
09/12/2012,13:30,90,90,0
09/12/2012,13:45,45,45,0
09/12/2012,14:00,41,41,0
09/12/2012,14:15,49,49,0
09/12/2012,14:30,67,67,0
09/12/2012,14:45,51,51,0
09/12/2012,15:00,58,58,0
09/12/2012,15:15,43,43,0
09/12/2012,15:30,32,32,0
09/12/2012,15:45,40,40,0
09/12/2012,16:00,35,35,0
09/12/2012,16:15,21,21,0
09/12/2012,16:30,30,30,0
09/12/2012,16:45,17,17,0
09/12/2012,17:00,12,12,0
09/12/2012,17:15,8,8,0
09/12/2012,17:30,10,10,0
09/12/2012,17:45,2,2,0
09/12/2012,18:00,0,0,0
09/12/2012,18:15,4,4,0
09/12/2012,18:30,0,0,0
09/12/2012,18:45,3,3,0
09/12/2012,19:00,2,2,0
09/12/2012,19:15,0,0,0
09/12/2012,19:30,0,0,0
09/12/2012,19:45,0,0,0
09/12/2012,20:00,1,1,0
09/12/2012,20:15,1,1,0
09/12/2012,20:30,0,0,0
09/12/2012,20:45,3,3,0
09/12/2012,21:00,0,0,0
09/12/2012,21:15,0,0,0
09/12/2012,21:30,0,0,0
09/12/2012,21:45,0,0,0
09/12/2012,22:00,0,0,0
09/12/2012,22:15,0,0,0
09/12/2012,22:30,0,0,0
09/12/2012,22:45,0,0,0
09/12/2012,23:00,1,1,0
09/12/2012,23:15,0,0,0
09/12/2012,23:30,0,0,0
09/12/2012,23:45,0,0,0
10/12/2012,00:00,0,0,0
10/12/2012,00:15,0,0,0
10/12/2012,00:30,0,0,0
10/12/2012,00:45,0,0,0
10/12/2012,01:00,0,0,0
10/12/2012,01:15,0,0,0
10/12/2012,01:30,0,0,0
10/12/2012,01:45,0,0,0
10/12/2012,02:00,0,0,0
10/12/2012,02:15,0,0,0
10/12/2012,02:30,0,0,0
10/12/2012,02:45,0,0,0
10/12/2012,03:00,0,0,0
10/12/2012,03:15,0,0,0
10/12/2012,03:30,0,0,0
10/12/2012,03:45,0,0,0
10/12/2012,04:00,2,2,0
10/12/2012,04:15,1,1,0
10/12/2012,04:30,0,0,0
10/12/2012,04:45,2,2,0
10/12/2012,05:00,2,2,0
10/12/2012,05:15,4,4,0
10/12/2012,05:30,1,1,0
10/12/2012,05:45,3,3,0
10/12/2012,06:00,12,12,0
10/12/2012,06:15,8,8,0
10/12/2012,06:30,6,6,0
10/12/2012,06:45,12,12,0
10/12/2012,07:00,7,7,0
10/12/2012,07:15,12,12,0
10/12/2012,07:30,13,13,0
10/12/2012,07:45,36,36,0
10/12/2012,08:00,52,52,0
10/12/2012,08:15,14,14,0
10/12/2012,08:30,21,21,0
10/12/2012,08:45,8,8,0
10/12/2012,09:00,8,8,0
10/12/2012,09:15,12,12,0
10/12/2012,09:30,10,10,0
10/12/2012,09:45,8,8,0
10/12/2012,10:00,7,7,0
10/12/2012,10:15,6,6,0
10/12/2012,10:30,12,12,0
10/12/2012,10:45,9,9,0
10/12/2012,11:00,11,11,0
10/12/2012,11:15,10,10,0
10/12/2012,11:30,13,13,0
10/12/2012,11:45,14,14,0
10/12/2012,12:00,11,11,0
10/12/2012,12:15,10,10,0
10/12/2012,12:30,13,13,0
10/12/2012,12:45,10,10,0
10/12/2012,13:00,12,12,0
10/12/2012,13:15,23,23,0
10/12/2012,13:30,13,13,0
10/12/2012,13:45,22,22,0
10/12/2012,14:00,22,22,0
10/12/2012,14:15,30,30,0
10/12/2012,14:30,41,41,0
10/12/2012,14:45,19,19,0
10/12/2012,15:00,18,18,0
10/12/2012,15:15,19,19,0
10/12/2012,15:30,20,20,0
10/12/2012,15:45,18,18,0
10/12/2012,16:00,25,25,0
10/12/2012,16:15,24,24,0
10/12/2012,16:30,14,14,0
10/12/2012,16:45,18,18,0
10/12/2012,17:00,13,13,0
10/12/2012,17:15,12,12,0
10/12/2012,17:30,13,13,0
10/12/2012,17:45,7,7,0
10/12/2012,18:00,15,15,0
10/12/2012,18:15,11,11,0
10/12/2012,18:30,4,4,0
10/12/2012,18:45,8,8,0
10/12/2012,19:00,5,5,0
10/12/2012,19:15,8,8,0
10/12/2012,19:30,3,3,0
10/12/2012,19:45,5,5,0
10/12/2012,20:00,0,0,0
10/12/2012,20:15,0,0,0
10/12/2012,20:30,1,1,0
10/12/2012,20:45,0,0,0
10/12/2012,21:00,1,1,0
10/12/2012,21:15,0,0,0
10/12/2012,21:30,1,1,0
10/12/2012,21:45,0,0,0
10/12/2012,22:00,0,0,0
10/12/2012,22:15,1,1,0
10/12/2012,22:30,0,0,0
10/12/2012,22:45,0,0,0
10/12/2012,23:00,4,4,0
10/12/2012,23:15,0,0,0
10/12/2012,23:30,0,0,0
10/12/2012,23:45,0,0,0
11/12/2012,00:00,0,0,0
11/12/2012,00:15,0,0,0
11/12/2012,00:30,0,0,0
11/12/2012,00:45,0,0,0
11/12/2012,01:00,0,0,0
11/12/2012,01:15,0,0,0
11/12/2012,01:30,0,0,0
11/12/2012,01:45,0,0,0
11/12/2012,02:00,0,0,0
11/12/2012,02:15,0,0,0
11/12/2012,02:30,0,0,0
11/12/2012,02:45,0,0,0
11/12/2012,03:00,0,0,0
11/12/2012,03:15,0,0,0
11/12/2012,03:30,0,0,0
11/12/2012,03:45,1,1,0
11/12/2012,04:00,0,0,0
11/12/2012,04:15,0,0,0
11/12/2012,04:30,0,0,0
11/12/2012,04:45,3,3,0
11/12/2012,05:00,1,1,0
11/12/2012,05:15,1,1,0
11/12/2012,05:30,0,0,0
11/12/2012,05:45,7,7,0
11/12/2012,06:00,5,5,0
11/12/2012,06:15,6,6,0
11/12/2012,06:30,8,8,0
11/12/2012,06:45,12,12,0
11/12/2012,07:00,14,14,0
11/12/2012,07:15,18,18,0
11/12/2012,07:30,21,21,0
11/12/2012,07:45,45,45,0
11/12/2012,08:00,39,39,0
11/12/2012,08:15,12,12,0
11/12/2012,08:30,5,5,0
11/12/2012,08:45,4,4,0
11/12/2012,09:00,3,3,0
11/12/2012,09:15,1,1,0
11/12/2012,09:30,2,2,0
11/12/2012,09:45,5,5,0
11/12/2012,10:00,2,2,0
11/12/2012,10:15,8,8,0
11/12/2012,10:30,13,13,0
11/12/2012,10:45,11,11,0
11/12/2012,11:00,11,11,0
11/12/2012,11:15,13,13,0
11/12/2012,11:30,12,12,0
11/12/2012,11:45,9,9,0
11/12/2012,12:00,14,14,0
11/12/2012,12:15,12,12,0
11/12/2012,12:30,10,10,0
11/12/2012,12:45,7,7,0
11/12/2012,13:00,6,6,0
11/12/2012,13:15,14,14,0
11/12/2012,13:30,11,10,1
11/12/2012,13:45,7,7,0
11/12/2012,14:00,11,10,1
11/12/2012,14:15,9,8,1
11/12/2012,14:30,7,7,0
11/12/2012,14:45,8,8,0
11/12/2012,15:00,43,43,0
11/12/2012,15:15,13,13,0
11/12/2012,15:30,12,12,0
11/12/2012,15:45,11,11,0
11/12/2012,16:00,16,15,1
11/12/2012,16:15,19,19,0
11/12/2012,16:30,4,4,0
11/12/2012,16:45,10,9,1
11/12/2012,17:00,11,11,0
11/12/2012,17:15,9,9,0
11/12/2012,17:30,6,6,0
11/12/2012,17:45,2,2,0
11/12/2012,18:00,15,14,1
11/12/2012,18:15,10,10,0
11/12/2012,18:30,7,7,0
11/12/2012,18:45,4,4,0
11/12/2012,19:00,1,1,0
11/12/2012,19:15,4,4,0
11/12/2012,19:30,1,1,0
11/12/2012,19:45,4,4,0
11/12/2012,20:00,0,0,0
11/12/2012,20:15,3,2,1
11/12/2012,20:30,1,1,0
11/12/2012,20:45,0,0,0
11/12/2012,21:00,1,1,0
11/12/2012,21:15,0,0,0
11/12/2012,21:30,0,0,0
11/12/2012,21:45,0,0,0
11/12/2012,22:00,0,0,0
11/12/2012,22:15,2,2,0
11/12/2012,22:30,0,0,0
11/12/2012,22:45,0,0,0
11/12/2012,23:00,0,0,0
11/12/2012,23:15,0,0,0
11/12/2012,23:30,0,0,0
11/12/2012,23:45,0,0,0
12/12/2012,00:00,1,1,0
12/12/2012,00:15,0,0,0
12/12/2012,00:30,0,0,0
12/12/2012,00:45,0,0,0
12/12/2012,01:00,0,0,0
12/12/2012,01:15,0,0,0
12/12/2012,01:30,0,0,0
12/12/2012,01:45,0,0,0
12/12/2012,02:00,0,0,0
12/12/2012,02:15,0,0,0
12/12/2012,02:30,0,0,0
12/12/2012,02:45,0,0,0
12/12/2012,03:00,0,0,0
12/12/2012,03:15,0,0,0
12/12/2012,03:30,0,0,0
12/12/2012,03:45,0,0,0
12/12/2012,04:00,0,0,0
12/12/2012,04:15,1,1,0
12/12/2012,04:30,0,0,0
12/12/2012,04:45,0,0,0
12/12/2012,05:00,1,1,0
12/12/2012,05:15,0,0,0
12/12/2012,05:30,2,2,0
12/12/2012,05:45,1,1,0
12/12/2012,06:00,2,2,0
12/12/2012,06:15,5,4,1
12/12/2012,06:30,1,1,0
12/12/2012,06:45,6,6,0
12/12/2012,07:00,5,1,4
12/12/2012,07:15,4,3,1
12/12/2012,07:30,6,4,2
12/12/2012,07:45,30,30,0
12/12/2012,08:00,19,19,0
12/12/2012,08:15,5,4,1
12/12/2012,08:30,4,3,1
12/12/2012,08:45,4,4,0
12/12/2012,09:00,2,2,0
12/12/2012,09:15,3,3,0
12/12/2012,09:30,0,0,0
12/12/2012,09:45,1,1,0
12/12/2012,10:00,0,0,0
12/12/2012,10:15,0,0,0
12/12/2012,10:30,1,1,0
12/12/2012,10:45,1,0,1
12/12/2012,11:00,5,4,1
12/12/2012,11:15,4,3,1
12/12/2012,11:30,15,9,6
12/12/2012,11:45,20,6,14
12/12/2012,12:00,8,4,4
12/12/2012,12:15,12,7,5
12/12/2012,12:30,14,9,5
12/12/2012,12:45,12,8,4
12/12/2012,13:00,9,7,2
12/12/2012,13:15,30,26,4
12/12/2012,13:30,27,19,8
12/12/2012,13:45,11,2,9
12/12/2012,14:00,21,15,6
12/12/2012,14:15,10,5,5
12/12/2012,14:30,19,11,8
12/12/2012,14:45,11,4,7
12/12/2012,15:00,11,4,7
12/12/2012,15:15,16,11,5
12/12/2012,15:30,15,9,6
12/12/2012,15:45,27,14,13
12/12/2012,16:00,17,14,3
12/12/2012,16:15,18,14,4
12/12/2012,16:30,17,10,7
12/12/2012,16:45,20,9,11
12/12/2012,17:00,7,4,3
12/12/2012,17:15,6,4,2
12/12/2012,17:30,1,0,1
12/12/2012,17:45,9,7,2
12/12/2012,18:00,6,2,4
12/12/2012,18:15,6,5,1
12/12/2012,18:30,7,6,1
12/12/2012,18:45,4,4,0
12/12/2012,19:00,6,6,0
12/12/2012,19:15,2,2,0
12/12/2012,19:30,3,3,0
12/12/2012,19:45,2,2,0
12/12/2012,20:00,2,2,0
12/12/2012,20:15,2,1,1
12/12/2012,20:30,0,0,0
12/12/2012,20:45,0,0,0
12/12/2012,21:00,1,1,0
12/12/2012,21:15,0,0,0
12/12/2012,21:30,0,0,0
12/12/2012,21:45,0,0,0
12/12/2012,22:00,2,2,0
12/12/2012,22:15,2,2,0
12/12/2012,22:30,0,0,0
12/12/2012,22:45,0,0,0
12/12/2012,23:00,0,0,0
12/12/2012,23:15,0,0,0
12/12/2012,23:30,2,2,0
12/12/2012,23:45,0,0,0
13/12/2012,00:00,0,0,0
13/12/2012,00:15,0,0,0
13/12/2012,00:30,0,0,0
13/12/2012,00:45,0,0,0
13/12/2012,01:00,0,0,0
13/12/2012,01:15,0,0,0
13/12/2012,01:30,0,0,0
13/12/2012,01:45,0,0,0
13/12/2012,02:00,0,0,0
13/12/2012,02:15,0,0,0
13/12/2012,02:30,0,0,0
13/12/2012,02:45,0,0,0
13/12/2012,03:00,0,0,0
13/12/2012,03:15,0,0,0
13/12/2012,03:30,1,0,1
13/12/2012,03:45,0,0,0
13/12/2012,04:00,0,0,0
13/12/2012,04:15,0,0,0
13/12/2012,04:30,0,0,0
13/12/2012,04:45,0,0,0
13/12/2012,05:00,1,1,0
13/12/2012,05:15,2,2,0
13/12/2012,05:30,4,4,0
13/12/2012,05:45,3,2,1
13/12/2012,06:00,8,7,1
13/12/2012,06:15,10,9,1
13/12/2012,06:30,12,11,1
13/12/2012,06:45,11,10,1
13/12/2012,07:00,11,7,4
13/12/2012,07:15,13,10,3
13/12/2012,07:30,27,27,0
13/12/2012,07:45,44,43,1
13/12/2012,08:00,46,43,3
13/12/2012,08:15,14,10,4
13/12/2012,08:30,18,13,5
13/12/2012,08:45,5,4,1
13/12/2012,09:00,9,9,0
13/12/2012,09:15,9,9,0
13/12/2012,09:30,0,0,0
13/12/2012,09:45,1,1,0
13/12/2012,10:00,2,2,0
13/12/2012,10:15,2,1,1
13/12/2012,10:30,0,0,0
13/12/2012,10:45,1,1,0
13/12/2012,11:00,4,4,0
13/12/2012,11:15,4,4,0
13/12/2012,11:30,4,3,1
13/12/2012,11:45,3,2,1
13/12/2012,12:00,3,3,0
13/12/2012,12:15,6,5,1
13/12/2012,12:30,8,6,2
13/12/2012,12:45,9,7,2
13/12/2012,13:00,12,11,1
13/12/2012,13:15,11,10,1
13/12/2012,13:30,7,7,0
13/12/2012,13:45,8,8,0
13/12/2012,14:00,13,13,0
13/12/2012,14:15,9,9,0
13/12/2012,14:30,18,17,1
13/12/2012,14:45,8,8,0
13/12/2012,15:00,50,50,0
13/12/2012,15:15,12,12,0
13/12/2012,15:30,15,15,0
13/12/2012,15:45,12,12,0
13/12/2012,16:00,11,11,0
13/12/2012,16:15,16,16,0
13/12/2012,16:30,9,9,0
13/12/2012,16:45,7,7,0
13/12/2012,17:00,8,7,1
13/12/2012,17:15,21,21,0
13/12/2012,17:30,5,5,0
13/12/2012,17:45,2,2,0
13/12/2012,18:00,9,9,0
13/12/2012,18:15,9,9,0
13/12/2012,18:30,4,4,0
13/12/2012,18:45,2,2,0
13/12/2012,19:00,6,6,0
13/12/2012,19:15,7,7,0
13/12/2012,19:30,1,1,0
13/12/2012,19:45,1,1,0
13/12/2012,20:00,1,1,0
13/12/2012,20:15,2,2,0
13/12/2012,20:30,0,0,0
13/12/2012,20:45,1,1,0
13/12/2012,21:00,0,0,0
13/12/2012,21:15,1,1,0
13/12/2012,21:30,0,0,0
13/12/2012,21:45,0,0,0
13/12/2012,22:00,0,0,0
13/12/2012,22:15,2,2,0
13/12/2012,22:30,0,0,0
13/12/2012,22:45,0,0,0
13/12/2012,23:00,0,0,0
13/12/2012,23:15,0,0,0
13/12/2012,23:30,1,1,0
13/12/2012,23:45,0,0,0
14/12/2012,00:00,0,0,0
14/12/2012,00:15,0,0,0
14/12/2012,00:30,0,0,0
14/12/2012,00:45,0,0,0
14/12/2012,01:00,0,0,0
14/12/2012,01:15,0,0,0
14/12/2012,01:30,0,0,0
14/12/2012,01:45,0,0,0
14/12/2012,02:00,0,0,0
14/12/2012,02:15,0,0,0
14/12/2012,02:30,0,0,0
14/12/2012,02:45,0,0,0
14/12/2012,03:00,0,0,0
14/12/2012,03:15,0,0,0
14/12/2012,03:30,0,0,0
14/12/2012,03:45,0,0,0
14/12/2012,04:00,0,0,0
14/12/2012,04:15,1,1,0
14/12/2012,04:30,1,1,0
14/12/2012,04:45,0,0,0
14/12/2012,05:00,2,2,0
14/12/2012,05:15,2,2,0
14/12/2012,05:30,3,3,0
14/12/2012,05:45,1,1,0
14/12/2012,06:00,7,6,1
14/12/2012,06:15,9,7,2
14/12/2012,06:30,5,4,1
14/12/2012,06:45,7,6,1
14/12/2012,07:00,10,9,1
14/12/2012,07:15,20,15,5
14/12/2012,07:30,9,7,2
14/12/2012,07:45,43,41,2
14/12/2012,08:00,27,25,2
14/12/2012,08:15,12,11,1
14/12/2012,08:30,5,4,1
14/12/2012,08:45,4,4,0
14/12/2012,09:00,8,7,1
14/12/2012,09:15,3,2,1
14/12/2012,09:30,10,8,2
14/12/2012,09:45,6,5,1
14/12/2012,10:00,6,6,0
14/12/2012,10:15,0,0,0
14/12/2012,10:30,2,2,0
14/12/2012,10:45,3,2,1
14/12/2012,11:00,1,0,1
14/12/2012,11:15,2,0,2
14/12/2012,11:30,1,1,0
14/12/2012,11:45,3,3,0
14/12/2012,12:00,2,2,0
14/12/2012,12:15,1,1,0
14/12/2012,12:30,0,0,0
14/12/2012,12:45,10,10,0
14/12/2012,13:00,1,1,0
14/12/2012,13:15,4,3,1
14/12/2012,13:30,8,5,3
14/12/2012,13:45,5,5,0
14/12/2012,14:00,4,3,1
14/12/2012,14:15,17,17,0
14/12/2012,14:30,15,15,0
14/12/2012,14:45,9,9,0
14/12/2012,15:00,7,7,0
14/12/2012,15:15,2,2,0
14/12/2012,15:30,6,5,1
14/12/2012,15:45,4,4,0
14/12/2012,16:00,7,7,0
14/12/2012,16:15,5,4,1
14/12/2012,16:30,2,2,0
14/12/2012,16:45,7,7,0
14/12/2012,17:00,3,3,0
14/12/2012,17:15,5,5,0
14/12/2012,17:30,5,5,0
14/12/2012,17:45,4,4,0
14/12/2012,18:00,5,5,0
14/12/2012,18:15,4,4,0
14/12/2012,18:30,4,4,0
14/12/2012,18:45,3,3,0
14/12/2012,19:00,3,3,0
14/12/2012,19:15,0,0,0
14/12/2012,19:30,2,2,0
14/12/2012,19:45,4,4,0
14/12/2012,20:00,0,0,0
14/12/2012,20:15,0,0,0
14/12/2012,20:30,1,1,0
14/12/2012,20:45,3,3,0
14/12/2012,21:00,0,0,0
14/12/2012,21:15,0,0,0
14/12/2012,21:30,0,0,0
14/12/2012,21:45,1,1,0
14/12/2012,22:00,0,0,0
14/12/2012,22:15,1,1,0
14/12/2012,22:30,0,0,0
14/12/2012,22:45,0,0,0
14/12/2012,23:00,0,0,0
14/12/2012,23:15,0,0,0
14/12/2012,23:30,0,0,0
14/12/2012,23:45,0,0,0
15/12/2012,00:00,0,0,0
15/12/2012,00:15,0,0,0
15/12/2012,00:30,0,0,0
15/12/2012,00:45,0,0,0
15/12/2012,01:00,0,0,0
15/12/2012,01:15,0,0,0
15/12/2012,01:30,0,0,0
15/12/2012,01:45,0,0,0
15/12/2012,02:00,0,0,0
15/12/2012,02:15,1,1,0
15/12/2012,02:30,0,0,0
15/12/2012,02:45,1,1,0
15/12/2012,03:00,0,0,0
15/12/2012,03:15,0,0,0
15/12/2012,03:30,0,0,0
15/12/2012,03:45,0,0,0
15/12/2012,04:00,0,0,0
15/12/2012,04:15,0,0,0
15/12/2012,04:30,0,0,0
15/12/2012,04:45,0,0,0
15/12/2012,05:00,0,0,0
15/12/2012,05:15,0,0,0
15/12/2012,05:30,0,0,0
15/12/2012,05:45,0,0,0
15/12/2012,06:00,0,0,0
15/12/2012,06:15,0,0,0
15/12/2012,06:30,3,2,1
15/12/2012,06:45,1,1,0
15/12/2012,07:00,0,0,0
15/12/2012,07:15,5,5,0
15/12/2012,07:30,10,10,0
15/12/2012,07:45,6,6,0
15/12/2012,08:00,20,19,1
15/12/2012,08:15,23,21,2
15/12/2012,08:30,30,29,1
15/12/2012,08:45,12,11,1
15/12/2012,09:00,39,36,3
15/12/2012,09:15,45,43,2
15/12/2012,09:30,39,35,4
15/12/2012,09:45,36,35,1
15/12/2012,10:00,58,58,0
15/12/2012,10:15,28,28,0
15/12/2012,10:30,50,46,4
15/12/2012,10:45,44,40,4
15/12/2012,11:00,36,36,0
15/12/2012,11:15,53,53,0
15/12/2012,11:30,68,67,1
15/12/2012,11:45,22,20,2
15/12/2012,12:00,29,27,2
15/12/2012,12:15,8,8,0
15/12/2012,12:30,19,19,0
15/12/2012,12:45,22,22,0
15/12/2012,13:00,26,24,2
15/12/2012,13:15,7,7,0
15/12/2012,13:30,8,8,0
15/12/2012,13:45,5,5,0
15/12/2012,14:00,8,8,0
15/12/2012,14:15,1,1,0
15/12/2012,14:30,2,2,0
15/12/2012,14:45,3,3,0
15/12/2012,15:00,5,5,0
15/12/2012,15:15,2,2,0
15/12/2012,15:30,2,2,0
15/12/2012,15:45,2,2,0
15/12/2012,16:00,2,2,0
15/12/2012,16:15,3,3,0
15/12/2012,16:30,2,1,1
15/12/2012,16:45,1,1,0
15/12/2012,17:00,3,3,0
15/12/2012,17:15,0,0,0
15/12/2012,17:30,3,3,0
15/12/2012,17:45,0,0,0
15/12/2012,18:00,0,0,0
15/12/2012,18:15,1,1,0
15/12/2012,18:30,0,0,0
15/12/2012,18:45,1,1,0
15/12/2012,19:00,0,0,0
15/12/2012,19:15,2,2,0
15/12/2012,19:30,0,0,0
15/12/2012,19:45,1,1,0
15/12/2012,20:00,0,0,0
15/12/2012,20:15,0,0,0
15/12/2012,20:30,4,4,0
15/12/2012,20:45,0,0,0
15/12/2012,21:00,0,0,0
15/12/2012,21:15,0,0,0
15/12/2012,21:30,0,0,0
15/12/2012,21:45,0,0,0
15/12/2012,22:00,0,0,0
15/12/2012,22:15,0,0,0
15/12/2012,22:30,0,0,0
15/12/2012,22:45,0,0,0
15/12/2012,23:00,0,0,0
15/12/2012,23:15,0,0,0
15/12/2012,23:30,0,0,0
15/12/2012,23:45,0,0,0
16/12/2012,00:00,0,0,0
16/12/2012,00:15,0,0,0
16/12/2012,00:30,0,0,0
16/12/2012,00:45,0,0,0
16/12/2012,01:00,0,0,0
16/12/2012,01:15,0,0,0
16/12/2012,01:30,0,0,0
16/12/2012,01:45,0,0,0
16/12/2012,02:00,0,0,0
16/12/2012,02:15,0,0,0
16/12/2012,02:30,0,0,0
16/12/2012,02:45,0,0,0
16/12/2012,03:00,0,0,0
16/12/2012,03:15,0,0,0
16/12/2012,03:30,0,0,0
16/12/2012,03:45,0,0,0
16/12/2012,04:00,0,0,0
16/12/2012,04:15,0,0,0
16/12/2012,04:30,0,0,0
16/12/2012,04:45,0,0,0
16/12/2012,05:00,0,0,0
16/12/2012,05:15,0,0,0
16/12/2012,05:30,0,0,0
16/12/2012,05:45,0,0,0
16/12/2012,06:00,0,0,0
16/12/2012,06:15,3,3,0
16/12/2012,06:30,0,0,0
16/12/2012,06:45,1,0,1
16/12/2012,07:00,0,0,0
16/12/2012,07:15,1,1,0
16/12/2012,07:30,8,8,0
16/12/2012,07:45,6,6,0
16/12/2012,08:00,5,4,1
16/12/2012,08:15,6,4,2
16/12/2012,08:30,7,7,0
16/12/2012,08:45,8,8,0
16/12/2012,09:00,4,4,0
16/12/2012,09:15,24,24,0
16/12/2012,09:30,21,21,0
16/12/2012,09:45,35,31,4
16/12/2012,10:00,23,21,2
16/12/2012,10:15,22,22,0
16/12/2012,10:30,24,24,0
16/12/2012,10:45,20,20,0
16/12/2012,11:00,30,30,0
16/12/2012,11:15,23,23,0
16/12/2012,11:30,17,16,1
16/12/2012,11:45,34,34,0
16/12/2012,12:00,17,17,0
16/12/2012,12:15,42,42,0
16/12/2012,12:30,12,12,0
16/12/2012,12:45,15,15,0
16/12/2012,13:00,10,10,0
16/12/2012,13:15,14,14,0
16/12/2012,13:30,12,12,0
16/12/2012,13:45,14,14,0
16/12/2012,14:00,9,9,0
16/12/2012,14:15,14,14,0
16/12/2012,14:30,4,4,0
16/12/2012,14:45,5,5,0
16/12/2012,15:00,10,10,0
16/12/2012,15:15,6,6,0
16/12/2012,15:30,6,6,0
16/12/2012,15:45,2,2,0
16/12/2012,16:00,7,7,0
16/12/2012,16:15,5,5,0
16/12/2012,16:30,3,3,0
16/12/2012,16:45,6,6,0
16/12/2012,17:00,2,2,0
16/12/2012,17:15,3,3,0
16/12/2012,17:30,0,0,0
16/12/2012,17:45,0,0,0
16/12/2012,18:00,2,2,0
16/12/2012,18:15,0,0,0
16/12/2012,18:30,1,1,0
16/12/2012,18:45,1,1,0
16/12/2012,19:00,1,1,0
16/12/2012,19:15,0,0,0
16/12/2012,19:30,0,0,0
16/12/2012,19:45,0,0,0
16/12/2012,20:00,0,0,0
16/12/2012,20:15,0,0,0
16/12/2012,20:30,0,0,0
16/12/2012,20:45,0,0,0
16/12/2012,21:00,1,1,0
16/12/2012,21:15,0,0,0
16/12/2012,21:30,0,0,0
16/12/2012,21:45,0,0,0
16/12/2012,22:00,0,0,0
16/12/2012,22:15,0,0,0
16/12/2012,22:30,0,0,0
16/12/2012,22:45,1,1,0
16/12/2012,23:00,0,0,0
16/12/2012,23:15,0,0,0
16/12/2012,23:30,0,0,0
16/12/2012,23:45,0,0,0
17/12/2012,00:00,0,0,0
17/12/2012,00:15,0,0,0
17/12/2012,00:30,0,0,0
17/12/2012,00:45,0,0,0
17/12/2012,01:00,0,0,0
17/12/2012,01:15,0,0,0
17/12/2012,01:30,0,0,0
17/12/2012,01:45,0,0,0
17/12/2012,02:00,0,0,0
17/12/2012,02:15,0,0,0
17/12/2012,02:30,0,0,0
17/12/2012,02:45,0,0,0
17/12/2012,03:00,0,0,0
17/12/2012,03:15,0,0,0
17/12/2012,03:30,0,0,0
17/12/2012,03:45,0,0,0
17/12/2012,04:00,0,0,0
17/12/2012,04:15,0,0,0
17/12/2012,04:30,2,2,0
17/12/2012,04:45,0,0,0
17/12/2012,05:00,0,0,0
17/12/2012,05:15,1,1,0
17/12/2012,05:30,0,0,0
17/12/2012,05:45,1,1,0
17/12/2012,06:00,3,3,0
17/12/2012,06:15,0,0,0
17/12/2012,06:30,0,0,0
17/12/2012,06:45,1,1,0
17/12/2012,07:00,2,2,0
17/12/2012,07:15,3,3,0
17/12/2012,07:30,0,0,0
17/12/2012,07:45,14,14,0
17/12/2012,08:00,13,13,0
17/12/2012,08:15,2,2,0
17/12/2012,08:30,6,6,0
17/12/2012,08:45,4,3,1
17/12/2012,09:00,2,2,0
17/12/2012,09:15,3,3,0
17/12/2012,09:30,5,4,1
17/12/2012,09:45,5,4,1
17/12/2012,10:00,6,5,1
17/12/2012,10:15,7,4,3
17/12/2012,10:30,8,6,2
17/12/2012,10:45,3,3,0
17/12/2012,11:00,6,3,3
17/12/2012,11:15,3,1,2
17/12/2012,11:30,8,2,6
17/12/2012,11:45,7,3,4
17/12/2012,12:00,6,6,0
17/12/2012,12:15,7,4,3
17/12/2012,12:30,6,5,1
17/12/2012,12:45,7,5,2
17/12/2012,13:00,8,5,3
17/12/2012,13:15,4,4,0
17/12/2012,13:30,4,2,2
17/12/2012,13:45,5,4,1
17/12/2012,14:00,5,3,2
17/12/2012,14:15,19,15,4
17/12/2012,14:30,10,8,2
17/12/2012,14:45,10,8,2
17/12/2012,15:00,10,7,3
17/12/2012,15:15,14,12,2
17/12/2012,15:30,9,6,3
17/12/2012,15:45,10,6,4
17/12/2012,16:00,18,14,4
17/12/2012,16:15,18,14,4
17/12/2012,16:30,13,9,4
17/12/2012,16:45,14,12,2
17/12/2012,17:00,3,2,1
17/12/2012,17:15,11,8,3
17/12/2012,17:30,5,4,1
17/12/2012,17:45,8,6,2
17/12/2012,18:00,5,4,1
17/12/2012,18:15,7,7,0
17/12/2012,18:30,2,2,0
17/12/2012,18:45,7,7,0
17/12/2012,19:00,1,1,0
17/12/2012,19:15,1,0,1
17/12/2012,19:30,2,2,0
17/12/2012,19:45,1,0,1
17/12/2012,20:00,0,0,0
17/12/2012,20:15,1,0,1
17/12/2012,20:30,1,1,0
17/12/2012,20:45,1,1,0
17/12/2012,21:00,0,0,0
17/12/2012,21:15,1,1,0
17/12/2012,21:30,0,0,0
17/12/2012,21:45,0,0,0
17/12/2012,22:00,0,0,0
17/12/2012,22:15,0,0,0
17/12/2012,22:30,2,1,1
17/12/2012,22:45,0,0,0
17/12/2012,23:00,1,1,0
17/12/2012,23:15,0,0,0
17/12/2012,23:30,0,0,0
17/12/2012,23:45,0,0,0
18/12/2012,00:00,0,0,0
18/12/2012,00:15,0,0,0
18/12/2012,00:30,0,0,0
18/12/2012,00:45,0,0,0
18/12/2012,01:00,0,0,0
18/12/2012,01:15,0,0,0
18/12/2012,01:30,0,0,0
18/12/2012,01:45,0,0,0
18/12/2012,02:00,0,0,0
18/12/2012,02:15,0,0,0
18/12/2012,02:30,0,0,0
18/12/2012,02:45,0,0,0
18/12/2012,03:00,0,0,0
18/12/2012,03:15,0,0,0
18/12/2012,03:30,0,0,0
18/12/2012,03:45,0,0,0
18/12/2012,04:00,0,0,0
18/12/2012,04:15,0,0,0
18/12/2012,04:30,0,0,0
18/12/2012,04:45,1,1,0
18/12/2012,05:00,3,3,0
18/12/2012,05:15,1,1,0
18/12/2012,05:30,2,2,0
18/12/2012,05:45,2,2,0
18/12/2012,06:00,12,11,1
18/12/2012,06:15,10,9,1
18/12/2012,06:30,10,7,3
18/12/2012,06:45,7,6,1
18/12/2012,07:00,14,8,6
18/12/2012,07:15,15,12,3
18/12/2012,07:30,24,22,2
18/12/2012,07:45,57,54,3
18/12/2012,08:00,30,27,3
18/12/2012,08:15,18,10,8
18/12/2012,08:30,20,11,9
18/12/2012,08:45,30,21,9
18/12/2012,09:00,21,12,9
18/12/2012,09:15,19,15,4
18/12/2012,09:30,17,11,6
18/12/2012,09:45,12,9,3
18/12/2012,10:00,17,10,7
18/12/2012,10:15,17,12,5
18/12/2012,10:30,16,8,8
18/12/2012,10:45,21,15,6
18/12/2012,11:00,14,9,5
18/12/2012,11:15,10,8,2
18/12/2012,11:30,17,8,9
18/12/2012,11:45,13,8,5
18/12/2012,12:00,16,12,4
18/12/2012,12:15,19,11,8
18/12/2012,12:30,9,3,6
18/12/2012,12:45,24,20,4
18/12/2012,13:00,15,10,5
18/12/2012,13:15,16,9,7
18/12/2012,13:30,20,11,9
18/12/2012,13:45,12,4,8
18/12/2012,14:00,16,10,6
18/12/2012,14:15,25,12,13
18/12/2012,14:30,23,5,18
18/12/2012,14:45,44,11,33
18/12/2012,15:00,104,47,57
18/12/2012,15:15,59,13,46
18/12/2012,15:30,57,9,48
18/12/2012,15:45,31,11,20
18/12/2012,16:00,40,10,30
18/12/2012,16:15,49,10,39
18/12/2012,16:30,37,10,27
18/12/2012,16:45,45,18,27
18/12/2012,17:00,21,10,11
18/12/2012,17:15,26,13,13
18/12/2012,17:30,39,8,31
18/12/2012,17:45,22,11,11
18/12/2012,18:00,23,5,18
18/12/2012,18:15,14,11,3
18/12/2012,18:30,13,10,3
18/12/2012,18:45,4,4,0
18/12/2012,19:00,7,5,2
18/12/2012,19:15,4,4,0
18/12/2012,19:30,6,5,1
18/12/2012,19:45,1,1,0
18/12/2012,20:00,3,3,0
18/12/2012,20:15,1,1,0
18/12/2012,20:30,1,1,0
18/12/2012,20:45,2,2,0
18/12/2012,21:00,1,1,0
18/12/2012,21:15,0,0,0
18/12/2012,21:30,1,1,0
18/12/2012,21:45,0,0,0
18/12/2012,22:00,0,0,0
18/12/2012,22:15,1,1,0
18/12/2012,22:30,0,0,0
18/12/2012,22:45,2,2,0
18/12/2012,23:00,0,0,0
18/12/2012,23:15,0,0,0
18/12/2012,23:30,0,0,0
18/12/2012,23:45,0,0,0
19/12/2012,00:00,0,0,0
19/12/2012,00:15,0,0,0
19/12/2012,00:30,0,0,0
19/12/2012,00:45,0,0,0
19/12/2012,01:00,0,0,0
19/12/2012,01:15,1,1,0
19/12/2012,01:30,0,0,0
19/12/2012,01:45,0,0,0
19/12/2012,02:00,0,0,0
19/12/2012,02:15,0,0,0
19/12/2012,02:30,0,0,0
19/12/2012,02:45,0,0,0
19/12/2012,03:00,0,0,0
19/12/2012,03:15,0,0,0
19/12/2012,03:30,1,1,0
19/12/2012,03:45,0,0,0
19/12/2012,04:00,1,1,0
19/12/2012,04:15,6,4,2
19/12/2012,04:30,0,0,0
19/12/2012,04:45,0,0,0
19/12/2012,05:00,3,3,0
19/12/2012,05:15,0,0,0
19/12/2012,05:30,1,1,0
19/12/2012,05:45,3,2,1
19/12/2012,06:00,12,9,3
19/12/2012,06:15,10,8,2
19/12/2012,06:30,5,2,3
19/12/2012,06:45,10,7,3
19/12/2012,07:00,5,5,0
19/12/2012,07:15,9,4,5
19/12/2012,07:30,13,10,3
19/12/2012,07:45,33,27,6
19/12/2012,08:00,50,49,1
19/12/2012,08:15,16,13,3
19/12/2012,08:30,7,6,1
19/12/2012,08:45,18,14,4
19/12/2012,09:00,25,19,6
19/12/2012,09:15,13,11,2
19/12/2012,09:30,19,16,3
19/12/2012,09:45,14,12,2
19/12/2012,10:00,20,11,9
19/12/2012,10:15,14,10,4
19/12/2012,10:30,13,8,5
19/12/2012,10:45,18,11,7
19/12/2012,11:00,22,13,9
19/12/2012,11:15,25,14,11
19/12/2012,11:30,13,7,6
19/12/2012,11:45,21,17,4
19/12/2012,12:00,25,16,9
19/12/2012,12:15,18,10,8
19/12/2012,12:30,14,9,5
19/12/2012,12:45,12,10,2
19/12/2012,13:00,23,17,6
19/12/2012,13:15,38,33,5
19/12/2012,13:30,28,26,2
19/12/2012,13:45,22,20,2
19/12/2012,14:00,16,14,2
19/12/2012,14:15,15,12,3
19/12/2012,14:30,17,16,1
19/12/2012,14:45,14,13,1
19/12/2012,15:00,17,17,0
19/12/2012,15:15,19,18,1
19/12/2012,15:30,11,10,1
19/12/2012,15:45,23,19,4
19/12/2012,16:00,16,16,0
19/12/2012,16:15,17,16,1
19/12/2012,16:30,10,10,0
19/12/2012,16:45,12,9,3
19/12/2012,17:00,13,12,1
19/12/2012,17:15,8,8,0
19/12/2012,17:30,7,6,1
19/12/2012,17:45,5,5,0
19/12/2012,18:00,6,6,0
19/12/2012,18:15,11,11,0
19/12/2012,18:30,5,4,1
19/12/2012,18:45,5,4,1
19/12/2012,19:00,5,4,1
19/12/2012,19:15,4,4,0
19/12/2012,19:30,3,2,1
19/12/2012,19:45,2,2,0
19/12/2012,20:00,4,4,0
19/12/2012,20:15,1,1,0
19/12/2012,20:30,2,2,0
19/12/2012,20:45,0,0,0
19/12/2012,21:00,0,0,0
19/12/2012,21:15,0,0,0
19/12/2012,21:30,0,0,0
19/12/2012,21:45,0,0,0
19/12/2012,22:00,2,2,0
19/12/2012,22:15,0,0,0
19/12/2012,22:30,1,1,0
19/12/2012,22:45,0,0,0
19/12/2012,23:00,0,0,0
19/12/2012,23:15,0,0,0
19/12/2012,23:30,0,0,0
19/12/2012,23:45,0,0,0
20/12/2012,00:00,0,0,0
20/12/2012,00:15,0,0,0
20/12/2012,00:30,0,0,0
20/12/2012,00:45,0,0,0
20/12/2012,01:00,0,0,0
20/12/2012,01:15,0,0,0
20/12/2012,01:30,0,0,0
20/12/2012,01:45,0,0,0
20/12/2012,02:00,0,0,0
20/12/2012,02:15,0,0,0
20/12/2012,02:30,0,0,0
20/12/2012,02:45,0,0,0
20/12/2012,03:00,0,0,0
20/12/2012,03:15,0,0,0
20/12/2012,03:30,0,0,0
20/12/2012,03:45,0,0,0
20/12/2012,04:00,0,0,0
20/12/2012,04:15,0,0,0
20/12/2012,04:30,1,1,0
20/12/2012,04:45,1,1,0
20/12/2012,05:00,0,0,0
20/12/2012,05:15,2,1,1
20/12/2012,05:30,0,0,0
20/12/2012,05:45,0,0,0
20/12/2012,06:00,10,10,0
20/12/2012,06:15,1,1,0
20/12/2012,06:30,5,2,3
20/12/2012,06:45,11,7,4
20/12/2012,07:00,12,11,1
20/12/2012,07:15,5,3,2
20/12/2012,07:30,11,8,3
20/12/2012,07:45,35,32,3
20/12/2012,08:00,45,40,5
20/12/2012,08:15,14,7,7
20/12/2012,08:30,9,6,3
20/12/2012,08:45,16,11,5
20/12/2012,09:00,17,11,6
20/12/2012,09:15,14,10,4
20/12/2012,09:30,9,7,2
20/12/2012,09:45,18,12,6
20/12/2012,10:00,8,1,7
20/12/2012,10:15,16,14,2
20/12/2012,10:30,7,7,0
20/12/2012,10:45,6,5,1
20/12/2012,11:00,8,7,1
20/12/2012,11:15,11,11,0
20/12/2012,11:30,12,12,0
20/12/2012,11:45,14,13,1
20/12/2012,12:00,11,11,0
20/12/2012,12:15,7,7,0
20/12/2012,12:30,8,8,0
20/12/2012,12:45,18,16,2
20/12/2012,13:00,9,8,1
20/12/2012,13:15,16,16,0
20/12/2012,13:30,8,7,1
20/12/2012,13:45,3,3,0
20/12/2012,14:00,8,7,1
20/12/2012,14:15,8,6,2
20/12/2012,14:30,10,10,0
20/12/2012,14:45,10,9,1
20/12/2012,15:00,43,42,1
20/12/2012,15:15,9,8,1
20/12/2012,15:30,13,12,1
20/12/2012,15:45,9,9,0
20/12/2012,16:00,7,6,1
20/12/2012,16:15,11,11,0
20/12/2012,16:30,3,3,0
20/12/2012,16:45,7,6,1
20/12/2012,17:00,5,5,0
20/12/2012,17:15,9,9,0
20/12/2012,17:30,7,6,1
20/12/2012,17:45,6,6,0
20/12/2012,18:00,4,4,0
20/12/2012,18:15,6,6,0
20/12/2012,18:30,6,6,0
20/12/2012,18:45,0,0,0
20/12/2012,19:00,2,2,0
20/12/2012,19:15,0,0,0
20/12/2012,19:30,2,2,0
20/12/2012,19:45,2,2,0
20/12/2012,20:00,0,0,0
20/12/2012,20:15,0,0,0
20/12/2012,20:30,0,0,0
20/12/2012,20:45,1,1,0
20/12/2012,21:00,0,0,0
20/12/2012,21:15,0,0,0
20/12/2012,21:30,0,0,0
20/12/2012,21:45,0,0,0
20/12/2012,22:00,0,0,0
20/12/2012,22:15,0,0,0
20/12/2012,22:30,2,2,0
20/12/2012,22:45,1,1,0
20/12/2012,23:00,0,0,0
20/12/2012,23:15,0,0,0
20/12/2012,23:30,0,0,0
20/12/2012,23:45,0,0,0
21/12/2012,00:00,0,0,0
21/12/2012,00:15,0,0,0
21/12/2012,00:30,0,0,0
21/12/2012,00:45,0,0,0
21/12/2012,01:00,0,0,0
21/12/2012,01:15,0,0,0
21/12/2012,01:30,0,0,0
21/12/2012,01:45,0,0,0
21/12/2012,02:00,0,0,0
21/12/2012,02:15,0,0,0
21/12/2012,02:30,0,0,0
21/12/2012,02:45,0,0,0
21/12/2012,03:00,0,0,0
21/12/2012,03:15,0,0,0
21/12/2012,03:30,0,0,0
21/12/2012,03:45,0,0,0
21/12/2012,04:00,0,0,0
21/12/2012,04:15,0,0,0
21/12/2012,04:30,1,1,0
21/12/2012,04:45,0,0,0
21/12/2012,05:00,0,0,0
21/12/2012,05:15,0,0,0
21/12/2012,05:30,2,1,1
21/12/2012,05:45,0,0,0
21/12/2012,06:00,1,1,0
21/12/2012,06:15,1,1,0
21/12/2012,06:30,0,0,0
21/12/2012,06:45,1,1,0
21/12/2012,07:00,1,1,0
21/12/2012,07:15,1,1,0
21/12/2012,07:30,1,1,0
21/12/2012,07:45,3,2,1
21/12/2012,08:00,8,7,1
21/12/2012,08:15,5,5,0
21/12/2012,08:30,3,3,0
21/12/2012,08:45,1,1,0
21/12/2012,09:00,2,2,0
21/12/2012,09:15,1,1,0
21/12/2012,09:30,3,3,0
21/12/2012,09:45,3,2,1
21/12/2012,10:00,0,0,0
21/12/2012,10:15,0,0,0
21/12/2012,10:30,0,0,0
21/12/2012,10:45,1,1,0
21/12/2012,11:00,1,1,0
21/12/2012,11:15,0,0,0
21/12/2012,11:30,1,1,0
21/12/2012,11:45,0,0,0
21/12/2012,12:00,0,0,0
21/12/2012,12:15,0,0,0
21/12/2012,12:30,1,1,0
21/12/2012,12:45,1,1,0
21/12/2012,13:00,1,1,0
21/12/2012,13:15,2,2,0
21/12/2012,13:30,2,0,2
21/12/2012,13:45,1,1,0
21/12/2012,14:00,1,1,0
21/12/2012,14:15,3,3,0
21/12/2012,14:30,2,2,0
21/12/2012,14:45,2,2,0
21/12/2012,15:00,1,1,0
21/12/2012,15:15,4,4,0
21/12/2012,15:30,0,0,0
21/12/2012,15:45,2,2,0
21/12/2012,16:00,2,1,1
21/12/2012,16:15,3,3,0
21/12/2012,16:30,2,2,0
21/12/2012,16:45,0,0,0
21/12/2012,17:00,1,1,0
21/12/2012,17:15,1,1,0
21/12/2012,17:30,1,1,0
21/12/2012,17:45,2,2,0
21/12/2012,18:00,1,1,0
21/12/2012,18:15,2,2,0
21/12/2012,18:30,2,2,0
21/12/2012,18:45,0,0,0
21/12/2012,19:00,0,0,0
21/12/2012,19:15,0,0,0
21/12/2012,19:30,0,0,0
21/12/2012,19:45,2,2,0
21/12/2012,20:00,0,0,0
21/12/2012,20:15,0,0,0
21/12/2012,20:30,0,0,0
21/12/2012,20:45,0,0,0
21/12/2012,21:00,0,0,0
21/12/2012,21:15,0,0,0
21/12/2012,21:30,0,0,0
21/12/2012,21:45,0,0,0
21/12/2012,22:00,0,0,0
21/12/2012,22:15,1,1,0
21/12/2012,22:30,0,0,0
21/12/2012,22:45,0,0,0
21/12/2012,23:00,0,0,0
21/12/2012,23:15,0,0,0
21/12/2012,23:30,0,0,0
21/12/2012,23:45,0,0,0
22/12/2012,00:00,0,0,0
22/12/2012,00:15,0,0,0
22/12/2012,00:30,0,0,0
22/12/2012,00:45,0,0,0
22/12/2012,01:00,0,0,0
22/12/2012,01:15,0,0,0
22/12/2012,01:30,0,0,0
22/12/2012,01:45,0,0,0
22/12/2012,02:00,0,0,0
22/12/2012,02:15,0,0,0
22/12/2012,02:30,0,0,0
22/12/2012,02:45,0,0,0
22/12/2012,03:00,0,0,0
22/12/2012,03:15,0,0,0
22/12/2012,03:30,0,0,0
22/12/2012,03:45,0,0,0
22/12/2012,04:00,0,0,0
22/12/2012,04:15,0,0,0
22/12/2012,04:30,0,0,0
22/12/2012,04:45,0,0,0
22/12/2012,05:00,0,0,0
22/12/2012,05:15,0,0,0
22/12/2012,05:30,0,0,0
22/12/2012,05:45,1,1,0
22/12/2012,06:00,0,0,0
22/12/2012,06:15,0,0,0
22/12/2012,06:30,0,0,0
22/12/2012,06:45,0,0,0
22/12/2012,07:00,0,0,0
22/12/2012,07:15,0,0,0
22/12/2012,07:30,0,0,0
22/12/2012,07:45,1,1,0
22/12/2012,08:00,2,2,0
22/12/2012,08:15,2,2,0
22/12/2012,08:30,0,0,0
22/12/2012,08:45,2,2,0
22/12/2012,09:00,2,2,0
22/12/2012,09:15,1,1,0
22/12/2012,09:30,10,9,1
22/12/2012,09:45,4,4,0
22/12/2012,10:00,6,6,0
22/12/2012,10:15,2,2,0
22/12/2012,10:30,10,9,1
22/12/2012,10:45,10,10,0
22/12/2012,11:00,19,17,2
22/12/2012,11:15,7,7,0
22/12/2012,11:30,9,9,0
22/12/2012,11:45,16,15,1
22/12/2012,12:00,9,8,1
22/12/2012,12:15,18,17,1
22/12/2012,12:30,21,16,5
22/12/2012,12:45,25,20,5
22/12/2012,13:00,24,17,7
22/12/2012,13:15,21,21,0
22/12/2012,13:30,20,16,4
22/12/2012,13:45,11,5,6
22/12/2012,14:00,21,14,7
22/12/2012,14:15,22,17,5
22/12/2012,14:30,23,11,12
22/12/2012,14:45,29,20,9
22/12/2012,15:00,15,7,8
22/12/2012,15:15,14,13,1
22/12/2012,15:30,10,10,0
22/12/2012,15:45,5,1,4
22/12/2012,16:00,6,3,3
22/12/2012,16:15,4,2,2
22/12/2012,16:30,9,4,5
22/12/2012,16:45,6,5,1
22/12/2012,17:00,4,0,4
22/12/2012,17:15,3,1,2
22/12/2012,17:30,5,5,0
22/12/2012,17:45,1,0,1
22/12/2012,18:00,2,2,0
22/12/2012,18:15,2,1,1
22/12/2012,18:30,2,2,0
22/12/2012,18:45,0,0,0
22/12/2012,19:00,1,1,0
22/12/2012,19:15,1,1,0
22/12/2012,19:30,0,0,0
22/12/2012,19:45,0,0,0
22/12/2012,20:00,0,0,0
22/12/2012,20:15,0,0,0
22/12/2012,20:30,0,0,0
22/12/2012,20:45,0,0,0
22/12/2012,21:00,0,0,0
22/12/2012,21:15,0,0,0
22/12/2012,21:30,0,0,0
22/12/2012,21:45,0,0,0
22/12/2012,22:00,0,0,0
22/12/2012,22:15,0,0,0
22/12/2012,22:30,0,0,0
22/12/2012,22:45,0,0,0
22/12/2012,23:00,0,0,0
22/12/2012,23:15,0,0,0
22/12/2012,23:30,0,0,0
22/12/2012,23:45,0,0,0
23/12/2012,00:00,0,0,0
23/12/2012,00:15,0,0,0
23/12/2012,00:30,0,0,0
23/12/2012,00:45,0,0,0
23/12/2012,01:00,0,0,0
23/12/2012,01:15,0,0,0
23/12/2012,01:30,0,0,0
23/12/2012,01:45,0,0,0
23/12/2012,02:00,0,0,0
23/12/2012,02:15,0,0,0
23/12/2012,02:30,0,0,0
23/12/2012,02:45,0,0,0
23/12/2012,03:00,0,0,0
23/12/2012,03:15,0,0,0
23/12/2012,03:30,0,0,0
23/12/2012,03:45,0,0,0
23/12/2012,04:00,0,0,0
23/12/2012,04:15,0,0,0
23/12/2012,04:30,0,0,0
23/12/2012,04:45,0,0,0
23/12/2012,05:00,1,1,0
23/12/2012,05:15,1,1,0
23/12/2012,05:30,0,0,0
23/12/2012,05:45,0,0,0
23/12/2012,06:00,0,0,0
23/12/2012,06:15,0,0,0
23/12/2012,06:30,0,0,0
23/12/2012,06:45,0,0,0
23/12/2012,07:00,0,0,0
23/12/2012,07:15,0,0,0
23/12/2012,07:30,0,0,0
23/12/2012,07:45,0,0,0
23/12/2012,08:00,3,3,0
23/12/2012,08:15,1,1,0
23/12/2012,08:30,0,0,0
23/12/2012,08:45,4,4,0
23/12/2012,09:00,0,0,0
23/12/2012,09:15,2,2,0
23/12/2012,09:30,1,1,0
23/12/2012,09:45,4,3,1
23/12/2012,10:00,0,0,0
23/12/2012,10:15,0,0,0
23/12/2012,10:30,0,0,0
23/12/2012,10:45,0,0,0
23/12/2012,11:00,1,1,0
23/12/2012,11:15,0,0,0
23/12/2012,11:30,0,0,0
23/12/2012,11:45,1,1,0
23/12/2012,12:00,2,2,0
23/12/2012,12:15,0,0,0
23/12/2012,12:30,0,0,0
23/12/2012,12:45,0,0,0
23/12/2012,13:00,0,0,0
23/12/2012,13:15,0,0,0
23/12/2012,13:30,3,3,0
23/12/2012,13:45,0,0,0
23/12/2012,14:00,2,1,1
23/12/2012,14:15,2,1,1
23/12/2012,14:30,0,0,0
23/12/2012,14:45,0,0,0
23/12/2012,15:00,0,0,0
23/12/2012,15:15,3,3,0
23/12/2012,15:30,0,0,0
23/12/2012,15:45,0,0,0
23/12/2012,16:00,2,2,0
23/12/2012,16:15,0,0,0
23/12/2012,16:30,4,3,1
23/12/2012,16:45,4,3,1
23/12/2012,17:00,2,2,0
23/12/2012,17:15,1,1,0
23/12/2012,17:30,0,0,0
23/12/2012,17:45,0,0,0
23/12/2012,18:00,0,0,0
23/12/2012,18:15,0,0,0
23/12/2012,18:30,0,0,0
23/12/2012,18:45,0,0,0
23/12/2012,19:00,0,0,0
23/12/2012,19:15,1,1,0
23/12/2012,19:30,0,0,0
23/12/2012,19:45,0,0,0
23/12/2012,20:00,0,0,0
23/12/2012,20:15,0,0,0
23/12/2012,20:30,0,0,0
23/12/2012,20:45,0,0,0
23/12/2012,21:00,0,0,0
23/12/2012,21:15,0,0,0
23/12/2012,21:30,0,0,0
23/12/2012,21:45,0,0,0
23/12/2012,22:00,1,0,1
23/12/2012,22:15,0,0,0
23/12/2012,22:30,0,0,0
23/12/2012,22:45,0,0,0
23/12/2012,23:00,0,0,0
23/12/2012,23:15,2,2,0
23/12/2012,23:30,0,0,0
23/12/2012,23:45,0,0,0
24/12/2012,00:00,0,0,0
24/12/2012,00:15,0,0,0
24/12/2012,00:30,0,0,0
24/12/2012,00:45,0,0,0
24/12/2012,01:00,2,2,0
24/12/2012,01:15,0,0,0
24/12/2012,01:30,0,0,0
24/12/2012,01:45,0,0,0
24/12/2012,02:00,0,0,0
24/12/2012,02:15,0,0,0
24/12/2012,02:30,0,0,0
24/12/2012,02:45,0,0,0
24/12/2012,03:00,0,0,0
24/12/2012,03:15,0,0,0
24/12/2012,03:30,2,2,0
24/12/2012,03:45,1,1,0
24/12/2012,04:00,0,0,0
24/12/2012,04:15,0,0,0
24/12/2012,04:30,0,0,0
24/12/2012,04:45,0,0,0
24/12/2012,05:00,0,0,0
24/12/2012,05:15,0,0,0
24/12/2012,05:30,0,0,0
24/12/2012,05:45,0,0,0
24/12/2012,06:00,6,6,0
24/12/2012,06:15,3,2,1
24/12/2012,06:30,1,1,0
24/12/2012,06:45,3,3,0
24/12/2012,07:00,3,3,0
24/12/2012,07:15,5,5,0
24/12/2012,07:30,4,4,0
24/12/2012,07:45,7,7,0
24/12/2012,08:00,11,10,1
24/12/2012,08:15,7,6,1
24/12/2012,08:30,30,25,5
24/12/2012,08:45,13,9,4
24/12/2012,09:00,35,33,2
24/12/2012,09:15,15,14,1
24/12/2012,09:30,27,26,1
24/12/2012,09:45,38,34,4
24/12/2012,10:00,27,23,4
24/12/2012,10:15,44,41,3
24/12/2012,10:30,43,41,2
24/12/2012,10:45,38,34,4
24/12/2012,11:00,28,26,2
24/12/2012,11:15,44,41,3
24/12/2012,11:30,38,36,2
24/12/2012,11:45,48,43,5
24/12/2012,12:00,58,54,4
24/12/2012,12:15,48,41,7
24/12/2012,12:30,44,40,4
24/12/2012,12:45,43,38,5
24/12/2012,13:00,23,20,3
24/12/2012,13:15,47,44,3
24/12/2012,13:30,57,54,3
24/12/2012,13:45,42,39,3
24/12/2012,14:00,31,27,4
24/12/2012,14:15,21,21,0
24/12/2012,14:30,32,31,1
24/12/2012,14:45,30,30,0
24/12/2012,15:00,23,23,0
24/12/2012,15:15,25,25,0
24/12/2012,15:30,24,24,0
24/12/2012,15:45,20,20,0
24/12/2012,16:00,18,18,0
24/12/2012,16:15,9,9,0
24/12/2012,16:30,12,12,0
24/12/2012,16:45,6,6,0
24/12/2012,17:00,7,7,0
24/12/2012,17:15,2,2,0
24/12/2012,17:30,0,0,0
24/12/2012,17:45,2,2,0
24/12/2012,18:00,1,1,0
24/12/2012,18:15,0,0,0
24/12/2012,18:30,0,0,0
24/12/2012,18:45,1,1,0
24/12/2012,19:00,0,0,0
24/12/2012,19:15,0,0,0
24/12/2012,19:30,0,0,0
24/12/2012,19:45,0,0,0
24/12/2012,20:00,0,0,0
24/12/2012,20:15,0,0,0
24/12/2012,20:30,0,0,0
24/12/2012,20:45,1,1,0
24/12/2012,21:00,0,0,0
24/12/2012,21:15,0,0,0
24/12/2012,21:30,0,0,0
24/12/2012,21:45,0,0,0
24/12/2012,22:00,0,0,0
24/12/2012,22:15,2,2,0
24/12/2012,22:30,0,0,0
24/12/2012,22:45,0,0,0
24/12/2012,23:00,0,0,0
24/12/2012,23:15,0,0,0
24/12/2012,23:30,0,0,0
24/12/2012,23:45,0,0,0
25/12/2012,00:00,0,0,0
25/12/2012,00:15,0,0,0
25/12/2012,00:30,0,0,0
25/12/2012,00:45,0,0,0
25/12/2012,01:00,0,0,0
25/12/2012,01:15,0,0,0
25/12/2012,01:30,0,0,0
25/12/2012,01:45,0,0,0
25/12/2012,02:00,0,0,0
25/12/2012,02:15,0,0,0
25/12/2012,02:30,0,0,0
25/12/2012,02:45,0,0,0
25/12/2012,03:00,0,0,0
25/12/2012,03:15,0,0,0
25/12/2012,03:30,0,0,0
25/12/2012,03:45,0,0,0
25/12/2012,04:00,0,0,0
25/12/2012,04:15,0,0,0
25/12/2012,04:30,0,0,0
25/12/2012,04:45,0,0,0
25/12/2012,05:00,0,0,0
25/12/2012,05:15,0,0,0
25/12/2012,05:30,0,0,0
25/12/2012,05:45,0,0,0
25/12/2012,06:00,0,0,0
25/12/2012,06:15,1,1,0
25/12/2012,06:30,0,0,0
25/12/2012,06:45,0,0,0
25/12/2012,07:00,1,1,0
25/12/2012,07:15,1,1,0
25/12/2012,07:30,1,1,0
25/12/2012,07:45,1,1,0
25/12/2012,08:00,0,0,0
25/12/2012,08:15,5,5,0
25/12/2012,08:30,8,8,0
25/12/2012,08:45,4,4,0
25/12/2012,09:00,3,3,0
25/12/2012,09:15,9,9,0
25/12/2012,09:30,2,2,0
25/12/2012,09:45,2,2,0
25/12/2012,10:00,2,2,0
25/12/2012,10:15,9,8,1
25/12/2012,10:30,6,6,0
25/12/2012,10:45,8,8,0
25/12/2012,11:00,6,6,0
25/12/2012,11:15,4,4,0
25/12/2012,11:30,11,11,0
25/12/2012,11:45,7,7,0
25/12/2012,12:00,12,12,0
25/12/2012,12:15,1,1,0
25/12/2012,12:30,2,2,0
25/12/2012,12:45,0,0,0
25/12/2012,13:00,4,4,0
25/12/2012,13:15,3,3,0
25/12/2012,13:30,4,4,0
25/12/2012,13:45,2,2,0
25/12/2012,14:00,0,0,0
25/12/2012,14:15,0,0,0
25/12/2012,14:30,0,0,0
25/12/2012,14:45,0,0,0
25/12/2012,15:00,1,1,0
25/12/2012,15:15,1,1,0
25/12/2012,15:30,0,0,0
25/12/2012,15:45,0,0,0
25/12/2012,16:00,0,0,0
25/12/2012,16:15,0,0,0
25/12/2012,16:30,0,0,0
25/12/2012,16:45,0,0,0
25/12/2012,17:00,0,0,0
25/12/2012,17:15,0,0,0
25/12/2012,17:30,0,0,0
25/12/2012,17:45,0,0,0
25/12/2012,18:00,0,0,0
25/12/2012,18:15,0,0,0
25/12/2012,18:30,1,1,0
25/12/2012,18:45,0,0,0
25/12/2012,19:00,0,0,0
25/12/2012,19:15,0,0,0
25/12/2012,19:30,0,0,0
25/12/2012,19:45,0,0,0
25/12/2012,20:00,0,0,0
25/12/2012,20:15,0,0,0
25/12/2012,20:30,0,0,0
25/12/2012,20:45,0,0,0
25/12/2012,21:00,0,0,0
25/12/2012,21:15,0,0,0
25/12/2012,21:30,0,0,0
25/12/2012,21:45,0,0,0
25/12/2012,22:00,0,0,0
25/12/2012,22:15,0,0,0
25/12/2012,22:30,0,0,0
25/12/2012,22:45,0,0,0
25/12/2012,23:00,0,0,0
25/12/2012,23:15,0,0,0
25/12/2012,23:30,0,0,0
25/12/2012,23:45,0,0,0
26/12/2012,00:00,0,0,0
26/12/2012,00:15,0,0,0
26/12/2012,00:30,0,0,0
26/12/2012,00:45,0,0,0
26/12/2012,01:00,0,0,0
26/12/2012,01:15,0,0,0
26/12/2012,01:30,0,0,0
26/12/2012,01:45,0,0,0
26/12/2012,02:00,0,0,0
26/12/2012,02:15,0,0,0
26/12/2012,02:30,0,0,0
26/12/2012,02:45,0,0,0
26/12/2012,03:00,0,0,0
26/12/2012,03:15,0,0,0
26/12/2012,03:30,0,0,0
26/12/2012,03:45,0,0,0
26/12/2012,04:00,0,0,0
26/12/2012,04:15,0,0,0
26/12/2012,04:30,1,1,0
26/12/2012,04:45,0,0,0
26/12/2012,05:00,0,0,0
26/12/2012,05:15,0,0,0
26/12/2012,05:30,0,0,0
26/12/2012,05:45,0,0,0
26/12/2012,06:00,1,1,0
26/12/2012,06:15,2,2,0
26/12/2012,06:30,0,0,0
26/12/2012,06:45,2,1,1
26/12/2012,07:00,1,1,0
26/12/2012,07:15,1,1,0
26/12/2012,07:30,0,0,0
26/12/2012,07:45,0,0,0
26/12/2012,08:00,2,2,0
26/12/2012,08:15,1,1,0
26/12/2012,08:30,4,4,0
26/12/2012,08:45,8,8,0
26/12/2012,09:00,1,1,0
26/12/2012,09:15,8,8,0
26/12/2012,09:30,5,4,1
26/12/2012,09:45,2,2,0
26/12/2012,10:00,4,3,1
26/12/2012,10:15,9,7,2
26/12/2012,10:30,5,5,0
26/12/2012,10:45,10,10,0
26/12/2012,11:00,6,5,1
26/12/2012,11:15,9,6,3
26/12/2012,11:30,3,2,1
26/12/2012,11:45,5,4,1
26/12/2012,12:00,7,6,1
26/12/2012,12:15,8,7,1
26/12/2012,12:30,4,4,0
26/12/2012,12:45,14,14,0
26/12/2012,13:00,8,8,0
26/12/2012,13:15,10,9,1
26/12/2012,13:30,7,6,1
26/12/2012,13:45,11,11,0
26/12/2012,14:00,7,3,4
26/12/2012,14:15,9,7,2
26/12/2012,14:30,18,10,8
26/12/2012,14:45,19,14,5
26/12/2012,15:00,13,9,4
26/12/2012,15:15,14,12,2
26/12/2012,15:30,14,11,3
26/12/2012,15:45,14,13,1
26/12/2012,16:00,13,7,6
26/12/2012,16:15,13,10,3
26/12/2012,16:30,14,11,3
26/12/2012,16:45,14,14,0
26/12/2012,17:00,6,5,1
26/12/2012,17:15,6,3,3
26/12/2012,17:30,4,4,0
26/12/2012,17:45,4,4,0
26/12/2012,18:00,5,4,1
26/12/2012,18:15,1,1,0
26/12/2012,18:30,0,0,0
26/12/2012,18:45,0,0,0
26/12/2012,19:00,0,0,0
26/12/2012,19:15,0,0,0
26/12/2012,19:30,2,2,0
26/12/2012,19:45,0,0,0
26/12/2012,20:00,1,1,0
26/12/2012,20:15,1,0,1
26/12/2012,20:30,1,1,0
26/12/2012,20:45,1,1,0
26/12/2012,21:00,2,2,0
26/12/2012,21:15,1,1,0
26/12/2012,21:30,0,0,0
26/12/2012,21:45,2,2,0
26/12/2012,22:00,0,0,0
26/12/2012,22:15,0,0,0
26/12/2012,22:30,0,0,0
26/12/2012,22:45,0,0,0
26/12/2012,23:00,0,0,0
26/12/2012,23:15,0,0,0
26/12/2012,23:30,0,0,0
26/12/2012,23:45,1,1,0
27/12/2012,00:00,0,0,0
27/12/2012,00:15,1,1,0
27/12/2012,00:30,0,0,0
27/12/2012,00:45,0,0,0
27/12/2012,01:00,0,0,0
27/12/2012,01:15,0,0,0
27/12/2012,01:30,0,0,0
27/12/2012,01:45,0,0,0
27/12/2012,02:00,0,0,0
27/12/2012,02:15,0,0,0
27/12/2012,02:30,1,1,0
27/12/2012,02:45,0,0,0
27/12/2012,03:00,0,0,0
27/12/2012,03:15,0,0,0
27/12/2012,03:30,0,0,0
27/12/2012,03:45,0,0,0
27/12/2012,04:00,0,0,0
27/12/2012,04:15,0,0,0
27/12/2012,04:30,0,0,0
27/12/2012,04:45,1,1,0
27/12/2012,05:00,0,0,0
27/12/2012,05:15,1,1,0
27/12/2012,05:30,3,3,0
27/12/2012,05:45,0,0,0
27/12/2012,06:00,6,6,0
27/12/2012,06:15,7,6,1
27/12/2012,06:30,4,2,2
27/12/2012,06:45,6,6,0
27/12/2012,07:00,10,8,2
27/12/2012,07:15,5,2,3
27/12/2012,07:30,7,7,0
27/12/2012,07:45,7,6,1
27/12/2012,08:00,11,7,4
27/12/2012,08:15,8,6,2
27/12/2012,08:30,17,15,2
27/12/2012,08:45,20,16,4
27/12/2012,09:00,14,10,4
27/12/2012,09:15,20,18,2
27/12/2012,09:30,21,19,2
27/12/2012,09:45,19,16,3
27/12/2012,10:00,29,28,1
27/12/2012,10:15,31,26,5
27/12/2012,10:30,27,21,6
27/12/2012,10:45,38,33,5
27/12/2012,11:00,22,15,7
27/12/2012,11:15,40,35,5
27/12/2012,11:30,39,32,7
27/12/2012,11:45,30,25,5
27/12/2012,12:00,48,42,6
27/12/2012,12:15,40,34,6
27/12/2012,12:30,42,37,5
27/12/2012,12:45,31,27,4
27/12/2012,13:00,54,51,3
27/12/2012,13:15,37,35,2
27/12/2012,13:30,30,28,2
27/12/2012,13:45,63,60,3
27/12/2012,14:00,34,31,3
27/12/2012,14:15,46,45,1
27/12/2012,14:30,33,33,0
27/12/2012,14:45,48,48,0
27/12/2012,15:00,30,29,1
27/12/2012,15:15,28,28,0
27/12/2012,15:30,32,32,0
27/12/2012,15:45,34,34,0
27/12/2012,16:00,39,39,0
27/12/2012,16:15,23,23,0
27/12/2012,16:30,18,18,0
27/12/2012,16:45,27,27,0
27/12/2012,17:00,11,11,0
27/12/2012,17:15,3,3,0
27/12/2012,17:30,6,6,0
27/12/2012,17:45,12,12,0
27/12/2012,18:00,4,4,0
27/12/2012,18:15,5,5,0
27/12/2012,18:30,7,7,0
27/12/2012,18:45,2,2,0
27/12/2012,19:00,2,2,0
27/12/2012,19:15,2,2,0
27/12/2012,19:30,2,2,0
27/12/2012,19:45,1,1,0
27/12/2012,20:00,0,0,0
27/12/2012,20:15,0,0,0
27/12/2012,20:30,3,3,0
27/12/2012,20:45,1,1,0
27/12/2012,21:00,1,1,0
27/12/2012,21:15,0,0,0
27/12/2012,21:30,0,0,0
27/12/2012,21:45,0,0,0
27/12/2012,22:00,1,1,0
27/12/2012,22:15,0,0,0
27/12/2012,22:30,1,1,0
27/12/2012,22:45,0,0,0
27/12/2012,23:00,0,0,0
27/12/2012,23:15,0,0,0
27/12/2012,23:30,0,0,0
27/12/2012,23:45,0,0,0
28/12/2012,00:00,0,0,0
28/12/2012,00:15,0,0,0
28/12/2012,00:30,0,0,0
28/12/2012,00:45,0,0,0
28/12/2012,01:00,0,0,0
28/12/2012,01:15,1,1,0
28/12/2012,01:30,0,0,0
28/12/2012,01:45,0,0,0
28/12/2012,02:00,0,0,0
28/12/2012,02:15,0,0,0
28/12/2012,02:30,0,0,0
28/12/2012,02:45,1,1,0
28/12/2012,03:00,0,0,0
28/12/2012,03:15,0,0,0
28/12/2012,03:30,0,0,0
28/12/2012,03:45,1,1,0
28/12/2012,04:00,0,0,0
28/12/2012,04:15,2,2,0
28/12/2012,04:30,2,2,0
28/12/2012,04:45,1,1,0
28/12/2012,05:00,1,1,0
28/12/2012,05:15,0,0,0
28/12/2012,05:30,1,1,0
28/12/2012,05:45,1,1,0
28/12/2012,06:00,4,4,0
28/12/2012,06:15,0,0,0
28/12/2012,06:30,3,3,0
28/12/2012,06:45,5,5,0
28/12/2012,07:00,7,7,0
28/12/2012,07:15,11,11,0
28/12/2012,07:30,8,8,0
28/12/2012,07:45,5,5,0
28/12/2012,08:00,6,5,1
28/12/2012,08:15,5,5,0
28/12/2012,08:30,5,5,0
28/12/2012,08:45,7,7,0
28/12/2012,09:00,11,10,1
28/12/2012,09:15,30,30,0
28/12/2012,09:30,7,7,0
28/12/2012,09:45,15,14,1
28/12/2012,10:00,8,8,0
28/12/2012,10:15,16,14,2
28/12/2012,10:30,17,17,0
28/12/2012,10:45,12,12,0
28/12/2012,11:00,6,6,0
28/12/2012,11:15,2,2,0
28/12/2012,11:30,17,17,0
28/12/2012,11:45,11,11,0
28/12/2012,12:00,6,6,0
28/12/2012,12:15,10,10,0
28/12/2012,12:30,11,11,0
28/12/2012,12:45,14,14,0
28/12/2012,13:00,17,17,0
28/12/2012,13:15,12,12,0
28/12/2012,13:30,11,11,0
28/12/2012,13:45,11,11,0
28/12/2012,14:00,5,5,0
28/12/2012,14:15,7,7,0
28/12/2012,14:30,4,4,0
28/12/2012,14:45,8,8,0
28/12/2012,15:00,15,15,0
28/12/2012,15:15,7,7,0
28/12/2012,15:30,6,6,0
28/12/2012,15:45,10,10,0
28/12/2012,16:00,11,11,0
28/12/2012,16:15,4,4,0
28/12/2012,16:30,2,2,0
28/12/2012,16:45,10,10,0
28/12/2012,17:00,4,4,0
28/12/2012,17:15,2,2,0
28/12/2012,17:30,4,4,0
28/12/2012,17:45,5,5,0
28/12/2012,18:00,4,4,0
28/12/2012,18:15,2,2,0
28/12/2012,18:30,2,2,0
28/12/2012,18:45,3,3,0
28/12/2012,19:00,2,2,0
28/12/2012,19:15,0,0,0
28/12/2012,19:30,0,0,0
28/12/2012,19:45,0,0,0
28/12/2012,20:00,1,1,0
28/12/2012,20:15,0,0,0
28/12/2012,20:30,0,0,0
28/12/2012,20:45,0,0,0
28/12/2012,21:00,0,0,0
28/12/2012,21:15,0,0,0
28/12/2012,21:30,0,0,0
28/12/2012,21:45,0,0,0
28/12/2012,22:00,0,0,0
28/12/2012,22:15,0,0,0
28/12/2012,22:30,0,0,0
28/12/2012,22:45,0,0,0
28/12/2012,23:00,0,0,0
28/12/2012,23:15,0,0,0
28/12/2012,23:30,0,0,0
28/12/2012,23:45,0,0,0
29/12/2012,00:00,0,0,0
29/12/2012,00:15,0,0,0
29/12/2012,00:30,0,0,0
29/12/2012,00:45,0,0,0
29/12/2012,01:00,0,0,0
29/12/2012,01:15,0,0,0
29/12/2012,01:30,0,0,0
29/12/2012,01:45,0,0,0
29/12/2012,02:00,0,0,0
29/12/2012,02:15,0,0,0
29/12/2012,02:30,0,0,0
29/12/2012,02:45,0,0,0
29/12/2012,03:00,0,0,0
29/12/2012,03:15,0,0,0
29/12/2012,03:30,0,0,0
29/12/2012,03:45,1,1,0
29/12/2012,04:00,0,0,0
29/12/2012,04:15,0,0,0
29/12/2012,04:30,0,0,0
29/12/2012,04:45,1,1,0
29/12/2012,05:00,1,1,0
29/12/2012,05:15,0,0,0
29/12/2012,05:30,0,0,0
29/12/2012,05:45,0,0,0
29/12/2012,06:00,0,0,0
29/12/2012,06:15,0,0,0
29/12/2012,06:30,0,0,0
29/12/2012,06:45,1,1,0
29/12/2012,07:00,0,0,0
29/12/2012,07:15,3,3,0
29/12/2012,07:30,1,1,0
29/12/2012,07:45,3,2,1
29/12/2012,08:00,2,2,0
29/12/2012,08:15,5,5,0
29/12/2012,08:30,5,4,1
29/12/2012,08:45,7,3,4
29/12/2012,09:00,3,3,0
29/12/2012,09:15,19,17,2
29/12/2012,09:30,8,7,1
29/12/2012,09:45,12,11,1
29/12/2012,10:00,12,10,2
29/12/2012,10:15,18,13,5
29/12/2012,10:30,10,10,0
29/12/2012,10:45,18,16,2
29/12/2012,11:00,21,18,3
29/12/2012,11:15,27,25,2
29/12/2012,11:30,26,24,2
29/12/2012,11:45,25,23,2
29/12/2012,12:00,24,22,2
29/12/2012,12:15,29,29,0
29/12/2012,12:30,33,33,0
29/12/2012,12:45,22,22,0
29/12/2012,13:00,22,20,2
29/12/2012,13:15,27,26,1
29/12/2012,13:30,23,23,0
29/12/2012,13:45,23,23,0
29/12/2012,14:00,16,15,1
29/12/2012,14:15,26,26,0
29/12/2012,14:30,12,12,0
29/12/2012,14:45,19,19,0
29/12/2012,15:00,28,28,0
29/12/2012,15:15,17,17,0
29/12/2012,15:30,27,27,0
29/12/2012,15:45,32,32,0
29/12/2012,16:00,21,21,0
29/12/2012,16:15,28,28,0
29/12/2012,16:30,14,14,0
29/12/2012,16:45,5,5,0
29/12/2012,17:00,4,4,0
29/12/2012,17:15,1,1,0
29/12/2012,17:30,0,0,0
29/12/2012,17:45,3,3,0
29/12/2012,18:00,0,0,0
29/12/2012,18:15,2,2,0
29/12/2012,18:30,1,1,0
29/12/2012,18:45,0,0,0
29/12/2012,19:00,0,0,0
29/12/2012,19:15,0,0,0
29/12/2012,19:30,0,0,0
29/12/2012,19:45,1,1,0
29/12/2012,20:00,0,0,0
29/12/2012,20:15,0,0,0
29/12/2012,20:30,0,0,0
29/12/2012,20:45,1,1,0
29/12/2012,21:00,0,0,0
29/12/2012,21:15,0,0,0
29/12/2012,21:30,0,0,0
29/12/2012,21:45,0,0,0
29/12/2012,22:00,2,2,0
29/12/2012,22:15,0,0,0
29/12/2012,22:30,0,0,0
29/12/2012,22:45,0,0,0
29/12/2012,23:00,0,0,0
29/12/2012,23:15,0,0,0
29/12/2012,23:30,0,0,0
29/12/2012,23:45,0,0,0
30/12/2012,00:00,0,0,0
30/12/2012,00:15,0,0,0
30/12/2012,00:30,0,0,0
30/12/2012,00:45,0,0,0
30/12/2012,01:00,1,1,0
30/12/2012,01:15,0,0,0
30/12/2012,01:30,0,0,0
30/12/2012,01:45,0,0,0
30/12/2012,02:00,0,0,0
30/12/2012,02:15,0,0,0
30/12/2012,02:30,0,0,0
30/12/2012,02:45,0,0,0
30/12/2012,03:00,0,0,0
30/12/2012,03:15,0,0,0
30/12/2012,03:30,0,0,0
30/12/2012,03:45,0,0,0
30/12/2012,04:00,0,0,0
30/12/2012,04:15,0,0,0
30/12/2012,04:30,0,0,0
30/12/2012,04:45,0,0,0
30/12/2012,05:00,0,0,0
30/12/2012,05:15,0,0,0
30/12/2012,05:30,0,0,0
30/12/2012,05:45,0,0,0
30/12/2012,06:00,0,0,0
30/12/2012,06:15,2,2,0
30/12/2012,06:30,1,1,0
30/12/2012,06:45,0,0,0
30/12/2012,07:00,4,4,0
30/12/2012,07:15,0,0,0
30/12/2012,07:30,7,7,0
30/12/2012,07:45,3,3,0
30/12/2012,08:00,14,14,0
30/12/2012,08:15,14,14,0
30/12/2012,08:30,17,17,0
30/12/2012,08:45,18,18,0
30/12/2012,09:00,17,17,0
30/12/2012,09:15,27,27,0
30/12/2012,09:30,43,43,0
30/12/2012,09:45,35,35,0
30/12/2012,10:00,44,43,1
30/12/2012,10:15,27,26,1
30/12/2012,10:30,43,43,0
30/12/2012,10:45,58,57,1
30/12/2012,11:00,51,51,0
30/12/2012,11:15,54,54,0
30/12/2012,11:30,54,54,0
30/12/2012,11:45,36,35,1
30/12/2012,12:00,51,51,0
30/12/2012,12:15,51,51,0
30/12/2012,12:30,57,57,0
30/12/2012,12:45,50,50,0
30/12/2012,13:00,57,57,0
30/12/2012,13:15,54,54,0
30/12/2012,13:30,49,49,0
30/12/2012,13:45,49,48,1
30/12/2012,14:00,50,50,0
30/12/2012,14:15,52,52,0
30/12/2012,14:30,34,33,1
30/12/2012,14:45,58,58,0
30/12/2012,15:00,36,35,1
30/12/2012,15:15,31,31,0
30/12/2012,15:30,22,22,0
30/12/2012,15:45,50,50,0
30/12/2012,16:00,33,33,0
30/12/2012,16:15,18,18,0
30/12/2012,16:30,15,15,0
30/12/2012,16:45,8,8,0
30/12/2012,17:00,10,10,0
30/12/2012,17:15,6,6,0
30/12/2012,17:30,3,3,0
30/12/2012,17:45,8,8,0
30/12/2012,18:00,3,3,0
30/12/2012,18:15,0,0,0
30/12/2012,18:30,0,0,0
30/12/2012,18:45,0,0,0
30/12/2012,19:00,0,0,0
30/12/2012,19:15,1,1,0
30/12/2012,19:30,0,0,0
30/12/2012,19:45,0,0,0
30/12/2012,20:00,0,0,0
30/12/2012,20:15,0,0,0
30/12/2012,20:30,0,0,0
30/12/2012,20:45,0,0,0
30/12/2012,21:00,0,0,0
30/12/2012,21:15,3,3,0
30/12/2012,21:30,0,0,0
30/12/2012,21:45,1,1,0
30/12/2012,22:00,0,0,0
30/12/2012,22:15,1,1,0
30/12/2012,22:30,0,0,0
30/12/2012,22:45,0,0,0
30/12/2012,23:00,0,0,0
30/12/2012,23:15,0,0,0
30/12/2012,23:30,0,0,0
30/12/2012,23:45,0,0,0
31/12/2012,00:00,0,0,0
31/12/2012,00:15,1,1,0
31/12/2012,00:30,0,0,0
31/12/2012,00:45,0,0,0
31/12/2012,01:00,0,0,0
31/12/2012,01:15,0,0,0
31/12/2012,01:30,0,0,0
31/12/2012,01:45,0,0,0
31/12/2012,02:00,0,0,0
31/12/2012,02:15,0,0,0
31/12/2012,02:30,0,0,0
31/12/2012,02:45,0,0,0
31/12/2012,03:00,0,0,0
31/12/2012,03:15,0,0,0
31/12/2012,03:30,0,0,0
31/12/2012,03:45,0,0,0
31/12/2012,04:00,0,0,0
31/12/2012,04:15,0,0,0
31/12/2012,04:30,0,0,0
31/12/2012,04:45,0,0,0
31/12/2012,05:00,0,0,0
31/12/2012,05:15,3,3,0
31/12/2012,05:30,2,2,0
31/12/2012,05:45,2,2,0
31/12/2012,06:00,4,4,0
31/12/2012,06:15,3,3,0
31/12/2012,06:30,1,1,0
31/12/2012,06:45,2,2,0
31/12/2012,07:00,5,5,0
31/12/2012,07:15,5,5,0
31/12/2012,07:30,3,3,0
31/12/2012,07:45,2,2,0
31/12/2012,08:00,3,3,0
31/12/2012,08:15,3,3,0
31/12/2012,08:30,14,12,2
31/12/2012,08:45,4,4,0
31/12/2012,09:00,12,12,0
31/12/2012,09:15,39,38,1
31/12/2012,09:30,27,26,1
31/12/2012,09:45,34,34,0
31/12/2012,10:00,10,9,1
31/12/2012,10:15,31,30,1
31/12/2012,10:30,24,23,1
31/12/2012,10:45,21,21,0
31/12/2012,11:00,35,35,0
31/12/2012,11:15,30,27,3
31/12/2012,11:30,29,28,1
31/12/2012,11:45,32,29,3
31/12/2012,12:00,28,25,3
31/12/2012,12:15,34,32,2
31/12/2012,12:30,24,22,2
31/12/2012,12:45,49,43,6
31/12/2012,13:00,24,20,4
31/12/2012,13:15,35,34,1
31/12/2012,13:30,41,40,1
31/12/2012,13:45,16,16,0
31/12/2012,14:00,33,32,1
31/12/2012,14:15,32,32,0
31/12/2012,14:30,30,30,0
31/12/2012,14:45,23,23,0
31/12/2012,15:00,38,38,0
31/12/2012,15:15,28,28,0
31/12/2012,15:30,28,28,0
31/12/2012,15:45,31,31,0
31/12/2012,16:00,29,29,0
31/12/2012,16:15,19,19,0
31/12/2012,16:30,13,12,1
31/12/2012,16:45,16,16,0
31/12/2012,17:00,11,11,0
31/12/2012,17:15,10,10,0
31/12/2012,17:30,6,6,0
31/12/2012,17:45,4,4,0
31/12/2012,18:00,2,2,0
31/12/2012,18:15,5,5,0
31/12/2012,18:30,1,1,0
31/12/2012,18:45,0,0,0
31/12/2012,19:00,0,0,0
31/12/2012,19:15,0,0,0
31/12/2012,19:30,0,0,0
31/12/2012,19:45,0,0,0
31/12/2012,20:00,2,2,0
31/12/2012,20:15,1,1,0
31/12/2012,20:30,0,0,0
31/12/2012,20:45,0,0,0
31/12/2012,21:00,1,1,0
31/12/2012,21:15,0,0,0
31/12/2012,21:30,0,0,0
31/12/2012,21:45,0,0,0
31/12/2012,22:00,2,2,0
31/12/2012,22:15,0,0,0
31/12/2012,22:30,0,0,0
31/12/2012,22:45,0,0,0
31/12/2012,23:00,0,0,0
31/12/2012,23:15,0,0,0
31/12/2012,23:30,0,0,0
31/12/2012,23:45,0,0,0
01/01/2013,00:00,0,0,0
01/01/2013,00:15,0,0,0
01/01/2013,00:30,0,0,0
01/01/2013,00:45,0,0,0
01/01/2013,01:00,0,0,0
01/01/2013,01:15,2,2,0
01/01/2013,01:30,0,0,0
01/01/2013,01:45,0,0,0
01/01/2013,02:00,0,0,0
01/01/2013,02:15,0,0,0
01/01/2013,02:30,0,0,0
01/01/2013,02:45,0,0,0
01/01/2013,03:00,0,0,0
01/01/2013,03:15,0,0,0
01/01/2013,03:30,0,0,0
01/01/2013,03:45,0,0,0
01/01/2013,04:00,0,0,0
01/01/2013,04:15,0,0,0
01/01/2013,04:30,0,0,0
01/01/2013,04:45,0,0,0
01/01/2013,05:00,0,0,0
01/01/2013,05:15,0,0,0
01/01/2013,05:30,0,0,0
01/01/2013,05:45,0,0,0
01/01/2013,06:00,0,0,0
01/01/2013,06:15,0,0,0
01/01/2013,06:30,1,1,0
01/01/2013,06:45,6,5,1
01/01/2013,07:00,2,2,0
01/01/2013,07:15,1,1,0
01/01/2013,07:30,3,3,0
01/01/2013,07:45,5,5,0
01/01/2013,08:00,8,8,0
01/01/2013,08:15,4,3,1
01/01/2013,08:30,4,3,1
01/01/2013,08:45,6,3,3
01/01/2013,09:00,5,3,2
01/01/2013,09:15,9,6,3
01/01/2013,09:30,5,5,0
01/01/2013,09:45,18,16,2
01/01/2013,10:00,35,31,4
01/01/2013,10:15,22,16,6
01/01/2013,10:30,29,26,3
01/01/2013,10:45,18,17,1
01/01/2013,11:00,51,45,6
01/01/2013,11:15,35,31,4
01/01/2013,11:30,26,23,3
01/01/2013,11:45,42,36,6
01/01/2013,12:00,53,46,7
01/01/2013,12:15,39,32,7
01/01/2013,12:30,34,29,5
01/01/2013,12:45,47,41,6
01/01/2013,13:00,36,29,7
01/01/2013,13:15,51,46,5
01/01/2013,13:30,43,36,7
01/01/2013,13:45,51,47,4
01/01/2013,14:00,47,44,3
01/01/2013,14:15,44,41,3
01/01/2013,14:30,46,44,2
01/01/2013,14:45,29,29,0
01/01/2013,15:00,24,22,2
01/01/2013,15:15,34,34,0
01/01/2013,15:30,24,24,0
01/01/2013,15:45,26,26,0
01/01/2013,16:00,21,21,0
01/01/2013,16:15,24,24,0
01/01/2013,16:30,20,20,0
01/01/2013,16:45,15,15,0
01/01/2013,17:00,19,19,0
01/01/2013,17:15,1,1,0
01/01/2013,17:30,1,1,0
01/01/2013,17:45,6,6,0
01/01/2013,18:00,0,0,0
01/01/2013,18:15,1,1,0
01/01/2013,18:30,1,1,0
01/01/2013,18:45,0,0,0
01/01/2013,19:00,3,3,0
01/01/2013,19:15,0,0,0
01/01/2013,19:30,2,2,0
01/01/2013,19:45,0,0,0
01/01/2013,20:00,0,0,0
01/01/2013,20:15,0,0,0
01/01/2013,20:30,0,0,0
01/01/2013,20:45,0,0,0
01/01/2013,21:00,0,0,0
01/01/2013,21:15,0,0,0
01/01/2013,21:30,1,1,0
01/01/2013,21:45,0,0,0
01/01/2013,22:00,0,0,0
01/01/2013,22:15,0,0,0
01/01/2013,22:30,0,0,0
01/01/2013,22:45,0,0,0
01/01/2013,23:00,0,0,0
01/01/2013,23:15,0,0,0
01/01/2013,23:30,0,0,0
01/01/2013,23:45,0,0,0
02/01/2013,00:00,0,0,0
02/01/2013,00:15,0,0,0
02/01/2013,00:30,0,0,0
02/01/2013,00:45,0,0,0
02/01/2013,01:00,0,0,0
02/01/2013,01:15,0,0,0
02/01/2013,01:30,0,0,0
02/01/2013,01:45,0,0,0
02/01/2013,02:00,0,0,0
02/01/2013,02:15,0,0,0
02/01/2013,02:30,1,0,1
02/01/2013,02:45,0,0,0
02/01/2013,03:00,0,0,0
02/01/2013,03:15,0,0,0
02/01/2013,03:30,0,0,0
02/01/2013,03:45,1,1,0
02/01/2013,04:00,0,0,0
02/01/2013,04:15,0,0,0
02/01/2013,04:30,2,2,0
02/01/2013,04:45,1,1,0
02/01/2013,05:00,1,1,0
02/01/2013,05:15,1,1,0
02/01/2013,05:30,1,1,0
02/01/2013,05:45,1,1,0
02/01/2013,06:00,7,6,1
02/01/2013,06:15,7,7,0
02/01/2013,06:30,2,1,1
02/01/2013,06:45,4,3,1
02/01/2013,07:00,6,5,1
02/01/2013,07:15,6,6,0
02/01/2013,07:30,13,12,1
02/01/2013,07:45,14,12,2
02/01/2013,08:00,12,11,1
02/01/2013,08:15,12,7,5
02/01/2013,08:30,12,12,0
02/01/2013,08:45,14,11,3
02/01/2013,09:00,16,14,2
02/01/2013,09:15,11,11,0
02/01/2013,09:30,6,4,2
02/01/2013,09:45,13,12,1
02/01/2013,10:00,10,6,4
02/01/2013,10:15,12,8,4
02/01/2013,10:30,9,7,2
02/01/2013,10:45,12,7,5
02/01/2013,11:00,17,14,3
02/01/2013,11:15,23,16,7
02/01/2013,11:30,18,11,7
02/01/2013,11:45,21,18,3
02/01/2013,12:00,22,19,3
02/01/2013,12:15,23,16,7
02/01/2013,12:30,16,13,3
02/01/2013,12:45,12,5,7
02/01/2013,13:00,18,18,0
02/01/2013,13:15,21,17,4
02/01/2013,13:30,14,13,1
02/01/2013,13:45,31,29,2
02/01/2013,14:00,15,15,0
02/01/2013,14:15,15,13,2
02/01/2013,14:30,22,22,0
02/01/2013,14:45,10,10,0
02/01/2013,15:00,17,17,0
02/01/2013,15:15,22,21,1
02/01/2013,15:30,12,12,0
02/01/2013,15:45,22,22,0
02/01/2013,16:00,19,19,0
02/01/2013,16:15,20,20,0
02/01/2013,16:30,16,16,0
02/01/2013,16:45,17,17,0
02/01/2013,17:00,8,8,0
02/01/2013,17:15,3,3,0
02/01/2013,17:30,5,5,0
02/01/2013,17:45,13,13,0
02/01/2013,18:00,5,5,0
02/01/2013,18:15,5,5,0
02/01/2013,18:30,6,6,0
02/01/2013,18:45,4,4,0
02/01/2013,19:00,5,5,0
02/01/2013,19:15,5,5,0
02/01/2013,19:30,4,4,0
02/01/2013,19:45,2,2,0
02/01/2013,20:00,0,0,0
02/01/2013,20:15,0,0,0
02/01/2013,20:30,2,2,0
02/01/2013,20:45,1,1,0
02/01/2013,21:00,0,0,0
02/01/2013,21:15,0,0,0
02/01/2013,21:30,0,0,0
02/01/2013,21:45,0,0,0
02/01/2013,22:00,0,0,0
02/01/2013,22:15,1,1,0
02/01/2013,22:30,0,0,0
02/01/2013,22:45,0,0,0
02/01/2013,23:00,0,0,0
02/01/2013,23:15,1,1,0
02/01/2013,23:30,1,1,0
02/01/2013,23:45,0,0,0
03/01/2013,00:00,0,0,0
03/01/2013,00:15,0,0,0
03/01/2013,00:30,0,0,0
03/01/2013,00:45,0,0,0
03/01/2013,01:00,0,0,0
03/01/2013,01:15,0,0,0
03/01/2013,01:30,0,0,0
03/01/2013,01:45,0,0,0
03/01/2013,02:00,0,0,0
03/01/2013,02:15,0,0,0
03/01/2013,02:30,0,0,0
03/01/2013,02:45,0,0,0
03/01/2013,03:00,0,0,0
03/01/2013,03:15,0,0,0
03/01/2013,03:30,0,0,0
03/01/2013,03:45,1,1,0
03/01/2013,04:00,0,0,0
03/01/2013,04:15,1,1,0
03/01/2013,04:30,0,0,0
03/01/2013,04:45,0,0,0
03/01/2013,05:00,2,2,0
03/01/2013,05:15,4,4,0
03/01/2013,05:30,1,1,0
03/01/2013,05:45,0,0,0
03/01/2013,06:00,1,1,0
03/01/2013,06:15,9,7,2
03/01/2013,06:30,7,6,1
03/01/2013,06:45,5,4,1
03/01/2013,07:00,11,8,3
03/01/2013,07:15,16,14,2
03/01/2013,07:30,15,14,1
03/01/2013,07:45,6,5,1
03/01/2013,08:00,6,5,1
03/01/2013,08:15,8,8,0
03/01/2013,08:30,7,7,0
03/01/2013,08:45,12,10,2
03/01/2013,09:00,12,9,3
03/01/2013,09:15,9,8,1
03/01/2013,09:30,8,6,2
03/01/2013,09:45,11,10,1
03/01/2013,10:00,7,5,2
03/01/2013,10:15,10,10,0
03/01/2013,10:30,9,9,0
03/01/2013,10:45,11,9,2
03/01/2013,11:00,12,11,1
03/01/2013,11:15,12,11,1
03/01/2013,11:30,22,21,1
03/01/2013,11:45,12,11,1
03/01/2013,12:00,7,7,0
03/01/2013,12:15,14,10,4
03/01/2013,12:30,9,8,1
03/01/2013,12:45,13,13,0
03/01/2013,13:00,20,20,0
03/01/2013,13:15,21,21,0
03/01/2013,13:30,17,17,0
03/01/2013,13:45,12,12,0
03/01/2013,14:00,18,18,0
03/01/2013,14:15,16,15,1
03/01/2013,14:30,14,13,1
03/01/2013,14:45,17,17,0
03/01/2013,15:00,14,14,0
03/01/2013,15:15,36,36,0
03/01/2013,15:30,15,15,0
03/01/2013,15:45,16,16,0
03/01/2013,16:00,19,19,0
03/01/2013,16:15,16,16,0
03/01/2013,16:30,20,19,1
03/01/2013,16:45,8,8,0
03/01/2013,17:00,8,8,0
03/01/2013,17:15,11,11,0
03/01/2013,17:30,6,6,0
03/01/2013,17:45,13,13,0
03/01/2013,18:00,6,6,0
03/01/2013,18:15,12,12,0
03/01/2013,18:30,7,7,0
03/01/2013,18:45,2,2,0
03/01/2013,19:00,6,5,1
03/01/2013,19:15,7,7,0
03/01/2013,19:30,2,2,0
03/01/2013,19:45,4,4,0
03/01/2013,20:00,1,1,0
03/01/2013,20:15,1,1,0
03/01/2013,20:30,0,0,0
03/01/2013,20:45,0,0,0
03/01/2013,21:00,1,1,0
03/01/2013,21:15,0,0,0
03/01/2013,21:30,2,2,0
03/01/2013,21:45,1,1,0
03/01/2013,22:00,1,1,0
03/01/2013,22:15,0,0,0
03/01/2013,22:30,0,0,0
03/01/2013,22:45,1,1,0
03/01/2013,23:00,0,0,0
03/01/2013,23:15,2,2,0
03/01/2013,23:30,0,0,0
03/01/2013,23:45,0,0,0
04/01/2013,00:00,0,0,0
04/01/2013,00:15,0,0,0
04/01/2013,00:30,0,0,0
04/01/2013,00:45,0,0,0
04/01/2013,01:00,0,0,0
04/01/2013,01:15,0,0,0
04/01/2013,01:30,0,0,0
04/01/2013,01:45,0,0,0
04/01/2013,02:00,0,0,0
04/01/2013,02:15,0,0,0
04/01/2013,02:30,0,0,0
04/01/2013,02:45,0,0,0
04/01/2013,03:00,0,0,0
04/01/2013,03:15,0,0,0
04/01/2013,03:30,0,0,0
04/01/2013,03:45,0,0,0
04/01/2013,04:00,0,0,0
04/01/2013,04:15,0,0,0
04/01/2013,04:30,1,1,0
04/01/2013,04:45,0,0,0
04/01/2013,05:00,0,0,0
04/01/2013,05:15,6,6,0
04/01/2013,05:30,2,1,1
04/01/2013,05:45,0,0,0
04/01/2013,06:00,5,5,0
04/01/2013,06:15,5,5,0
04/01/2013,06:30,7,7,0
04/01/2013,06:45,13,12,1
04/01/2013,07:00,12,9,3
04/01/2013,07:15,15,14,1
04/01/2013,07:30,9,8,1
04/01/2013,07:45,19,18,1
04/01/2013,08:00,6,4,2
04/01/2013,08:15,16,12,4
04/01/2013,08:30,12,8,4
04/01/2013,08:45,18,14,4
04/01/2013,09:00,14,13,1
04/01/2013,09:15,13,10,3
04/01/2013,09:30,12,12,0
04/01/2013,09:45,12,11,1
04/01/2013,10:00,19,15,4
04/01/2013,10:15,12,10,2
04/01/2013,10:30,9,7,2
04/01/2013,10:45,19,18,1
04/01/2013,11:00,13,10,3
04/01/2013,11:15,14,13,1
04/01/2013,11:30,17,13,4
04/01/2013,11:45,21,19,2
04/01/2013,12:00,20,17,3
04/01/2013,12:15,21,16,5
04/01/2013,12:30,25,22,3
04/01/2013,12:45,18,16,2
04/01/2013,13:00,21,16,5
04/01/2013,13:15,18,15,3
04/01/2013,13:30,19,15,4
04/01/2013,13:45,21,18,3
04/01/2013,14:00,19,16,3
04/01/2013,14:15,10,9,1
04/01/2013,14:30,29,26,3
04/01/2013,14:45,17,15,2
04/01/2013,15:00,25,24,1
04/01/2013,15:15,26,26,0
04/01/2013,15:30,19,17,2
04/01/2013,15:45,24,24,0
04/01/2013,16:00,36,34,2
04/01/2013,16:15,22,22,0
04/01/2013,16:30,11,10,1
04/01/2013,16:45,20,19,1
04/01/2013,17:00,17,17,0
04/01/2013,17:15,11,10,1
04/01/2013,17:30,9,9,0
04/01/2013,17:45,10,10,0
04/01/2013,18:00,6,6,0
04/01/2013,18:15,12,12,0
04/01/2013,18:30,4,4,0
04/01/2013,18:45,9,9,0
04/01/2013,19:00,0,0,0
04/01/2013,19:15,2,2,0
04/01/2013,19:30,4,4,0
04/01/2013,19:45,2,2,0
04/01/2013,20:00,1,1,0
04/01/2013,20:15,2,2,0
04/01/2013,20:30,0,0,0
04/01/2013,20:45,0,0,0
04/01/2013,21:00,0,0,0
04/01/2013,21:15,0,0,0
04/01/2013,21:30,1,1,0
04/01/2013,21:45,0,0,0
04/01/2013,22:00,0,0,0
04/01/2013,22:15,0,0,0
04/01/2013,22:30,0,0,0
04/01/2013,22:45,0,0,0
04/01/2013,23:00,0,0,0
04/01/2013,23:15,0,0,0
04/01/2013,23:30,0,0,0
04/01/2013,23:45,0,0,0
05/01/2013,00:00,0,0,0
05/01/2013,00:15,0,0,0
05/01/2013,00:30,0,0,0
05/01/2013,00:45,0,0,0
05/01/2013,01:00,0,0,0
05/01/2013,01:15,0,0,0
05/01/2013,01:30,0,0,0
05/01/2013,01:45,0,0,0
05/01/2013,02:00,0,0,0
05/01/2013,02:15,0,0,0
05/01/2013,02:30,0,0,0
05/01/2013,02:45,0,0,0
05/01/2013,03:00,0,0,0
05/01/2013,03:15,0,0,0
05/01/2013,03:30,0,0,0
05/01/2013,03:45,0,0,0
05/01/2013,04:00,0,0,0
05/01/2013,04:15,0,0,0
05/01/2013,04:30,0,0,0
05/01/2013,04:45,0,0,0
05/01/2013,05:00,0,0,0
05/01/2013,05:15,0,0,0
05/01/2013,05:30,0,0,0
05/01/2013,05:45,0,0,0
05/01/2013,06:00,2,2,0
05/01/2013,06:15,4,4,0
05/01/2013,06:30,1,1,0
05/01/2013,06:45,2,2,0
05/01/2013,07:00,2,2,0
05/01/2013,07:15,3,3,0
05/01/2013,07:30,7,7,0
05/01/2013,07:45,8,7,1
05/01/2013,08:00,11,10,1
05/01/2013,08:15,11,10,1
05/01/2013,08:30,19,16,3
05/01/2013,08:45,22,20,2
05/01/2013,09:00,34,32,2
05/01/2013,09:15,106,105,1
05/01/2013,09:30,58,57,1
05/01/2013,09:45,83,82,1
05/01/2013,10:00,52,50,2
05/01/2013,10:15,122,120,2
05/01/2013,10:30,79,79,0
05/01/2013,10:45,52,52,0
05/01/2013,11:00,98,97,1
05/01/2013,11:15,73,71,2
05/01/2013,11:30,53,53,0
05/01/2013,11:45,63,61,2
05/01/2013,12:00,62,60,2
05/01/2013,12:15,83,81,2
05/01/2013,12:30,72,67,5
05/01/2013,12:45,39,38,1
05/01/2013,13:00,27,27,0
05/01/2013,13:15,36,36,0
05/01/2013,13:30,51,49,2
05/01/2013,13:45,38,37,1
05/01/2013,14:00,27,27,0
05/01/2013,14:15,22,22,0
05/01/2013,14:30,14,14,0
05/01/2013,14:45,10,10,0
05/01/2013,15:00,12,12,0
05/01/2013,15:15,7,7,0
05/01/2013,15:30,11,11,0
05/01/2013,15:45,6,6,0
05/01/2013,16:00,1,1,0
05/01/2013,16:15,1,1,0
05/01/2013,16:30,0,0,0
05/01/2013,16:45,1,1,0
05/01/2013,17:00,1,1,0
05/01/2013,17:15,2,2,0
05/01/2013,17:30,1,1,0
05/01/2013,17:45,0,0,0
05/01/2013,18:00,0,0,0
05/01/2013,18:15,0,0,0
05/01/2013,18:30,1,1,0
05/01/2013,18:45,0,0,0
05/01/2013,19:00,0,0,0
05/01/2013,19:15,0,0,0
05/01/2013,19:30,0,0,0
05/01/2013,19:45,0,0,0
05/01/2013,20:00,0,0,0
05/01/2013,20:15,1,1,0
05/01/2013,20:30,0,0,0
05/01/2013,20:45,0,0,0
05/01/2013,21:00,0,0,0
05/01/2013,21:15,0,0,0
05/01/2013,21:30,0,0,0
05/01/2013,21:45,0,0,0
05/01/2013,22:00,0,0,0
05/01/2013,22:15,0,0,0
05/01/2013,22:30,0,0,0
05/01/2013,22:45,0,0,0
05/01/2013,23:00,0,0,0
05/01/2013,23:15,0,0,0
05/01/2013,23:30,0,0,0
05/01/2013,23:45,0,0,0
06/01/2013,00:00,0,0,0
06/01/2013,00:15,0,0,0
06/01/2013,00:30,0,0,0
06/01/2013,00:45,0,0,0
06/01/2013,01:00,0,0,0
06/01/2013,01:15,0,0,0
06/01/2013,01:30,0,0,0
06/01/2013,01:45,0,0,0
06/01/2013,02:00,0,0,0
06/01/2013,02:15,0,0,0
06/01/2013,02:30,0,0,0
06/01/2013,02:45,0,0,0
06/01/2013,03:00,1,1,0
06/01/2013,03:15,0,0,0
06/01/2013,03:30,0,0,0
06/01/2013,03:45,0,0,0
06/01/2013,04:00,0,0,0
06/01/2013,04:15,0,0,0
06/01/2013,04:30,0,0,0
06/01/2013,04:45,0,0,0
06/01/2013,05:00,0,0,0
06/01/2013,05:15,0,0,0
06/01/2013,05:30,0,0,0
06/01/2013,05:45,0,0,0
06/01/2013,06:00,0,0,0
06/01/2013,06:15,0,0,0
06/01/2013,06:30,1,1,0
06/01/2013,06:45,0,0,0
06/01/2013,07:00,0,0,0
06/01/2013,07:15,0,0,0
06/01/2013,07:30,0,0,0
06/01/2013,07:45,3,3,0
06/01/2013,08:00,4,4,0
06/01/2013,08:15,4,3,1
06/01/2013,08:30,8,7,1
06/01/2013,08:45,4,4,0
06/01/2013,09:00,8,8,0
06/01/2013,09:15,14,12,2
06/01/2013,09:30,21,20,1
06/01/2013,09:45,16,14,2
06/01/2013,10:00,22,19,3
06/01/2013,10:15,12,11,1
06/01/2013,10:30,16,16,0
06/01/2013,10:45,16,14,2
06/01/2013,11:00,35,35,0
06/01/2013,11:15,27,27,0
06/01/2013,11:30,26,26,0
06/01/2013,11:45,20,19,1
06/01/2013,12:00,25,22,3
06/01/2013,12:15,33,33,0
06/01/2013,12:30,45,44,1
06/01/2013,12:45,32,31,1
06/01/2013,13:00,30,29,1
06/01/2013,13:15,23,21,2
06/01/2013,13:30,36,33,3
06/01/2013,13:45,44,40,4
06/01/2013,14:00,45,45,0
06/01/2013,14:15,28,28,0
06/01/2013,14:30,33,33,0
06/01/2013,14:45,24,24,0
06/01/2013,15:00,35,35,0
06/01/2013,15:15,20,20,0
06/01/2013,15:30,20,20,0
06/01/2013,15:45,19,19,0
06/01/2013,16:00,14,14,0
06/01/2013,16:15,20,20,0
06/01/2013,16:30,25,25,0
06/01/2013,16:45,15,15,0
06/01/2013,17:00,18,18,0
06/01/2013,17:15,7,7,0
06/01/2013,17:30,5,5,0
06/01/2013,17:45,9,9,0
06/01/2013,18:00,2,2,0
06/01/2013,18:15,0,0,0
06/01/2013,18:30,0,0,0
06/01/2013,18:45,0,0,0
06/01/2013,19:00,1,1,0
06/01/2013,19:15,0,0,0
06/01/2013,19:30,0,0,0
06/01/2013,19:45,0,0,0
06/01/2013,20:00,1,1,0
06/01/2013,20:15,0,0,0
06/01/2013,20:30,1,1,0
06/01/2013,20:45,0,0,0
06/01/2013,21:00,0,0,0
06/01/2013,21:15,0,0,0
06/01/2013,21:30,0,0,0
06/01/2013,21:45,0,0,0
06/01/2013,22:00,0,0,0
06/01/2013,22:15,1,1,0
06/01/2013,22:30,0,0,0
06/01/2013,22:45,0,0,0
06/01/2013,23:00,0,0,0
06/01/2013,23:15,0,0,0
06/01/2013,23:30,0,0,0
06/01/2013,23:45,0,0,0
07/01/2013,00:00,0,0,0
07/01/2013,00:15,1,1,0
07/01/2013,00:30,0,0,0
07/01/2013,00:45,0,0,0
07/01/2013,01:00,0,0,0
07/01/2013,01:15,0,0,0
07/01/2013,01:30,0,0,0
07/01/2013,01:45,0,0,0
07/01/2013,02:00,0,0,0
07/01/2013,02:15,0,0,0
07/01/2013,02:30,0,0,0
07/01/2013,02:45,0,0,0
07/01/2013,03:00,0,0,0
07/01/2013,03:15,0,0,0
07/01/2013,03:30,0,0,0
07/01/2013,03:45,1,0,1
07/01/2013,04:00,0,0,0
07/01/2013,04:15,1,1,0
07/01/2013,04:30,0,0,0
07/01/2013,04:45,2,2,0
07/01/2013,05:00,2,2,0
07/01/2013,05:15,2,2,0
07/01/2013,05:30,4,4,0
07/01/2013,05:45,3,3,0
07/01/2013,06:00,7,7,0
07/01/2013,06:15,8,8,0
07/01/2013,06:30,8,8,0
07/01/2013,06:45,9,8,1
07/01/2013,07:00,7,6,1
07/01/2013,07:15,5,5,0
07/01/2013,07:30,18,17,1
07/01/2013,07:45,39,39,0
07/01/2013,08:00,58,57,1
07/01/2013,08:15,14,14,0
07/01/2013,08:30,15,15,0
07/01/2013,08:45,8,8,0
07/01/2013,09:00,9,7,2
07/01/2013,09:15,10,9,1
07/01/2013,09:30,9,9,0
07/01/2013,09:45,9,9,0
07/01/2013,10:00,2,2,0
07/01/2013,10:15,6,6,0
07/01/2013,10:30,5,5,0
07/01/2013,10:45,9,9,0
07/01/2013,11:00,11,11,0
07/01/2013,11:15,12,12,0
07/01/2013,11:30,16,16,0
07/01/2013,11:45,10,10,0
07/01/2013,12:00,10,10,0
07/01/2013,12:15,11,11,0
07/01/2013,12:30,16,16,0
07/01/2013,12:45,9,9,0
07/01/2013,13:00,13,12,1
07/01/2013,13:15,19,19,0
07/01/2013,13:30,10,10,0
07/01/2013,13:45,8,8,0
07/01/2013,14:00,18,18,0
07/01/2013,14:15,23,23,0
07/01/2013,14:30,36,36,0
07/01/2013,14:45,11,11,0
07/01/2013,15:00,17,17,0
07/01/2013,15:15,14,14,0
07/01/2013,15:30,27,27,0
07/01/2013,15:45,18,18,0
07/01/2013,16:00,16,16,0
07/01/2013,16:15,16,16,0
07/01/2013,16:30,25,25,0
07/01/2013,16:45,16,16,0
07/01/2013,17:00,18,18,0
07/01/2013,17:15,9,9,0
07/01/2013,17:30,9,9,0
07/01/2013,17:45,15,15,0
07/01/2013,18:00,13,13,0
07/01/2013,18:15,6,6,0
07/01/2013,18:30,8,8,0
07/01/2013,18:45,7,7,0
07/01/2013,19:00,11,11,0
07/01/2013,19:15,1,1,0
07/01/2013,19:30,6,6,0
07/01/2013,19:45,2,2,0
07/01/2013,20:00,1,1,0
07/01/2013,20:15,1,1,0
07/01/2013,20:30,2,2,0
07/01/2013,20:45,1,1,0
07/01/2013,21:00,0,0,0
07/01/2013,21:15,0,0,0
07/01/2013,21:30,1,1,0
07/01/2013,21:45,1,1,0
07/01/2013,22:00,0,0,0
07/01/2013,22:15,0,0,0
07/01/2013,22:30,0,0,0
07/01/2013,22:45,0,0,0
07/01/2013,23:00,1,1,0
07/01/2013,23:15,0,0,0
07/01/2013,23:30,0,0,0
07/01/2013,23:45,0,0,0
08/01/2013,00:00,0,0,0
08/01/2013,00:15,0,0,0
08/01/2013,00:30,0,0,0
08/01/2013,00:45,0,0,0
08/01/2013,01:00,0,0,0
08/01/2013,01:15,0,0,0
08/01/2013,01:30,0,0,0
08/01/2013,01:45,0,0,0
08/01/2013,02:00,0,0,0
08/01/2013,02:15,0,0,0
08/01/2013,02:30,0,0,0
08/01/2013,02:45,0,0,0
08/01/2013,03:00,0,0,0
08/01/2013,03:15,0,0,0
08/01/2013,03:30,0,0,0
08/01/2013,03:45,1,1,0
08/01/2013,04:00,0,0,0
08/01/2013,04:15,0,0,0
08/01/2013,04:30,0,0,0
08/01/2013,04:45,2,2,0
08/01/2013,05:00,1,1,0
08/01/2013,05:15,1,1,0
08/01/2013,05:30,4,4,0
08/01/2013,05:45,6,6,0
08/01/2013,06:00,8,8,0
08/01/2013,06:15,3,3,0
08/01/2013,06:30,10,10,0
08/01/2013,06:45,11,11,0
08/01/2013,07:00,14,13,1
08/01/2013,07:15,13,12,1
08/01/2013,07:30,19,19,0
08/01/2013,07:45,32,32,0
08/01/2013,08:00,51,51,0
08/01/2013,08:15,9,9,0
08/01/2013,08:30,10,10,0
08/01/2013,08:45,18,18,0
08/01/2013,09:00,14,14,0
08/01/2013,09:15,10,10,0
08/01/2013,09:30,3,3,0
08/01/2013,09:45,13,13,0
08/01/2013,10:00,15,15,0
08/01/2013,10:15,8,8,0
08/01/2013,10:30,15,15,0
08/01/2013,10:45,9,8,1
08/01/2013,11:00,14,14,0
08/01/2013,11:15,7,7,0
08/01/2013,11:30,10,10,0
08/01/2013,11:45,27,27,0
08/01/2013,12:00,14,14,0
08/01/2013,12:15,19,19,0
08/01/2013,12:30,12,12,0
08/01/2013,12:45,7,6,1
08/01/2013,13:00,14,14,0
08/01/2013,13:15,19,19,0
08/01/2013,13:30,18,17,1
08/01/2013,13:45,11,11,0
08/01/2013,14:00,16,16,0
08/01/2013,14:15,19,19,0
08/01/2013,14:30,18,18,0
08/01/2013,14:45,14,14,0
08/01/2013,15:00,52,52,0
08/01/2013,15:15,22,22,0
08/01/2013,15:30,26,26,0
08/01/2013,15:45,17,17,0
08/01/2013,16:00,11,11,0
08/01/2013,16:15,23,23,0
08/01/2013,16:30,16,15,1
08/01/2013,16:45,15,15,0
08/01/2013,17:00,20,20,0
08/01/2013,17:15,15,15,0
08/01/2013,17:30,5,5,0
08/01/2013,17:45,8,8,0
08/01/2013,18:00,13,13,0
08/01/2013,18:15,11,11,0
08/01/2013,18:30,6,6,0
08/01/2013,18:45,5,5,0
08/01/2013,19:00,9,9,0
08/01/2013,19:15,1,1,0
08/01/2013,19:30,8,8,0
08/01/2013,19:45,3,3,0
08/01/2013,20:00,4,4,0
08/01/2013,20:15,1,1,0
08/01/2013,20:30,2,2,0
08/01/2013,20:45,0,0,0
08/01/2013,21:00,1,1,0
08/01/2013,21:15,1,1,0
08/01/2013,21:30,1,1,0
08/01/2013,21:45,0,0,0
08/01/2013,22:00,0,0,0
08/01/2013,22:15,0,0,0
08/01/2013,22:30,0,0,0
08/01/2013,22:45,0,0,0
08/01/2013,23:00,0,0,0
08/01/2013,23:15,0,0,0
08/01/2013,23:30,0,0,0
08/01/2013,23:45,0,0,0
09/01/2013,00:00,0,0,0
09/01/2013,00:15,0,0,0
09/01/2013,00:30,0,0,0
09/01/2013,00:45,0,0,0
09/01/2013,01:00,0,0,0
09/01/2013,01:15,0,0,0
09/01/2013,01:30,0,0,0
09/01/2013,01:45,0,0,0
09/01/2013,02:00,0,0,0
09/01/2013,02:15,0,0,0
09/01/2013,02:30,0,0,0
09/01/2013,02:45,0,0,0
09/01/2013,03:00,0,0,0
09/01/2013,03:15,0,0,0
09/01/2013,03:30,0,0,0
09/01/2013,03:45,0,0,0
09/01/2013,04:00,0,0,0
09/01/2013,04:15,0,0,0
09/01/2013,04:30,1,1,0
09/01/2013,04:45,0,0,0
09/01/2013,05:00,1,1,0
09/01/2013,05:15,1,1,0
09/01/2013,05:30,9,9,0
09/01/2013,05:45,6,6,0
09/01/2013,06:00,7,7,0
09/01/2013,06:15,11,11,0
09/01/2013,06:30,5,5,0
09/01/2013,06:45,4,4,0
09/01/2013,07:00,10,10,0
09/01/2013,07:15,8,8,0
09/01/2013,07:30,15,15,0
09/01/2013,07:45,38,38,0
09/01/2013,08:00,52,52,0
09/01/2013,08:15,14,14,0
09/01/2013,08:30,14,14,0
09/01/2013,08:45,9,9,0
09/01/2013,09:00,13,13,0
09/01/2013,09:15,5,5,0
09/01/2013,09:30,9,9,0
09/01/2013,09:45,10,10,0
09/01/2013,10:00,3,3,0
09/01/2013,10:15,10,10,0
09/01/2013,10:30,6,6,0
09/01/2013,10:45,5,5,0
09/01/2013,11:00,8,8,0
09/01/2013,11:15,7,7,0
09/01/2013,11:30,3,3,0
09/01/2013,11:45,12,12,0
09/01/2013,12:00,6,6,0
09/01/2013,12:15,7,7,0
09/01/2013,12:30,9,9,0
09/01/2013,12:45,8,8,0
09/01/2013,13:00,10,10,0
09/01/2013,13:15,30,30,0
09/01/2013,13:30,28,28,0
09/01/2013,13:45,12,12,0
09/01/2013,14:00,8,8,0
09/01/2013,14:15,7,7,0
09/01/2013,14:30,10,10,0
09/01/2013,14:45,7,7,0
09/01/2013,15:00,11,11,0
09/01/2013,15:15,7,7,0
09/01/2013,15:30,4,4,0
09/01/2013,15:45,6,6,0
09/01/2013,16:00,9,8,1
09/01/2013,16:15,14,11,3
09/01/2013,16:30,6,4,2
09/01/2013,16:45,11,11,0
09/01/2013,17:00,5,5,0
09/01/2013,17:15,6,6,0
09/01/2013,17:30,9,8,1
09/01/2013,17:45,10,10,0
09/01/2013,18:00,15,13,2
09/01/2013,18:15,7,6,1
09/01/2013,18:30,4,4,0
09/01/2013,18:45,9,9,0
09/01/2013,19:00,3,3,0
09/01/2013,19:15,6,6,0
09/01/2013,19:30,0,0,0
09/01/2013,19:45,4,4,0
09/01/2013,20:00,1,1,0
09/01/2013,20:15,1,1,0
09/01/2013,20:30,0,0,0
09/01/2013,20:45,2,2,0
09/01/2013,21:00,0,0,0
09/01/2013,21:15,0,0,0
09/01/2013,21:30,0,0,0
09/01/2013,21:45,1,1,0
09/01/2013,22:00,0,0,0
09/01/2013,22:15,0,0,0
09/01/2013,22:30,0,0,0
09/01/2013,22:45,1,1,0
09/01/2013,23:00,0,0,0
09/01/2013,23:15,0,0,0
09/01/2013,23:30,0,0,0
09/01/2013,23:45,0,0,0
10/01/2013,00:00,0,0,0
10/01/2013,00:15,0,0,0
10/01/2013,00:30,0,0,0
10/01/2013,00:45,0,0,0
10/01/2013,01:00,0,0,0
10/01/2013,01:15,0,0,0
10/01/2013,01:30,0,0,0
10/01/2013,01:45,0,0,0
10/01/2013,02:00,0,0,0
10/01/2013,02:15,0,0,0
10/01/2013,02:30,0,0,0
10/01/2013,02:45,0,0,0
10/01/2013,03:00,0,0,0
10/01/2013,03:15,0,0,0
10/01/2013,03:30,0,0,0
10/01/2013,03:45,0,0,0
10/01/2013,04:00,0,0,0
10/01/2013,04:15,0,0,0
10/01/2013,04:30,1,0,1
10/01/2013,04:45,0,0,0
10/01/2013,05:00,1,1,0
10/01/2013,05:15,0,0,0
10/01/2013,05:30,3,3,0
10/01/2013,05:45,6,5,1
10/01/2013,06:00,12,12,0
10/01/2013,06:15,9,6,3
10/01/2013,06:30,13,8,5
10/01/2013,06:45,10,6,4
10/01/2013,07:00,14,12,2
10/01/2013,07:15,11,7,4
10/01/2013,07:30,10,9,1
10/01/2013,07:45,36,31,5
10/01/2013,08:00,54,53,1
10/01/2013,08:15,13,11,2
10/01/2013,08:30,16,9,7
10/01/2013,08:45,22,15,7
10/01/2013,09:00,14,7,7
10/01/2013,09:15,10,9,1
10/01/2013,09:30,2,2,0
10/01/2013,09:45,7,5,2
10/01/2013,10:00,15,10,5
10/01/2013,10:15,6,3,3
10/01/2013,10:30,7,4,3
10/01/2013,10:45,13,9,4
10/01/2013,11:00,12,4,8
10/01/2013,11:15,20,10,10
10/01/2013,11:30,11,7,4
10/01/2013,11:45,13,4,9
10/01/2013,12:00,19,8,11
10/01/2013,12:15,10,6,4
10/01/2013,12:30,14,10,4
10/01/2013,12:45,21,17,4
10/01/2013,13:00,16,12,4
10/01/2013,13:15,18,10,8
10/01/2013,13:30,12,8,4
10/01/2013,13:45,20,15,5
10/01/2013,14:00,10,6,4
10/01/2013,14:15,15,6,9
10/01/2013,14:30,28,26,2
10/01/2013,14:45,12,10,2
10/01/2013,15:00,41,37,4
10/01/2013,15:15,16,9,7
10/01/2013,15:30,19,15,4
10/01/2013,15:45,19,19,0
10/01/2013,16:00,21,14,7
10/01/2013,16:15,27,23,4
10/01/2013,16:30,15,12,3
10/01/2013,16:45,18,14,4
10/01/2013,17:00,17,14,3
10/01/2013,17:15,15,12,3
10/01/2013,17:30,19,14,5
10/01/2013,17:45,8,4,4
10/01/2013,18:00,22,11,11
10/01/2013,18:15,13,10,3
10/01/2013,18:30,9,6,3
10/01/2013,18:45,6,5,1
10/01/2013,19:00,4,2,2
10/01/2013,19:15,7,5,2
10/01/2013,19:30,3,2,1
10/01/2013,19:45,5,5,0
10/01/2013,20:00,3,3,0
10/01/2013,20:15,2,2,0
10/01/2013,20:30,3,3,0
10/01/2013,20:45,2,2,0
10/01/2013,21:00,0,0,0
10/01/2013,21:15,0,0,0
10/01/2013,21:30,0,0,0
10/01/2013,21:45,1,1,0
10/01/2013,22:00,1,1,0
10/01/2013,22:15,0,0,0
10/01/2013,22:30,0,0,0
10/01/2013,22:45,1,1,0
10/01/2013,23:00,0,0,0
10/01/2013,23:15,0,0,0
10/01/2013,23:30,0,0,0
10/01/2013,23:45,0,0,0
11/01/2013,00:00,1,1,0
11/01/2013,00:15,0,0,0
11/01/2013,00:30,0,0,0
11/01/2013,00:45,0,0,0
11/01/2013,01:00,0,0,0
11/01/2013,01:15,0,0,0
11/01/2013,01:30,0,0,0
11/01/2013,01:45,1,0,1
11/01/2013,02:00,0,0,0
11/01/2013,02:15,0,0,0
11/01/2013,02:30,0,0,0
11/01/2013,02:45,0,0,0
11/01/2013,03:00,0,0,0
11/01/2013,03:15,0,0,0
11/01/2013,03:30,0,0,0
11/01/2013,03:45,0,0,0
11/01/2013,04:00,0,0,0
11/01/2013,04:15,0,0,0
11/01/2013,04:30,3,3,0
11/01/2013,04:45,2,2,0
11/01/2013,05:00,1,1,0
11/01/2013,05:15,5,5,0
11/01/2013,05:30,2,2,0
11/01/2013,05:45,1,1,0
11/01/2013,06:00,7,7,0
11/01/2013,06:15,11,8,3
11/01/2013,06:30,4,2,2
11/01/2013,06:45,12,6,6
11/01/2013,07:00,6,5,1
11/01/2013,07:15,14,11,3
11/01/2013,07:30,14,12,2
11/01/2013,07:45,26,25,1
11/01/2013,08:00,34,28,6
11/01/2013,08:15,17,12,5
11/01/2013,08:30,25,16,9
11/01/2013,08:45,13,4,9
11/01/2013,09:00,14,7,7
11/01/2013,09:15,10,3,7
11/01/2013,09:30,18,9,9
11/01/2013,09:45,5,3,2
11/01/2013,10:00,19,12,7
11/01/2013,10:15,6,3,3
11/01/2013,10:30,14,11,3
11/01/2013,10:45,22,17,5
11/01/2013,11:00,12,5,7
11/01/2013,11:15,8,1,7
11/01/2013,11:30,14,9,5
11/01/2013,11:45,7,3,4
11/01/2013,12:00,11,8,3
11/01/2013,12:15,13,11,2
11/01/2013,12:30,24,19,5
11/01/2013,12:45,14,10,4
11/01/2013,13:00,14,9,5
11/01/2013,13:15,21,16,5
11/01/2013,13:30,19,17,2
11/01/2013,13:45,18,13,5
11/01/2013,14:00,11,8,3
11/01/2013,14:15,18,13,5
11/01/2013,14:30,30,28,2
11/01/2013,14:45,19,15,4
11/01/2013,15:00,14,12,2
11/01/2013,15:15,14,10,4
11/01/2013,15:30,21,13,8
11/01/2013,15:45,17,16,1
11/01/2013,16:00,21,16,5
11/01/2013,16:15,14,8,6
11/01/2013,16:30,17,15,2
11/01/2013,16:45,18,16,2
11/01/2013,17:00,20,18,2
11/01/2013,17:15,19,17,2
11/01/2013,17:30,8,7,1
11/01/2013,17:45,4,4,0
11/01/2013,18:00,6,6,0
11/01/2013,18:15,10,10,0
11/01/2013,18:30,6,6,0
11/01/2013,18:45,1,0,1
11/01/2013,19:00,3,2,1
11/01/2013,19:15,6,6,0
11/01/2013,19:30,1,1,0
11/01/2013,19:45,1,0,1
11/01/2013,20:00,0,0,0
11/01/2013,20:15,1,1,0
11/01/2013,20:30,1,1,0
11/01/2013,20:45,2,2,0
11/01/2013,21:00,0,0,0
11/01/2013,21:15,0,0,0
11/01/2013,21:30,1,0,1
11/01/2013,21:45,0,0,0
11/01/2013,22:00,0,0,0
11/01/2013,22:15,1,1,0
11/01/2013,22:30,0,0,0
11/01/2013,22:45,0,0,0
11/01/2013,23:00,0,0,0
11/01/2013,23:15,0,0,0
11/01/2013,23:30,0,0,0
11/01/2013,23:45,0,0,0
12/01/2013,00:00,0,0,0
12/01/2013,00:15,0,0,0
12/01/2013,00:30,0,0,0
12/01/2013,00:45,0,0,0
12/01/2013,01:00,0,0,0
12/01/2013,01:15,1,1,0
12/01/2013,01:30,0,0,0
12/01/2013,01:45,0,0,0
12/01/2013,02:00,0,0,0
12/01/2013,02:15,0,0,0
12/01/2013,02:30,0,0,0
12/01/2013,02:45,0,0,0
12/01/2013,03:00,0,0,0
12/01/2013,03:15,0,0,0
12/01/2013,03:30,0,0,0
12/01/2013,03:45,0,0,0
12/01/2013,04:00,0,0,0
12/01/2013,04:15,0,0,0
12/01/2013,04:30,0,0,0
12/01/2013,04:45,0,0,0
12/01/2013,05:00,0,0,0
12/01/2013,05:15,0,0,0
12/01/2013,05:30,1,1,0
12/01/2013,05:45,1,0,1
12/01/2013,06:00,0,0,0
12/01/2013,06:15,2,1,1
12/01/2013,06:30,3,2,1
12/01/2013,06:45,0,0,0
12/01/2013,07:00,2,1,1
12/01/2013,07:15,3,2,1
12/01/2013,07:30,5,1,4
12/01/2013,07:45,10,9,1
12/01/2013,08:00,21,19,2
12/01/2013,08:15,34,30,4
12/01/2013,08:30,40,37,3
12/01/2013,08:45,34,32,2
12/01/2013,09:00,56,47,9
12/01/2013,09:15,44,41,3
12/01/2013,09:30,35,32,3
12/01/2013,09:45,75,55,20
12/01/2013,10:00,84,77,7
12/01/2013,10:15,64,43,21
12/01/2013,10:30,92,81,11
12/01/2013,10:45,67,53,14
12/01/2013,11:00,81,75,6
12/01/2013,11:15,67,57,10
12/01/2013,11:30,83,67,16
12/01/2013,11:45,56,49,7
12/01/2013,12:00,79,70,9
12/01/2013,12:15,75,65,10
12/01/2013,12:30,53,43,10
12/01/2013,12:45,69,62,7
12/01/2013,13:00,83,73,10
12/01/2013,13:15,59,51,8
12/01/2013,13:30,49,41,8
12/01/2013,13:45,51,35,16
12/01/2013,14:00,68,66,2
12/01/2013,14:15,59,50,9
12/01/2013,14:30,38,32,6
12/01/2013,14:45,44,41,3
12/01/2013,15:00,43,37,6
12/01/2013,15:15,41,39,2
12/01/2013,15:30,36,34,2
12/01/2013,15:45,20,17,3
12/01/2013,16:00,27,22,5
12/01/2013,16:15,44,23,21
12/01/2013,16:30,22,19,3
12/01/2013,16:45,11,9,2
12/01/2013,17:00,6,4,2
12/01/2013,17:15,7,6,1
12/01/2013,17:30,7,7,0
12/01/2013,17:45,5,5,0
12/01/2013,18:00,2,2,0
12/01/2013,18:15,0,0,0
12/01/2013,18:30,2,2,0
12/01/2013,18:45,1,1,0
12/01/2013,19:00,0,0,0
12/01/2013,19:15,2,2,0
12/01/2013,19:30,0,0,0
12/01/2013,19:45,0,0,0
12/01/2013,20:00,0,0,0
12/01/2013,20:15,0,0,0
12/01/2013,20:30,0,0,0
12/01/2013,20:45,2,2,0
12/01/2013,21:00,0,0,0
12/01/2013,21:15,1,1,0
12/01/2013,21:30,0,0,0
12/01/2013,21:45,0,0,0
12/01/2013,22:00,0,0,0
12/01/2013,22:15,0,0,0
12/01/2013,22:30,0,0,0
12/01/2013,22:45,0,0,0
12/01/2013,23:00,0,0,0
12/01/2013,23:15,1,1,0
12/01/2013,23:30,0,0,0
12/01/2013,23:45,0,0,0
13/01/2013,00:00,0,0,0
13/01/2013,00:15,0,0,0
13/01/2013,00:30,0,0,0
13/01/2013,00:45,0,0,0
13/01/2013,01:00,0,0,0
13/01/2013,01:15,0,0,0
13/01/2013,01:30,0,0,0
13/01/2013,01:45,0,0,0
13/01/2013,02:00,0,0,0
13/01/2013,02:15,0,0,0
13/01/2013,02:30,0,0,0
13/01/2013,02:45,1,1,0
13/01/2013,03:00,0,0,0
13/01/2013,03:15,0,0,0
13/01/2013,03:30,0,0,0
13/01/2013,03:45,0,0,0
13/01/2013,04:00,0,0,0
13/01/2013,04:15,0,0,0
13/01/2013,04:30,0,0,0
13/01/2013,04:45,0,0,0
13/01/2013,05:00,0,0,0
13/01/2013,05:15,0,0,0
13/01/2013,05:30,0,0,0
13/01/2013,05:45,2,2,0
13/01/2013,06:00,0,0,0
13/01/2013,06:15,1,0,1
13/01/2013,06:30,1,1,0
13/01/2013,06:45,1,1,0
13/01/2013,07:00,1,1,0
13/01/2013,07:15,1,0,1
13/01/2013,07:30,2,1,1
13/01/2013,07:45,5,4,1
13/01/2013,08:00,6,3,3
13/01/2013,08:15,17,12,5
13/01/2013,08:30,20,13,7
13/01/2013,08:45,23,18,5
13/01/2013,09:00,20,16,4
13/01/2013,09:15,31,28,3
13/01/2013,09:30,38,29,9
13/01/2013,09:45,53,47,6
13/01/2013,10:00,58,49,9
13/01/2013,10:15,40,35,5
13/01/2013,10:30,60,59,1
13/01/2013,10:45,65,52,13
13/01/2013,11:00,92,81,11
13/01/2013,11:15,55,51,4
13/01/2013,11:30,73,63,10
13/01/2013,11:45,40,34,6
13/01/2013,12:00,96,77,19
13/01/2013,12:15,71,62,9
13/01/2013,12:30,59,51,8
13/01/2013,12:45,62,51,11
13/01/2013,13:00,43,42,1
13/01/2013,13:15,32,27,5
13/01/2013,13:30,30,27,3
13/01/2013,13:45,46,39,7
13/01/2013,14:00,43,37,6
13/01/2013,14:15,46,45,1
13/01/2013,14:30,62,61,1
13/01/2013,14:45,32,28,4
13/01/2013,15:00,32,29,3
13/01/2013,15:15,49,45,4
13/01/2013,15:30,48,43,5
13/01/2013,15:45,23,17,6
13/01/2013,16:00,37,35,2
13/01/2013,16:15,34,31,3
13/01/2013,16:30,27,24,3
13/01/2013,16:45,12,12,0
13/01/2013,17:00,6,6,0
13/01/2013,17:15,14,13,1
13/01/2013,17:30,14,13,1
13/01/2013,17:45,4,3,1
13/01/2013,18:00,10,10,0
13/01/2013,18:15,2,2,0
13/01/2013,18:30,1,1,0
13/01/2013,18:45,1,0,1
13/01/2013,19:00,5,5,0
13/01/2013,19:15,2,2,0
13/01/2013,19:30,0,0,0
13/01/2013,19:45,0,0,0
13/01/2013,20:00,2,2,0
13/01/2013,20:15,0,0,0
13/01/2013,20:30,0,0,0
13/01/2013,20:45,0,0,0
13/01/2013,21:00,0,0,0
13/01/2013,21:15,0,0,0
13/01/2013,21:30,0,0,0
13/01/2013,21:45,0,0,0
13/01/2013,22:00,0,0,0
13/01/2013,22:15,1,1,0
13/01/2013,22:30,0,0,0
13/01/2013,22:45,0,0,0
13/01/2013,23:00,0,0,0
13/01/2013,23:15,0,0,0
13/01/2013,23:30,0,0,0
13/01/2013,23:45,0,0,0
14/01/2013,00:00,0,0,0
14/01/2013,00:15,0,0,0
14/01/2013,00:30,0,0,0
14/01/2013,00:45,0,0,0
14/01/2013,01:00,0,0,0
14/01/2013,01:15,0,0,0
14/01/2013,01:30,0,0,0
14/01/2013,01:45,0,0,0
14/01/2013,02:00,0,0,0
14/01/2013,02:15,0,0,0
14/01/2013,02:30,0,0,0
14/01/2013,02:45,0,0,0
14/01/2013,03:00,0,0,0
14/01/2013,03:15,0,0,0
14/01/2013,03:30,1,0,1
14/01/2013,03:45,0,0,0
14/01/2013,04:00,0,0,0
14/01/2013,04:15,0,0,0
14/01/2013,04:30,2,2,0
14/01/2013,04:45,0,0,0
14/01/2013,05:00,3,2,1
14/01/2013,05:15,1,1,0
14/01/2013,05:30,2,2,0
14/01/2013,05:45,2,2,0
14/01/2013,06:00,10,9,1
14/01/2013,06:15,7,6,1
14/01/2013,06:30,5,5,0
14/01/2013,06:45,7,4,3
14/01/2013,07:00,6,6,0
14/01/2013,07:15,8,7,1
14/01/2013,07:30,10,8,2
14/01/2013,07:45,38,35,3
14/01/2013,08:00,44,42,2
14/01/2013,08:15,6,5,1
14/01/2013,08:30,14,8,6
14/01/2013,08:45,6,3,3
14/01/2013,09:00,8,6,2
14/01/2013,09:15,10,6,4
14/01/2013,09:30,13,9,4
14/01/2013,09:45,14,10,4
14/01/2013,10:00,11,8,3
14/01/2013,10:15,14,10,4
14/01/2013,10:30,9,4,5
14/01/2013,10:45,11,6,5
14/01/2013,11:00,14,8,6
14/01/2013,11:15,14,8,6
14/01/2013,11:30,11,7,4
14/01/2013,11:45,9,6,3
14/01/2013,12:00,14,8,6
14/01/2013,12:15,18,11,7
14/01/2013,12:30,14,7,7
14/01/2013,12:45,12,7,5
14/01/2013,13:00,101,15,86
14/01/2013,13:15,101,15,86
14/01/2013,13:30,21,8,13
14/01/2013,13:45,26,17,9
14/01/2013,14:00,23,9,14
14/01/2013,14:15,31,19,12
14/01/2013,14:30,58,41,17
14/01/2013,14:45,25,13,12
14/01/2013,15:00,28,15,13
14/01/2013,15:15,19,12,7
14/01/2013,15:30,25,12,13
14/01/2013,15:45,21,11,10
14/01/2013,16:00,22,12,10
14/01/2013,16:15,27,15,12
14/01/2013,16:30,22,12,10
14/01/2013,16:45,22,12,10
14/01/2013,17:00,37,9,28
14/01/2013,17:15,25,15,10
14/01/2013,17:30,11,8,3
14/01/2013,17:45,13,4,9
14/01/2013,18:00,15,13,2
14/01/2013,18:15,12,6,6
14/01/2013,18:30,14,10,4
14/01/2013,18:45,10,10,0
14/01/2013,19:00,2,1,1
14/01/2013,19:15,9,8,1
14/01/2013,19:30,4,4,0
14/01/2013,19:45,5,4,1
14/01/2013,20:00,3,1,2
14/01/2013,20:15,0,0,0
14/01/2013,20:30,3,3,0
14/01/2013,20:45,1,0,1
14/01/2013,21:00,0,0,0
14/01/2013,21:15,1,0,1
14/01/2013,21:30,2,0,2
14/01/2013,21:45,1,0,1
14/01/2013,22:00,1,1,0
14/01/2013,22:15,0,0,0
14/01/2013,22:30,0,0,0
14/01/2013,22:45,0,0,0
14/01/2013,23:00,0,0,0
14/01/2013,23:15,1,1,0
14/01/2013,23:30,0,0,0
14/01/2013,23:45,1,0,1
15/01/2013,00:00,0,0,0
15/01/2013,00:15,0,0,0
15/01/2013,00:30,0,0,0
15/01/2013,00:45,0,0,0
15/01/2013,01:00,0,0,0
15/01/2013,01:15,0,0,0
15/01/2013,01:30,0,0,0
15/01/2013,01:45,0,0,0
15/01/2013,02:00,1,1,0
15/01/2013,02:15,0,0,0
15/01/2013,02:30,0,0,0
15/01/2013,02:45,0,0,0
15/01/2013,03:00,0,0,0
15/01/2013,03:15,0,0,0
15/01/2013,03:30,0,0,0
15/01/2013,03:45,1,1,0
15/01/2013,04:00,1,1,0
15/01/2013,04:15,0,0,0
15/01/2013,04:30,1,0,1
15/01/2013,04:45,3,2,1
15/01/2013,05:00,1,1,0
15/01/2013,05:15,1,0,1
15/01/2013,05:30,4,4,0
15/01/2013,05:45,4,2,2
15/01/2013,06:00,8,6,2
15/01/2013,06:15,14,4,10
15/01/2013,06:30,7,5,2
15/01/2013,06:45,7,6,1
15/01/2013,07:00,12,7,5
15/01/2013,07:15,19,8,11
15/01/2013,07:30,15,9,6
15/01/2013,07:45,38,28,10
15/01/2013,08:00,43,36,7
15/01/2013,08:15,15,10,5
15/01/2013,08:30,22,9,13
15/01/2013,08:45,21,12,9
15/01/2013,09:00,17,7,10
15/01/2013,09:15,19,9,10
15/01/2013,09:30,13,5,8
15/01/2013,09:45,17,6,11
15/01/2013,10:00,16,8,8
15/01/2013,10:15,15,9,6
15/01/2013,10:30,18,10,8
15/01/2013,10:45,13,8,5
15/01/2013,11:00,14,8,6
15/01/2013,11:15,24,11,13
15/01/2013,11:30,15,4,11
15/01/2013,11:45,25,14,11
15/01/2013,12:00,8,5,3
15/01/2013,12:15,21,14,7
15/01/2013,12:30,17,12,5
15/01/2013,12:45,22,13,9
15/01/2013,13:00,21,10,11
15/01/2013,13:15,18,11,7
15/01/2013,13:30,13,5,8
15/01/2013,13:45,14,6,8
15/01/2013,14:00,21,14,7
15/01/2013,14:15,14,5,9
15/01/2013,14:30,23,14,9
15/01/2013,14:45,20,12,8
15/01/2013,15:00,65,43,22
15/01/2013,15:15,24,12,12
15/01/2013,15:30,26,11,15
15/01/2013,15:45,29,16,13
15/01/2013,16:00,24,9,15
15/01/2013,16:15,24,16,8
15/01/2013,16:30,16,9,7
15/01/2013,16:45,16,10,6
15/01/2013,17:00,19,13,6
15/01/2013,17:15,20,12,8
15/01/2013,17:30,19,10,9
15/01/2013,17:45,15,7,8
15/01/2013,18:00,10,6,4
15/01/2013,18:15,13,9,4
15/01/2013,18:30,8,7,1
15/01/2013,18:45,8,4,4
15/01/2013,19:00,8,6,2
15/01/2013,19:15,4,2,2
15/01/2013,19:30,4,3,1
15/01/2013,19:45,4,4,0
15/01/2013,20:00,2,1,1
15/01/2013,20:15,4,4,0
15/01/2013,20:30,2,2,0
15/01/2013,20:45,1,0,1
15/01/2013,21:00,1,1,0
15/01/2013,21:15,0,0,0
15/01/2013,21:30,1,1,0
15/01/2013,21:45,1,1,0
15/01/2013,22:00,1,1,0
15/01/2013,22:15,1,1,0
15/01/2013,22:30,0,0,0
15/01/2013,22:45,0,0,0
15/01/2013,23:00,0,0,0
15/01/2013,23:15,0,0,0
15/01/2013,23:30,0,0,0
15/01/2013,23:45,0,0,0
16/01/2013,00:00,0,0,0
16/01/2013,00:15,0,0,0
16/01/2013,00:30,0,0,0
16/01/2013,00:45,0,0,0
16/01/2013,01:00,0,0,0
16/01/2013,01:15,0,0,0
16/01/2013,01:30,0,0,0
16/01/2013,01:45,0,0,0
16/01/2013,02:00,0,0,0
16/01/2013,02:15,0,0,0
16/01/2013,02:30,0,0,0
16/01/2013,02:45,0,0,0
16/01/2013,03:00,0,0,0
16/01/2013,03:15,0,0,0
16/01/2013,03:30,0,0,0
16/01/2013,03:45,0,0,0
16/01/2013,04:00,0,0,0
16/01/2013,04:15,0,0,0
16/01/2013,04:30,2,2,0
16/01/2013,04:45,3,1,2
16/01/2013,05:00,2,2,0
16/01/2013,05:15,2,2,0
16/01/2013,05:30,4,3,1
16/01/2013,05:45,6,4,2
16/01/2013,06:00,6,5,1
16/01/2013,06:15,10,7,3
16/01/2013,06:30,10,5,5
16/01/2013,06:45,14,9,5
16/01/2013,07:00,17,12,5
16/01/2013,07:15,20,6,14
16/01/2013,07:30,13,6,7
16/01/2013,07:45,38,28,10
16/01/2013,08:00,56,50,6
16/01/2013,08:15,15,9,6
16/01/2013,08:30,16,10,6
16/01/2013,08:45,22,7,15
16/01/2013,09:00,30,12,18
16/01/2013,09:15,17,7,10
16/01/2013,09:30,24,8,16
16/01/2013,09:45,19,10,9
16/01/2013,10:00,21,8,13
16/01/2013,10:15,21,7,14
16/01/2013,10:30,12,8,4
16/01/2013,10:45,22,12,10
16/01/2013,11:00,22,16,6
16/01/2013,11:15,16,4,12
16/01/2013,11:30,25,15,10
16/01/2013,11:45,23,9,14
16/01/2013,12:00,26,11,15
16/01/2013,12:15,15,4,11
16/01/2013,12:30,28,8,20
16/01/2013,12:45,25,14,11
16/01/2013,13:00,25,15,10
16/01/2013,13:15,36,18,18
16/01/2013,13:30,47,21,26
16/01/2013,13:45,29,16,13
16/01/2013,14:00,26,12,14
16/01/2013,14:15,18,12,6
16/01/2013,14:30,22,9,13
16/01/2013,14:45,25,13,12
16/01/2013,15:00,15,7,8
16/01/2013,15:15,18,11,7
16/01/2013,15:30,23,7,16
16/01/2013,15:45,31,13,18
16/01/2013,16:00,44,24,20
16/01/2013,16:15,34,22,12
16/01/2013,16:30,31,20,11
16/01/2013,16:45,17,11,6
16/01/2013,17:00,19,10,9
16/01/2013,17:15,21,11,10
16/01/2013,17:30,13,4,9
16/01/2013,17:45,15,8,7
16/01/2013,18:00,10,6,4
16/01/2013,18:15,11,5,6
16/01/2013,18:30,10,8,2
16/01/2013,18:45,7,5,2
16/01/2013,19:00,2,2,0
16/01/2013,19:15,6,5,1
16/01/2013,19:30,3,2,1
16/01/2013,19:45,4,4,0
16/01/2013,20:00,3,2,1
16/01/2013,20:15,7,7,0
16/01/2013,20:30,4,4,0
16/01/2013,20:45,1,1,0
16/01/2013,21:00,0,0,0
16/01/2013,21:15,1,0,1
16/01/2013,21:30,1,1,0
16/01/2013,21:45,0,0,0
16/01/2013,22:00,0,0,0
16/01/2013,22:15,1,1,0
16/01/2013,22:30,0,0,0
16/01/2013,22:45,0,0,0
16/01/2013,23:00,0,0,0
16/01/2013,23:15,0,0,0
16/01/2013,23:30,0,0,0
16/01/2013,23:45,0,0,0
17/01/2013,00:00,0,0,0
17/01/2013,00:15,0,0,0
17/01/2013,00:30,0,0,0
17/01/2013,00:45,0,0,0
17/01/2013,01:00,0,0,0
17/01/2013,01:15,0,0,0
17/01/2013,01:30,0,0,0
17/01/2013,01:45,0,0,0
17/01/2013,02:00,0,0,0
17/01/2013,02:15,0,0,0
17/01/2013,02:30,0,0,0
17/01/2013,02:45,0,0,0
17/01/2013,03:00,0,0,0
17/01/2013,03:15,0,0,0
17/01/2013,03:30,0,0,0
17/01/2013,03:45,1,1,0
17/01/2013,04:00,1,1,0
17/01/2013,04:15,0,0,0
17/01/2013,04:30,1,0,1
17/01/2013,04:45,1,0,1
17/01/2013,05:00,2,2,0
17/01/2013,05:15,4,3,1
17/01/2013,05:30,5,2,3
17/01/2013,05:45,2,1,1
17/01/2013,06:00,11,7,4
17/01/2013,06:15,12,9,3
17/01/2013,06:30,4,3,1
17/01/2013,06:45,13,10,3
17/01/2013,07:00,12,10,2
17/01/2013,07:15,16,8,8
17/01/2013,07:30,21,13,8
17/01/2013,07:45,40,32,8
17/01/2013,08:00,53,43,10
17/01/2013,08:15,18,8,10
17/01/2013,08:30,25,8,17
17/01/2013,08:45,27,12,15
17/01/2013,09:00,26,9,17
17/01/2013,09:15,22,5,17
17/01/2013,09:30,23,8,15
17/01/2013,09:45,20,11,9
17/01/2013,10:00,25,10,15
17/01/2013,10:15,13,7,6
17/01/2013,10:30,32,17,15
17/01/2013,10:45,21,12,9
17/01/2013,11:00,23,11,12
17/01/2013,11:15,17,13,4
17/01/2013,11:30,20,9,11
17/01/2013,11:45,25,13,12
17/01/2013,12:00,18,10,8
17/01/2013,12:15,24,7,17
17/01/2013,12:30,28,14,14
17/01/2013,12:45,22,11,11
17/01/2013,13:00,32,22,10
17/01/2013,13:15,21,10,11
17/01/2013,13:30,22,17,5
17/01/2013,13:45,19,11,8
17/01/2013,14:00,21,12,9
17/01/2013,14:15,22,7,15
17/01/2013,14:30,22,11,11
17/01/2013,14:45,28,15,13
17/01/2013,15:00,60,39,21
17/01/2013,15:15,31,20,11
17/01/2013,15:30,19,12,7
17/01/2013,15:45,42,29,13
17/01/2013,16:00,31,10,21
17/01/2013,16:15,31,15,16
17/01/2013,16:30,23,14,9
17/01/2013,16:45,27,19,8
17/01/2013,17:00,26,9,17
17/01/2013,17:15,16,9,7
17/01/2013,17:30,24,4,20
17/01/2013,17:45,20,14,6
17/01/2013,18:00,13,6,7
17/01/2013,18:15,13,10,3
17/01/2013,18:30,7,7,0
17/01/2013,18:45,11,7,4
17/01/2013,19:00,2,2,0
17/01/2013,19:15,2,2,0
17/01/2013,19:30,5,4,1
17/01/2013,19:45,2,1,1
17/01/2013,20:00,2,1,1
17/01/2013,20:15,1,1,0
17/01/2013,20:30,2,2,0
17/01/2013,20:45,0,0,0
17/01/2013,21:00,1,1,0
17/01/2013,21:15,1,1,0
17/01/2013,21:30,0,0,0
17/01/2013,21:45,2,2,0
17/01/2013,22:00,0,0,0
17/01/2013,22:15,1,1,0
17/01/2013,22:30,0,0,0
17/01/2013,22:45,0,0,0
17/01/2013,23:00,0,0,0
17/01/2013,23:15,0,0,0
17/01/2013,23:30,0,0,0
17/01/2013,23:45,0,0,0
18/01/2013,00:00,0,0,0
18/01/2013,00:15,0,0,0
18/01/2013,00:30,0,0,0
18/01/2013,00:45,0,0,0
18/01/2013,01:00,0,0,0
18/01/2013,01:15,0,0,0
18/01/2013,01:30,0,0,0
18/01/2013,01:45,0,0,0
18/01/2013,02:00,0,0,0
18/01/2013,02:15,0,0,0
18/01/2013,02:30,0,0,0
18/01/2013,02:45,2,2,0
18/01/2013,03:00,0,0,0
18/01/2013,03:15,0,0,0
18/01/2013,03:30,0,0,0
18/01/2013,03:45,0,0,0
18/01/2013,04:00,0,0,0
18/01/2013,04:15,0,0,0
18/01/2013,04:30,1,1,0
18/01/2013,04:45,0,0,0
18/01/2013,05:00,1,1,0
18/01/2013,05:15,4,3,1
18/01/2013,05:30,2,1,1
18/01/2013,05:45,3,3,0
18/01/2013,06:00,14,11,3
18/01/2013,06:15,2,1,1
18/01/2013,06:30,7,5,2
18/01/2013,06:45,11,7,4
18/01/2013,07:00,15,7,8
18/01/2013,07:15,26,20,6
18/01/2013,07:30,23,16,7
18/01/2013,07:45,31,22,9
18/01/2013,08:00,55,42,13
18/01/2013,08:15,19,9,10
18/01/2013,08:30,28,11,17
18/01/2013,08:45,25,11,14
18/01/2013,09:00,15,7,8
18/01/2013,09:15,30,10,20
18/01/2013,09:30,26,11,15
18/01/2013,09:45,17,12,5
18/01/2013,10:00,18,6,12
18/01/2013,10:15,23,16,7
18/01/2013,10:30,29,14,15
18/01/2013,10:45,17,11,6
18/01/2013,11:00,24,15,9
18/01/2013,11:15,42,9,33
18/01/2013,11:30,26,7,19
18/01/2013,11:45,28,14,14
18/01/2013,12:00,41,25,16
18/01/2013,12:15,21,12,9
18/01/2013,12:30,32,22,10
18/01/2013,12:45,28,14,14
18/01/2013,13:00,26,11,15
18/01/2013,13:15,35,24,11
18/01/2013,13:30,31,12,19
18/01/2013,13:45,23,13,10
18/01/2013,14:00,10,2,8
18/01/2013,14:15,37,20,17
18/01/2013,14:30,62,47,15
18/01/2013,14:45,39,23,16
18/01/2013,15:00,36,24,12
18/01/2013,15:15,23,17,6
18/01/2013,15:30,30,16,14
18/01/2013,15:45,24,10,14
18/01/2013,16:00,42,17,25
18/01/2013,16:15,30,21,9
18/01/2013,16:30,27,12,15
18/01/2013,16:45,41,18,23
18/01/2013,17:00,36,22,14
18/01/2013,17:15,28,13,15
18/01/2013,17:30,15,7,8
18/01/2013,17:45,21,11,10
18/01/2013,18:00,12,6,6
18/01/2013,18:15,9,6,3
18/01/2013,18:30,8,6,2
18/01/2013,18:45,4,2,2
18/01/2013,19:00,6,4,2
18/01/2013,19:15,4,2,2
18/01/2013,19:30,2,2,0
18/01/2013,19:45,7,6,1
18/01/2013,20:00,2,0,2
18/01/2013,20:15,5,1,4
18/01/2013,20:30,2,0,2
18/01/2013,20:45,1,1,0
18/01/2013,21:00,1,1,0
18/01/2013,21:15,1,0,1
18/01/2013,21:30,1,0,1
18/01/2013,21:45,1,1,0
18/01/2013,22:00,3,3,0
18/01/2013,22:15,1,1,0
18/01/2013,22:30,0,0,0
18/01/2013,22:45,1,1,0
18/01/2013,23:00,1,1,0
18/01/2013,23:15,0,0,0
18/01/2013,23:30,0,0,0
18/01/2013,23:45,0,0,0
19/01/2013,00:00,0,0,0
19/01/2013,00:15,2,0,2
19/01/2013,00:30,0,0,0
19/01/2013,00:45,0,0,0
19/01/2013,01:00,0,0,0
19/01/2013,01:15,0,0,0
19/01/2013,01:30,0,0,0
19/01/2013,01:45,0,0,0
19/01/2013,02:00,0,0,0
19/01/2013,02:15,0,0,0
19/01/2013,02:30,0,0,0
19/01/2013,02:45,0,0,0
19/01/2013,03:00,0,0,0
19/01/2013,03:15,0,0,0
19/01/2013,03:30,0,0,0
19/01/2013,03:45,0,0,0
19/01/2013,04:00,0,0,0
19/01/2013,04:15,0,0,0
19/01/2013,04:30,0,0,0
19/01/2013,04:45,1,0,1
19/01/2013,05:00,3,1,2
19/01/2013,05:15,0,0,0
19/01/2013,05:30,2,2,0
19/01/2013,05:45,3,3,0
19/01/2013,06:00,0,0,0
19/01/2013,06:15,0,0,0
19/01/2013,06:30,0,0,0
19/01/2013,06:45,2,2,0
19/01/2013,07:00,4,2,2
19/01/2013,07:15,25,22,3
19/01/2013,07:30,15,10,5
19/01/2013,07:45,7,5,2
19/01/2013,08:00,22,9,13
19/01/2013,08:15,41,30,11
19/01/2013,08:30,31,23,8
19/01/2013,08:45,45,26,19
19/01/2013,09:00,59,40,19
19/01/2013,09:15,52,44,8
19/01/2013,09:30,67,53,14
19/01/2013,09:45,105,94,11
19/01/2013,10:00,117,102,15
19/01/2013,10:15,99,75,24
19/01/2013,10:30,124,101,23
19/01/2013,10:45,99,82,17
19/01/2013,11:00,124,112,12
19/01/2013,11:15,115,93,22
19/01/2013,11:30,96,84,12
19/01/2013,11:45,112,95,17
19/01/2013,12:00,95,79,16
19/01/2013,12:15,71,62,9
19/01/2013,12:30,91,73,18
19/01/2013,12:45,82,64,18
19/01/2013,13:00,103,86,17
19/01/2013,13:15,103,91,12
19/01/2013,13:30,97,79,18
19/01/2013,13:45,71,60,11
19/01/2013,14:00,81,75,6
19/01/2013,14:15,73,58,15
19/01/2013,14:30,86,67,19
19/01/2013,14:45,72,63,9
19/01/2013,15:00,65,48,17
19/01/2013,15:15,81,58,23
19/01/2013,15:30,76,58,18
19/01/2013,15:45,62,49,13
19/01/2013,16:00,53,36,17
19/01/2013,16:15,44,34,10
19/01/2013,16:30,37,24,13
19/01/2013,16:45,27,11,16
19/01/2013,17:00,23,15,8
19/01/2013,17:15,18,10,8
19/01/2013,17:30,19,13,6
19/01/2013,17:45,9,6,3
19/01/2013,18:00,5,3,2
19/01/2013,18:15,3,1,2
19/01/2013,18:30,4,0,4
19/01/2013,18:45,4,1,3
19/01/2013,19:00,0,0,0
19/01/2013,19:15,1,1,0
19/01/2013,19:30,1,0,1
19/01/2013,19:45,2,1,1
19/01/2013,20:00,1,0,1
19/01/2013,20:15,1,1,0
19/01/2013,20:30,0,0,0
19/01/2013,20:45,1,1,0
19/01/2013,21:00,0,0,0
19/01/2013,21:15,0,0,0
19/01/2013,21:30,0,0,0
19/01/2013,21:45,1,1,0
19/01/2013,22:00,0,0,0
19/01/2013,22:15,0,0,0
19/01/2013,22:30,0,0,0
19/01/2013,22:45,0,0,0
19/01/2013,23:00,1,1,0
19/01/2013,23:15,0,0,0
19/01/2013,23:30,1,0,1
19/01/2013,23:45,0,0,0
20/01/2013,00:00,0,0,0
20/01/2013,00:15,0,0,0
20/01/2013,00:30,0,0,0
20/01/2013,00:45,0,0,0
20/01/2013,01:00,1,1,0
20/01/2013,01:15,0,0,0
20/01/2013,01:30,0,0,0
20/01/2013,01:45,0,0,0
20/01/2013,02:00,0,0,0
20/01/2013,02:15,0,0,0
20/01/2013,02:30,0,0,0
20/01/2013,02:45,0,0,0
20/01/2013,03:00,0,0,0
20/01/2013,03:15,0,0,0
20/01/2013,03:30,0,0,0
20/01/2013,03:45,0,0,0
20/01/2013,04:00,0,0,0
20/01/2013,04:15,0,0,0
20/01/2013,04:30,0,0,0
20/01/2013,04:45,0,0,0
20/01/2013,05:00,0,0,0
20/01/2013,05:15,2,2,0
20/01/2013,05:30,1,1,0
20/01/2013,05:45,1,1,0
20/01/2013,06:00,0,0,0
20/01/2013,06:15,1,0,1
20/01/2013,06:30,0,0,0
20/01/2013,06:45,3,0,3
20/01/2013,07:00,1,0,1
20/01/2013,07:15,9,4,5
20/01/2013,07:30,7,6,1
20/01/2013,07:45,6,2,4
20/01/2013,08:00,16,9,7
20/01/2013,08:15,20,7,13
20/01/2013,08:30,31,25,6
20/01/2013,08:45,46,32,14
20/01/2013,09:00,69,50,19
20/01/2013,09:15,56,42,14
20/01/2013,09:30,61,45,16
20/01/2013,09:45,78,62,16
20/01/2013,10:00,90,69,21
20/01/2013,10:15,90,72,18
20/01/2013,10:30,91,75,16
20/01/2013,10:45,77,59,18
20/01/2013,11:00,68,55,13
20/01/2013,11:15,86,60,26
20/01/2013,11:30,92,69,23
20/01/2013,11:45,116,84,32
20/01/2013,12:00,93,78,15
20/01/2013,12:15,55,47,8
20/01/2013,12:30,67,60,7
20/01/2013,12:45,53,41,12
20/01/2013,13:00,61,48,13
20/01/2013,13:15,53,41,12
20/01/2013,13:30,61,56,5
20/01/2013,13:45,52,40,12
20/01/2013,14:00,49,29,20
20/01/2013,14:15,46,33,13
20/01/2013,14:30,56,38,18
20/01/2013,14:45,36,31,5
20/01/2013,15:00,32,22,10
20/01/2013,15:15,57,46,11
20/01/2013,15:30,47,29,18
20/01/2013,15:45,55,31,24
20/01/2013,16:00,26,20,6
20/01/2013,16:15,44,32,12
20/01/2013,16:30,34,26,8
20/01/2013,16:45,27,15,12
20/01/2013,17:00,18,13,5
20/01/2013,17:15,16,7,9
20/01/2013,17:30,15,6,9
20/01/2013,17:45,3,0,3
20/01/2013,18:00,5,4,1
20/01/2013,18:15,8,4,4
20/01/2013,18:30,2,1,1
20/01/2013,18:45,8,5,3
20/01/2013,19:00,2,1,1
20/01/2013,19:15,1,0,1
20/01/2013,19:30,4,2,2
20/01/2013,19:45,0,0,0
20/01/2013,20:00,5,4,1
20/01/2013,20:15,0,0,0
20/01/2013,20:30,2,1,1
20/01/2013,20:45,1,0,1
20/01/2013,21:00,1,0,1
20/01/2013,21:15,1,0,1
20/01/2013,21:30,3,1,2
20/01/2013,21:45,0,0,0
20/01/2013,22:00,2,2,0
20/01/2013,22:15,0,0,0
20/01/2013,22:30,1,1,0
20/01/2013,22:45,0,0,0
20/01/2013,23:00,0,0,0
20/01/2013,23:15,0,0,0
20/01/2013,23:30,0,0,0
20/01/2013,23:45,0,0,0
21/01/2013,00:00,0,0,0
21/01/2013,00:15,0,0,0
21/01/2013,00:30,0,0,0
21/01/2013,00:45,0,0,0
21/01/2013,01:00,0,0,0
21/01/2013,01:15,0,0,0
21/01/2013,01:30,0,0,0
21/01/2013,01:45,0,0,0
21/01/2013,02:00,0,0,0
21/01/2013,02:15,0,0,0
21/01/2013,02:30,0,0,0
21/01/2013,02:45,0,0,0
21/01/2013,03:00,1,1,0
21/01/2013,03:15,0,0,0
21/01/2013,03:30,0,0,0
21/01/2013,03:45,0,0,0
21/01/2013,04:00,0,0,0
21/01/2013,04:15,0,0,0
21/01/2013,04:30,2,0,2
21/01/2013,04:45,0,0,0
21/01/2013,05:00,0,0,0
21/01/2013,05:15,1,1,0
21/01/2013,05:30,1,1,0
21/01/2013,05:45,1,1,0
21/01/2013,06:00,4,2,2
21/01/2013,06:15,3,3,0
21/01/2013,06:30,2,1,1
21/01/2013,06:45,3,3,0
21/01/2013,07:00,13,9,4
21/01/2013,07:15,7,3,4
21/01/2013,07:30,19,15,4
21/01/2013,07:45,9,6,3
21/01/2013,08:00,20,15,5
21/01/2013,08:15,13,7,6
21/01/2013,08:30,24,16,8
21/01/2013,08:45,29,15,14
21/01/2013,09:00,27,19,8
21/01/2013,09:15,40,29,11
21/01/2013,09:30,37,26,11
21/01/2013,09:45,42,29,13
21/01/2013,10:00,49,39,10
21/01/2013,10:15,41,28,13
21/01/2013,10:30,67,46,21
21/01/2013,10:45,58,36,22
21/01/2013,11:00,88,74,14
21/01/2013,11:15,79,55,24
21/01/2013,11:30,70,48,22
21/01/2013,11:45,55,39,16
21/01/2013,12:00,87,72,15
21/01/2013,12:15,74,51,23
21/01/2013,12:30,72,59,13
21/01/2013,12:45,82,62,20
21/01/2013,13:00,76,64,12
21/01/2013,13:15,56,44,12
21/01/2013,13:30,72,54,18
21/01/2013,13:45,54,41,13
21/01/2013,14:00,57,41,16
21/01/2013,14:15,73,60,13
21/01/2013,14:30,72,51,21
21/01/2013,14:45,66,52,14
21/01/2013,15:00,39,26,13
21/01/2013,15:15,64,50,14
21/01/2013,15:30,44,32,12
21/01/2013,15:45,62,47,15
21/01/2013,16:00,53,39,14
21/01/2013,16:15,43,27,16
21/01/2013,16:30,43,20,23
21/01/2013,16:45,37,20,17
21/01/2013,17:00,32,20,12
21/01/2013,17:15,30,14,16
21/01/2013,17:30,16,7,9
21/01/2013,17:45,19,8,11
21/01/2013,18:00,14,8,6
21/01/2013,18:15,6,6,0
21/01/2013,18:30,4,1,3
21/01/2013,18:45,5,4,1
21/01/2013,19:00,6,5,1
21/01/2013,19:15,7,3,4
21/01/2013,19:30,0,0,0
21/01/2013,19:45,0,0,0
21/01/2013,20:00,0,0,0
21/01/2013,20:15,0,0,0
21/01/2013,20:30,2,0,2
21/01/2013,20:45,1,0,1
21/01/2013,21:00,2,2,0
21/01/2013,21:15,0,0,0
21/01/2013,21:30,0,0,0
21/01/2013,21:45,0,0,0
21/01/2013,22:00,1,0,1
21/01/2013,22:15,0,0,0
21/01/2013,22:30,0,0,0
21/01/2013,22:45,2,2,0
21/01/2013,23:00,0,0,0
21/01/2013,23:15,1,1,0
21/01/2013,23:30,0,0,0
21/01/2013,23:45,0,0,0
22/01/2013,00:00,0,0,0
22/01/2013,00:15,0,0,0
22/01/2013,00:30,0,0,0
22/01/2013,00:45,0,0,0
22/01/2013,01:00,0,0,0
22/01/2013,01:15,0,0,0
22/01/2013,01:30,0,0,0
22/01/2013,01:45,0,0,0
22/01/2013,02:00,0,0,0
22/01/2013,02:15,0,0,0
22/01/2013,02:30,0,0,0
22/01/2013,02:45,0,0,0
22/01/2013,03:00,0,0,0
22/01/2013,03:15,0,0,0
22/01/2013,03:30,0,0,0
22/01/2013,03:45,1,1,0
22/01/2013,04:00,2,2,0
22/01/2013,04:15,0,0,0
22/01/2013,04:30,2,0,2
22/01/2013,04:45,2,1,1
22/01/2013,05:00,6,6,0
22/01/2013,05:15,4,3,1
22/01/2013,05:30,4,1,3
22/01/2013,05:45,3,2,1
22/01/2013,06:00,6,2,4
22/01/2013,06:15,10,6,4
22/01/2013,06:30,13,9,4
22/01/2013,06:45,17,15,2
22/01/2013,07:00,15,8,7
22/01/2013,07:15,23,12,11
22/01/2013,07:30,22,16,6
22/01/2013,07:45,37,33,4
22/01/2013,08:00,51,43,8
22/01/2013,08:15,25,16,9
22/01/2013,08:30,38,22,16
22/01/2013,08:45,17,8,9
22/01/2013,09:00,18,7,11
22/01/2013,09:15,25,5,20
22/01/2013,09:30,18,7,11
22/01/2013,09:45,25,14,11
22/01/2013,10:00,18,6,12
22/01/2013,10:15,20,13,7
22/01/2013,10:30,18,7,11
22/01/2013,10:45,17,11,6
22/01/2013,11:00,16,5,11
22/01/2013,11:15,26,13,13
22/01/2013,11:30,14,7,7
22/01/2013,11:45,16,10,6
22/01/2013,12:00,24,11,13
22/01/2013,12:15,23,11,12
22/01/2013,12:30,18,7,11
22/01/2013,12:45,26,13,13
22/01/2013,13:00,22,11,11
22/01/2013,13:15,13,5,8
22/01/2013,13:30,15,11,4
22/01/2013,13:45,20,13,7
22/01/2013,14:00,25,12,13
22/01/2013,14:15,19,14,5
22/01/2013,14:30,26,14,12
22/01/2013,14:45,17,10,7
22/01/2013,15:00,51,32,19
22/01/2013,15:15,22,16,6
22/01/2013,15:30,20,9,11
22/01/2013,15:45,26,16,10
22/01/2013,16:00,14,6,8
22/01/2013,16:15,36,23,13
22/01/2013,16:30,22,12,10
22/01/2013,16:45,49,25,24
22/01/2013,17:00,23,11,12
22/01/2013,17:15,25,13,12
22/01/2013,17:30,20,14,6
22/01/2013,17:45,15,7,8
22/01/2013,18:00,16,12,4
22/01/2013,18:15,14,10,4
22/01/2013,18:30,12,11,1
22/01/2013,18:45,7,6,1
22/01/2013,19:00,12,10,2
22/01/2013,19:15,5,4,1
22/01/2013,19:30,7,4,3
22/01/2013,19:45,2,2,0
22/01/2013,20:00,4,4,0
22/01/2013,20:15,2,0,2
22/01/2013,20:30,2,2,0
22/01/2013,20:45,1,1,0
22/01/2013,21:00,0,0,0
22/01/2013,21:15,0,0,0
22/01/2013,21:30,2,2,0
22/01/2013,21:45,1,1,0
22/01/2013,22:00,0,0,0
22/01/2013,22:15,3,2,1
22/01/2013,22:30,0,0,0
22/01/2013,22:45,0,0,0
22/01/2013,23:00,1,1,0
22/01/2013,23:15,0,0,0
22/01/2013,23:30,0,0,0
22/01/2013,23:45,2,2,0
23/01/2013,00:00,0,0,0
23/01/2013,00:15,0,0,0
23/01/2013,00:30,0,0,0
23/01/2013,00:45,0,0,0
23/01/2013,01:00,1,1,0
23/01/2013,01:15,0,0,0
23/01/2013,01:30,0,0,0
23/01/2013,01:45,0,0,0
23/01/2013,02:00,0,0,0
23/01/2013,02:15,0,0,0
23/01/2013,02:30,0,0,0
23/01/2013,02:45,0,0,0
23/01/2013,03:00,0,0,0
23/01/2013,03:15,0,0,0
23/01/2013,03:30,0,0,0
23/01/2013,03:45,0,0,0
23/01/2013,04:00,0,0,0
23/01/2013,04:15,0,0,0
23/01/2013,04:30,3,3,0
23/01/2013,04:45,2,2,0
23/01/2013,05:00,2,2,0
23/01/2013,05:15,0,0,0
23/01/2013,05:30,1,1,0
23/01/2013,05:45,5,1,4
23/01/2013,06:00,7,5,2
23/01/2013,06:15,11,5,6
23/01/2013,06:30,4,2,2
23/01/2013,06:45,13,7,6
23/01/2013,07:00,13,8,5
23/01/2013,07:15,27,7,20
23/01/2013,07:30,18,11,7
23/01/2013,07:45,31,25,6
23/01/2013,08:00,59,50,9
23/01/2013,08:15,22,11,11
23/01/2013,08:30,22,4,18
23/01/2013,08:45,20,6,14
23/01/2013,09:00,28,9,19
23/01/2013,09:15,18,9,9
23/01/2013,09:30,17,6,11
23/01/2013,09:45,18,4,14
23/01/2013,10:00,11,5,6
23/01/2013,10:15,13,10,3
23/01/2013,10:30,17,6,11
23/01/2013,10:45,9,7,2
23/01/2013,11:00,10,3,7
23/01/2013,11:15,8,1,7
23/01/2013,11:30,16,6,10
23/01/2013,11:45,11,3,8
23/01/2013,12:00,3,2,1
23/01/2013,12:15,13,6,7
23/01/2013,12:30,13,10,3
23/01/2013,12:45,14,6,8
23/01/2013,13:00,5,1,4
23/01/2013,13:15,17,10,7
23/01/2013,13:30,14,11,3
23/01/2013,13:45,8,8,0
23/01/2013,14:00,5,3,2
23/01/2013,14:15,2,1,1
23/01/2013,14:30,2,0,2
23/01/2013,14:45,7,4,3
23/01/2013,15:00,3,1,2
23/01/2013,15:15,4,1,3
23/01/2013,15:30,3,0,3
23/01/2013,15:45,1,1,0
23/01/2013,16:00,2,2,0
23/01/2013,16:15,6,4,2
23/01/2013,16:30,9,5,4
23/01/2013,16:45,11,6,5
23/01/2013,17:00,7,2,5
23/01/2013,17:15,7,5,2
23/01/2013,17:30,8,4,4
23/01/2013,17:45,7,3,4
23/01/2013,18:00,7,6,1
23/01/2013,18:15,9,4,5
23/01/2013,18:30,6,3,3
23/01/2013,18:45,7,6,1
23/01/2013,19:00,6,2,4
23/01/2013,19:15,5,2,3
23/01/2013,19:30,1,1,0
23/01/2013,19:45,0,0,0
23/01/2013,20:00,1,1,0
23/01/2013,20:15,0,0,0
23/01/2013,20:30,0,0,0
23/01/2013,20:45,2,2,0
23/01/2013,21:00,0,0,0
23/01/2013,21:15,1,1,0
23/01/2013,21:30,2,2,0
23/01/2013,21:45,0,0,0
23/01/2013,22:00,0,0,0
23/01/2013,22:15,1,1,0
23/01/2013,22:30,2,0,2
23/01/2013,22:45,0,0,0
23/01/2013,23:00,0,0,0
23/01/2013,23:15,0,0,0
23/01/2013,23:30,0,0,0
23/01/2013,23:45,0,0,0
24/01/2013,00:00,0,0,0
24/01/2013,00:15,0,0,0
24/01/2013,00:30,0,0,0
24/01/2013,00:45,0,0,0
24/01/2013,01:00,0,0,0
24/01/2013,01:15,0,0,0
24/01/2013,01:30,0,0,0
24/01/2013,01:45,0,0,0
24/01/2013,02:00,0,0,0
24/01/2013,02:15,0,0,0
24/01/2013,02:30,0,0,0
24/01/2013,02:45,0,0,0
24/01/2013,03:00,0,0,0
24/01/2013,03:15,0,0,0
24/01/2013,03:30,0,0,0
24/01/2013,03:45,0,0,0
24/01/2013,04:00,0,0,0
24/01/2013,04:15,0,0,0
24/01/2013,04:30,0,0,0
24/01/2013,04:45,0,0,0
24/01/2013,05:00,0,0,0
24/01/2013,05:15,2,0,2
24/01/2013,05:30,6,1,5
24/01/2013,05:45,4,3,1
24/01/2013,06:00,15,11,4
24/01/2013,06:15,7,3,4
24/01/2013,06:30,11,7,4
24/01/2013,06:45,14,10,4
24/01/2013,07:00,13,8,5
24/01/2013,07:15,19,12,7
24/01/2013,07:30,12,8,4
24/01/2013,07:45,32,24,8
24/01/2013,08:00,41,39,2
24/01/2013,08:15,18,10,8
24/01/2013,08:30,12,4,8
24/01/2013,08:45,25,10,15
24/01/2013,09:00,14,5,9
24/01/2013,09:15,15,7,8
24/01/2013,09:30,10,8,2
24/01/2013,09:45,17,2,15
24/01/2013,10:00,21,10,11
24/01/2013,10:15,14,7,7
24/01/2013,10:30,16,9,7
24/01/2013,10:45,16,6,10
24/01/2013,11:00,18,6,12
24/01/2013,11:15,10,2,8
24/01/2013,11:30,16,10,6
24/01/2013,11:45,23,14,9
24/01/2013,12:00,13,9,4
24/01/2013,12:15,18,7,11
24/01/2013,12:30,16,4,12
24/01/2013,12:45,9,1,8
24/01/2013,13:00,15,9,6
24/01/2013,13:15,22,12,10
24/01/2013,13:30,9,3,6
24/01/2013,13:45,22,14,8
24/01/2013,14:00,14,7,7
24/01/2013,14:15,23,17,6
24/01/2013,14:30,17,12,5
24/01/2013,14:45,16,9,7
24/01/2013,15:00,55,40,15
24/01/2013,15:15,36,15,21
24/01/2013,15:30,22,11,11
24/01/2013,15:45,25,15,10
24/01/2013,16:00,39,20,19
24/01/2013,16:15,32,11,21
24/01/2013,16:30,35,16,19
24/01/2013,16:45,40,15,25
24/01/2013,17:00,27,19,8
24/01/2013,17:15,30,12,18
24/01/2013,17:30,23,10,13
24/01/2013,17:45,10,7,3
24/01/2013,18:00,12,8,4
24/01/2013,18:15,8,6,2
24/01/2013,18:30,9,8,1
24/01/2013,18:45,1,0,1
24/01/2013,19:00,13,11,2
24/01/2013,19:15,5,5,0
24/01/2013,19:30,2,1,1
24/01/2013,19:45,2,2,0
24/01/2013,20:00,6,2,4
24/01/2013,20:15,7,7,0
24/01/2013,20:30,3,2,1
24/01/2013,20:45,3,3,0
24/01/2013,21:00,1,0,1
24/01/2013,21:15,0,0,0
24/01/2013,21:30,0,0,0
24/01/2013,21:45,4,2,2
24/01/2013,22:00,3,3,0
24/01/2013,22:15,1,1,0
24/01/2013,22:30,0,0,0
24/01/2013,22:45,0,0,0
24/01/2013,23:00,0,0,0
24/01/2013,23:15,1,1,0
24/01/2013,23:30,0,0,0
24/01/2013,23:45,0,0,0
25/01/2013,00:00,0,0,0
25/01/2013,00:15,0,0,0
25/01/2013,00:30,0,0,0
25/01/2013,00:45,1,1,0
25/01/2013,01:00,0,0,0
25/01/2013,01:15,0,0,0
25/01/2013,01:30,0,0,0
25/01/2013,01:45,0,0,0
25/01/2013,02:00,0,0,0
25/01/2013,02:15,0,0,0
25/01/2013,02:30,0,0,0
25/01/2013,02:45,1,0,1
25/01/2013,03:00,0,0,0
25/01/2013,03:15,1,0,1
25/01/2013,03:30,0,0,0
25/01/2013,03:45,0,0,0
25/01/2013,04:00,0,0,0
25/01/2013,04:15,1,1,0
25/01/2013,04:30,2,2,0
25/01/2013,04:45,3,3,0
25/01/2013,05:00,1,1,0
25/01/2013,05:15,1,1,0
25/01/2013,05:30,5,4,1
25/01/2013,05:45,9,6,3
25/01/2013,06:00,7,3,4
25/01/2013,06:15,8,2,6
25/01/2013,06:30,17,10,7
25/01/2013,06:45,14,10,4
25/01/2013,07:00,21,9,12
25/01/2013,07:15,22,17,5
25/01/2013,07:30,26,19,7
25/01/2013,07:45,43,35,8
25/01/2013,08:00,53,48,5
25/01/2013,08:15,26,13,13
25/01/2013,08:30,20,10,10
25/01/2013,08:45,24,10,14
25/01/2013,09:00,33,13,20
25/01/2013,09:15,31,13,18
25/01/2013,09:30,31,16,15
25/01/2013,09:45,27,16,11
25/01/2013,10:00,19,5,14
25/01/2013,10:15,20,6,14
25/01/2013,10:30,23,11,12
25/01/2013,10:45,36,12,24
25/01/2013,11:00,28,20,8
25/01/2013,11:15,45,31,14
25/01/2013,11:30,28,12,16
25/01/2013,11:45,21,12,9
25/01/2013,12:00,39,17,22
25/01/2013,12:15,30,16,14
25/01/2013,12:30,30,21,9
25/01/2013,12:45,32,20,12
25/01/2013,13:00,21,16,5
25/01/2013,13:15,26,15,11
25/01/2013,13:30,24,10,14
25/01/2013,13:45,28,17,11
25/01/2013,14:00,39,24,15
25/01/2013,14:15,39,27,12
25/01/2013,14:30,65,43,22
25/01/2013,14:45,32,19,13
25/01/2013,15:00,50,31,19
25/01/2013,15:15,38,19,19
25/01/2013,15:30,43,24,19
25/01/2013,15:45,34,23,11
25/01/2013,16:00,33,21,12
25/01/2013,16:15,41,18,23
25/01/2013,16:30,23,12,11
25/01/2013,16:45,41,25,16
25/01/2013,17:00,38,18,20
25/01/2013,17:15,32,16,16
25/01/2013,17:30,28,16,12
25/01/2013,17:45,13,7,6
25/01/2013,18:00,18,11,7
25/01/2013,18:15,7,4,3
25/01/2013,18:30,9,9,0
25/01/2013,18:45,7,7,0
25/01/2013,19:00,3,1,2
25/01/2013,19:15,0,0,0
25/01/2013,19:30,4,3,1
25/01/2013,19:45,5,3,2
25/01/2013,20:00,0,0,0
25/01/2013,20:15,1,1,0
25/01/2013,20:30,1,1,0
25/01/2013,20:45,12,10,2
25/01/2013,21:00,0,0,0
25/01/2013,21:15,0,0,0
25/01/2013,21:30,0,0,0
25/01/2013,21:45,1,1,0
25/01/2013,22:00,1,1,0
25/01/2013,22:15,0,0,0
25/01/2013,22:30,0,0,0
25/01/2013,22:45,0,0,0
25/01/2013,23:00,0,0,0
25/01/2013,23:15,0,0,0
25/01/2013,23:30,0,0,0
25/01/2013,23:45,2,2,0
26/01/2013,00:00,2,2,0
26/01/2013,00:15,1,0,1
26/01/2013,00:30,0,0,0
26/01/2013,00:45,1,0,1
26/01/2013,01:00,2,0,2
26/01/2013,01:15,0,0,0
26/01/2013,01:30,0,0,0
26/01/2013,01:45,0,0,0
26/01/2013,02:00,0,0,0
26/01/2013,02:15,0,0,0
26/01/2013,02:30,0,0,0
26/01/2013,02:45,0,0,0
26/01/2013,03:00,0,0,0
26/01/2013,03:15,0,0,0
26/01/2013,03:30,0,0,0
26/01/2013,03:45,0,0,0
26/01/2013,04:00,0,0,0
26/01/2013,04:15,0,0,0
26/01/2013,04:30,0,0,0
26/01/2013,04:45,1,0,1
26/01/2013,05:00,2,1,1
26/01/2013,05:15,4,4,0
26/01/2013,05:30,1,1,0
26/01/2013,05:45,1,1,0
26/01/2013,06:00,1,0,1
26/01/2013,06:15,2,1,1
26/01/2013,06:30,3,1,2
26/01/2013,06:45,4,0,4
26/01/2013,07:00,7,2,5
26/01/2013,07:15,177,16,161
26/01/2013,07:30,798,115,683
26/01/2013,07:45,490,20,470
26/01/2013,08:00,957,19,938
26/01/2013,08:15,789,22,767
26/01/2013,08:30,605,21,584
26/01/2013,08:45,806,13,793
26/01/2013,09:00,683,20,663
26/01/2013,09:15,774,126,648
26/01/2013,09:30,894,46,848
26/01/2013,09:45,894,62,832
26/01/2013,10:00,197,71,126
26/01/2013,10:15,123,92,31
26/01/2013,10:30,153,110,43
26/01/2013,10:45,106,86,20
26/01/2013,11:00,175,103,72
26/01/2013,11:15,122,76,46
26/01/2013,11:30,122,102,20
26/01/2013,11:45,115,101,14
26/01/2013,12:00,277,89,188
26/01/2013,12:15,488,85,403
26/01/2013,12:30,428,99,329
26/01/2013,12:45,101,85,16
26/01/2013,13:00,113,102,11
26/01/2013,13:15,112,89,23
26/01/2013,13:30,61,51,10
26/01/2013,13:45,84,60,24
26/01/2013,14:00,68,53,15
26/01/2013,14:15,71,55,16
26/01/2013,14:30,59,39,20
26/01/2013,14:45,56,39,17
26/01/2013,15:00,69,50,19
26/01/2013,15:15,59,44,15
26/01/2013,15:30,65,45,20
26/01/2013,15:45,51,32,19
26/01/2013,16:00,66,43,23
26/01/2013,16:15,51,24,27
26/01/2013,16:30,48,32,16
26/01/2013,16:45,35,15,20
26/01/2013,17:00,39,25,14
26/01/2013,17:15,27,9,18
26/01/2013,17:30,18,11,7
26/01/2013,17:45,16,11,5
26/01/2013,18:00,12,11,1
26/01/2013,18:15,6,6,0
26/01/2013,18:30,1,1,0
26/01/2013,18:45,2,2,0
26/01/2013,19:00,5,5,0
26/01/2013,19:15,0,0,0
26/01/2013,19:30,1,0,1
26/01/2013,19:45,2,0,2
26/01/2013,20:00,1,0,1
26/01/2013,20:15,1,1,0
26/01/2013,20:30,0,0,0
26/01/2013,20:45,0,0,0
26/01/2013,21:00,0,0,0
26/01/2013,21:15,1,1,0
26/01/2013,21:30,0,0,0
26/01/2013,21:45,0,0,0
26/01/2013,22:00,3,2,1
26/01/2013,22:15,22,0,22
26/01/2013,22:30,315,0,315
26/01/2013,22:45,185,0,185
26/01/2013,23:00,174,0,174
26/01/2013,23:15,249,0,249
26/01/2013,23:30,0,0,0
26/01/2013,23:45,1,0,1
27/01/2013,00:00,0,0,0
27/01/2013,00:15,0,0,0
27/01/2013,00:30,0,0,0
27/01/2013,00:45,0,0,0
27/01/2013,01:00,0,0,0
27/01/2013,01:15,0,0,0
27/01/2013,01:30,0,0,0
27/01/2013,01:45,0,0,0
27/01/2013,02:00,0,0,0
27/01/2013,02:15,0,0,0
27/01/2013,02:30,1,0,1
27/01/2013,02:45,0,0,0
27/01/2013,03:00,0,0,0
27/01/2013,03:15,0,0,0
27/01/2013,03:30,0,0,0
27/01/2013,03:45,0,0,0
27/01/2013,04:00,0,0,0
27/01/2013,04:15,0,0,0
27/01/2013,04:30,0,0,0
27/01/2013,04:45,0,0,0
27/01/2013,05:00,0,0,0
27/01/2013,05:15,0,0,0
27/01/2013,05:30,2,1,1
27/01/2013,05:45,2,2,0
27/01/2013,06:00,0,0,0
27/01/2013,06:15,0,0,0
27/01/2013,06:30,4,3,1
27/01/2013,06:45,0,0,0
27/01/2013,07:00,4,2,2
27/01/2013,07:15,8,4,4
27/01/2013,07:30,8,3,5
27/01/2013,07:45,13,7,6
27/01/2013,08:00,13,6,7
27/01/2013,08:15,24,14,10
27/01/2013,08:30,30,19,11
27/01/2013,08:45,30,22,8
27/01/2013,09:00,37,22,15
27/01/2013,09:15,48,40,8
27/01/2013,09:30,48,31,17
27/01/2013,09:45,74,58,16
27/01/2013,10:00,57,40,17
27/01/2013,10:15,116,94,22
27/01/2013,10:30,74,64,10
27/01/2013,10:45,91,71,20
27/01/2013,11:00,74,58,16
27/01/2013,11:15,70,47,23
27/01/2013,11:30,117,99,18
27/01/2013,11:45,94,63,31
27/01/2013,12:00,102,74,28
27/01/2013,12:15,135,117,18
27/01/2013,12:30,82,69,13
27/01/2013,12:45,71,52,19
27/01/2013,13:00,77,53,24
27/01/2013,13:15,78,57,21
27/01/2013,13:30,68,52,16
27/01/2013,13:45,79,64,15
27/01/2013,14:00,80,53,27
27/01/2013,14:15,91,66,25
27/01/2013,14:30,91,76,15
27/01/2013,14:45,72,53,19
27/01/2013,15:00,57,42,15
27/01/2013,15:15,55,32,23
27/01/2013,15:30,80,53,27
27/01/2013,15:45,63,44,19
27/01/2013,16:00,55,39,16
27/01/2013,16:15,48,30,18
27/01/2013,16:30,48,31,17
27/01/2013,16:45,44,28,16
27/01/2013,17:00,38,25,13
27/01/2013,17:15,11,7,4
27/01/2013,17:30,23,9,14
27/01/2013,17:45,8,0,8
27/01/2013,18:00,6,4,2
27/01/2013,18:15,2,1,1
27/01/2013,18:30,5,2,3
27/01/2013,18:45,5,4,1
27/01/2013,19:00,4,2,2
27/01/2013,19:15,3,1,2
27/01/2013,19:30,2,1,1
27/01/2013,19:45,0,0,0
27/01/2013,20:00,0,0,0
27/01/2013,20:15,2,1,1
27/01/2013,20:30,2,1,1
27/01/2013,20:45,0,0,0
27/01/2013,21:00,2,2,0
27/01/2013,21:15,0,0,0
27/01/2013,21:30,1,0,1
27/01/2013,21:45,0,0,0
27/01/2013,22:00,2,0,2
27/01/2013,22:15,0,0,0
27/01/2013,22:30,0,0,0
27/01/2013,22:45,0,0,0
27/01/2013,23:00,0,0,0
27/01/2013,23:15,0,0,0
27/01/2013,23:30,0,0,0
27/01/2013,23:45,0,0,0
28/01/2013,00:00,0,0,0
28/01/2013,00:15,0,0,0
28/01/2013,00:30,0,0,0
28/01/2013,00:45,0,0,0
28/01/2013,01:00,0,0,0
28/01/2013,01:15,0,0,0
28/01/2013,01:30,0,0,0
28/01/2013,01:45,0,0,0
28/01/2013,02:00,0,0,0
28/01/2013,02:15,0,0,0
28/01/2013,02:30,0,0,0
28/01/2013,02:45,0,0,0
28/01/2013,03:00,0,0,0
28/01/2013,03:15,1,0,1
28/01/2013,03:30,0,0,0
28/01/2013,03:45,1,1,0
28/01/2013,04:00,0,0,0
28/01/2013,04:15,0,0,0
28/01/2013,04:30,1,1,0
28/01/2013,04:45,1,1,0
28/01/2013,05:00,3,3,0
28/01/2013,05:15,1,1,0
28/01/2013,05:30,1,0,1
28/01/2013,05:45,4,2,2
28/01/2013,06:00,7,4,3
28/01/2013,06:15,7,6,1
28/01/2013,06:30,9,5,4
28/01/2013,06:45,13,9,4
28/01/2013,07:00,11,11,0
28/01/2013,07:15,20,15,5
28/01/2013,07:30,18,12,6
28/01/2013,07:45,32,28,4
28/01/2013,08:00,67,56,11
28/01/2013,08:15,22,10,12
28/01/2013,08:30,22,13,9
28/01/2013,08:45,22,7,15
28/01/2013,09:00,17,4,13
28/01/2013,09:15,15,5,10
28/01/2013,09:30,27,12,15
28/01/2013,09:45,18,11,7
28/01/2013,10:00,17,8,9
28/01/2013,10:15,18,7,11
28/01/2013,10:30,18,6,12
28/01/2013,10:45,12,5,7
28/01/2013,11:00,28,9,19
28/01/2013,11:15,13,6,7
28/01/2013,11:30,31,18,13
28/01/2013,11:45,23,12,11
28/01/2013,12:00,22,10,12
28/01/2013,12:15,27,10,17
28/01/2013,12:30,26,11,15
28/01/2013,12:45,24,9,15
28/01/2013,13:00,21,12,9
28/01/2013,13:15,14,5,9
28/01/2013,13:30,13,6,7
28/01/2013,13:45,18,5,13
28/01/2013,14:00,15,8,7
28/01/2013,14:15,20,10,10
28/01/2013,14:30,66,49,17
28/01/2013,14:45,22,10,12
28/01/2013,15:00,22,17,5
28/01/2013,15:15,35,23,12
28/01/2013,15:30,19,10,9
28/01/2013,15:45,25,12,13
28/01/2013,16:00,27,16,11
28/01/2013,16:15,34,18,16
28/01/2013,16:30,31,16,15
28/01/2013,16:45,35,18,17
28/01/2013,17:00,43,23,20
28/01/2013,17:15,30,16,14
28/01/2013,17:30,18,9,9
28/01/2013,17:45,24,19,5
28/01/2013,18:00,24,15,9
28/01/2013,18:15,15,13,2
28/01/2013,18:30,4,3,1
28/01/2013,18:45,8,8,0
28/01/2013,19:00,13,10,3
28/01/2013,19:15,6,5,1
28/01/2013,19:30,5,5,0
28/01/2013,19:45,3,3,0
28/01/2013,20:00,3,3,0
28/01/2013,20:15,2,1,1
28/01/2013,20:30,1,1,0
28/01/2013,20:45,5,5,0
28/01/2013,21:00,0,0,0
28/01/2013,21:15,2,2,0
28/01/2013,21:30,0,0,0
28/01/2013,21:45,0,0,0
28/01/2013,22:00,0,0,0
28/01/2013,22:15,1,1,0
28/01/2013,22:30,0,0,0
28/01/2013,22:45,0,0,0
28/01/2013,23:00,1,1,0
28/01/2013,23:15,0,0,0
28/01/2013,23:30,0,0,0
28/01/2013,23:45,0,0,0
29/01/2013,00:00,0,0,0
29/01/2013,00:15,1,0,1
29/01/2013,00:30,0,0,0
29/01/2013,00:45,1,1,0
29/01/2013,01:00,1,1,0
29/01/2013,01:15,0,0,0
29/01/2013,01:30,0,0,0
29/01/2013,01:45,0,0,0
29/01/2013,02:00,0,0,0
29/01/2013,02:15,0,0,0
29/01/2013,02:30,0,0,0
29/01/2013,02:45,0,0,0
29/01/2013,03:00,0,0,0
29/01/2013,03:15,0,0,0
29/01/2013,03:30,0,0,0
29/01/2013,03:45,1,1,0
29/01/2013,04:00,0,0,0
29/01/2013,04:15,2,2,0
29/01/2013,04:30,2,2,0
29/01/2013,04:45,4,4,0
29/01/2013,05:00,3,3,0
29/01/2013,05:15,1,0,1
29/01/2013,05:30,6,3,3
29/01/2013,05:45,8,5,3
29/01/2013,06:00,13,7,6
29/01/2013,06:15,18,10,8
29/01/2013,06:30,18,8,10
29/01/2013,06:45,18,11,7
29/01/2013,07:00,25,16,9
29/01/2013,07:15,25,8,17
29/01/2013,07:30,22,14,8
29/01/2013,07:45,40,35,5
29/01/2013,08:00,62,53,9
29/01/2013,08:15,18,7,11
29/01/2013,08:30,26,11,15
29/01/2013,08:45,30,12,18
29/01/2013,09:00,23,9,14
29/01/2013,09:15,18,5,13
29/01/2013,09:30,28,15,13
29/01/2013,09:45,27,14,13
29/01/2013,10:00,17,4,13
29/01/2013,10:15,15,5,10
29/01/2013,10:30,23,7,16
29/01/2013,10:45,16,8,8
29/01/2013,11:00,25,14,11
29/01/2013,11:15,15,7,8
29/01/2013,11:30,23,8,15
29/01/2013,11:45,22,13,9
29/01/2013,12:00,24,12,12
29/01/2013,12:15,34,21,13
29/01/2013,12:30,28,11,17
29/01/2013,12:45,24,14,10
29/01/2013,13:00,26,13,13
29/01/2013,13:15,19,9,10
29/01/2013,13:30,23,10,13
29/01/2013,13:45,26,7,19
29/01/2013,14:00,25,16,9
29/01/2013,14:15,17,9,8
29/01/2013,14:30,21,12,9
29/01/2013,14:45,23,12,11
29/01/2013,15:00,57,36,21
29/01/2013,15:15,23,13,10
29/01/2013,15:30,29,9,20
29/01/2013,15:45,31,14,17
29/01/2013,16:00,26,12,14
29/01/2013,16:15,23,12,11
29/01/2013,16:30,39,25,14
29/01/2013,16:45,32,15,17
29/01/2013,17:00,35,20,15
29/01/2013,17:15,33,17,16
29/01/2013,17:30,25,5,20
29/01/2013,17:45,30,17,13
29/01/2013,18:00,22,11,11
29/01/2013,18:15,17,9,8
29/01/2013,18:30,8,5,3
29/01/2013,18:45,15,12,3
29/01/2013,19:00,7,7,0
29/01/2013,19:15,10,7,3
29/01/2013,19:30,5,3,2
29/01/2013,19:45,2,1,1
29/01/2013,20:00,5,4,1
29/01/2013,20:15,3,3,0
29/01/2013,20:30,0,0,0
29/01/2013,20:45,3,3,0
29/01/2013,21:00,4,4,0
29/01/2013,21:15,4,3,1
29/01/2013,21:30,0,0,0
29/01/2013,21:45,2,2,0
29/01/2013,22:00,2,1,1
29/01/2013,22:15,0,0,0
29/01/2013,22:30,0,0,0
29/01/2013,22:45,0,0,0
29/01/2013,23:00,2,2,0
29/01/2013,23:15,0,0,0
29/01/2013,23:30,0,0,0
29/01/2013,23:45,0,0,0
30/01/2013,00:00,0,0,0
30/01/2013,00:15,0,0,0
30/01/2013,00:30,0,0,0
30/01/2013,00:45,2,0,2
30/01/2013,01:00,0,0,0
30/01/2013,01:15,0,0,0
30/01/2013,01:30,0,0,0
30/01/2013,01:45,0,0,0
30/01/2013,02:00,1,0,1
30/01/2013,02:15,0,0,0
30/01/2013,02:30,0,0,0
30/01/2013,02:45,0,0,0
30/01/2013,03:00,0,0,0
30/01/2013,03:15,0,0,0
30/01/2013,03:30,0,0,0
30/01/2013,03:45,0,0,0
30/01/2013,04:00,1,1,0
30/01/2013,04:15,1,1,0
30/01/2013,04:30,3,3,0
30/01/2013,04:45,4,4,0
30/01/2013,05:00,3,3,0
30/01/2013,05:15,0,0,0
30/01/2013,05:30,5,4,1
30/01/2013,05:45,5,3,2
30/01/2013,06:00,6,5,1
30/01/2013,06:15,11,10,1
30/01/2013,06:30,11,7,4
30/01/2013,06:45,24,12,12
30/01/2013,07:00,20,14,6
30/01/2013,07:15,20,7,13
30/01/2013,07:30,17,14,3
30/01/2013,07:45,32,25,7
30/01/2013,08:00,68,62,6
30/01/2013,08:15,28,19,9
30/01/2013,08:30,18,8,10
30/01/2013,08:45,30,14,16
30/01/2013,09:00,29,8,21
30/01/2013,09:15,32,9,23
30/01/2013,09:30,32,20,12
30/01/2013,09:45,24,18,6
30/01/2013,10:00,14,8,6
30/01/2013,10:15,16,9,7
30/01/2013,10:30,15,6,9
30/01/2013,10:45,24,16,8
30/01/2013,11:00,24,16,8
30/01/2013,11:15,17,7,10
30/01/2013,11:30,24,16,8
30/01/2013,11:45,20,12,8
30/01/2013,12:00,27,13,14
30/01/2013,12:15,23,13,10
30/01/2013,12:30,26,13,13
30/01/2013,12:45,29,22,7
30/01/2013,13:00,11,5,6
30/01/2013,13:15,30,21,9
30/01/2013,13:30,49,30,19
30/01/2013,13:45,24,18,6
30/01/2013,14:00,31,23,8
30/01/2013,14:15,23,17,6
30/01/2013,14:30,28,11,17
30/01/2013,14:45,22,13,9
30/01/2013,15:00,24,18,6
30/01/2013,15:15,29,20,9
30/01/2013,15:30,21,12,9
30/01/2013,15:45,40,21,19
30/01/2013,16:00,35,23,12
30/01/2013,16:15,25,12,13
30/01/2013,16:30,33,12,21
30/01/2013,16:45,35,12,23
30/01/2013,17:00,28,10,18
30/01/2013,17:15,24,8,16
30/01/2013,17:30,17,10,7
30/01/2013,17:45,23,12,11
30/01/2013,18:00,14,8,6
30/01/2013,18:15,17,9,8
30/01/2013,18:30,19,11,8
30/01/2013,18:45,15,11,4
30/01/2013,19:00,11,8,3
30/01/2013,19:15,3,2,1
30/01/2013,19:30,1,1,0
30/01/2013,19:45,8,7,1
30/01/2013,20:00,8,7,1
30/01/2013,20:15,5,5,0
30/01/2013,20:30,4,3,1
30/01/2013,20:45,3,2,1
30/01/2013,21:00,2,1,1
30/01/2013,21:15,0,0,0
30/01/2013,21:30,3,2,1
30/01/2013,21:45,2,2,0
30/01/2013,22:00,0,0,0
30/01/2013,22:15,0,0,0
30/01/2013,22:30,0,0,0
30/01/2013,22:45,0,0,0
30/01/2013,23:00,0,0,0
30/01/2013,23:15,0,0,0
30/01/2013,23:30,0,0,0
30/01/2013,23:45,0,0,0
31/01/2013,00:00,0,0,0
31/01/2013,00:15,1,0,1
31/01/2013,00:30,0,0,0
31/01/2013,00:45,1,0,1
31/01/2013,01:00,0,0,0
31/01/2013,01:15,0,0,0
31/01/2013,01:30,0,0,0
31/01/2013,01:45,0,0,0
31/01/2013,02:00,0,0,0
31/01/2013,02:15,0,0,0
31/01/2013,02:30,0,0,0
31/01/2013,02:45,0,0,0
31/01/2013,03:00,1,0,1
31/01/2013,03:15,0,0,0
31/01/2013,03:30,0,0,0
31/01/2013,03:45,1,1,0
31/01/2013,04:00,0,0,0
31/01/2013,04:15,0,0,0
31/01/2013,04:30,0,0,0
31/01/2013,04:45,0,0,0
31/01/2013,05:00,4,4,0
31/01/2013,05:15,3,2,1
31/01/2013,05:30,5,3,2
31/01/2013,05:45,6,5,1
31/01/2013,06:00,15,11,4
31/01/2013,06:15,15,7,8
31/01/2013,06:30,8,5,3
31/01/2013,06:45,16,11,5
31/01/2013,07:00,20,10,10
31/01/2013,07:15,17,10,7
31/01/2013,07:30,27,20,7
31/01/2013,07:45,49,42,7
31/01/2013,08:00,68,53,15
31/01/2013,08:15,26,13,13
31/01/2013,08:30,26,10,16
31/01/2013,08:45,25,10,15
31/01/2013,09:00,23,9,14
31/01/2013,09:15,29,15,14
31/01/2013,09:30,27,10,17
31/01/2013,09:45,20,8,12
31/01/2013,10:00,16,6,10
31/01/2013,10:15,20,6,14
31/01/2013,10:30,17,10,7
31/01/2013,10:45,27,11,16
31/01/2013,11:00,19,7,12
31/01/2013,11:15,32,13,19
31/01/2013,11:30,19,10,9
31/01/2013,11:45,27,13,14
31/01/2013,12:00,21,14,7
31/01/2013,12:15,24,13,11
31/01/2013,12:30,24,9,15
31/01/2013,12:45,19,7,12
31/01/2013,13:00,19,13,6
31/01/2013,13:15,27,17,10
31/01/2013,13:30,24,10,14
31/01/2013,13:45,16,9,7
31/01/2013,14:00,19,13,6
31/01/2013,14:15,21,12,9
31/01/2013,14:30,34,21,13
31/01/2013,14:45,28,15,13
31/01/2013,15:00,74,53,21
31/01/2013,15:15,30,15,15
31/01/2013,15:30,35,18,17
31/01/2013,15:45,39,29,10
31/01/2013,16:00,32,18,14
31/01/2013,16:15,34,20,14
31/01/2013,16:30,29,19,10
31/01/2013,16:45,29,15,14
31/01/2013,17:00,33,18,15
31/01/2013,17:15,42,27,15
31/01/2013,17:30,23,7,16
31/01/2013,17:45,30,12,18
31/01/2013,18:00,19,13,6
31/01/2013,18:15,14,11,3
31/01/2013,18:30,12,8,4
31/01/2013,18:45,11,10,1
31/01/2013,19:00,6,6,0
31/01/2013,19:15,6,5,1
31/01/2013,19:30,9,7,2
31/01/2013,19:45,8,7,1
31/01/2013,20:00,2,2,0
31/01/2013,20:15,7,6,1
31/01/2013,20:30,5,4,1
31/01/2013,20:45,4,4,0
31/01/2013,21:00,0,0,0
31/01/2013,21:15,0,0,0
31/01/2013,21:30,2,2,0
31/01/2013,21:45,0,0,0
31/01/2013,22:00,3,2,1
31/01/2013,22:15,1,1,0
31/01/2013,22:30,3,2,1
31/01/2013,22:45,0,0,0
31/01/2013,23:00,0,0,0
31/01/2013,23:15,0,0,0
31/01/2013,23:30,0,0,0
31/01/2013,23:45,0,0,0
01/02/2013,00:00,0,0,0
01/02/2013,00:15,0,0,0
01/02/2013,00:30,0,0,0
01/02/2013,00:45,0,0,0
01/02/2013,01:00,0,0,0
01/02/2013,01:15,0,0,0
01/02/2013,01:30,0,0,0
01/02/2013,01:45,0,0,0
01/02/2013,02:00,0,0,0
01/02/2013,02:15,0,0,0
01/02/2013,02:30,0,0,0
01/02/2013,02:45,0,0,0
01/02/2013,03:00,0,0,0
01/02/2013,03:15,1,1,0
01/02/2013,03:30,0,0,0
01/02/2013,03:45,0,0,0
01/02/2013,04:00,0,0,0
01/02/2013,04:15,0,0,0
01/02/2013,04:30,3,3,0
01/02/2013,04:45,2,2,0
01/02/2013,05:00,1,1,0
01/02/2013,05:15,2,2,0
01/02/2013,05:30,2,1,1
01/02/2013,05:45,2,1,1
01/02/2013,06:00,4,2,2
01/02/2013,06:15,5,4,1
01/02/2013,06:30,9,6,3
01/02/2013,06:45,20,11,9
01/02/2013,07:00,12,7,5
01/02/2013,07:15,36,22,14
01/02/2013,07:30,25,17,8
01/02/2013,07:45,46,40,6
01/02/2013,08:00,49,42,7
01/02/2013,08:15,25,13,12
01/02/2013,08:30,30,15,15
01/02/2013,08:45,32,14,18
01/02/2013,09:00,26,10,16
01/02/2013,09:15,29,16,13
01/02/2013,09:30,27,16,11
01/02/2013,09:45,37,15,22
01/02/2013,10:00,25,12,13
01/02/2013,10:15,23,12,11
01/02/2013,10:30,20,10,10
01/02/2013,10:45,25,16,9
01/02/2013,11:00,30,16,14
01/02/2013,11:15,25,14,11
01/02/2013,11:30,19,6,13
01/02/2013,11:45,27,17,10
01/02/2013,12:00,25,16,9
01/02/2013,12:15,31,20,11
01/02/2013,12:30,27,18,9
01/02/2013,12:45,21,11,10
01/02/2013,13:00,30,18,12
01/02/2013,13:15,27,21,6
01/02/2013,13:30,23,15,8
01/02/2013,13:45,30,17,13
01/02/2013,14:00,32,21,11
01/02/2013,14:15,33,25,8
01/02/2013,14:30,69,51,18
01/02/2013,14:45,24,18,6
01/02/2013,15:00,28,14,14
01/02/2013,15:15,36,23,13
01/02/2013,15:30,33,19,14
01/02/2013,15:45,28,21,7
01/02/2013,16:00,44,29,15
01/02/2013,16:15,25,7,18
01/02/2013,16:30,38,18,20
01/02/2013,16:45,36,21,15
01/02/2013,17:00,35,23,12
01/02/2013,17:15,34,27,7
01/02/2013,17:30,17,8,9
01/02/2013,17:45,17,7,10
01/02/2013,18:00,15,8,7
01/02/2013,18:15,9,8,1
01/02/2013,18:30,5,5,0
01/02/2013,18:45,5,3,2
01/02/2013,19:00,5,3,2
01/02/2013,19:15,6,5,1
01/02/2013,19:30,6,6,0
01/02/2013,19:45,2,1,1
01/02/2013,20:00,1,0,1
01/02/2013,20:15,1,1,0
01/02/2013,20:30,5,5,0
01/02/2013,20:45,1,0,1
01/02/2013,21:00,1,1,0
01/02/2013,21:15,4,4,0
01/02/2013,21:30,0,0,0
01/02/2013,21:45,0,0,0
01/02/2013,22:00,1,1,0
01/02/2013,22:15,1,1,0
01/02/2013,22:30,1,0,1
01/02/2013,22:45,0,0,0
01/02/2013,23:00,0,0,0
01/02/2013,23:15,1,0,1
01/02/2013,23:30,0,0,0
01/02/2013,23:45,0,0,0
02/02/2013,00:00,0,0,0
02/02/2013,00:15,0,0,0
02/02/2013,00:30,0,0,0
02/02/2013,00:45,0,0,0
02/02/2013,01:00,0,0,0
02/02/2013,01:15,0,0,0
02/02/2013,01:30,0,0,0
02/02/2013,01:45,0,0,0
02/02/2013,02:00,0,0,0
02/02/2013,02:15,0,0,0
02/02/2013,02:30,0,0,0
02/02/2013,02:45,0,0,0
02/02/2013,03:00,0,0,0
02/02/2013,03:15,0,0,0
02/02/2013,03:30,0,0,0
02/02/2013,03:45,0,0,0
02/02/2013,04:00,0,0,0
02/02/2013,04:15,0,0,0
02/02/2013,04:30,0,0,0
02/02/2013,04:45,3,2,1
02/02/2013,05:00,1,0,1
02/02/2013,05:15,1,1,0
02/02/2013,05:30,3,1,2
02/02/2013,05:45,3,3,0
02/02/2013,06:00,2,2,0
02/02/2013,06:15,4,2,2
02/02/2013,06:30,1,1,0
02/02/2013,06:45,4,4,0
02/02/2013,07:00,4,1,3
02/02/2013,07:15,9,7,2
02/02/2013,07:30,15,10,5
02/02/2013,07:45,21,12,9
02/02/2013,08:00,15,8,7
02/02/2013,08:15,36,26,10
02/02/2013,08:30,33,21,12
02/02/2013,08:45,52,38,14
02/02/2013,09:00,97,74,23
02/02/2013,09:15,52,31,21
02/02/2013,09:30,85,72,13
02/02/2013,09:45,116,90,26
02/02/2013,10:00,81,68,13
02/02/2013,10:15,103,84,19
02/02/2013,10:30,84,73,11
02/02/2013,10:45,90,73,17
02/02/2013,11:00,93,73,20
02/02/2013,11:15,93,75,18
02/02/2013,11:30,97,85,12
02/02/2013,11:45,116,98,18
02/02/2013,12:00,94,66,28
02/02/2013,12:15,88,77,11
02/02/2013,12:30,72,62,10
02/02/2013,12:45,112,88,24
02/02/2013,13:00,90,76,14
02/02/2013,13:15,75,66,9
02/02/2013,13:30,87,68,19
02/02/2013,13:45,79,66,13
02/02/2013,14:00,71,58,13
02/02/2013,14:15,64,55,9
02/02/2013,14:30,86,64,22
02/02/2013,14:45,68,60,8
02/02/2013,15:00,69,51,18
02/02/2013,15:15,59,48,11
02/02/2013,15:30,66,46,20
02/02/2013,15:45,48,37,11
02/02/2013,16:00,56,36,20
02/02/2013,16:15,95,52,43
02/02/2013,16:30,55,28,27
02/02/2013,16:45,44,21,23
02/02/2013,17:00,34,23,11
02/02/2013,17:15,18,10,8
02/02/2013,17:30,16,9,7
02/02/2013,17:45,16,6,10
02/02/2013,18:00,13,9,4
02/02/2013,18:15,2,1,1
02/02/2013,18:30,2,2,0
02/02/2013,18:45,2,2,0
02/02/2013,19:00,2,2,0
02/02/2013,19:15,1,1,0
02/02/2013,19:30,0,0,0
02/02/2013,19:45,2,1,1
02/02/2013,20:00,1,0,1
02/02/2013,20:15,1,0,1
02/02/2013,20:30,1,1,0
02/02/2013,20:45,0,0,0
02/02/2013,21:00,1,1,0
02/02/2013,21:15,1,1,0
02/02/2013,21:30,0,0,0
02/02/2013,21:45,0,0,0
02/02/2013,22:00,1,1,0
02/02/2013,22:15,0,0,0
02/02/2013,22:30,1,0,1
02/02/2013,22:45,3,2,1
02/02/2013,23:00,0,0,0
02/02/2013,23:15,0,0,0
02/02/2013,23:30,1,0,1
02/02/2013,23:45,0,0,0
03/02/2013,00:00,0,0,0
03/02/2013,00:15,0,0,0
03/02/2013,00:30,0,0,0
03/02/2013,00:45,0,0,0
03/02/2013,01:00,0,0,0
03/02/2013,01:15,0,0,0
03/02/2013,01:30,0,0,0
03/02/2013,01:45,0,0,0
03/02/2013,02:00,0,0,0
03/02/2013,02:15,0,0,0
03/02/2013,02:30,1,1,0
03/02/2013,02:45,0,0,0
03/02/2013,03:00,0,0,0
03/02/2013,03:15,0,0,0
03/02/2013,03:30,0,0,0
03/02/2013,03:45,0,0,0
03/02/2013,04:00,0,0,0
03/02/2013,04:15,0,0,0
03/02/2013,04:30,0,0,0
03/02/2013,04:45,0,0,0
03/02/2013,05:00,0,0,0
03/02/2013,05:15,0,0,0
03/02/2013,05:30,2,2,0
03/02/2013,05:45,3,3,0
03/02/2013,06:00,0,0,0
03/02/2013,06:15,2,1,1
03/02/2013,06:30,2,1,1
03/02/2013,06:45,2,0,2
03/02/2013,07:00,0,0,0
03/02/2013,07:15,1,1,0
03/02/2013,07:30,12,8,4
03/02/2013,07:45,9,4,5
03/02/2013,08:00,20,12,8
03/02/2013,08:15,36,27,9
03/02/2013,08:30,39,28,11
03/02/2013,08:45,42,33,9
03/02/2013,09:00,55,36,19
03/02/2013,09:15,38,27,11
03/02/2013,09:30,120,106,14
03/02/2013,09:45,65,48,17
03/02/2013,10:00,122,91,31
03/02/2013,10:15,98,81,17
03/02/2013,10:30,78,53,25
03/02/2013,10:45,85,65,20
03/02/2013,11:00,99,72,27
03/02/2013,11:15,87,65,22
03/02/2013,11:30,107,81,26
03/02/2013,11:45,113,81,32
03/02/2013,12:00,140,114,26
03/02/2013,12:15,86,72,14
03/02/2013,12:30,92,73,19
03/02/2013,12:45,94,71,23
03/02/2013,13:00,80,59,21
03/02/2013,13:15,83,67,16
03/02/2013,13:30,65,42,23
03/02/2013,13:45,63,46,17
03/02/2013,14:00,62,50,12
03/02/2013,14:15,65,49,16
03/02/2013,14:30,46,28,18
03/02/2013,14:45,40,32,8
03/02/2013,15:00,49,36,13
03/02/2013,15:15,31,16,15
03/02/2013,15:30,34,22,12
03/02/2013,15:45,19,11,8
03/02/2013,16:00,30,18,12
03/02/2013,16:15,24,14,10
03/02/2013,16:30,23,11,12
03/02/2013,16:45,12,7,5
03/02/2013,17:00,11,10,1
03/02/2013,17:15,9,5,4
03/02/2013,17:30,6,3,3
03/02/2013,17:45,8,7,1
03/02/2013,18:00,3,1,2
03/02/2013,18:15,5,3,2
03/02/2013,18:30,2,1,1
03/02/2013,18:45,3,2,1
03/02/2013,19:00,3,2,1
03/02/2013,19:15,5,4,1
03/02/2013,19:30,1,1,0
03/02/2013,19:45,2,1,1
03/02/2013,20:00,1,1,0
03/02/2013,20:15,1,0,1
03/02/2013,20:30,2,2,0
03/02/2013,20:45,1,1,0
03/02/2013,21:00,3,3,0
03/02/2013,21:15,2,2,0
03/02/2013,21:30,0,0,0
03/02/2013,21:45,0,0,0
03/02/2013,22:00,0,0,0
03/02/2013,22:15,1,0,1
03/02/2013,22:30,0,0,0
03/02/2013,22:45,0,0,0
03/02/2013,23:00,0,0,0
03/02/2013,23:15,0,0,0
03/02/2013,23:30,0,0,0
03/02/2013,23:45,0,0,0
04/02/2013,00:00,0,0,0
04/02/2013,00:15,0,0,0
04/02/2013,00:30,1,1,0
04/02/2013,00:45,0,0,0
04/02/2013,01:00,0,0,0
04/02/2013,01:15,0,0,0
04/02/2013,01:30,0,0,0
04/02/2013,01:45,0,0,0
04/02/2013,02:00,0,0,0
04/02/2013,02:15,0,0,0
04/02/2013,02:30,1,0,1
04/02/2013,02:45,0,0,0
04/02/2013,03:00,0,0,0
04/02/2013,03:15,0,0,0
04/02/2013,03:30,0,0,0
04/02/2013,03:45,1,1,0
04/02/2013,04:00,0,0,0
04/02/2013,04:15,0,0,0
04/02/2013,04:30,1,1,0
04/02/2013,04:45,1,1,0
04/02/2013,05:00,3,2,1
04/02/2013,05:15,1,1,0
04/02/2013,05:30,5,4,1
04/02/2013,05:45,5,3,2
04/02/2013,06:00,11,6,5
04/02/2013,06:15,13,9,4
04/02/2013,06:30,9,6,3
04/02/2013,06:45,15,9,6
04/02/2013,07:00,23,18,5
04/02/2013,07:15,20,9,11
04/02/2013,07:30,21,14,7
04/02/2013,07:45,33,28,5
04/02/2013,08:00,57,50,7
04/02/2013,08:15,14,12,2
04/02/2013,08:30,27,15,12
04/02/2013,08:45,26,11,15
04/02/2013,09:00,26,10,16
04/02/2013,09:15,21,8,13
04/02/2013,09:30,20,6,14
04/02/2013,09:45,10,4,6
04/02/2013,10:00,23,15,8
04/02/2013,10:15,17,7,10
04/02/2013,10:30,12,5,7
04/02/2013,10:45,12,8,4
04/02/2013,11:00,14,9,5
04/02/2013,11:15,22,9,13
04/02/2013,11:30,14,8,6
04/02/2013,11:45,14,7,7
04/02/2013,12:00,16,6,10
04/02/2013,12:15,24,9,15
04/02/2013,12:30,13,4,9
04/02/2013,12:45,21,16,5
04/02/2013,13:00,16,5,11
04/02/2013,13:15,20,10,10
04/02/2013,13:30,16,10,6
04/02/2013,13:45,10,6,4
04/02/2013,14:00,16,6,10
04/02/2013,14:15,24,11,13
04/02/2013,14:30,56,37,19
04/02/2013,14:45,28,7,21
04/02/2013,15:00,21,12,9
04/02/2013,15:15,32,12,20
04/02/2013,15:30,34,10,24
04/02/2013,15:45,54,8,46
04/02/2013,16:00,38,15,23
04/02/2013,16:15,28,11,17
04/02/2013,16:30,39,13,26
04/02/2013,16:45,34,9,25
04/02/2013,17:00,35,12,23
04/02/2013,17:15,28,14,14
04/02/2013,17:30,27,9,18
04/02/2013,17:45,28,15,13
04/02/2013,18:00,30,19,11
04/02/2013,18:15,22,15,7
04/02/2013,18:30,11,5,6
04/02/2013,18:45,6,5,1
04/02/2013,19:00,7,5,2
04/02/2013,19:15,5,5,0
04/02/2013,19:30,6,6,0
04/02/2013,19:45,7,5,2
04/02/2013,20:00,0,0,0
04/02/2013,20:15,1,0,1
04/02/2013,20:30,1,0,1
04/02/2013,20:45,2,1,1
04/02/2013,21:00,0,0,0
04/02/2013,21:15,2,2,0
04/02/2013,21:30,0,0,0
04/02/2013,21:45,1,1,0
04/02/2013,22:00,0,0,0
04/02/2013,22:15,1,1,0
04/02/2013,22:30,0,0,0
04/02/2013,22:45,0,0,0
04/02/2013,23:00,1,1,0
04/02/2013,23:15,0,0,0
04/02/2013,23:30,0,0,0
04/02/2013,23:45,0,0,0
05/02/2013,00:00,0,0,0
05/02/2013,00:15,0,0,0
05/02/2013,00:30,0,0,0
05/02/2013,00:45,0,0,0
05/02/2013,01:00,0,0,0
05/02/2013,01:15,0,0,0
05/02/2013,01:30,0,0,0
05/02/2013,01:45,0,0,0
05/02/2013,02:00,0,0,0
05/02/2013,02:15,0,0,0
05/02/2013,02:30,0,0,0
05/02/2013,02:45,0,0,0
05/02/2013,03:00,0,0,0
05/02/2013,03:15,0,0,0
05/02/2013,03:30,1,1,0
05/02/2013,03:45,1,1,0
05/02/2013,04:00,0,0,0
05/02/2013,04:15,0,0,0
05/02/2013,04:30,0,0,0
05/02/2013,04:45,2,2,0
05/02/2013,05:00,3,2,1
05/02/2013,05:15,3,1,2
05/02/2013,05:30,3,0,3
05/02/2013,05:45,9,2,7
05/02/2013,06:00,9,4,5
05/02/2013,06:15,22,17,5
05/02/2013,06:30,19,11,8
05/02/2013,06:45,22,18,4
05/02/2013,07:00,23,14,9
05/02/2013,07:15,24,18,6
05/02/2013,07:30,27,20,7
05/02/2013,07:45,34,29,5
05/02/2013,08:00,47,40,7
05/02/2013,08:15,31,20,11
05/02/2013,08:30,20,10,10
05/02/2013,08:45,29,11,18
05/02/2013,09:00,26,10,16
05/02/2013,09:15,36,16,20
05/02/2013,09:30,27,11,16
05/02/2013,09:45,17,6,11
05/02/2013,10:00,27,12,15
05/02/2013,10:15,17,8,9
05/02/2013,10:30,20,11,9
05/02/2013,10:45,17,8,9
05/02/2013,11:00,16,8,8
05/02/2013,11:15,15,5,10
05/02/2013,11:30,12,4,8
05/02/2013,11:45,15,9,6
05/02/2013,12:00,13,6,7
05/02/2013,12:15,13,7,6
05/02/2013,12:30,29,18,11
05/02/2013,12:45,20,11,9
05/02/2013,13:00,15,8,7
05/02/2013,13:15,23,9,14
05/02/2013,13:30,20,8,12
05/02/2013,13:45,20,8,12
05/02/2013,14:00,20,9,11
05/02/2013,14:15,19,9,10
05/02/2013,14:30,22,11,11
05/02/2013,14:45,16,6,10
05/02/2013,15:00,47,37,10
05/02/2013,15:15,23,12,11
05/02/2013,15:30,27,11,16
05/02/2013,15:45,28,17,11
05/02/2013,16:00,36,20,16
05/02/2013,16:15,31,15,16
05/02/2013,16:30,33,11,22
05/02/2013,16:45,33,14,19
05/02/2013,17:00,29,12,17
05/02/2013,17:15,43,18,25
05/02/2013,17:30,20,8,12
05/02/2013,17:45,42,23,19
05/02/2013,18:00,23,17,6
05/02/2013,18:15,20,11,9
05/02/2013,18:30,8,4,4
05/02/2013,18:45,13,7,6
05/02/2013,19:00,18,14,4
05/02/2013,19:15,10,9,1
05/02/2013,19:30,10,8,2
05/02/2013,19:45,2,0,2
05/02/2013,20:00,3,1,2
05/02/2013,20:15,4,2,2
05/02/2013,20:30,2,1,1
05/02/2013,20:45,1,1,0
05/02/2013,21:00,3,3,0
05/02/2013,21:15,4,2,2
05/02/2013,21:30,0,0,0
05/02/2013,21:45,5,4,1
05/02/2013,22:00,2,1,1
05/02/2013,22:15,3,3,0
05/02/2013,22:30,0,0,0
05/02/2013,22:45,0,0,0
05/02/2013,23:00,0,0,0
05/02/2013,23:15,0,0,0
05/02/2013,23:30,1,1,0
05/02/2013,23:45,0,0,0
06/02/2013,00:00,0,0,0
06/02/2013,00:15,0,0,0
06/02/2013,00:30,0,0,0
06/02/2013,00:45,0,0,0
06/02/2013,01:00,0,0,0
06/02/2013,01:15,0,0,0
06/02/2013,01:30,0,0,0
06/02/2013,01:45,1,1,0
06/02/2013,02:00,0,0,0
06/02/2013,02:15,0,0,0
06/02/2013,02:30,0,0,0
06/02/2013,02:45,0,0,0
06/02/2013,03:00,0,0,0
06/02/2013,03:15,0,0,0
06/02/2013,03:30,1,1,0
06/02/2013,03:45,0,0,0
06/02/2013,04:00,0,0,0
06/02/2013,04:15,1,1,0
06/02/2013,04:30,2,1,1
06/02/2013,04:45,0,0,0
06/02/2013,05:00,2,2,0
06/02/2013,05:15,2,2,0
06/02/2013,05:30,6,3,3
06/02/2013,05:45,5,3,2
06/02/2013,06:00,10,7,3
06/02/2013,06:15,15,9,6
06/02/2013,06:30,18,15,3
06/02/2013,06:45,9,3,6
06/02/2013,07:00,19,10,9
06/02/2013,07:15,25,22,3
06/02/2013,07:30,24,17,7
06/02/2013,07:45,32,29,3
06/02/2013,08:00,75,68,7
06/02/2013,08:15,14,8,6
06/02/2013,08:30,20,13,7
06/02/2013,08:45,20,8,12
06/02/2013,09:00,36,22,14
06/02/2013,09:15,32,18,14
06/02/2013,09:30,26,13,13
06/02/2013,09:45,27,10,17
06/02/2013,10:00,29,13,16
06/02/2013,10:15,21,12,9
06/02/2013,10:30,24,8,16
06/02/2013,10:45,27,13,14
06/02/2013,11:00,32,14,18
06/02/2013,11:15,22,7,15
06/02/2013,11:30,28,20,8
06/02/2013,11:45,31,15,16
06/02/2013,12:00,22,11,11
06/02/2013,12:15,30,18,12
06/02/2013,12:30,20,11,9
06/02/2013,12:45,27,13,14
06/02/2013,13:00,34,20,14
06/02/2013,13:15,34,18,16
06/02/2013,13:30,59,45,14
06/02/2013,13:45,32,25,7
06/02/2013,14:00,25,14,11
06/02/2013,14:15,31,15,16
06/02/2013,14:30,20,13,7
06/02/2013,14:45,31,10,21
06/02/2013,15:00,22,11,11
06/02/2013,15:15,18,13,5
06/02/2013,15:30,28,21,7
06/02/2013,15:45,35,16,19
06/02/2013,16:00,23,13,10
06/02/2013,16:15,20,8,12
06/02/2013,16:30,40,22,18
06/02/2013,16:45,35,19,16
06/02/2013,17:00,31,18,13
06/02/2013,17:15,28,19,9
06/02/2013,17:30,31,17,14
06/02/2013,17:45,27,14,13
06/02/2013,18:00,22,14,8
06/02/2013,18:15,45,21,24
06/02/2013,18:30,18,17,1
06/02/2013,18:45,11,9,2
06/02/2013,19:00,5,5,0
06/02/2013,19:15,5,5,0
06/02/2013,19:30,9,8,1
06/02/2013,19:45,2,2,0
06/02/2013,20:00,2,1,1
06/02/2013,20:15,0,0,0
06/02/2013,20:30,2,2,0
06/02/2013,20:45,1,1,0
06/02/2013,21:00,2,2,0
06/02/2013,21:15,1,1,0
06/02/2013,21:30,0,0,0
06/02/2013,21:45,1,1,0
06/02/2013,22:00,0,0,0
06/02/2013,22:15,1,1,0
06/02/2013,22:30,0,0,0
06/02/2013,22:45,0,0,0
06/02/2013,23:00,0,0,0
06/02/2013,23:15,1,1,0
06/02/2013,23:30,0,0,0
06/02/2013,23:45,0,0,0
07/02/2013,00:00,0,0,0
07/02/2013,00:15,0,0,0
07/02/2013,00:30,0,0,0
07/02/2013,00:45,0,0,0
07/02/2013,01:00,0,0,0
07/02/2013,01:15,0,0,0
07/02/2013,01:30,0,0,0
07/02/2013,01:45,0,0,0
07/02/2013,02:00,0,0,0
07/02/2013,02:15,1,1,0
07/02/2013,02:30,0,0,0
07/02/2013,02:45,0,0,0
07/02/2013,03:00,0,0,0
07/02/2013,03:15,0,0,0
07/02/2013,03:30,0,0,0
07/02/2013,03:45,0,0,0
07/02/2013,04:00,0,0,0
07/02/2013,04:15,0,0,0
07/02/2013,04:30,2,2,0
07/02/2013,04:45,0,0,0
07/02/2013,05:00,1,0,1
07/02/2013,05:15,3,2,1
07/02/2013,05:30,1,1,0
07/02/2013,05:45,3,1,2
07/02/2013,06:00,9,4,5
07/02/2013,06:15,10,5,5
07/02/2013,06:30,12,4,8
07/02/2013,06:45,12,3,9
07/02/2013,07:00,13,2,11
07/02/2013,07:15,9,4,5
07/02/2013,07:30,5,3,2
07/02/2013,07:45,5,5,0
07/02/2013,08:00,9,7,2
07/02/2013,08:15,1,1,0
07/02/2013,08:30,6,4,2
07/02/2013,08:45,7,4,3
07/02/2013,09:00,6,0,6
07/02/2013,09:15,8,3,5
07/02/2013,09:30,10,3,7
07/02/2013,09:45,9,2,7
07/02/2013,10:00,13,1,12
07/02/2013,10:15,14,2,12
07/02/2013,10:30,11,2,9
07/02/2013,10:45,10,2,8
07/02/2013,11:00,7,0,7
07/02/2013,11:15,6,2,4
07/02/2013,11:30,15,5,10
07/02/2013,11:45,8,2,6
07/02/2013,12:00,11,2,9
07/02/2013,12:15,16,6,10
07/02/2013,12:30,11,5,6
07/02/2013,12:45,8,2,6
07/02/2013,13:00,21,13,8
07/02/2013,13:15,17,6,11
07/02/2013,13:30,9,3,6
07/02/2013,13:45,12,3,9
07/02/2013,14:00,20,12,8
07/02/2013,14:15,10,3,7
07/02/2013,14:30,14,7,7
07/02/2013,14:45,15,7,8
07/02/2013,15:00,19,9,10
07/02/2013,15:15,13,7,6
07/02/2013,15:30,9,7,2
07/02/2013,15:45,18,9,9
07/02/2013,16:00,24,9,15
07/02/2013,16:15,28,5,23
07/02/2013,16:30,35,21,14
07/02/2013,16:45,41,18,23
07/02/2013,17:00,13,6,7
07/02/2013,17:15,22,6,16
07/02/2013,17:30,20,9,11
07/02/2013,17:45,18,6,12
07/02/2013,18:00,10,3,7
07/02/2013,18:15,11,6,5
07/02/2013,18:30,6,4,2
07/02/2013,18:45,10,7,3
07/02/2013,19:00,1,1,0
07/02/2013,19:15,0,0,0
07/02/2013,19:30,6,6,0
07/02/2013,19:45,0,0,0
07/02/2013,20:00,1,0,1
07/02/2013,20:15,0,0,0
07/02/2013,20:30,0,0,0
07/02/2013,20:45,2,2,0
07/02/2013,21:00,0,0,0
07/02/2013,21:15,0,0,0
07/02/2013,21:30,1,1,0
07/02/2013,21:45,0,0,0
07/02/2013,22:00,2,2,0
07/02/2013,22:15,0,0,0
07/02/2013,22:30,0,0,0
07/02/2013,22:45,0,0,0
07/02/2013,23:00,0,0,0
07/02/2013,23:15,0,0,0
07/02/2013,23:30,0,0,0
07/02/2013,23:45,0,0,0
08/02/2013,00:00,0,0,0
08/02/2013,00:15,0,0,0
08/02/2013,00:30,0,0,0
08/02/2013,00:45,0,0,0
08/02/2013,01:00,0,0,0
08/02/2013,01:15,0,0,0
08/02/2013,01:30,0,0,0
08/02/2013,01:45,0,0,0
08/02/2013,02:00,0,0,0
08/02/2013,02:15,0,0,0
08/02/2013,02:30,0,0,0
08/02/2013,02:45,0,0,0
08/02/2013,03:00,0,0,0
08/02/2013,03:15,0,0,0
08/02/2013,03:30,0,0,0
08/02/2013,03:45,0,0,0
08/02/2013,04:00,0,0,0
08/02/2013,04:15,0,0,0
08/02/2013,04:30,1,1,0
08/02/2013,04:45,0,0,0
08/02/2013,05:00,3,3,0
08/02/2013,05:15,0,0,0
08/02/2013,05:30,2,2,0
08/02/2013,05:45,1,0,1
08/02/2013,06:00,7,3,4
08/02/2013,06:15,9,5,4
08/02/2013,06:30,9,5,4
08/02/2013,06:45,11,4,7
08/02/2013,07:00,13,5,8
08/02/2013,07:15,22,8,14
08/02/2013,07:30,12,6,6
08/02/2013,07:45,32,23,9
08/02/2013,08:00,52,47,5
08/02/2013,08:15,11,6,5
08/02/2013,08:30,23,10,13
08/02/2013,08:45,19,7,12
08/02/2013,09:00,23,4,19
08/02/2013,09:15,37,9,28
08/02/2013,09:30,13,2,11
08/02/2013,09:45,18,9,9
08/02/2013,10:00,9,3,6
08/02/2013,10:15,12,4,8
08/02/2013,10:30,18,8,10
08/02/2013,10:45,24,11,13
08/02/2013,11:00,16,11,5
08/02/2013,11:15,14,4,10
08/02/2013,11:30,27,15,12
08/02/2013,11:45,22,5,17
08/02/2013,12:00,22,13,9
08/02/2013,12:15,19,5,14
08/02/2013,12:30,24,15,9
08/02/2013,12:45,21,8,13
08/02/2013,13:00,29,16,13
08/02/2013,13:15,22,12,10
08/02/2013,13:30,19,9,10
08/02/2013,13:45,26,13,13
08/02/2013,14:00,28,17,11
08/02/2013,14:15,22,12,10
08/02/2013,14:30,59,41,18
08/02/2013,14:45,31,19,12
08/02/2013,15:00,26,15,11
08/02/2013,15:15,36,19,17
08/02/2013,15:30,24,10,14
08/02/2013,15:45,27,8,19
08/02/2013,16:00,28,17,11
08/02/2013,16:15,33,17,16
08/02/2013,16:30,44,23,21
08/02/2013,16:45,27,20,7
08/02/2013,17:00,27,10,17
08/02/2013,17:15,27,8,19
08/02/2013,17:30,32,16,16
08/02/2013,17:45,21,13,8
08/02/2013,18:00,19,13,6
08/02/2013,18:15,8,3,5
08/02/2013,18:30,12,6,6
08/02/2013,18:45,2,0,2
08/02/2013,19:00,4,4,0
08/02/2013,19:15,3,2,1
08/02/2013,19:30,2,1,1
08/02/2013,19:45,3,3,0
08/02/2013,20:00,1,0,1
08/02/2013,20:15,0,0,0
08/02/2013,20:30,1,1,0
08/02/2013,20:45,2,1,1
08/02/2013,21:00,0,0,0
08/02/2013,21:15,0,0,0
08/02/2013,21:30,1,1,0
08/02/2013,21:45,1,1,0
08/02/2013,22:00,0,0,0
08/02/2013,22:15,1,1,0
08/02/2013,22:30,1,0,1
08/02/2013,22:45,1,1,0
08/02/2013,23:00,2,1,1
08/02/2013,23:15,0,0,0
08/02/2013,23:30,0,0,0
08/02/2013,23:45,0,0,0
09/02/2013,00:00,1,1,0
09/02/2013,00:15,0,0,0
09/02/2013,00:30,0,0,0
09/02/2013,00:45,0,0,0
09/02/2013,01:00,0,0,0
09/02/2013,01:15,0,0,0
09/02/2013,01:30,0,0,0
09/02/2013,01:45,0,0,0
09/02/2013,02:00,0,0,0
09/02/2013,02:15,0,0,0
09/02/2013,02:30,0,0,0
09/02/2013,02:45,0,0,0
09/02/2013,03:00,0,0,0
09/02/2013,03:15,0,0,0
09/02/2013,03:30,0,0,0
09/02/2013,03:45,0,0,0
09/02/2013,04:00,1,1,0
09/02/2013,04:15,0,0,0
09/02/2013,04:30,0,0,0
09/02/2013,04:45,0,0,0
09/02/2013,05:00,1,0,1
09/02/2013,05:15,2,0,2
09/02/2013,05:30,1,0,1
09/02/2013,05:45,1,1,0
09/02/2013,06:00,0,0,0
09/02/2013,06:15,1,0,1
09/02/2013,06:30,3,2,1
09/02/2013,06:45,3,2,1
09/02/2013,07:00,10,9,1
09/02/2013,07:15,9,4,5
09/02/2013,07:30,9,5,4
09/02/2013,07:45,13,7,6
09/02/2013,08:00,30,17,13
09/02/2013,08:15,51,37,14
09/02/2013,08:30,37,23,14
09/02/2013,08:45,62,45,17
09/02/2013,09:00,79,58,21
09/02/2013,09:15,84,66,18
09/02/2013,09:30,82,58,24
09/02/2013,09:45,101,73,28
09/02/2013,10:00,112,96,16
09/02/2013,10:15,131,107,24
09/02/2013,10:30,108,93,15
09/02/2013,10:45,132,114,18
09/02/2013,11:00,89,62,27
09/02/2013,11:15,91,72,19
09/02/2013,11:30,122,98,24
09/02/2013,11:45,96,69,27
09/02/2013,12:00,92,71,21
09/02/2013,12:15,90,83,7
09/02/2013,12:30,107,82,25
09/02/2013,12:45,110,92,18
09/02/2013,13:00,158,141,17
09/02/2013,13:15,125,107,18
09/02/2013,13:30,85,70,15
09/02/2013,13:45,106,83,23
09/02/2013,14:00,82,61,21
09/02/2013,14:15,65,51,14
09/02/2013,14:30,86,63,23
09/02/2013,14:45,57,40,17
09/02/2013,15:00,77,58,19
09/02/2013,15:15,84,53,31
09/02/2013,15:30,69,46,23
09/02/2013,15:45,73,52,21
09/02/2013,16:00,38,20,18
09/02/2013,16:15,70,42,28
09/02/2013,16:30,55,22,33
09/02/2013,16:45,55,26,29
09/02/2013,17:00,32,18,14
09/02/2013,17:15,36,16,20
09/02/2013,17:30,21,13,8
09/02/2013,17:45,14,7,7
09/02/2013,18:00,8,6,2
09/02/2013,18:15,2,1,1
09/02/2013,18:30,3,3,0
09/02/2013,18:45,2,2,0
09/02/2013,19:00,3,3,0
09/02/2013,19:15,5,4,1
09/02/2013,19:30,2,2,0
09/02/2013,19:45,1,1,0
09/02/2013,20:00,0,0,0
09/02/2013,20:15,0,0,0
09/02/2013,20:30,0,0,0
09/02/2013,20:45,1,0,1
09/02/2013,21:00,1,0,1
09/02/2013,21:15,3,3,0
09/02/2013,21:30,0,0,0
09/02/2013,21:45,1,1,0
09/02/2013,22:00,0,0,0
09/02/2013,22:15,0,0,0
09/02/2013,22:30,2,2,0
09/02/2013,22:45,0,0,0
09/02/2013,23:00,0,0,0
09/02/2013,23:15,0,0,0
09/02/2013,23:30,0,0,0
09/02/2013,23:45,0,0,0
10/02/2013,00:00,1,0,1
10/02/2013,00:15,0,0,0
10/02/2013,00:30,0,0,0
10/02/2013,00:45,0,0,0
10/02/2013,01:00,0,0,0
10/02/2013,01:15,0,0,0
10/02/2013,01:30,0,0,0
10/02/2013,01:45,0,0,0
10/02/2013,02:00,0,0,0
10/02/2013,02:15,0,0,0
10/02/2013,02:30,0,0,0
10/02/2013,02:45,0,0,0
10/02/2013,03:00,0,0,0
10/02/2013,03:15,0,0,0
10/02/2013,03:30,0,0,0
10/02/2013,03:45,0,0,0
10/02/2013,04:00,0,0,0
10/02/2013,04:15,0,0,0
10/02/2013,04:30,0,0,0
10/02/2013,04:45,0,0,0
10/02/2013,05:00,0,0,0
10/02/2013,05:15,0,0,0
10/02/2013,05:30,0,0,0
10/02/2013,05:45,0,0,0
10/02/2013,06:00,1,0,1
10/02/2013,06:15,1,0,1
10/02/2013,06:30,2,0,2
10/02/2013,06:45,5,4,1
10/02/2013,07:00,8,2,6
10/02/2013,07:15,10,2,8
10/02/2013,07:30,3,1,2
10/02/2013,07:45,27,21,6
10/02/2013,08:00,20,10,10
10/02/2013,08:15,21,12,9
10/02/2013,08:30,30,18,12
10/02/2013,08:45,40,27,13
10/02/2013,09:00,52,35,17
10/02/2013,09:15,36,26,10
10/02/2013,09:30,75,63,12
10/02/2013,09:45,68,48,20
10/02/2013,10:00,106,84,22
10/02/2013,10:15,133,112,21
10/02/2013,10:30,101,76,25
10/02/2013,10:45,82,71,11
10/02/2013,11:00,94,69,25
10/02/2013,11:15,96,69,27
10/02/2013,11:30,89,67,22
10/02/2013,11:45,94,73,21
10/02/2013,12:00,94,72,22
10/02/2013,12:15,102,83,19
10/02/2013,12:30,116,95,21
10/02/2013,12:45,96,75,21
10/02/2013,13:00,67,47,20
10/02/2013,13:15,93,76,17
10/02/2013,13:30,85,59,26
10/02/2013,13:45,101,73,28
10/02/2013,14:00,90,75,15
10/02/2013,14:15,90,66,24
10/02/2013,14:30,75,47,28
10/02/2013,14:45,90,55,35
10/02/2013,15:00,105,52,53
10/02/2013,15:15,93,42,51
10/02/2013,15:30,111,58,53
10/02/2013,15:45,77,38,39
10/02/2013,16:00,62,35,27
10/02/2013,16:15,50,24,26
10/02/2013,16:30,62,29,33
10/02/2013,16:45,56,33,23
10/02/2013,17:00,30,9,21
10/02/2013,17:15,39,26,13
10/02/2013,17:30,21,9,12
10/02/2013,17:45,21,12,9
10/02/2013,18:00,20,12,8
10/02/2013,18:15,9,3,6
10/02/2013,18:30,4,4,0
10/02/2013,18:45,3,1,2
10/02/2013,19:00,2,1,1
10/02/2013,19:15,5,3,2
10/02/2013,19:30,0,0,0
10/02/2013,19:45,2,2,0
10/02/2013,20:00,2,0,2
10/02/2013,20:15,2,1,1
10/02/2013,20:30,2,2,0
10/02/2013,20:45,2,0,2
10/02/2013,21:00,1,1,0
10/02/2013,21:15,0,0,0
10/02/2013,21:30,0,0,0
10/02/2013,21:45,1,1,0
10/02/2013,22:00,0,0,0
10/02/2013,22:15,1,1,0
10/02/2013,22:30,0,0,0
10/02/2013,22:45,0,0,0
10/02/2013,23:00,0,0,0
10/02/2013,23:15,0,0,0
10/02/2013,23:30,0,0,0
10/02/2013,23:45,0,0,0
11/02/2013,00:00,0,0,0
11/02/2013,00:15,0,0,0
11/02/2013,00:30,0,0,0
11/02/2013,00:45,0,0,0
11/02/2013,01:00,0,0,0
11/02/2013,01:15,0,0,0
11/02/2013,01:30,0,0,0
11/02/2013,01:45,0,0,0
11/02/2013,02:00,0,0,0
11/02/2013,02:15,0,0,0
11/02/2013,02:30,1,1,0
11/02/2013,02:45,0,0,0
11/02/2013,03:00,0,0,0
11/02/2013,03:15,0,0,0
11/02/2013,03:30,0,0,0
11/02/2013,03:45,1,1,0
11/02/2013,04:00,0,0,0
11/02/2013,04:15,3,3,0
11/02/2013,04:30,1,1,0
11/02/2013,04:45,1,1,0
11/02/2013,05:00,3,3,0
11/02/2013,05:15,0,0,0
11/02/2013,05:30,3,2,1
11/02/2013,05:45,3,3,0
11/02/2013,06:00,7,5,2
11/02/2013,06:15,15,10,5
11/02/2013,06:30,6,0,6
11/02/2013,06:45,12,8,4
11/02/2013,07:00,24,13,11
11/02/2013,07:15,21,7,14
11/02/2013,07:30,23,20,3
11/02/2013,07:45,38,33,5
11/02/2013,08:00,70,65,5
11/02/2013,08:15,16,8,8
11/02/2013,08:30,23,11,12
11/02/2013,08:45,29,8,21
11/02/2013,09:00,30,14,16
11/02/2013,09:15,18,5,13
11/02/2013,09:30,23,7,16
11/02/2013,09:45,24,8,16
11/02/2013,10:00,17,12,5
11/02/2013,10:15,21,7,14
11/02/2013,10:30,20,10,10
11/02/2013,10:45,30,20,10
11/02/2013,11:00,19,10,9
11/02/2013,11:15,18,10,8
11/02/2013,11:30,28,12,16
11/02/2013,11:45,25,11,14
11/02/2013,12:00,32,18,14
11/02/2013,12:15,29,10,19
11/02/2013,12:30,35,20,15
11/02/2013,12:45,22,14,8
11/02/2013,13:00,25,10,15
11/02/2013,13:15,32,19,13
11/02/2013,13:30,23,9,14
11/02/2013,13:45,20,9,11
11/02/2013,14:00,37,14,23
11/02/2013,14:15,23,12,11
11/02/2013,14:30,66,45,21
11/02/2013,14:45,22,15,7
11/02/2013,15:00,41,18,23
11/02/2013,15:15,17,9,8
11/02/2013,15:30,24,10,14
11/02/2013,15:45,47,20,27
11/02/2013,16:00,22,10,12
11/02/2013,16:15,27,11,16
11/02/2013,16:30,40,18,22
11/02/2013,16:45,33,12,21
11/02/2013,17:00,41,21,20
11/02/2013,17:15,36,17,19
11/02/2013,17:30,26,13,13
11/02/2013,17:45,21,10,11
11/02/2013,18:00,23,15,8
11/02/2013,18:15,23,16,7
11/02/2013,18:30,9,5,4
11/02/2013,18:45,9,6,3
11/02/2013,19:00,6,5,1
11/02/2013,19:15,6,5,1
11/02/2013,19:30,7,6,1
11/02/2013,19:45,0,0,0
11/02/2013,20:00,2,2,0
11/02/2013,20:15,2,0,2
11/02/2013,20:30,2,1,1
11/02/2013,20:45,3,3,0
11/02/2013,21:00,1,1,0
11/02/2013,21:15,0,0,0
11/02/2013,21:30,2,2,0
11/02/2013,21:45,0,0,0
11/02/2013,22:00,1,1,0
11/02/2013,22:15,0,0,0
11/02/2013,22:30,0,0,0
11/02/2013,22:45,0,0,0
11/02/2013,23:00,2,2,0
11/02/2013,23:15,1,1,0
11/02/2013,23:30,0,0,0
11/02/2013,23:45,0,0,0
12/02/2013,00:00,0,0,0
12/02/2013,00:15,0,0,0
12/02/2013,00:30,0,0,0
12/02/2013,00:45,0,0,0
12/02/2013,01:00,0,0,0
12/02/2013,01:15,0,0,0
12/02/2013,01:30,0,0,0
12/02/2013,01:45,0,0,0
12/02/2013,02:00,0,0,0
12/02/2013,02:15,0,0,0
12/02/2013,02:30,0,0,0
12/02/2013,02:45,0,0,0
12/02/2013,03:00,0,0,0
12/02/2013,03:15,2,2,0
12/02/2013,03:30,0,0,0
12/02/2013,03:45,1,1,0
12/02/2013,04:00,0,0,0
12/02/2013,04:15,0,0,0
12/02/2013,04:30,2,0,2
12/02/2013,04:45,0,0,0
12/02/2013,05:00,3,3,0
12/02/2013,05:15,5,2,3
12/02/2013,05:30,6,2,4
12/02/2013,05:45,4,1,3
12/02/2013,06:00,9,6,3
12/02/2013,06:15,19,11,8
12/02/2013,06:30,19,10,9
12/02/2013,06:45,18,10,8
12/02/2013,07:00,17,10,7
12/02/2013,07:15,28,20,8
12/02/2013,07:30,30,21,9
12/02/2013,07:45,48,41,7
12/02/2013,08:00,63,53,10
12/02/2013,08:15,20,12,8
12/02/2013,08:30,24,13,11
12/02/2013,08:45,24,14,10
12/02/2013,09:00,34,10,24
12/02/2013,09:15,18,5,13
12/02/2013,09:30,26,7,19
12/02/2013,09:45,34,7,27
12/02/2013,10:00,25,17,8
12/02/2013,10:15,13,4,9
12/02/2013,10:30,32,16,16
12/02/2013,10:45,14,8,6
12/02/2013,11:00,25,10,15
12/02/2013,11:15,27,21,6
12/02/2013,11:30,32,24,8
12/02/2013,11:45,16,8,8
12/02/2013,12:00,31,16,15
12/02/2013,12:15,35,20,15
12/02/2013,12:30,26,17,9
12/02/2013,12:45,16,9,7
12/02/2013,13:00,21,11,10
12/02/2013,13:15,24,12,12
12/02/2013,13:30,25,14,11
12/02/2013,13:45,25,14,11
12/02/2013,14:00,14,10,4
12/02/2013,14:15,25,12,13
12/02/2013,14:30,28,15,13
12/02/2013,14:45,29,18,11
12/02/2013,15:00,63,47,16
12/02/2013,15:15,36,24,12
12/02/2013,15:30,50,31,19
12/02/2013,15:45,39,20,19
12/02/2013,16:00,48,29,19
12/02/2013,16:15,45,25,20
12/02/2013,16:30,39,21,18
12/02/2013,16:45,32,14,18
12/02/2013,17:00,34,15,19
12/02/2013,17:15,51,21,30
12/02/2013,17:30,14,6,8
12/02/2013,17:45,47,24,23
12/02/2013,18:00,18,9,9
12/02/2013,18:15,16,11,5
12/02/2013,18:30,6,4,2
12/02/2013,18:45,10,6,4
12/02/2013,19:00,9,9,0
12/02/2013,19:15,10,7,3
12/02/2013,19:30,8,5,3
12/02/2013,19:45,3,3,0
12/02/2013,20:00,2,0,2
12/02/2013,20:15,1,0,1
12/02/2013,20:30,2,2,0
12/02/2013,20:45,1,1,0
12/02/2013,21:00,2,2,0
12/02/2013,21:15,3,3,0
12/02/2013,21:30,0,0,0
12/02/2013,21:45,1,1,0
12/02/2013,22:00,0,0,0
12/02/2013,22:15,2,2,0
12/02/2013,22:30,0,0,0
12/02/2013,22:45,2,2,0
12/02/2013,23:00,0,0,0
12/02/2013,23:15,1,1,0
12/02/2013,23:30,0,0,0
12/02/2013,23:45,0,0,0
13/02/2013,00:00,1,1,0
13/02/2013,00:15,0,0,0
13/02/2013,00:30,0,0,0
13/02/2013,00:45,0,0,0
13/02/2013,01:00,0,0,0
13/02/2013,01:15,0,0,0
13/02/2013,01:30,0,0,0
13/02/2013,01:45,0,0,0
13/02/2013,02:00,0,0,0
13/02/2013,02:15,0,0,0
13/02/2013,02:30,1,1,0
13/02/2013,02:45,0,0,0
13/02/2013,03:00,1,1,0
13/02/2013,03:15,0,0,0
13/02/2013,03:30,0,0,0
13/02/2013,03:45,0,0,0
13/02/2013,04:00,0,0,0
13/02/2013,04:15,0,0,0
13/02/2013,04:30,1,1,0
13/02/2013,04:45,2,2,0
13/02/2013,05:00,2,1,1
13/02/2013,05:15,2,1,1
13/02/2013,05:30,2,2,0
13/02/2013,05:45,4,3,1
13/02/2013,06:00,4,2,2
13/02/2013,06:15,9,6,3
13/02/2013,06:30,10,6,4
13/02/2013,06:45,17,10,7
13/02/2013,07:00,21,15,6
13/02/2013,07:15,19,8,11
13/02/2013,07:30,26,20,6
13/02/2013,07:45,32,25,7
13/02/2013,08:00,55,49,6
13/02/2013,08:15,25,15,10
13/02/2013,08:30,28,12,16
13/02/2013,08:45,27,11,16
13/02/2013,09:00,25,6,19
13/02/2013,09:15,33,12,21
13/02/2013,09:30,24,7,17
13/02/2013,09:45,27,4,23
13/02/2013,10:00,26,5,21
13/02/2013,10:15,27,14,13
13/02/2013,10:30,23,11,12
13/02/2013,10:45,17,13,4
13/02/2013,11:00,38,19,19
13/02/2013,11:15,22,12,10
13/02/2013,11:30,25,19,6
13/02/2013,11:45,18,8,10
13/02/2013,12:00,26,13,13
13/02/2013,12:15,16,12,4
13/02/2013,12:30,16,5,11
13/02/2013,12:45,17,13,4
13/02/2013,13:00,31,22,9
13/02/2013,13:15,31,14,17
13/02/2013,13:30,37,25,12
13/02/2013,13:45,36,20,16
13/02/2013,14:00,43,32,11
13/02/2013,14:15,30,12,18
13/02/2013,14:30,30,17,13
13/02/2013,14:45,15,7,8
13/02/2013,15:00,33,16,17
13/02/2013,15:15,23,12,11
13/02/2013,15:30,37,23,14
13/02/2013,15:45,29,14,15
13/02/2013,16:00,31,16,15
13/02/2013,16:15,40,23,17
13/02/2013,16:30,40,10,30
13/02/2013,16:45,57,24,33
13/02/2013,17:00,31,11,20
13/02/2013,17:15,47,20,27
13/02/2013,17:30,29,11,18
13/02/2013,17:45,29,14,15
13/02/2013,18:00,16,9,7
13/02/2013,18:15,37,16,21
13/02/2013,18:30,15,10,5
13/02/2013,18:45,11,8,3
13/02/2013,19:00,12,6,6
13/02/2013,19:15,6,5,1
13/02/2013,19:30,8,6,2
13/02/2013,19:45,6,5,1
13/02/2013,20:00,3,1,2
13/02/2013,20:15,4,2,2
13/02/2013,20:30,3,3,0
13/02/2013,20:45,3,2,1
13/02/2013,21:00,2,1,1
13/02/2013,21:15,0,0,0
13/02/2013,21:30,1,1,0
13/02/2013,21:45,2,2,0
13/02/2013,22:00,2,2,0
13/02/2013,22:15,0,0,0
13/02/2013,22:30,3,3,0
13/02/2013,22:45,0,0,0
13/02/2013,23:00,0,0,0
13/02/2013,23:15,0,0,0
13/02/2013,23:30,0,0,0
13/02/2013,23:45,0,0,0
14/02/2013,00:00,0,0,0
14/02/2013,00:15,0,0,0
14/02/2013,00:30,0,0,0
14/02/2013,00:45,0,0,0
14/02/2013,01:00,0,0,0
14/02/2013,01:15,0,0,0
14/02/2013,01:30,0,0,0
14/02/2013,01:45,0,0,0
14/02/2013,02:00,0,0,0
14/02/2013,02:15,0,0,0
14/02/2013,02:30,0,0,0
14/02/2013,02:45,0,0,0
14/02/2013,03:00,0,0,0
14/02/2013,03:15,0,0,0
14/02/2013,03:30,1,1,0
14/02/2013,03:45,0,0,0
14/02/2013,04:00,0,0,0
14/02/2013,04:15,1,0,1
14/02/2013,04:30,2,1,1
14/02/2013,04:45,0,0,0
14/02/2013,05:00,3,3,0
14/02/2013,05:15,0,0,0
14/02/2013,05:30,4,1,3
14/02/2013,05:45,4,3,1
14/02/2013,06:00,11,8,3
14/02/2013,06:15,5,1,4
14/02/2013,06:30,4,3,1
14/02/2013,06:45,12,11,1
14/02/2013,07:00,11,7,4
14/02/2013,07:15,15,9,6
14/02/2013,07:30,37,23,14
14/02/2013,07:45,36,34,2
14/02/2013,08:00,59,54,5
14/02/2013,08:15,24,10,14
14/02/2013,08:30,24,17,7
14/02/2013,08:45,24,6,18
14/02/2013,09:00,23,9,14
14/02/2013,09:15,22,9,13
14/02/2013,09:30,18,6,12
14/02/2013,09:45,23,7,16
14/02/2013,10:00,30,9,21
14/02/2013,10:15,21,12,9
14/02/2013,10:30,22,12,10
14/02/2013,10:45,27,10,17
14/02/2013,11:00,21,8,13
14/02/2013,11:15,25,11,14
14/02/2013,11:30,22,12,10
14/02/2013,11:45,21,15,6
14/02/2013,12:00,24,17,7
14/02/2013,12:15,19,9,10
14/02/2013,12:30,28,17,11
14/02/2013,12:45,33,15,18
14/02/2013,13:00,22,9,13
14/02/2013,13:15,36,21,15
14/02/2013,13:30,25,19,6
14/02/2013,13:45,21,10,11
14/02/2013,14:00,24,17,7
14/02/2013,14:15,30,15,15
14/02/2013,14:30,28,16,12
14/02/2013,14:45,25,15,10
14/02/2013,15:00,37,24,13
14/02/2013,15:15,33,20,13
14/02/2013,15:30,37,23,14
14/02/2013,15:45,40,20,20
14/02/2013,16:00,49,29,20
14/02/2013,16:15,47,22,25
14/02/2013,16:30,69,30,39
14/02/2013,16:45,40,21,19
14/02/2013,17:00,32,21,11
14/02/2013,17:15,40,20,20
14/02/2013,17:30,38,12,26
14/02/2013,17:45,15,6,9
14/02/2013,18:00,37,22,15
14/02/2013,18:15,18,16,2
14/02/2013,18:30,13,10,3
14/02/2013,18:45,10,7,3
14/02/2013,19:00,5,5,0
14/02/2013,19:15,4,2,2
14/02/2013,19:30,2,2,0
14/02/2013,19:45,2,2,0
14/02/2013,20:00,2,2,0
14/02/2013,20:15,1,0,1
14/02/2013,20:30,1,1,0
14/02/2013,20:45,1,1,0
14/02/2013,21:00,0,0,0
14/02/2013,21:15,1,0,1
14/02/2013,21:30,0,0,0
14/02/2013,21:45,1,1,0
14/02/2013,22:00,1,0,1
14/02/2013,22:15,1,1,0
14/02/2013,22:30,0,0,0
14/02/2013,22:45,0,0,0
14/02/2013,23:00,0,0,0
14/02/2013,23:15,0,0,0
14/02/2013,23:30,0,0,0
14/02/2013,23:45,0,0,0
15/02/2013,00:00,0,0,0
15/02/2013,00:15,0,0,0
15/02/2013,00:30,0,0,0
15/02/2013,00:45,0,0,0
15/02/2013,01:00,0,0,0
15/02/2013,01:15,0,0,0
15/02/2013,01:30,0,0,0
15/02/2013,01:45,0,0,0
15/02/2013,02:00,0,0,0
15/02/2013,02:15,0,0,0
15/02/2013,02:30,0,0,0
15/02/2013,02:45,1,1,0
15/02/2013,03:00,0,0,0
15/02/2013,03:15,0,0,0
15/02/2013,03:30,0,0,0
15/02/2013,03:45,0,0,0
15/02/2013,04:00,0,0,0
15/02/2013,04:15,0,0,0
15/02/2013,04:30,4,3,1
15/02/2013,04:45,2,1,1
15/02/2013,05:00,0,0,0
15/02/2013,05:15,1,0,1
15/02/2013,05:30,3,2,1
15/02/2013,05:45,5,2,3
15/02/2013,06:00,12,9,3
15/02/2013,06:15,9,5,4
15/02/2013,06:30,12,9,3
15/02/2013,06:45,18,15,3
15/02/2013,07:00,23,15,8
15/02/2013,07:15,23,14,9
15/02/2013,07:30,21,16,5
15/02/2013,07:45,27,16,11
15/02/2013,08:00,25,13,12
15/02/2013,08:15,12,6,6
15/02/2013,08:30,25,16,9
15/02/2013,08:45,24,11,13
15/02/2013,09:00,26,13,13
15/02/2013,09:15,19,10,9
15/02/2013,09:30,27,10,17
15/02/2013,09:45,35,22,13
15/02/2013,10:00,27,19,8
15/02/2013,10:15,21,14,7
15/02/2013,10:30,28,17,11
15/02/2013,10:45,38,25,13
15/02/2013,11:00,26,16,10
15/02/2013,11:15,22,16,6
15/02/2013,11:30,34,21,13
15/02/2013,11:45,43,25,18
15/02/2013,12:00,29,25,4
15/02/2013,12:15,29,19,10
15/02/2013,12:30,35,20,15
15/02/2013,12:45,24,18,6
15/02/2013,13:00,34,24,10
15/02/2013,13:15,25,15,10
15/02/2013,13:30,44,29,15
15/02/2013,13:45,32,22,10
15/02/2013,14:00,31,17,14
15/02/2013,14:15,48,30,18
15/02/2013,14:30,35,23,12
15/02/2013,14:45,29,16,13
15/02/2013,15:00,43,27,16
15/02/2013,15:15,50,23,27
15/02/2013,15:30,45,29,16
15/02/2013,15:45,49,27,22
15/02/2013,16:00,52,34,18
15/02/2013,16:15,50,34,16
15/02/2013,16:30,42,20,22
15/02/2013,16:45,48,31,17
15/02/2013,17:00,60,27,33
15/02/2013,17:15,58,29,29
15/02/2013,17:30,38,18,20
15/02/2013,17:45,30,21,9
15/02/2013,18:00,28,10,18
15/02/2013,18:15,20,14,6
15/02/2013,18:30,9,6,3
15/02/2013,18:45,6,5,1
15/02/2013,19:00,5,3,2
15/02/2013,19:15,4,4,0
15/02/2013,19:30,5,4,1
15/02/2013,19:45,2,1,1
15/02/2013,20:00,2,1,1
15/02/2013,20:15,1,1,0
15/02/2013,20:30,0,0,0
15/02/2013,20:45,1,0,1
15/02/2013,21:00,0,0,0
15/02/2013,21:15,1,0,1
15/02/2013,21:30,1,1,0
15/02/2013,21:45,1,1,0
15/02/2013,22:00,0,0,0
15/02/2013,22:15,1,1,0
15/02/2013,22:30,0,0,0
15/02/2013,22:45,0,0,0
15/02/2013,23:00,0,0,0
15/02/2013,23:15,1,0,1
15/02/2013,23:30,0,0,0
15/02/2013,23:45,0,0,0
16/02/2013,00:00,1,1,0
16/02/2013,00:15,2,2,0
16/02/2013,00:30,0,0,0
16/02/2013,00:45,0,0,0
16/02/2013,01:00,0,0,0
16/02/2013,01:15,0,0,0
16/02/2013,01:30,0,0,0
16/02/2013,01:45,0,0,0
16/02/2013,02:00,0,0,0
16/02/2013,02:15,0,0,0
16/02/2013,02:30,0,0,0
16/02/2013,02:45,0,0,0
16/02/2013,03:00,0,0,0
16/02/2013,03:15,0,0,0
16/02/2013,03:30,0,0,0
16/02/2013,03:45,1,0,1
16/02/2013,04:00,0,0,0
16/02/2013,04:15,0,0,0
16/02/2013,04:30,0,0,0
16/02/2013,04:45,1,0,1
16/02/2013,05:00,2,0,2
16/02/2013,05:15,0,0,0
16/02/2013,05:30,0,0,0
16/02/2013,05:45,0,0,0
16/02/2013,06:00,0,0,0
16/02/2013,06:15,1,1,0
16/02/2013,06:30,5,3,2
16/02/2013,06:45,5,3,2
16/02/2013,07:00,5,0,5
16/02/2013,07:15,8,5,3
16/02/2013,07:30,12,7,5
16/02/2013,07:45,18,8,10
16/02/2013,08:00,36,19,17
16/02/2013,08:15,35,20,15
16/02/2013,08:30,50,33,17
16/02/2013,08:45,91,75,16
16/02/2013,09:00,81,63,18
16/02/2013,09:15,91,77,14
16/02/2013,09:30,103,84,19
16/02/2013,09:45,88,73,15
16/02/2013,10:00,127,111,16
16/02/2013,10:15,122,109,13
16/02/2013,10:30,129,106,23
16/02/2013,10:45,127,109,18
16/02/2013,11:00,104,82,22
16/02/2013,11:15,138,110,28
16/02/2013,11:30,110,82,28
16/02/2013,11:45,112,87,25
16/02/2013,12:00,125,105,20
16/02/2013,12:15,94,84,10
16/02/2013,12:30,109,88,21
16/02/2013,12:45,113,96,17
16/02/2013,13:00,98,81,17
16/02/2013,13:15,80,67,13
16/02/2013,13:30,107,93,14
16/02/2013,13:45,83,73,10
16/02/2013,14:00,84,70,14
16/02/2013,14:15,107,86,21
16/02/2013,14:30,70,59,11
16/02/2013,14:45,82,66,16
16/02/2013,15:00,74,62,12
16/02/2013,15:15,66,51,15
16/02/2013,15:30,60,41,19
16/02/2013,15:45,64,47,17
16/02/2013,16:00,52,40,12
16/02/2013,16:15,101,44,57
16/02/2013,16:30,46,19,27
16/02/2013,16:45,50,34,16
16/02/2013,17:00,38,22,16
16/02/2013,17:15,31,23,8
16/02/2013,17:30,18,9,9
16/02/2013,17:45,12,5,7
16/02/2013,18:00,18,12,6
16/02/2013,18:15,3,1,2
16/02/2013,18:30,4,4,0
16/02/2013,18:45,1,1,0
16/02/2013,19:00,0,0,0
16/02/2013,19:15,6,4,2
16/02/2013,19:30,3,3,0
16/02/2013,19:45,4,1,3
16/02/2013,20:00,0,0,0
16/02/2013,20:15,0,0,0
16/02/2013,20:30,0,0,0
16/02/2013,20:45,0,0,0
16/02/2013,21:00,2,1,1
16/02/2013,21:15,1,1,0
16/02/2013,21:30,0,0,0
16/02/2013,21:45,0,0,0
16/02/2013,22:00,0,0,0
16/02/2013,22:15,0,0,0
16/02/2013,22:30,0,0,0
16/02/2013,22:45,1,1,0
16/02/2013,23:00,2,1,1
16/02/2013,23:15,1,0,1
16/02/2013,23:30,0,0,0
16/02/2013,23:45,0,0,0
17/02/2013,00:00,0,0,0
17/02/2013,00:15,1,1,0
17/02/2013,00:30,0,0,0
17/02/2013,00:45,0,0,0
17/02/2013,01:00,1,0,1
17/02/2013,01:15,0,0,0
17/02/2013,01:30,0,0,0
17/02/2013,01:45,0,0,0
17/02/2013,02:00,0,0,0
17/02/2013,02:15,0,0,0
17/02/2013,02:30,0,0,0
17/02/2013,02:45,0,0,0
17/02/2013,03:00,0,0,0
17/02/2013,03:15,0,0,0
17/02/2013,03:30,0,0,0
17/02/2013,03:45,0,0,0
17/02/2013,04:00,0,0,0
17/02/2013,04:15,0,0,0
17/02/2013,04:30,0,0,0
17/02/2013,04:45,0,0,0
17/02/2013,05:00,0,0,0
17/02/2013,05:15,0,0,0
17/02/2013,05:30,0,0,0
17/02/2013,05:45,0,0,0
17/02/2013,06:00,0,0,0
17/02/2013,06:15,1,1,0
17/02/2013,06:30,2,1,1
17/02/2013,06:45,3,3,0
17/02/2013,07:00,4,1,3
17/02/2013,07:15,3,3,0
17/02/2013,07:30,101,71,30
17/02/2013,07:45,30,23,7
17/02/2013,08:00,19,13,6
17/02/2013,08:15,23,13,10
17/02/2013,08:30,42,26,16
17/02/2013,08:45,54,44,10
17/02/2013,09:00,62,46,16
17/02/2013,09:15,68,53,15
17/02/2013,09:30,49,33,16
17/02/2013,09:45,91,69,22
17/02/2013,10:00,92,76,16
17/02/2013,10:15,110,91,19
17/02/2013,10:30,126,103,23
17/02/2013,10:45,99,80,19
17/02/2013,11:00,115,88,27
17/02/2013,11:15,129,108,21
17/02/2013,11:30,101,84,17
17/02/2013,11:45,93,72,21
17/02/2013,12:00,111,86,25
17/02/2013,12:15,96,78,18
17/02/2013,12:30,115,92,23
17/02/2013,12:45,116,102,14
17/02/2013,13:00,131,113,18
17/02/2013,13:15,111,95,16
17/02/2013,13:30,106,97,9
17/02/2013,13:45,89,73,16
17/02/2013,14:00,92,69,23
17/02/2013,14:15,79,65,14
17/02/2013,14:30,107,94,13
17/02/2013,14:45,81,61,20
17/02/2013,15:00,100,80,20
17/02/2013,15:15,88,69,19
17/02/2013,15:30,78,52,26
17/02/2013,15:45,82,59,23
17/02/2013,16:00,70,53,17
17/02/2013,16:15,59,39,20
17/02/2013,16:30,58,38,20
17/02/2013,16:45,53,32,21
17/02/2013,17:00,41,25,16
17/02/2013,17:15,53,32,21
17/02/2013,17:30,27,14,13
17/02/2013,17:45,28,20,8
17/02/2013,18:00,18,11,7
17/02/2013,18:15,10,5,5
17/02/2013,18:30,6,4,2
17/02/2013,18:45,3,3,0
17/02/2013,19:00,4,2,2
17/02/2013,19:15,0,0,0
17/02/2013,19:30,1,1,0
17/02/2013,19:45,1,0,1
17/02/2013,20:00,1,1,0
17/02/2013,20:15,0,0,0
17/02/2013,20:30,0,0,0
17/02/2013,20:45,2,2,0
17/02/2013,21:00,1,1,0
17/02/2013,21:15,3,3,0
17/02/2013,21:30,0,0,0
17/02/2013,21:45,0,0,0
17/02/2013,22:00,0,0,0
17/02/2013,22:15,0,0,0
17/02/2013,22:30,1,1,0
17/02/2013,22:45,0,0,0
17/02/2013,23:00,0,0,0
17/02/2013,23:15,0,0,0
17/02/2013,23:30,0,0,0
17/02/2013,23:45,2,2,0
18/02/2013,00:00,0,0,0
18/02/2013,00:15,0,0,0
18/02/2013,00:30,0,0,0
18/02/2013,00:45,0,0,0
18/02/2013,01:00,0,0,0
18/02/2013,01:15,0,0,0
18/02/2013,01:30,0,0,0
18/02/2013,01:45,0,0,0
18/02/2013,02:00,0,0,0
18/02/2013,02:15,0,0,0
18/02/2013,02:30,0,0,0
18/02/2013,02:45,0,0,0
18/02/2013,03:00,1,1,0
18/02/2013,03:15,0,0,0
18/02/2013,03:30,1,1,0
18/02/2013,03:45,0,0,0
18/02/2013,04:00,0,0,0
18/02/2013,04:15,0,0,0
18/02/2013,04:30,0,0,0
18/02/2013,04:45,0,0,0
18/02/2013,05:00,0,0,0
18/02/2013,05:15,0,0,0
18/02/2013,05:30,2,1,1
18/02/2013,05:45,2,1,1
18/02/2013,06:00,4,2,2
18/02/2013,06:15,5,4,1
18/02/2013,06:30,3,2,1
18/02/2013,06:45,7,3,4
18/02/2013,07:00,4,3,1
18/02/2013,07:15,9,5,4
18/02/2013,07:30,16,9,7
18/02/2013,07:45,21,9,12
18/02/2013,08:00,21,12,9
18/02/2013,08:15,23,11,12
18/02/2013,08:30,23,11,12
18/02/2013,08:45,20,8,12
18/02/2013,09:00,44,34,10
18/02/2013,09:15,33,20,13
18/02/2013,09:30,40,22,18
18/02/2013,09:45,40,29,11
18/02/2013,10:00,56,43,13
18/02/2013,10:15,46,27,19
18/02/2013,10:30,54,41,13
18/02/2013,10:45,63,44,19
18/02/2013,11:00,55,41,14
18/02/2013,11:15,55,35,20
18/02/2013,11:30,64,48,16
18/02/2013,11:45,60,41,19
18/02/2013,12:00,54,42,12
18/02/2013,12:15,49,39,10
18/02/2013,12:30,41,24,17
18/02/2013,12:45,40,31,9
18/02/2013,13:00,46,39,7
18/02/2013,13:15,42,29,13
18/02/2013,13:30,38,26,12
18/02/2013,13:45,41,28,13
18/02/2013,14:00,40,29,11
18/02/2013,14:15,44,27,17
18/02/2013,14:30,37,21,16
18/02/2013,14:45,28,12,16
18/02/2013,15:00,45,28,17
18/02/2013,15:15,37,22,15
18/02/2013,15:30,29,20,9
18/02/2013,15:45,43,32,11
18/02/2013,16:00,24,19,5
18/02/2013,16:15,36,22,14
18/02/2013,16:30,27,13,14
18/02/2013,16:45,19,8,11
18/02/2013,17:00,16,10,6
18/02/2013,17:15,23,13,10
18/02/2013,17:30,17,7,10
18/02/2013,17:45,13,8,5
18/02/2013,18:00,5,4,1
18/02/2013,18:15,4,3,1
18/02/2013,18:30,3,2,1
18/02/2013,18:45,5,4,1
18/02/2013,19:00,3,2,1
18/02/2013,19:15,1,1,0
18/02/2013,19:30,6,3,3
18/02/2013,19:45,0,0,0
18/02/2013,20:00,3,2,1
18/02/2013,20:15,1,1,0
18/02/2013,20:30,0,0,0
18/02/2013,20:45,1,0,1
18/02/2013,21:00,0,0,0
18/02/2013,21:15,0,0,0
18/02/2013,21:30,0,0,0
18/02/2013,21:45,1,1,0
18/02/2013,22:00,1,1,0
18/02/2013,22:15,0,0,0
18/02/2013,22:30,0,0,0
18/02/2013,22:45,1,1,0
18/02/2013,23:00,0,0,0
18/02/2013,23:15,0,0,0
18/02/2013,23:30,0,0,0
18/02/2013,23:45,1,0,1
19/02/2013,00:00,1,1,0
19/02/2013,00:15,0,0,0
19/02/2013,00:30,0,0,0
19/02/2013,00:45,0,0,0
19/02/2013,01:00,0,0,0
19/02/2013,01:15,0,0,0
19/02/2013,01:30,0,0,0
19/02/2013,01:45,0,0,0
19/02/2013,02:00,0,0,0
19/02/2013,02:15,0,0,0
19/02/2013,02:30,0,0,0
19/02/2013,02:45,1,1,0
19/02/2013,03:00,0,0,0
19/02/2013,03:15,0,0,0
19/02/2013,03:30,0,0,0
19/02/2013,03:45,0,0,0
19/02/2013,04:00,0,0,0
19/02/2013,04:15,0,0,0
19/02/2013,04:30,1,1,0
19/02/2013,04:45,0,0,0
19/02/2013,05:00,0,0,0
19/02/2013,05:15,1,1,0
19/02/2013,05:30,0,0,0
19/02/2013,05:45,0,0,0
19/02/2013,06:00,1,0,1
19/02/2013,06:15,2,1,1
19/02/2013,06:30,12,3,9
19/02/2013,06:45,6,1,5
19/02/2013,07:00,9,3,6
19/02/2013,07:15,5,0,5
19/02/2013,07:30,8,1,7
19/02/2013,07:45,5,3,2
19/02/2013,08:00,8,6,2
19/02/2013,08:15,5,1,4
19/02/2013,08:30,2,1,1
19/02/2013,08:45,1,0,1
19/02/2013,09:00,3,2,1
19/02/2013,09:15,6,3,3
19/02/2013,09:30,4,2,2
19/02/2013,09:45,8,5,3
19/02/2013,10:00,4,1,3
19/02/2013,10:15,2,0,2
19/02/2013,10:30,11,2,9
19/02/2013,10:45,7,2,5
19/02/2013,11:00,12,3,9
19/02/2013,11:15,4,0,4
19/02/2013,11:30,7,4,3
19/02/2013,11:45,3,1,2
19/02/2013,12:00,0,0,0
19/02/2013,12:15,4,0,4
19/02/2013,12:30,5,3,2
19/02/2013,12:45,5,1,4
19/02/2013,13:00,2,0,2
19/02/2013,13:15,3,0,3
19/02/2013,13:30,4,1,3
19/02/2013,13:45,4,1,3
19/02/2013,14:00,3,2,1
19/02/2013,14:15,8,3,5
19/02/2013,14:30,1,1,0
19/02/2013,14:45,15,4,11
19/02/2013,15:00,12,5,7
19/02/2013,15:15,10,5,5
19/02/2013,15:30,10,4,6
19/02/2013,15:45,12,6,6
19/02/2013,16:00,16,4,12
19/02/2013,16:15,17,12,5
19/02/2013,16:30,20,6,14
19/02/2013,16:45,23,8,15
19/02/2013,17:00,18,3,15
19/02/2013,17:15,19,3,16
19/02/2013,17:30,15,5,10
19/02/2013,17:45,15,6,9
19/02/2013,18:00,8,4,4
19/02/2013,18:15,6,3,3
19/02/2013,18:30,9,4,5
19/02/2013,18:45,5,4,1
19/02/2013,19:00,6,5,1
19/02/2013,19:15,2,1,1
19/02/2013,19:30,0,0,0
19/02/2013,19:45,2,1,1
19/02/2013,20:00,2,2,0
19/02/2013,20:15,2,2,0
19/02/2013,20:30,0,0,0
19/02/2013,20:45,0,0,0
19/02/2013,21:00,0,0,0
19/02/2013,21:15,3,0,3
19/02/2013,21:30,2,0,2
19/02/2013,21:45,1,1,0
19/02/2013,22:00,0,0,0
19/02/2013,22:15,0,0,0
19/02/2013,22:30,0,0,0
19/02/2013,22:45,1,1,0
19/02/2013,23:00,0,0,0
19/02/2013,23:15,0,0,0
19/02/2013,23:30,0,0,0
19/02/2013,23:45,0,0,0
20/02/2013,00:00,0,0,0
20/02/2013,00:15,0,0,0
20/02/2013,00:30,0,0,0
20/02/2013,00:45,0,0,0
20/02/2013,01:00,0,0,0
20/02/2013,01:15,0,0,0
20/02/2013,01:30,0,0,0
20/02/2013,01:45,0,0,0
20/02/2013,02:00,0,0,0
20/02/2013,02:15,0,0,0
20/02/2013,02:30,0,0,0
20/02/2013,02:45,0,0,0
20/02/2013,03:00,0,0,0
20/02/2013,03:15,0,0,0
20/02/2013,03:30,0,0,0
20/02/2013,03:45,0,0,0
20/02/2013,04:00,0,0,0
20/02/2013,04:15,0,0,0
20/02/2013,04:30,1,1,0
20/02/2013,04:45,1,1,0
20/02/2013,05:00,3,3,0
20/02/2013,05:15,2,2,0
20/02/2013,05:30,7,7,0
20/02/2013,05:45,2,1,1
20/02/2013,06:00,5,4,1
20/02/2013,06:15,17,9,8
20/02/2013,06:30,9,4,5
20/02/2013,06:45,14,8,6
20/02/2013,07:00,14,11,3
20/02/2013,07:15,18,10,8
20/02/2013,07:30,20,11,9
20/02/2013,07:45,23,22,1
20/02/2013,08:00,68,56,12
20/02/2013,08:15,18,16,2
20/02/2013,08:30,32,20,12
20/02/2013,08:45,21,4,17
20/02/2013,09:00,22,5,17
20/02/2013,09:15,19,8,11
20/02/2013,09:30,24,6,18
20/02/2013,09:45,34,12,22
20/02/2013,10:00,27,17,10
20/02/2013,10:15,30,19,11
20/02/2013,10:30,23,12,11
20/02/2013,10:45,42,20,22
20/02/2013,11:00,27,17,10
20/02/2013,11:15,33,16,17
20/02/2013,11:30,30,17,13
20/02/2013,11:45,37,24,13
20/02/2013,12:00,14,4,10
20/02/2013,12:15,38,20,18
20/02/2013,12:30,31,16,15
20/02/2013,12:45,31,15,16
20/02/2013,13:00,21,9,12
20/02/2013,13:15,33,23,10
20/02/2013,13:30,55,41,14
20/02/2013,13:45,33,22,11
20/02/2013,14:00,25,9,16
20/02/2013,14:15,34,13,21
20/02/2013,14:30,22,12,10
20/02/2013,14:45,27,12,15
20/02/2013,15:00,49,34,15
20/02/2013,15:15,28,10,18
20/02/2013,15:30,37,20,17
20/02/2013,15:45,51,12,39
20/02/2013,16:00,53,20,33
20/02/2013,16:15,47,16,31
20/02/2013,16:30,47,16,31
20/02/2013,16:45,47,16,31
20/02/2013,17:00,41,19,22
20/02/2013,17:15,36,15,21
20/02/2013,17:30,56,18,38
20/02/2013,17:45,61,22,39
20/02/2013,18:00,23,13,10
20/02/2013,18:15,27,15,12
20/02/2013,18:30,19,12,7
20/02/2013,18:45,22,12,10
20/02/2013,19:00,21,12,9
20/02/2013,19:15,9,5,4
20/02/2013,19:30,15,14,1
20/02/2013,19:45,5,2,3
20/02/2013,20:00,2,2,0
20/02/2013,20:15,8,4,4
20/02/2013,20:30,3,0,3
20/02/2013,20:45,7,7,0
20/02/2013,21:00,0,0,0
20/02/2013,21:15,1,1,0
20/02/2013,21:30,1,0,1
20/02/2013,21:45,0,0,0
20/02/2013,22:00,1,1,0
20/02/2013,22:15,3,2,1
20/02/2013,22:30,0,0,0
20/02/2013,22:45,1,1,0
20/02/2013,23:00,1,1,0
20/02/2013,23:15,0,0,0
20/02/2013,23:30,0,0,0
20/02/2013,23:45,0,0,0
21/02/2013,00:00,0,0,0
21/02/2013,00:15,0,0,0
21/02/2013,00:30,0,0,0
21/02/2013,00:45,0,0,0
21/02/2013,01:00,0,0,0
21/02/2013,01:15,0,0,0
21/02/2013,01:30,0,0,0
21/02/2013,01:45,0,0,0
21/02/2013,02:00,0,0,0
21/02/2013,02:15,0,0,0
21/02/2013,02:30,0,0,0
21/02/2013,02:45,0,0,0
21/02/2013,03:00,0,0,0
21/02/2013,03:15,0,0,0
21/02/2013,03:30,0,0,0
21/02/2013,03:45,0,0,0
21/02/2013,04:00,0,0,0
21/02/2013,04:15,1,0,1
21/02/2013,04:30,2,1,1
21/02/2013,04:45,0,0,0
21/02/2013,05:00,1,1,0
21/02/2013,05:15,1,0,1
21/02/2013,05:30,1,1,0
21/02/2013,05:45,5,4,1
21/02/2013,06:00,10,8,2
21/02/2013,06:15,16,7,9
21/02/2013,06:30,5,2,3
21/02/2013,06:45,18,12,6
21/02/2013,07:00,8,7,1
21/02/2013,07:15,22,9,13
21/02/2013,07:30,23,16,7
21/02/2013,07:45,33,20,13
21/02/2013,08:00,59,49,10
21/02/2013,08:15,17,11,6
21/02/2013,08:30,18,10,8
21/02/2013,08:45,23,8,15
21/02/2013,09:00,21,7,14
21/02/2013,09:15,18,11,7
21/02/2013,09:30,15,3,12
21/02/2013,09:45,27,6,21
21/02/2013,10:00,25,7,18
21/02/2013,10:15,20,10,10
21/02/2013,10:30,20,12,8
21/02/2013,10:45,32,19,13
21/02/2013,11:00,35,16,19
21/02/2013,11:15,30,11,19
21/02/2013,11:30,25,13,12
21/02/2013,11:45,25,16,9
21/02/2013,12:00,20,8,12
21/02/2013,12:15,24,15,9
21/02/2013,12:30,33,15,18
21/02/2013,12:45,24,14,10
21/02/2013,13:00,24,14,10
21/02/2013,13:15,29,14,15
21/02/2013,13:30,27,14,13
21/02/2013,13:45,29,12,17
21/02/2013,14:00,34,21,13
21/02/2013,14:15,27,17,10
21/02/2013,14:30,43,26,17
21/02/2013,14:45,34,14,20
21/02/2013,15:00,53,33,20
21/02/2013,15:15,43,17,26
21/02/2013,15:30,34,16,18
21/02/2013,15:45,42,20,22
21/02/2013,16:00,35,13,22
21/02/2013,16:15,27,15,12
21/02/2013,16:30,70,16,54
21/02/2013,16:45,46,25,21
21/02/2013,17:00,33,16,17
21/02/2013,17:15,45,22,23
21/02/2013,17:30,30,19,11
21/02/2013,17:45,35,17,18
21/02/2013,18:00,27,13,14
21/02/2013,18:15,14,9,5
21/02/2013,18:30,21,17,4
21/02/2013,18:45,6,4,2
21/02/2013,19:00,7,5,2
21/02/2013,19:15,3,3,0
21/02/2013,19:30,4,4,0
21/02/2013,19:45,4,4,0
21/02/2013,20:00,1,1,0
21/02/2013,20:15,1,1,0
21/02/2013,20:30,9,5,4
21/02/2013,20:45,0,0,0
21/02/2013,21:00,0,0,0
21/02/2013,21:15,1,1,0
21/02/2013,21:30,0,0,0
21/02/2013,21:45,2,1,1
21/02/2013,22:00,0,0,0
21/02/2013,22:15,2,2,0
21/02/2013,22:30,0,0,0
21/02/2013,22:45,0,0,0
21/02/2013,23:00,0,0,0
21/02/2013,23:15,0,0,0
21/02/2013,23:30,1,1,0
21/02/2013,23:45,3,3,0
22/02/2013,00:00,0,0,0
22/02/2013,00:15,0,0,0
22/02/2013,00:30,0,0,0
22/02/2013,00:45,0,0,0
22/02/2013,01:00,0,0,0
22/02/2013,01:15,0,0,0
22/02/2013,01:30,0,0,0
22/02/2013,01:45,0,0,0
22/02/2013,02:00,0,0,0
22/02/2013,02:15,0,0,0
22/02/2013,02:30,0,0,0
22/02/2013,02:45,0,0,0
22/02/2013,03:00,0,0,0
22/02/2013,03:15,0,0,0
22/02/2013,03:30,0,0,0
22/02/2013,03:45,0,0,0
22/02/2013,04:00,0,0,0
22/02/2013,04:15,0,0,0
22/02/2013,04:30,1,1,0
22/02/2013,04:45,0,0,0
22/02/2013,05:00,0,0,0
22/02/2013,05:15,1,0,1
22/02/2013,05:30,4,4,0
22/02/2013,05:45,2,1,1
22/02/2013,06:00,4,2,2
22/02/2013,06:15,9,6,3
22/02/2013,06:30,10,6,4
22/02/2013,06:45,14,6,8
22/02/2013,07:00,19,13,6
22/02/2013,07:15,27,10,17
22/02/2013,07:30,30,19,11
22/02/2013,07:45,37,29,8
22/02/2013,08:00,68,58,10
22/02/2013,08:15,18,13,5
22/02/2013,08:30,16,6,10
22/02/2013,08:45,27,13,14
22/02/2013,09:00,32,12,20
22/02/2013,09:15,23,9,14
22/02/2013,09:30,43,23,20
22/02/2013,09:45,37,20,17
22/02/2013,10:00,23,10,13
22/02/2013,10:15,33,17,16
22/02/2013,10:30,33,21,12
22/02/2013,10:45,19,10,9
22/02/2013,11:00,20,11,9
22/02/2013,11:15,35,20,15
22/02/2013,11:30,23,15,8
22/02/2013,11:45,33,17,16
22/02/2013,12:00,27,13,14
22/02/2013,12:15,37,20,17
22/02/2013,12:30,41,23,18
22/02/2013,12:45,37,17,20
22/02/2013,13:00,36,14,22
22/02/2013,13:15,29,13,16
22/02/2013,13:30,42,27,15
22/02/2013,13:45,31,16,15
22/02/2013,14:00,21,9,12
22/02/2013,14:15,36,27,9
22/02/2013,14:30,60,42,18
22/02/2013,14:45,30,21,9
22/02/2013,15:00,45,33,12
22/02/2013,15:15,34,18,16
22/02/2013,15:30,35,20,15
22/02/2013,15:45,30,16,14
22/02/2013,16:00,25,13,12
22/02/2013,16:15,43,23,20
22/02/2013,16:30,39,17,22
22/02/2013,16:45,36,15,21
22/02/2013,17:00,46,19,27
22/02/2013,17:15,27,12,15
22/02/2013,17:30,22,13,9
22/02/2013,17:45,29,15,14
22/02/2013,18:00,35,14,21
22/02/2013,18:15,21,12,9
22/02/2013,18:30,16,11,5
22/02/2013,18:45,8,5,3
22/02/2013,19:00,3,3,0
22/02/2013,19:15,3,2,1
22/02/2013,19:30,2,0,2
22/02/2013,19:45,1,1,0
22/02/2013,20:00,6,5,1
22/02/2013,20:15,1,1,0
22/02/2013,20:30,0,0,0
22/02/2013,20:45,0,0,0
22/02/2013,21:00,1,1,0
22/02/2013,21:15,0,0,0
22/02/2013,21:30,0,0,0
22/02/2013,21:45,1,0,1
22/02/2013,22:00,0,0,0
22/02/2013,22:15,3,2,1
22/02/2013,22:30,0,0,0
22/02/2013,22:45,0,0,0
22/02/2013,23:00,0,0,0
22/02/2013,23:15,0,0,0
22/02/2013,23:30,0,0,0
22/02/2013,23:45,0,0,0
23/02/2013,00:00,1,1,0
23/02/2013,00:15,0,0,0
23/02/2013,00:30,0,0,0
23/02/2013,00:45,0,0,0
23/02/2013,01:00,0,0,0
23/02/2013,01:15,0,0,0
23/02/2013,01:30,1,1,0
23/02/2013,01:45,2,2,0
23/02/2013,02:00,0,0,0
23/02/2013,02:15,0,0,0
23/02/2013,02:30,0,0,0
23/02/2013,02:45,0,0,0
23/02/2013,03:00,1,0,1
23/02/2013,03:15,0,0,0
23/02/2013,03:30,0,0,0
23/02/2013,03:45,0,0,0
23/02/2013,04:00,0,0,0
23/02/2013,04:15,0,0,0
23/02/2013,04:30,0,0,0
23/02/2013,04:45,1,0,1
23/02/2013,05:00,1,0,1
23/02/2013,05:15,2,1,1
23/02/2013,05:30,0,0,0
23/02/2013,05:45,1,1,0
23/02/2013,06:00,0,0,0
23/02/2013,06:15,3,3,0
23/02/2013,06:30,4,3,1
23/02/2013,06:45,6,3,3
23/02/2013,07:00,5,1,4
23/02/2013,07:15,20,12,8
23/02/2013,07:30,13,6,7
23/02/2013,07:45,32,23,9
23/02/2013,08:00,18,11,7
23/02/2013,08:15,56,32,24
23/02/2013,08:30,34,19,15
23/02/2013,08:45,68,55,13
23/02/2013,09:00,57,44,13
23/02/2013,09:15,74,58,16
23/02/2013,09:30,75,55,20
23/02/2013,09:45,120,96,24
23/02/2013,10:00,149,128,21
23/02/2013,10:15,129,104,25
23/02/2013,10:30,103,80,23
23/02/2013,10:45,88,59,29
23/02/2013,11:00,154,132,22
23/02/2013,11:15,124,104,20
23/02/2013,11:30,120,98,22
23/02/2013,11:45,125,93,32
23/02/2013,12:00,105,77,28
23/02/2013,12:15,102,79,23
23/02/2013,12:30,125,109,16
23/02/2013,12:45,115,91,24
23/02/2013,13:00,127,104,23
23/02/2013,13:15,97,83,14
23/02/2013,13:30,107,88,19
23/02/2013,13:45,75,63,12
23/02/2013,14:00,97,71,26
23/02/2013,14:15,66,54,12
23/02/2013,14:30,84,66,18
23/02/2013,14:45,76,62,14
23/02/2013,15:00,43,30,13
23/02/2013,15:15,53,36,17
23/02/2013,15:30,53,37,16
23/02/2013,15:45,49,27,22
23/02/2013,16:00,60,37,23
23/02/2013,16:15,87,50,37
23/02/2013,16:30,52,29,23
23/02/2013,16:45,49,22,27
23/02/2013,17:00,33,12,21
23/02/2013,17:15,46,19,27
23/02/2013,17:30,31,18,13
23/02/2013,17:45,9,7,2
23/02/2013,18:00,5,3,2
23/02/2013,18:15,6,1,5
23/02/2013,18:30,5,3,2
23/02/2013,18:45,4,1,3
23/02/2013,19:00,3,1,2
23/02/2013,19:15,3,0,3
23/02/2013,19:30,1,0,1
23/02/2013,19:45,0,0,0
23/02/2013,20:00,0,0,0
23/02/2013,20:15,4,1,3
23/02/2013,20:30,1,1,0
23/02/2013,20:45,0,0,0
23/02/2013,21:00,4,2,2
23/02/2013,21:15,2,1,1
23/02/2013,21:30,0,0,0
23/02/2013,21:45,1,1,0
23/02/2013,22:00,0,0,0
23/02/2013,22:15,0,0,0
23/02/2013,22:30,0,0,0
23/02/2013,22:45,0,0,0
23/02/2013,23:00,1,1,0
23/02/2013,23:15,0,0,0
23/02/2013,23:30,0,0,0
23/02/2013,23:45,0,0,0
24/02/2013,00:00,1,1,0
24/02/2013,00:15,0,0,0
24/02/2013,00:30,0,0,0
24/02/2013,00:45,0,0,0
24/02/2013,01:00,0,0,0
24/02/2013,01:15,0,0,0
24/02/2013,01:30,0,0,0
24/02/2013,01:45,0,0,0
24/02/2013,02:00,0,0,0
24/02/2013,02:15,0,0,0
24/02/2013,02:30,0,0,0
24/02/2013,02:45,0,0,0
24/02/2013,03:00,0,0,0
24/02/2013,03:15,0,0,0
24/02/2013,03:30,0,0,0
24/02/2013,03:45,0,0,0
24/02/2013,04:00,0,0,0
24/02/2013,04:15,0,0,0
24/02/2013,04:30,0,0,0
24/02/2013,04:45,0,0,0
24/02/2013,05:00,0,0,0
24/02/2013,05:15,0,0,0
24/02/2013,05:30,0,0,0
24/02/2013,05:45,0,0,0
24/02/2013,06:00,0,0,0
24/02/2013,06:15,1,0,1
24/02/2013,06:30,5,3,2
24/02/2013,06:45,5,2,3
24/02/2013,07:00,5,4,1
24/02/2013,07:15,9,4,5
24/02/2013,07:30,14,8,6
24/02/2013,07:45,12,9,3
24/02/2013,08:00,15,7,8
24/02/2013,08:15,32,12,20
24/02/2013,08:30,53,34,19
24/02/2013,08:45,45,31,14
24/02/2013,09:00,75,58,17
24/02/2013,09:15,74,61,13
24/02/2013,09:30,70,47,23
24/02/2013,09:45,111,87,24
24/02/2013,10:00,113,95,18
24/02/2013,10:15,105,94,11
24/02/2013,10:30,111,92,19
24/02/2013,10:45,102,81,21
24/02/2013,11:00,109,90,19
24/02/2013,11:15,131,104,27
24/02/2013,11:30,113,95,18
24/02/2013,11:45,145,103,42
24/02/2013,12:00,109,83,26
24/02/2013,12:15,125,107,18
24/02/2013,12:30,142,115,27
24/02/2013,12:45,97,74,23
24/02/2013,13:00,94,74,20
24/02/2013,13:15,100,78,22
24/02/2013,13:30,96,82,14
24/02/2013,13:45,75,58,17
24/02/2013,14:00,79,55,24
24/02/2013,14:15,76,51,25
24/02/2013,14:30,94,68,26
24/02/2013,14:45,85,63,22
24/02/2013,15:00,68,48,20
24/02/2013,15:15,75,50,25
24/02/2013,15:30,78,51,27
24/02/2013,15:45,58,46,12
24/02/2013,16:00,76,44,32
24/02/2013,16:15,47,24,23
24/02/2013,16:30,63,28,35
24/02/2013,16:45,32,17,15
24/02/2013,17:00,57,31,26
24/02/2013,17:15,28,11,17
24/02/2013,17:30,17,13,4
24/02/2013,17:45,25,11,14
24/02/2013,18:00,11,6,5
24/02/2013,18:15,11,4,7
24/02/2013,18:30,5,0,5
24/02/2013,18:45,5,5,0
24/02/2013,19:00,6,3,3
24/02/2013,19:15,2,1,1
24/02/2013,19:30,2,2,0
24/02/2013,19:45,1,0,1
24/02/2013,20:00,3,2,1
24/02/2013,20:15,4,2,2
24/02/2013,20:30,0,0,0
24/02/2013,20:45,1,1,0
24/02/2013,21:00,0,0,0
24/02/2013,21:15,2,2,0
24/02/2013,21:30,1,1,0
24/02/2013,21:45,1,0,1
24/02/2013,22:00,4,4,0
24/02/2013,22:15,0,0,0
24/02/2013,22:30,1,0,1
24/02/2013,22:45,0,0,0
24/02/2013,23:00,1,0,1
24/02/2013,23:15,0,0,0
24/02/2013,23:30,0,0,0
24/02/2013,23:45,0,0,0
25/02/2013,00:00,0,0,0
25/02/2013,00:15,0,0,0
25/02/2013,00:30,0,0,0
25/02/2013,00:45,0,0,0
25/02/2013,01:00,0,0,0
25/02/2013,01:15,0,0,0
25/02/2013,01:30,0,0,0
25/02/2013,01:45,0,0,0
25/02/2013,02:00,0,0,0
25/02/2013,02:15,0,0,0
25/02/2013,02:30,0,0,0
25/02/2013,02:45,0,0,0
25/02/2013,03:00,0,0,0
25/02/2013,03:15,0,0,0
25/02/2013,03:30,1,1,0
25/02/2013,03:45,0,0,0
25/02/2013,04:00,0,0,0
25/02/2013,04:15,0,0,0
25/02/2013,04:30,2,2,0
25/02/2013,04:45,4,4,0
25/02/2013,05:00,1,1,0
25/02/2013,05:15,3,3,0
25/02/2013,05:30,3,3,0
25/02/2013,05:45,5,3,2
25/02/2013,06:00,6,4,2
25/02/2013,06:15,13,10,3
25/02/2013,06:30,5,4,1
25/02/2013,06:45,24,16,8
25/02/2013,07:00,19,12,7
25/02/2013,07:15,18,13,5
25/02/2013,07:30,22,18,4
25/02/2013,07:45,33,26,7
25/02/2013,08:00,75,62,13
25/02/2013,08:15,22,12,10
25/02/2013,08:30,20,12,8
25/02/2013,08:45,24,9,15
25/02/2013,09:00,21,7,14
25/02/2013,09:15,24,11,13
25/02/2013,09:30,14,3,11
25/02/2013,09:45,17,6,11
25/02/2013,10:00,19,8,11
25/02/2013,10:15,24,12,12
25/02/2013,10:30,16,8,8
25/02/2013,10:45,21,12,9
25/02/2013,11:00,24,8,16
25/02/2013,11:15,16,9,7
25/02/2013,11:30,27,13,14
25/02/2013,11:45,29,10,19
25/02/2013,12:00,25,13,12
25/02/2013,12:15,23,12,11
25/02/2013,12:30,31,15,16
25/02/2013,12:45,9,2,7
25/02/2013,13:00,28,17,11
25/02/2013,13:15,26,15,11
25/02/2013,13:30,10,5,5
25/02/2013,13:45,19,9,10
25/02/2013,14:00,27,20,7
25/02/2013,14:15,26,10,16
25/02/2013,14:30,59,39,20
25/02/2013,14:45,31,11,20
25/02/2013,15:00,33,21,12
25/02/2013,15:15,46,23,23
25/02/2013,15:30,34,17,17
25/02/2013,15:45,65,12,53
25/02/2013,16:00,58,18,40
25/02/2013,16:15,44,26,18
25/02/2013,16:30,53,20,33
25/02/2013,16:45,45,11,34
25/02/2013,17:00,36,12,24
25/02/2013,17:15,27,10,17
25/02/2013,17:30,27,10,17
25/02/2013,17:45,29,15,14
25/02/2013,18:00,17,12,5
25/02/2013,18:15,26,16,10
25/02/2013,18:30,13,6,7
25/02/2013,18:45,16,11,5
25/02/2013,19:00,9,8,1
25/02/2013,19:15,5,5,0
25/02/2013,19:30,11,10,1
25/02/2013,19:45,4,4,0
25/02/2013,20:00,2,2,0
25/02/2013,20:15,0,0,0
25/02/2013,20:30,3,2,1
25/02/2013,20:45,0,0,0
25/02/2013,21:00,2,2,0
25/02/2013,21:15,1,1,0
25/02/2013,21:30,1,0,1
25/02/2013,21:45,2,1,1
25/02/2013,22:00,1,1,0
25/02/2013,22:15,0,0,0
25/02/2013,22:30,2,2,0
25/02/2013,22:45,2,2,0
25/02/2013,23:00,1,1,0
25/02/2013,23:15,0,0,0
25/02/2013,23:30,1,0,1
25/02/2013,23:45,0,0,0
26/02/2013,00:00,0,0,0
26/02/2013,00:15,0,0,0
26/02/2013,00:30,0,0,0
26/02/2013,00:45,0,0,0
26/02/2013,01:00,0,0,0
26/02/2013,01:15,0,0,0
26/02/2013,01:30,1,1,0
26/02/2013,01:45,0,0,0
26/02/2013,02:00,0,0,0
26/02/2013,02:15,0,0,0
26/02/2013,02:30,0,0,0
26/02/2013,02:45,0,0,0
26/02/2013,03:00,0,0,0
26/02/2013,03:15,0,0,0
26/02/2013,03:30,0,0,0
26/02/2013,03:45,0,0,0
26/02/2013,04:00,0,0,0
26/02/2013,04:15,0,0,0
26/02/2013,04:30,4,2,2
26/02/2013,04:45,2,1,1
26/02/2013,05:00,2,2,0
26/02/2013,05:15,5,1,4
26/02/2013,05:30,7,4,3
26/02/2013,05:45,3,2,1
26/02/2013,06:00,5,3,2
26/02/2013,06:15,14,7,7
26/02/2013,06:30,17,9,8
26/02/2013,06:45,12,9,3
26/02/2013,07:00,19,6,13
26/02/2013,07:15,22,16,6
26/02/2013,07:30,30,20,10
26/02/2013,07:45,32,28,4
26/02/2013,08:00,71,59,12
26/02/2013,08:15,25,14,11
26/02/2013,08:30,24,17,7
26/02/2013,08:45,38,12,26
26/02/2013,09:00,22,9,13
26/02/2013,09:15,22,7,15
26/02/2013,09:30,26,9,17
26/02/2013,09:45,27,13,14
26/02/2013,10:00,26,7,19
26/02/2013,10:15,28,12,16
26/02/2013,10:30,21,9,12
26/02/2013,10:45,19,10,9
26/02/2013,11:00,21,13,8
26/02/2013,11:15,14,7,7
26/02/2013,11:30,23,14,9
26/02/2013,11:45,17,7,10
26/02/2013,12:00,23,11,12
26/02/2013,12:15,25,9,16
26/02/2013,12:30,22,14,8
26/02/2013,12:45,22,11,11
26/02/2013,13:00,39,19,20
26/02/2013,13:15,23,10,13
26/02/2013,13:30,24,12,12
26/02/2013,13:45,24,13,11
26/02/2013,14:00,31,23,8
26/02/2013,14:15,26,9,17
26/02/2013,14:30,17,7,10
26/02/2013,14:45,24,13,11
26/02/2013,15:00,60,35,25
26/02/2013,15:15,50,30,20
26/02/2013,15:30,28,11,17
26/02/2013,15:45,35,22,13
26/02/2013,16:00,52,27,25
26/02/2013,16:15,41,23,18
26/02/2013,16:30,49,23,26
26/02/2013,16:45,52,25,27
26/02/2013,17:00,55,23,32
26/02/2013,17:15,55,21,34
26/02/2013,17:30,49,18,31
26/02/2013,17:45,38,16,22
26/02/2013,18:00,39,10,29
26/02/2013,18:15,37,26,11
26/02/2013,18:30,19,17,2
26/02/2013,18:45,14,8,6
26/02/2013,19:00,8,4,4
26/02/2013,19:15,6,4,2
26/02/2013,19:30,6,4,2
26/02/2013,19:45,4,4,0
26/02/2013,20:00,1,1,0
26/02/2013,20:15,3,2,1
26/02/2013,20:30,1,1,0
26/02/2013,20:45,2,0,2
26/02/2013,21:00,0,0,0
26/02/2013,21:15,0,0,0
26/02/2013,21:30,1,0,1
26/02/2013,21:45,2,2,0
26/02/2013,22:00,0,0,0
26/02/2013,22:15,1,1,0
26/02/2013,22:30,1,1,0
26/02/2013,22:45,0,0,0
26/02/2013,23:00,2,2,0
26/02/2013,23:15,0,0,0
26/02/2013,23:30,2,1,1
26/02/2013,23:45,0,0,0
27/02/2013,00:00,0,0,0
27/02/2013,00:15,0,0,0
27/02/2013,00:30,0,0,0
27/02/2013,00:45,0,0,0
27/02/2013,01:00,0,0,0
27/02/2013,01:15,0,0,0
27/02/2013,01:30,0,0,0
27/02/2013,01:45,0,0,0
27/02/2013,02:00,0,0,0
27/02/2013,02:15,0,0,0
27/02/2013,02:30,0,0,0
27/02/2013,02:45,0,0,0
27/02/2013,03:00,0,0,0
27/02/2013,03:15,0,0,0
27/02/2013,03:30,0,0,0
27/02/2013,03:45,0,0,0
27/02/2013,04:00,0,0,0
27/02/2013,04:15,0,0,0
27/02/2013,04:30,2,2,0
27/02/2013,04:45,0,0,0
27/02/2013,05:00,2,2,0
27/02/2013,05:15,1,1,0
27/02/2013,05:30,5,3,2
27/02/2013,05:45,6,2,4
27/02/2013,06:00,7,5,2
27/02/2013,06:15,11,7,4
27/02/2013,06:30,8,7,1
27/02/2013,06:45,14,7,7
27/02/2013,07:00,16,8,8
27/02/2013,07:15,22,12,10
27/02/2013,07:30,24,16,8
27/02/2013,07:45,27,20,7
27/02/2013,08:00,66,63,3
27/02/2013,08:15,35,21,14
27/02/2013,08:30,24,14,10
27/02/2013,08:45,34,16,18
27/02/2013,09:00,24,10,14
27/02/2013,09:15,32,11,21
27/02/2013,09:30,24,6,18
27/02/2013,09:45,41,13,28
27/02/2013,10:00,34,21,13
27/02/2013,10:15,30,21,9
27/02/2013,10:30,20,12,8
27/02/2013,10:45,14,7,7
27/02/2013,11:00,12,6,6
27/02/2013,11:15,19,6,13
27/02/2013,11:30,40,24,16
27/02/2013,11:45,27,16,11
27/02/2013,12:00,25,15,10
27/02/2013,12:15,29,18,11
27/02/2013,12:30,22,12,10
27/02/2013,12:45,11,5,6
27/02/2013,13:00,25,19,6
27/02/2013,13:15,28,11,17
27/02/2013,13:30,58,44,14
27/02/2013,13:45,29,17,12
27/02/2013,14:00,44,27,17
27/02/2013,14:15,80,41,39
27/02/2013,14:30,38,17,21
27/02/2013,14:45,34,13,21
27/02/2013,15:00,29,12,17
27/02/2013,15:15,16,5,11
27/02/2013,15:30,24,7,17
27/02/2013,15:45,26,13,13
27/02/2013,16:00,43,18,25
27/02/2013,16:15,42,15,27
27/02/2013,16:30,57,21,36
27/02/2013,16:45,52,22,30
27/02/2013,17:00,67,22,45
27/02/2013,17:15,48,15,33
27/02/2013,17:30,27,6,21
27/02/2013,17:45,34,20,14
27/02/2013,18:00,30,16,14
27/02/2013,18:15,34,13,21
27/02/2013,18:30,20,8,12
27/02/2013,18:45,8,5,3
27/02/2013,19:00,8,7,1
27/02/2013,19:15,3,2,1
27/02/2013,19:30,5,3,2
27/02/2013,19:45,3,3,0
27/02/2013,20:00,7,5,2
27/02/2013,20:15,4,2,2
27/02/2013,20:30,3,3,0
27/02/2013,20:45,1,1,0
27/02/2013,21:00,0,0,0
27/02/2013,21:15,1,1,0
27/02/2013,21:30,0,0,0
27/02/2013,21:45,0,0,0
27/02/2013,22:00,0,0,0
27/02/2013,22:15,2,1,1
27/02/2013,22:30,0,0,0
27/02/2013,22:45,2,0,2
27/02/2013,23:00,1,0,1
27/02/2013,23:15,0,0,0
27/02/2013,23:30,0,0,0
27/02/2013,23:45,0,0,0
28/02/2013,00:00,1,1,0
28/02/2013,00:15,0,0,0
28/02/2013,00:30,0,0,0
28/02/2013,00:45,0,0,0
28/02/2013,01:00,0,0,0
28/02/2013,01:15,0,0,0
28/02/2013,01:30,0,0,0
28/02/2013,01:45,0,0,0
28/02/2013,02:00,0,0,0
28/02/2013,02:15,0,0,0
28/02/2013,02:30,0,0,0
28/02/2013,02:45,0,0,0
28/02/2013,03:00,0,0,0
28/02/2013,03:15,0,0,0
28/02/2013,03:30,0,0,0
28/02/2013,03:45,0,0,0
28/02/2013,04:00,0,0,0
28/02/2013,04:15,0,0,0
28/02/2013,04:30,4,2,2
28/02/2013,04:45,1,0,1
28/02/2013,05:00,0,0,0
28/02/2013,05:15,4,3,1
28/02/2013,05:30,0,0,0
28/02/2013,05:45,1,1,0
28/02/2013,06:00,8,7,1
28/02/2013,06:15,20,15,5
28/02/2013,06:30,6,2,4
28/02/2013,06:45,19,17,2
28/02/2013,07:00,27,18,9
28/02/2013,07:15,34,25,9
28/02/2013,07:30,28,17,11
28/02/2013,07:45,45,36,9
28/02/2013,08:00,65,57,8
28/02/2013,08:15,25,14,11
28/02/2013,08:30,30,22,8
28/02/2013,08:45,24,7,17
28/02/2013,09:00,23,6,17
28/02/2013,09:15,25,13,12
28/02/2013,09:30,37,19,18
28/02/2013,09:45,15,9,6
28/02/2013,10:00,30,17,13
28/02/2013,10:15,22,15,7
28/02/2013,10:30,31,15,16
28/02/2013,10:45,21,12,9
28/02/2013,11:00,28,15,13
28/02/2013,11:15,27,10,17
28/02/2013,11:30,27,19,8
28/02/2013,11:45,35,18,17
28/02/2013,12:00,25,15,10
28/02/2013,12:15,23,15,8
28/02/2013,12:30,26,8,18
28/02/2013,12:45,25,12,13
28/02/2013,13:00,23,12,11
28/02/2013,13:15,28,10,18
28/02/2013,13:30,32,20,12
28/02/2013,13:45,25,18,7
28/02/2013,14:00,21,10,11
28/02/2013,14:15,32,14,18
28/02/2013,14:30,20,9,11
28/02/2013,14:45,23,14,9
28/02/2013,15:00,81,43,38
28/02/2013,15:15,35,19,16
28/02/2013,15:30,32,13,19
28/02/2013,15:45,26,9,17
28/02/2013,16:00,49,24,25
28/02/2013,16:15,61,28,33
28/02/2013,16:30,46,25,21
28/02/2013,16:45,38,24,14
28/02/2013,17:00,60,26,34
28/02/2013,17:15,49,32,17
28/02/2013,17:30,38,20,18
28/02/2013,17:45,16,9,7
28/02/2013,18:00,28,16,12
28/02/2013,18:15,18,15,3
28/02/2013,18:30,9,5,4
28/02/2013,18:45,8,4,4
28/02/2013,19:00,8,7,1
28/02/2013,19:15,5,2,3
28/02/2013,19:30,3,1,2
28/02/2013,19:45,8,7,1
28/02/2013,20:00,6,2,4
28/02/2013,20:15,2,1,1
28/02/2013,20:30,4,2,2
28/02/2013,20:45,5,4,1
28/02/2013,21:00,2,1,1
28/02/2013,21:15,1,1,0
28/02/2013,21:30,1,1,0
28/02/2013,21:45,3,3,0
28/02/2013,22:00,0,0,0
28/02/2013,22:15,0,0,0
28/02/2013,22:30,0,0,0
28/02/2013,22:45,0,0,0
28/02/2013,23:00,0,0,0
28/02/2013,23:15,0,0,0
28/02/2013,23:30,0,0,0
28/02/2013,23:45,0,0,0
01/03/2013,00:00,0,0,0
01/03/2013,00:15,0,0,0
01/03/2013,00:30,0,0,0
01/03/2013,00:45,0,0,0
01/03/2013,01:00,0,0,0
01/03/2013,01:15,0,0,0
01/03/2013,01:30,0,0,0
01/03/2013,01:45,0,0,0
01/03/2013,02:00,0,0,0
01/03/2013,02:15,0,0,0
01/03/2013,02:30,0,0,0
01/03/2013,02:45,0,0,0
01/03/2013,03:00,0,0,0
01/03/2013,03:15,0,0,0
01/03/2013,03:30,0,0,0
01/03/2013,03:45,0,0,0
01/03/2013,04:00,0,0,0
01/03/2013,04:15,0,0,0
01/03/2013,04:30,1,1,0
01/03/2013,04:45,1,1,0
01/03/2013,05:00,1,1,0
01/03/2013,05:15,1,1,0
01/03/2013,05:30,5,4,1
01/03/2013,05:45,2,1,1
01/03/2013,06:00,6,6,0
01/03/2013,06:15,8,5,3
01/03/2013,06:30,10,7,3
01/03/2013,06:45,12,9,3
01/03/2013,07:00,25,8,17
01/03/2013,07:15,37,17,20
01/03/2013,07:30,34,24,10
01/03/2013,07:45,34,25,9
01/03/2013,08:00,57,54,3
01/03/2013,08:15,26,18,8
01/03/2013,08:30,20,14,6
01/03/2013,08:45,20,7,13
01/03/2013,09:00,35,20,15
01/03/2013,09:15,28,14,14
01/03/2013,09:30,20,6,14
01/03/2013,09:45,36,25,11
01/03/2013,10:00,24,15,9
01/03/2013,10:15,24,14,10
01/03/2013,10:30,19,8,11
01/03/2013,10:45,32,19,13
01/03/2013,11:00,24,15,9
01/03/2013,11:15,37,18,19
01/03/2013,11:30,26,14,12
01/03/2013,11:45,36,23,13
01/03/2013,12:00,20,14,6
01/03/2013,12:15,40,33,7
01/03/2013,12:30,19,14,5
01/03/2013,12:45,31,21,10
01/03/2013,13:00,35,22,13
01/03/2013,13:15,30,24,6
01/03/2013,13:30,43,27,16
01/03/2013,13:45,49,32,17
01/03/2013,14:00,42,26,16
01/03/2013,14:15,33,24,9
01/03/2013,14:30,60,41,19
01/03/2013,14:45,49,35,14
01/03/2013,15:00,39,26,13
01/03/2013,15:15,51,32,19
01/03/2013,15:30,73,32,41
01/03/2013,15:45,71,23,48
01/03/2013,16:00,63,22,41
01/03/2013,16:15,88,19,69
01/03/2013,16:30,105,30,75
01/03/2013,16:45,70,35,35
01/03/2013,17:00,39,15,24
01/03/2013,17:15,59,39,20
01/03/2013,17:30,48,23,25
01/03/2013,17:45,41,21,20
01/03/2013,18:00,35,16,19
01/03/2013,18:15,44,23,21
01/03/2013,18:30,19,13,6
01/03/2013,18:45,10,6,4
01/03/2013,19:00,5,3,2
01/03/2013,19:15,3,3,0
01/03/2013,19:30,2,1,1
01/03/2013,19:45,2,1,1
01/03/2013,20:00,2,1,1
01/03/2013,20:15,4,3,1
01/03/2013,20:30,0,0,0
01/03/2013,20:45,4,3,1
01/03/2013,21:00,2,2,0
01/03/2013,21:15,1,0,1
01/03/2013,21:30,1,0,1
01/03/2013,21:45,3,3,0
01/03/2013,22:00,3,3,0
01/03/2013,22:15,0,0,0
01/03/2013,22:30,2,2,0
01/03/2013,22:45,0,0,0
01/03/2013,23:00,0,0,0
01/03/2013,23:15,0,0,0
01/03/2013,23:30,2,2,0
01/03/2013,23:45,0,0,0
02/03/2013,00:00,0,0,0
02/03/2013,00:15,1,0,1
02/03/2013,00:30,0,0,0
02/03/2013,00:45,0,0,0
02/03/2013,01:00,0,0,0
02/03/2013,01:15,0,0,0
02/03/2013,01:30,0,0,0
02/03/2013,01:45,0,0,0
02/03/2013,02:00,0,0,0
02/03/2013,02:15,0,0,0
02/03/2013,02:30,0,0,0
02/03/2013,02:45,0,0,0
02/03/2013,03:00,0,0,0
02/03/2013,03:15,0,0,0
02/03/2013,03:30,0,0,0
02/03/2013,03:45,0,0,0
02/03/2013,04:00,0,0,0
02/03/2013,04:15,0,0,0
02/03/2013,04:30,0,0,0
02/03/2013,04:45,1,0,1
02/03/2013,05:00,2,1,1
02/03/2013,05:15,0,0,0
02/03/2013,05:30,0,0,0
02/03/2013,05:45,0,0,0
02/03/2013,06:00,3,2,1
02/03/2013,06:15,2,1,1
02/03/2013,06:30,6,6,0
02/03/2013,06:45,1,1,0
02/03/2013,07:00,10,5,5
02/03/2013,07:15,13,11,2
02/03/2013,07:30,25,20,5
02/03/2013,07:45,27,21,6
02/03/2013,08:00,29,21,8
02/03/2013,08:15,69,50,19
02/03/2013,08:30,56,43,13
02/03/2013,08:45,69,54,15
02/03/2013,09:00,140,116,24
02/03/2013,09:15,83,68,15
02/03/2013,09:30,100,79,21
02/03/2013,09:45,152,130,22
02/03/2013,10:00,109,80,29
02/03/2013,10:15,130,113,17
02/03/2013,10:30,95,67,28
02/03/2013,10:45,81,59,22
02/03/2013,11:00,130,109,21
02/03/2013,11:15,123,103,20
02/03/2013,11:30,111,100,11
02/03/2013,11:45,111,93,18
02/03/2013,12:00,119,104,15
02/03/2013,12:15,109,81,28
02/03/2013,12:30,119,100,19
02/03/2013,12:45,100,86,14
02/03/2013,13:00,93,72,21
02/03/2013,13:15,120,108,12
02/03/2013,13:30,89,69,20
02/03/2013,13:45,101,83,18
02/03/2013,14:00,92,75,17
02/03/2013,14:15,94,73,21
02/03/2013,14:30,52,44,8
02/03/2013,14:45,89,70,19
02/03/2013,15:00,87,70,17
02/03/2013,15:15,56,34,22
02/03/2013,15:30,74,59,15
02/03/2013,15:45,65,51,14
02/03/2013,16:00,57,37,20
02/03/2013,16:15,51,36,15
02/03/2013,16:30,49,23,26
02/03/2013,16:45,40,21,19
02/03/2013,17:00,47,31,16
02/03/2013,17:15,24,9,15
02/03/2013,17:30,22,12,10
02/03/2013,17:45,20,9,11
02/03/2013,18:00,10,4,6
02/03/2013,18:15,7,2,5
02/03/2013,18:30,9,4,5
02/03/2013,18:45,4,2,2
02/03/2013,19:00,3,2,1
02/03/2013,19:15,1,0,1
02/03/2013,19:30,3,3,0
02/03/2013,19:45,1,1,0
02/03/2013,20:00,3,3,0
02/03/2013,20:15,2,2,0
02/03/2013,20:30,3,2,1
02/03/2013,20:45,3,1,2
02/03/2013,21:00,3,1,2
02/03/2013,21:15,1,0,1
02/03/2013,21:30,0,0,0
02/03/2013,21:45,1,1,0
02/03/2013,22:00,1,0,1
02/03/2013,22:15,0,0,0
02/03/2013,22:30,2,0,2
02/03/2013,22:45,0,0,0
02/03/2013,23:00,0,0,0
02/03/2013,23:15,1,0,1
02/03/2013,23:30,0,0,0
02/03/2013,23:45,0,0,0
03/03/2013,00:00,0,0,0
03/03/2013,00:15,0,0,0
03/03/2013,00:30,0,0,0
03/03/2013,00:45,0,0,0
03/03/2013,01:00,0,0,0
03/03/2013,01:15,0,0,0
03/03/2013,01:30,0,0,0
03/03/2013,01:45,0,0,0
03/03/2013,02:00,0,0,0
03/03/2013,02:15,0,0,0
03/03/2013,02:30,1,0,1
03/03/2013,02:45,0,0,0
03/03/2013,03:00,0,0,0
03/03/2013,03:15,0,0,0
03/03/2013,03:30,0,0,0
03/03/2013,03:45,0,0,0
03/03/2013,04:00,0,0,0
03/03/2013,04:15,0,0,0
03/03/2013,04:30,0,0,0
03/03/2013,04:45,1,1,0
03/03/2013,05:00,0,0,0
03/03/2013,05:15,0,0,0
03/03/2013,05:30,2,2,0
03/03/2013,05:45,0,0,0
03/03/2013,06:00,0,0,0
03/03/2013,06:15,1,1,0
03/03/2013,06:30,8,2,6
03/03/2013,06:45,5,3,2
03/03/2013,07:00,6,3,3
03/03/2013,07:15,13,7,6
03/03/2013,07:30,14,3,11
03/03/2013,07:45,23,9,14
03/03/2013,08:00,27,16,11
03/03/2013,08:15,25,16,9
03/03/2013,08:30,43,29,14
03/03/2013,08:45,45,34,11
03/03/2013,09:00,64,44,20
03/03/2013,09:15,80,69,11
03/03/2013,09:30,69,56,13
03/03/2013,09:45,77,57,20
03/03/2013,10:00,118,103,15
03/03/2013,10:15,94,79,15
03/03/2013,10:30,92,72,20
03/03/2013,10:45,90,71,19
03/03/2013,11:00,91,70,21
03/03/2013,11:15,95,66,29
03/03/2013,11:30,82,65,17
03/03/2013,11:45,88,64,24
03/03/2013,12:00,84,63,21
03/03/2013,12:15,73,53,20
03/03/2013,12:30,72,58,14
03/03/2013,12:45,122,103,19
03/03/2013,13:00,69,53,16
03/03/2013,13:15,78,60,18
03/03/2013,13:30,82,67,15
03/03/2013,13:45,116,97,19
03/03/2013,14:00,71,51,20
03/03/2013,14:15,112,56,56
03/03/2013,14:30,119,73,46
03/03/2013,14:45,61,46,15
03/03/2013,15:00,79,48,31
03/03/2013,15:15,67,40,27
03/03/2013,15:30,40,19,21
03/03/2013,15:45,63,38,25
03/03/2013,16:00,48,35,13
03/03/2013,16:15,47,26,21
03/03/2013,16:30,47,25,22
03/03/2013,16:45,50,18,32
03/03/2013,17:00,37,16,21
03/03/2013,17:15,21,7,14
03/03/2013,17:30,24,13,11
03/03/2013,17:45,23,11,12
03/03/2013,18:00,12,2,10
03/03/2013,18:15,15,2,13
03/03/2013,18:30,0,0,0
03/03/2013,18:45,2,1,1
03/03/2013,19:00,3,2,1
03/03/2013,19:15,5,5,0
03/03/2013,19:30,0,0,0
03/03/2013,19:45,3,2,1
03/03/2013,20:00,0,0,0
03/03/2013,20:15,2,1,1
03/03/2013,20:30,1,1,0
03/03/2013,20:45,1,1,0
03/03/2013,21:00,1,1,0
03/03/2013,21:15,0,0,0
03/03/2013,21:30,0,0,0
03/03/2013,21:45,1,1,0
03/03/2013,22:00,0,0,0
03/03/2013,22:15,0,0,0
03/03/2013,22:30,0,0,0
03/03/2013,22:45,0,0,0
03/03/2013,23:00,0,0,0
03/03/2013,23:15,0,0,0
03/03/2013,23:30,0,0,0
03/03/2013,23:45,0,0,0
04/03/2013,00:00,0,0,0
04/03/2013,00:15,0,0,0
04/03/2013,00:30,0,0,0
04/03/2013,00:45,1,1,0
04/03/2013,01:00,0,0,0
04/03/2013,01:15,0,0,0
04/03/2013,01:30,0,0,0
04/03/2013,01:45,0,0,0
04/03/2013,02:00,0,0,0
04/03/2013,02:15,1,1,0
04/03/2013,02:30,2,2,0
04/03/2013,02:45,0,0,0
04/03/2013,03:00,0,0,0
04/03/2013,03:15,0,0,0
04/03/2013,03:30,0,0,0
04/03/2013,03:45,0,0,0
04/03/2013,04:00,1,1,0
04/03/2013,04:15,0,0,0
04/03/2013,04:30,1,1,0
04/03/2013,04:45,2,1,1
04/03/2013,05:00,2,2,0
04/03/2013,05:15,1,1,0
04/03/2013,05:30,3,3,0
04/03/2013,05:45,3,2,1
04/03/2013,06:00,9,3,6
04/03/2013,06:15,17,9,8
04/03/2013,06:30,10,6,4
04/03/2013,06:45,21,14,7
04/03/2013,07:00,10,5,5
04/03/2013,07:15,22,12,10
04/03/2013,07:30,28,17,11
04/03/2013,07:45,30,26,4
04/03/2013,08:00,78,71,7
04/03/2013,08:15,22,12,10
04/03/2013,08:30,17,9,8
04/03/2013,08:45,26,14,12
04/03/2013,09:00,23,13,10
04/03/2013,09:15,22,9,13
04/03/2013,09:30,18,7,11
04/03/2013,09:45,19,10,9
04/03/2013,10:00,19,5,14
04/03/2013,10:15,22,8,14
04/03/2013,10:30,17,6,11
04/03/2013,10:45,21,10,11
04/03/2013,11:00,24,14,10
04/03/2013,11:15,17,11,6
04/03/2013,11:30,13,4,9
04/03/2013,11:45,11,6,5
04/03/2013,12:00,20,10,10
04/03/2013,12:15,25,14,11
04/03/2013,12:30,27,17,10
04/03/2013,12:45,15,10,5
04/03/2013,13:00,21,12,9
04/03/2013,13:15,23,14,9
04/03/2013,13:30,25,19,6
04/03/2013,13:45,28,11,17
04/03/2013,14:00,23,11,12
04/03/2013,14:15,25,13,12
04/03/2013,14:30,81,53,28
04/03/2013,14:45,40,17,23
04/03/2013,15:00,31,18,13
04/03/2013,15:15,31,12,19
04/03/2013,15:30,39,20,19
04/03/2013,15:45,31,13,18
04/03/2013,16:00,28,15,13
04/03/2013,16:15,42,15,27
04/03/2013,16:30,35,15,20
04/03/2013,16:45,41,18,23
04/03/2013,17:00,59,13,46
04/03/2013,17:15,41,9,32
04/03/2013,17:30,36,18,18
04/03/2013,17:45,43,15,28
04/03/2013,18:00,28,15,13
04/03/2013,18:15,26,15,11
04/03/2013,18:30,21,5,16
04/03/2013,18:45,5,2,3
04/03/2013,19:00,14,6,8
04/03/2013,19:15,11,7,4
04/03/2013,19:30,11,7,4
04/03/2013,19:45,5,5,0
04/03/2013,20:00,1,1,0
04/03/2013,20:15,0,0,0
04/03/2013,20:30,11,1,10
04/03/2013,20:45,5,5,0
04/03/2013,21:00,10,8,2
04/03/2013,21:15,0,0,0
04/03/2013,21:30,0,0,0
04/03/2013,21:45,2,1,1
04/03/2013,22:00,0,0,0
04/03/2013,22:15,1,1,0
04/03/2013,22:30,2,2,0
04/03/2013,22:45,0,0,0
04/03/2013,23:00,1,1,0
04/03/2013,23:15,1,1,0
04/03/2013,23:30,0,0,0
04/03/2013,23:45,0,0,0
05/03/2013,00:00,0,0,0
05/03/2013,00:15,0,0,0
05/03/2013,00:30,0,0,0
05/03/2013,00:45,0,0,0
05/03/2013,01:00,0,0,0
05/03/2013,01:15,0,0,0
05/03/2013,01:30,0,0,0
05/03/2013,01:45,0,0,0
05/03/2013,02:00,0,0,0
05/03/2013,02:15,0,0,0
05/03/2013,02:30,0,0,0
05/03/2013,02:45,0,0,0
05/03/2013,03:00,0,0,0
05/03/2013,03:15,0,0,0
05/03/2013,03:30,0,0,0
05/03/2013,03:45,0,0,0
05/03/2013,04:00,0,0,0
05/03/2013,04:15,0,0,0
05/03/2013,04:30,0,0,0
05/03/2013,04:45,1,1,0
05/03/2013,05:00,1,1,0
05/03/2013,05:15,2,1,1
05/03/2013,05:30,3,2,1
05/03/2013,05:45,9,3,6
05/03/2013,06:00,3,1,2
05/03/2013,06:15,17,11,6
05/03/2013,06:30,8,1,7
05/03/2013,06:45,27,18,9
05/03/2013,07:00,18,11,7
05/03/2013,07:15,22,8,14
05/03/2013,07:30,32,13,19
05/03/2013,07:45,33,24,9
05/03/2013,08:00,69,59,10
05/03/2013,08:15,21,12,9
05/03/2013,08:30,24,11,13
05/03/2013,08:45,24,8,16
05/03/2013,09:00,24,13,11
05/03/2013,09:15,27,18,9
05/03/2013,09:30,28,14,14
05/03/2013,09:45,29,12,17
05/03/2013,10:00,15,7,8
05/03/2013,10:15,24,15,9
05/03/2013,10:30,25,13,12
05/03/2013,10:45,19,10,9
05/03/2013,11:00,13,8,5
05/03/2013,11:15,13,9,4
05/03/2013,11:30,17,10,7
05/03/2013,11:45,28,18,10
05/03/2013,12:00,15,7,8
05/03/2013,12:15,17,7,10
05/03/2013,12:30,15,7,8
05/03/2013,12:45,17,9,8
05/03/2013,13:00,16,6,10
05/03/2013,13:15,21,9,12
05/03/2013,13:30,13,10,3
05/03/2013,13:45,18,5,13
05/03/2013,14:00,14,6,8
05/03/2013,14:15,15,7,8
05/03/2013,14:30,14,9,5
05/03/2013,14:45,20,7,13
05/03/2013,15:00,53,37,16
05/03/2013,15:15,32,24,8
05/03/2013,15:30,14,5,9
05/03/2013,15:45,21,12,9
05/03/2013,16:00,26,12,14
05/03/2013,16:15,42,11,31
05/03/2013,16:30,30,11,19
05/03/2013,16:45,21,5,16
05/03/2013,17:00,22,7,15
05/03/2013,17:15,38,21,17
05/03/2013,17:30,50,13,37
05/03/2013,17:45,20,9,11
05/03/2013,18:00,20,10,10
05/03/2013,18:15,36,14,22
05/03/2013,18:30,14,5,9
05/03/2013,18:45,4,4,0
05/03/2013,19:00,8,6,2
05/03/2013,19:15,3,3,0
05/03/2013,19:30,4,3,1
05/03/2013,19:45,6,5,1
05/03/2013,20:00,2,1,1
05/03/2013,20:15,2,2,0
05/03/2013,20:30,0,0,0
05/03/2013,20:45,1,1,0
05/03/2013,21:00,0,0,0
05/03/2013,21:15,0,0,0
05/03/2013,21:30,1,0,1
05/03/2013,21:45,1,1,0
05/03/2013,22:00,0,0,0
05/03/2013,22:15,0,0,0
05/03/2013,22:30,1,1,0
05/03/2013,22:45,1,1,0
05/03/2013,23:00,0,0,0
05/03/2013,23:15,0,0,0
05/03/2013,23:30,0,0,0
05/03/2013,23:45,0,0,0
06/03/2013,00:00,0,0,0
06/03/2013,00:15,0,0,0
06/03/2013,00:30,0,0,0
06/03/2013,00:45,0,0,0
06/03/2013,01:00,0,0,0
06/03/2013,01:15,0,0,0
06/03/2013,01:30,0,0,0
06/03/2013,01:45,0,0,0
06/03/2013,02:00,0,0,0
06/03/2013,02:15,0,0,0
06/03/2013,02:30,0,0,0
06/03/2013,02:45,0,0,0
06/03/2013,03:00,0,0,0
06/03/2013,03:15,0,0,0
06/03/2013,03:30,0,0,0
06/03/2013,03:45,0,0,0
06/03/2013,04:00,0,0,0
06/03/2013,04:15,0,0,0
06/03/2013,04:30,1,1,0
06/03/2013,04:45,1,0,1
06/03/2013,05:00,1,0,1
06/03/2013,05:15,1,0,1
06/03/2013,05:30,0,0,0
06/03/2013,05:45,1,1,0
06/03/2013,06:00,4,2,2
06/03/2013,06:15,10,6,4
06/03/2013,06:30,5,2,3
06/03/2013,06:45,15,6,9
06/03/2013,07:00,20,6,14
06/03/2013,07:15,16,4,12
06/03/2013,07:30,16,4,12
06/03/2013,07:45,22,14,8
06/03/2013,08:00,53,44,9
06/03/2013,08:15,21,9,12
06/03/2013,08:30,17,10,7
06/03/2013,08:45,17,5,12
06/03/2013,09:00,44,5,39
06/03/2013,09:15,27,9,18
06/03/2013,09:30,18,10,8
06/03/2013,09:45,26,5,21
06/03/2013,10:00,20,5,15
06/03/2013,10:15,13,7,6
06/03/2013,10:30,12,7,5
06/03/2013,10:45,13,9,4
06/03/2013,11:00,11,6,5
06/03/2013,11:15,14,6,8
06/03/2013,11:30,9,3,6
06/03/2013,11:45,15,9,6
06/03/2013,12:00,14,5,9
06/03/2013,12:15,24,9,15
06/03/2013,12:30,17,5,12
06/03/2013,12:45,15,9,6
06/03/2013,13:00,14,7,7
06/03/2013,13:15,12,3,9
06/03/2013,13:30,41,28,13
06/03/2013,13:45,9,3,6
06/03/2013,14:00,24,13,11
06/03/2013,14:15,10,4,6
06/03/2013,14:30,22,6,16
06/03/2013,14:45,17,4,13
06/03/2013,15:00,20,11,9
06/03/2013,15:15,22,9,13
06/03/2013,15:30,20,12,8
06/03/2013,15:45,24,12,12
06/03/2013,16:00,21,9,12
06/03/2013,16:15,31,13,18
06/03/2013,16:30,42,10,32
06/03/2013,16:45,36,8,28
06/03/2013,17:00,33,10,23
06/03/2013,17:15,23,10,13
06/03/2013,17:30,50,9,41
06/03/2013,17:45,32,13,19
06/03/2013,18:00,18,8,10
06/03/2013,18:15,25,11,14
06/03/2013,18:30,17,6,11
06/03/2013,18:45,7,3,4
06/03/2013,19:00,5,3,2
06/03/2013,19:15,4,4,0
06/03/2013,19:30,7,6,1
06/03/2013,19:45,5,2,3
06/03/2013,20:00,2,1,1
06/03/2013,20:15,3,1,2
06/03/2013,20:30,1,1,0
06/03/2013,20:45,3,2,1
06/03/2013,21:00,2,2,0
06/03/2013,21:15,4,3,1
06/03/2013,21:30,1,1,0
06/03/2013,21:45,3,2,1
06/03/2013,22:00,0,0,0
06/03/2013,22:15,5,3,2
06/03/2013,22:30,0,0,0
06/03/2013,22:45,0,0,0
06/03/2013,23:00,0,0,0
06/03/2013,23:15,0,0,0
06/03/2013,23:30,0,0,0
06/03/2013,23:45,0,0,0
07/03/2013,00:00,0,0,0
07/03/2013,00:15,0,0,0
07/03/2013,00:30,0,0,0
07/03/2013,00:45,0,0,0
07/03/2013,01:00,0,0,0
07/03/2013,01:15,0,0,0
07/03/2013,01:30,0,0,0
07/03/2013,01:45,0,0,0
07/03/2013,02:00,0,0,0
07/03/2013,02:15,0,0,0
07/03/2013,02:30,0,0,0
07/03/2013,02:45,0,0,0
07/03/2013,03:00,0,0,0
07/03/2013,03:15,0,0,0
07/03/2013,03:30,0,0,0
07/03/2013,03:45,0,0,0
07/03/2013,04:00,0,0,0
07/03/2013,04:15,0,0,0
07/03/2013,04:30,0,0,0
07/03/2013,04:45,0,0,0
07/03/2013,05:00,2,2,0
07/03/2013,05:15,0,0,0
07/03/2013,05:30,0,0,0
07/03/2013,05:45,4,4,0
07/03/2013,06:00,11,8,3
07/03/2013,06:15,12,7,5
07/03/2013,06:30,8,4,4
07/03/2013,06:45,13,10,3
07/03/2013,07:00,9,1,8
07/03/2013,07:15,26,14,12
07/03/2013,07:30,16,12,4
07/03/2013,07:45,29,20,9
07/03/2013,08:00,57,48,9
07/03/2013,08:15,26,13,13
07/03/2013,08:30,17,8,9
07/03/2013,08:45,27,10,17
07/03/2013,09:00,17,6,11
07/03/2013,09:15,17,2,15
07/03/2013,09:30,21,6,15
07/03/2013,09:45,14,9,5
07/03/2013,10:00,16,5,11
07/03/2013,10:15,12,6,6
07/03/2013,10:30,20,9,11
07/03/2013,10:45,17,7,10
07/03/2013,11:00,13,4,9
07/03/2013,11:15,21,7,14
07/03/2013,11:30,11,4,7
07/03/2013,11:45,16,7,9
07/03/2013,12:00,13,3,10
07/03/2013,12:15,13,8,5
07/03/2013,12:30,11,3,8
07/03/2013,12:45,11,4,7
07/03/2013,13:00,14,8,6
07/03/2013,13:15,13,3,10
07/03/2013,13:30,11,5,6
07/03/2013,13:45,9,4,5
07/03/2013,14:00,9,3,6
07/03/2013,14:15,14,8,6
07/03/2013,14:30,23,10,13
07/03/2013,14:45,8,2,6
07/03/2013,15:00,38,29,9
07/03/2013,15:15,19,13,6
07/03/2013,15:30,13,7,6
07/03/2013,15:45,14,5,9
07/03/2013,16:00,8,3,5
07/03/2013,16:15,18,7,11
07/03/2013,16:30,34,7,27
07/03/2013,16:45,31,12,19
07/03/2013,17:00,26,11,15
07/03/2013,17:15,29,14,15
07/03/2013,17:30,34,4,30
07/03/2013,17:45,18,6,12
07/03/2013,18:00,16,10,6
07/03/2013,18:15,9,4,5
07/03/2013,18:30,2,1,1
07/03/2013,18:45,1,0,1
07/03/2013,19:00,5,4,1
07/03/2013,19:15,5,4,1
07/03/2013,19:30,3,3,0
07/03/2013,19:45,0,0,0
07/03/2013,20:00,1,0,1
07/03/2013,20:15,0,0,0
07/03/2013,20:30,1,0,1
07/03/2013,20:45,1,1,0
07/03/2013,21:00,0,0,0
07/03/2013,21:15,1,1,0
07/03/2013,21:30,1,1,0
07/03/2013,21:45,1,1,0
07/03/2013,22:00,1,1,0
07/03/2013,22:15,2,0,2
07/03/2013,22:30,0,0,0
07/03/2013,22:45,0,0,0
07/03/2013,23:00,1,0,1
07/03/2013,23:15,0,0,0
07/03/2013,23:30,0,0,0
07/03/2013,23:45,0,0,0
08/03/2013,00:00,0,0,0
08/03/2013,00:15,0,0,0
08/03/2013,00:30,0,0,0
08/03/2013,00:45,0,0,0
08/03/2013,01:00,0,0,0
08/03/2013,01:15,0,0,0
08/03/2013,01:30,0,0,0
08/03/2013,01:45,0,0,0
08/03/2013,02:00,0,0,0
08/03/2013,02:15,0,0,0
08/03/2013,02:30,0,0,0
08/03/2013,02:45,0,0,0
08/03/2013,03:00,0,0,0
08/03/2013,03:15,0,0,0
08/03/2013,03:30,0,0,0
08/03/2013,03:45,0,0,0
08/03/2013,04:00,0,0,0
08/03/2013,04:15,0,0,0
08/03/2013,04:30,2,2,0
08/03/2013,04:45,1,1,0
08/03/2013,05:00,1,1,0
08/03/2013,05:15,0,0,0
08/03/2013,05:30,2,2,0
08/03/2013,05:45,6,3,3
08/03/2013,06:00,6,2,4
08/03/2013,06:15,12,9,3
08/03/2013,06:30,7,3,4
08/03/2013,06:45,23,12,11
08/03/2013,07:00,20,7,13
08/03/2013,07:15,32,19,13
08/03/2013,07:30,28,18,10
08/03/2013,07:45,26,18,8
08/03/2013,08:00,67,59,8
08/03/2013,08:15,31,18,13
08/03/2013,08:30,34,16,18
08/03/2013,08:45,27,14,13
08/03/2013,09:00,33,11,22
08/03/2013,09:15,30,11,19
08/03/2013,09:30,25,12,13
08/03/2013,09:45,28,19,9
08/03/2013,10:00,19,10,9
08/03/2013,10:15,20,9,11
08/03/2013,10:30,24,16,8
08/03/2013,10:45,33,17,16
08/03/2013,11:00,23,13,10
08/03/2013,11:15,20,13,7
08/03/2013,11:30,21,6,15
08/03/2013,11:45,28,18,10
08/03/2013,12:00,31,16,15
08/03/2013,12:15,26,9,17
08/03/2013,12:30,22,12,10
08/03/2013,12:45,28,10,18
08/03/2013,13:00,29,12,17
08/03/2013,13:15,29,12,17
08/03/2013,13:30,27,15,12
08/03/2013,13:45,35,18,17
08/03/2013,14:00,28,7,21
08/03/2013,14:15,41,17,24
08/03/2013,14:30,65,41,24
08/03/2013,14:45,39,22,17
08/03/2013,15:00,45,24,21
08/03/2013,15:15,68,21,47
08/03/2013,15:30,70,21,49
08/03/2013,15:45,79,23,56
08/03/2013,16:00,57,26,31
08/03/2013,16:15,100,16,84
08/03/2013,16:30,147,28,119
08/03/2013,16:45,122,18,104
08/03/2013,17:00,68,15,53
08/03/2013,17:15,70,17,53
08/03/2013,17:30,83,16,67
08/03/2013,17:45,58,14,44
08/03/2013,18:00,27,17,10
08/03/2013,18:15,33,25,8
08/03/2013,18:30,39,6,33
08/03/2013,18:45,7,6,1
08/03/2013,19:00,3,2,1
08/03/2013,19:15,4,4,0
08/03/2013,19:30,3,3,0
08/03/2013,19:45,1,1,0
08/03/2013,20:00,4,4,0
08/03/2013,20:15,3,2,1
08/03/2013,20:30,2,0,2
08/03/2013,20:45,5,2,3
08/03/2013,21:00,1,0,1
08/03/2013,21:15,0,0,0
08/03/2013,21:30,0,0,0
08/03/2013,21:45,0,0,0
08/03/2013,22:00,0,0,0
08/03/2013,22:15,1,1,0
08/03/2013,22:30,3,3,0
08/03/2013,22:45,1,1,0
08/03/2013,23:00,0,0,0
08/03/2013,23:15,0,0,0
08/03/2013,23:30,0,0,0
08/03/2013,23:45,0,0,0
09/03/2013,00:00,0,0,0
09/03/2013,00:15,0,0,0
09/03/2013,00:30,0,0,0
09/03/2013,00:45,0,0,0
09/03/2013,01:00,0,0,0
09/03/2013,01:15,0,0,0
09/03/2013,01:30,0,0,0
09/03/2013,01:45,0,0,0
09/03/2013,02:00,0,0,0
09/03/2013,02:15,0,0,0
09/03/2013,02:30,0,0,0
09/03/2013,02:45,0,0,0
09/03/2013,03:00,0,0,0
09/03/2013,03:15,0,0,0
09/03/2013,03:30,0,0,0
09/03/2013,03:45,0,0,0
09/03/2013,04:00,0,0,0
09/03/2013,04:15,0,0,0
09/03/2013,04:30,0,0,0
09/03/2013,04:45,0,0,0
09/03/2013,05:00,0,0,0
09/03/2013,05:15,1,0,1
09/03/2013,05:30,1,0,1
09/03/2013,05:45,3,2,1
09/03/2013,06:00,3,3,0
09/03/2013,06:15,3,2,1
09/03/2013,06:30,91,82,9
09/03/2013,06:45,7,7,0
09/03/2013,07:00,12,1,11
09/03/2013,07:15,8,4,4
09/03/2013,07:30,17,11,6
09/03/2013,07:45,34,24,10
09/03/2013,08:00,29,17,12
09/03/2013,08:15,57,42,15
09/03/2013,08:30,54,41,13
09/03/2013,08:45,56,45,11
09/03/2013,09:00,78,65,13
09/03/2013,09:15,114,89,25
09/03/2013,09:30,110,92,18
09/03/2013,09:45,132,110,22
09/03/2013,10:00,128,97,31
09/03/2013,10:15,94,65,29
09/03/2013,10:30,117,85,32
09/03/2013,10:45,97,79,18
09/03/2013,11:00,88,65,23
09/03/2013,11:15,109,85,24
09/03/2013,11:30,109,83,26
09/03/2013,11:45,97,70,27
09/03/2013,12:00,101,62,39
09/03/2013,12:15,111,95,16
09/03/2013,12:30,110,85,25
09/03/2013,12:45,96,74,22
09/03/2013,13:00,115,99,16
09/03/2013,13:15,97,86,11
09/03/2013,13:30,56,43,13
09/03/2013,13:45,78,58,20
09/03/2013,14:00,88,68,20
09/03/2013,14:15,121,101,20
09/03/2013,14:30,94,74,20
09/03/2013,14:45,72,44,28
09/03/2013,15:00,76,50,26
09/03/2013,15:15,82,52,30
09/03/2013,15:30,77,48,29
09/03/2013,15:45,85,43,42
09/03/2013,16:00,71,36,35
09/03/2013,16:15,62,32,30
09/03/2013,16:30,79,35,44
09/03/2013,16:45,49,23,26
09/03/2013,17:00,65,30,35
09/03/2013,17:15,48,22,26
09/03/2013,17:30,30,16,14
09/03/2013,17:45,37,22,15
09/03/2013,18:00,23,10,13
09/03/2013,18:15,31,20,11
09/03/2013,18:30,9,5,4
09/03/2013,18:45,11,9,2
09/03/2013,19:00,11,10,1
09/03/2013,19:15,3,3,0
09/03/2013,19:30,3,2,1
09/03/2013,19:45,8,8,0
09/03/2013,20:00,5,4,1
09/03/2013,20:15,14,14,0
09/03/2013,20:30,9,9,0
09/03/2013,20:45,5,4,1
09/03/2013,21:00,8,8,0
09/03/2013,21:15,1,1,0
09/03/2013,21:30,4,4,0
09/03/2013,21:45,3,3,0
09/03/2013,22:00,2,2,0
09/03/2013,22:15,4,4,0
09/03/2013,22:30,1,1,0
09/03/2013,22:45,5,5,0
09/03/2013,23:00,0,0,0
09/03/2013,23:15,0,0,0
09/03/2013,23:30,0,0,0
09/03/2013,23:45,1,0,1
10/03/2013,00:00,1,1,0
10/03/2013,00:15,0,0,0
10/03/2013,00:30,0,0,0
10/03/2013,00:45,0,0,0
10/03/2013,01:00,0,0,0
10/03/2013,01:15,0,0,0
10/03/2013,01:30,0,0,0
10/03/2013,01:45,1,1,0
10/03/2013,02:00,0,0,0
10/03/2013,02:15,0,0,0
10/03/2013,02:30,0,0,0
10/03/2013,02:45,0,0,0
10/03/2013,03:00,0,0,0
10/03/2013,03:15,0,0,0
10/03/2013,03:30,0,0,0
10/03/2013,03:45,0,0,0
10/03/2013,04:00,0,0,0
10/03/2013,04:15,0,0,0
10/03/2013,04:30,0,0,0
10/03/2013,04:45,0,0,0
10/03/2013,05:00,0,0,0
10/03/2013,05:15,0,0,0
10/03/2013,05:30,0,0,0
10/03/2013,05:45,1,1,0
10/03/2013,06:00,0,0,0
10/03/2013,06:15,0,0,0
10/03/2013,06:30,4,3,1
10/03/2013,06:45,3,0,3
10/03/2013,07:00,4,1,3
10/03/2013,07:15,4,1,3
10/03/2013,07:30,6,3,3
10/03/2013,07:45,7,5,2
10/03/2013,08:00,8,4,4
10/03/2013,08:15,12,4,8
10/03/2013,08:30,32,23,9
10/03/2013,08:45,36,24,12
10/03/2013,09:00,50,38,12
10/03/2013,09:15,95,84,11
10/03/2013,09:30,44,33,11
10/03/2013,09:45,99,80,19
10/03/2013,10:00,82,63,19
10/03/2013,10:15,59,49,10
10/03/2013,10:30,65,50,15
10/03/2013,10:45,77,69,8
10/03/2013,11:00,98,75,23
10/03/2013,11:15,117,87,30
10/03/2013,11:30,114,103,11
10/03/2013,11:45,109,75,34
10/03/2013,12:00,105,84,21
10/03/2013,12:15,77,65,12
10/03/2013,12:30,93,76,17
10/03/2013,12:45,90,72,18
10/03/2013,13:00,114,98,16
10/03/2013,13:15,92,74,18
10/03/2013,13:30,111,94,17
10/03/2013,13:45,83,65,18
10/03/2013,14:00,90,75,15
10/03/2013,14:15,102,89,13
10/03/2013,14:30,85,67,18
10/03/2013,14:45,58,40,18
10/03/2013,15:00,97,73,24
10/03/2013,15:15,86,67,19
10/03/2013,15:30,95,67,28
10/03/2013,15:45,72,45,27
10/03/2013,16:00,55,36,19
10/03/2013,16:15,77,51,26
10/03/2013,16:30,65,33,32
10/03/2013,16:45,65,42,23
10/03/2013,17:00,56,39,17
10/03/2013,17:15,50,30,20
10/03/2013,17:30,41,23,18
10/03/2013,17:45,42,29,13
10/03/2013,18:00,45,25,20
10/03/2013,18:15,21,8,13
10/03/2013,18:30,90,16,74
10/03/2013,18:45,65,6,59
10/03/2013,19:00,12,7,5
10/03/2013,19:15,3,3,0
10/03/2013,19:30,18,8,10
10/03/2013,19:45,6,3,3
10/03/2013,20:00,0,0,0
10/03/2013,20:15,1,0,1
10/03/2013,20:30,2,0,2
10/03/2013,20:45,3,1,2
10/03/2013,21:00,2,1,1
10/03/2013,21:15,0,0,0
10/03/2013,21:30,0,0,0
10/03/2013,21:45,1,1,0
10/03/2013,22:00,1,1,0
10/03/2013,22:15,0,0,0
10/03/2013,22:30,0,0,0
10/03/2013,22:45,0,0,0
10/03/2013,23:00,0,0,0
10/03/2013,23:15,0,0,0
10/03/2013,23:30,0,0,0
10/03/2013,23:45,0,0,0
11/03/2013,00:00,0,0,0
11/03/2013,00:15,0,0,0
11/03/2013,00:30,0,0,0
11/03/2013,00:45,0,0,0
11/03/2013,01:00,0,0,0
11/03/2013,01:15,0,0,0
11/03/2013,01:30,0,0,0
11/03/2013,01:45,0,0,0
11/03/2013,02:00,0,0,0
11/03/2013,02:15,0,0,0
11/03/2013,02:30,0,0,0
11/03/2013,02:45,0,0,0
11/03/2013,03:00,0,0,0
11/03/2013,03:15,1,0,1
11/03/2013,03:30,0,0,0
11/03/2013,03:45,0,0,0
11/03/2013,04:00,0,0,0
11/03/2013,04:15,0,0,0
11/03/2013,04:30,1,1,0
11/03/2013,04:45,0,0,0
11/03/2013,05:00,2,2,0
11/03/2013,05:15,1,1,0
11/03/2013,05:30,0,0,0
11/03/2013,05:45,5,4,1
11/03/2013,06:00,4,1,3
11/03/2013,06:15,10,8,2
11/03/2013,06:30,9,8,1
11/03/2013,06:45,13,11,2
11/03/2013,07:00,12,9,3
11/03/2013,07:15,11,5,6
11/03/2013,07:30,12,10,2
11/03/2013,07:45,24,19,5
11/03/2013,08:00,64,56,8
11/03/2013,08:15,33,22,11
11/03/2013,08:30,24,12,12
11/03/2013,08:45,18,11,7
11/03/2013,09:00,27,14,13
11/03/2013,09:15,34,9,25
11/03/2013,09:30,26,11,15
11/03/2013,09:45,51,16,35
11/03/2013,10:00,41,9,32
11/03/2013,10:15,24,8,16
11/03/2013,10:30,25,15,10
11/03/2013,10:45,17,4,13
11/03/2013,11:00,25,13,12
11/03/2013,11:15,16,7,9
11/03/2013,11:30,17,9,8
11/03/2013,11:45,16,7,9
11/03/2013,12:00,32,16,16
11/03/2013,12:15,21,10,11
11/03/2013,12:30,33,14,19
11/03/2013,12:45,18,9,9
11/03/2013,13:00,22,11,11
11/03/2013,13:15,35,27,8
11/03/2013,13:30,19,11,8
11/03/2013,13:45,32,15,17
11/03/2013,14:00,32,10,22
11/03/2013,14:15,37,18,19
11/03/2013,14:30,57,39,18
11/03/2013,14:45,33,17,16
11/03/2013,15:00,30,18,12
11/03/2013,15:15,44,31,13
11/03/2013,15:30,34,18,16
11/03/2013,15:45,27,15,12
11/03/2013,16:00,41,19,22
11/03/2013,16:15,34,10,24
11/03/2013,16:30,49,20,29
11/03/2013,16:45,45,16,29
11/03/2013,17:00,62,24,38
11/03/2013,17:15,122,23,99
11/03/2013,17:30,111,18,93
11/03/2013,17:45,131,33,98
11/03/2013,18:00,115,31,84
11/03/2013,18:15,66,27,39
11/03/2013,18:30,29,12,17
11/03/2013,18:45,34,13,21
11/03/2013,19:00,30,16,14
11/03/2013,19:15,16,13,3
11/03/2013,19:30,15,5,10
11/03/2013,19:45,11,5,6
11/03/2013,20:00,7,3,4
11/03/2013,20:15,1,1,0
11/03/2013,20:30,5,1,4
11/03/2013,20:45,0,0,0
11/03/2013,21:00,1,0,1
11/03/2013,21:15,2,2,0
11/03/2013,21:30,0,0,0
11/03/2013,21:45,0,0,0
11/03/2013,22:00,1,0,1
11/03/2013,22:15,1,0,1
11/03/2013,22:30,0,0,0
11/03/2013,22:45,0,0,0
11/03/2013,23:00,1,0,1
11/03/2013,23:15,1,1,0
11/03/2013,23:30,0,0,0
11/03/2013,23:45,0,0,0
12/03/2013,00:00,0,0,0
12/03/2013,00:15,0,0,0
12/03/2013,00:30,0,0,0
12/03/2013,00:45,0,0,0
12/03/2013,01:00,0,0,0
12/03/2013,01:15,0,0,0
12/03/2013,01:30,0,0,0
12/03/2013,01:45,0,0,0
12/03/2013,02:00,0,0,0
12/03/2013,02:15,0,0,0
12/03/2013,02:30,0,0,0
12/03/2013,02:45,0,0,0
12/03/2013,03:00,0,0,0
12/03/2013,03:15,0,0,0
12/03/2013,03:30,0,0,0
12/03/2013,03:45,0,0,0
12/03/2013,04:00,0,0,0
12/03/2013,04:15,0,0,0
12/03/2013,04:30,1,0,1
12/03/2013,04:45,1,0,1
12/03/2013,05:00,4,2,2
12/03/2013,05:15,2,0,2
12/03/2013,05:30,4,3,1
12/03/2013,05:45,3,2,1
12/03/2013,06:00,7,3,4
12/03/2013,06:15,17,11,6
12/03/2013,06:30,11,8,3
12/03/2013,06:45,13,10,3
12/03/2013,07:00,14,10,4
12/03/2013,07:15,21,17,4
12/03/2013,07:30,29,20,9
12/03/2013,07:45,32,25,7
12/03/2013,08:00,62,54,8
12/03/2013,08:15,29,15,14
12/03/2013,08:30,40,10,30
12/03/2013,08:45,54,9,45
12/03/2013,09:00,48,12,36
12/03/2013,09:15,25,15,10
12/03/2013,09:30,12,6,6
12/03/2013,09:45,30,8,22
12/03/2013,10:00,49,10,39
12/03/2013,10:15,36,8,28
12/03/2013,10:30,30,12,18
12/03/2013,10:45,13,2,11
12/03/2013,11:00,25,14,11
12/03/2013,11:15,20,9,11
12/03/2013,11:30,16,9,7
12/03/2013,11:45,25,18,7
12/03/2013,12:00,26,14,12
12/03/2013,12:15,17,12,5
12/03/2013,12:30,25,13,12
12/03/2013,12:45,30,15,15
12/03/2013,13:00,24,13,11
12/03/2013,13:15,26,14,12
12/03/2013,13:30,35,24,11
12/03/2013,13:45,27,17,10
12/03/2013,14:00,19,13,6
12/03/2013,14:15,20,9,11
12/03/2013,14:30,20,9,11
12/03/2013,14:45,22,13,9
12/03/2013,15:00,50,29,21
12/03/2013,15:15,35,21,14
12/03/2013,15:30,31,18,13
12/03/2013,15:45,77,22,55
12/03/2013,16:00,116,16,100
12/03/2013,16:15,73,21,52
12/03/2013,16:30,94,26,68
12/03/2013,16:45,60,26,34
12/03/2013,17:00,59,24,35
12/03/2013,17:15,85,21,64
12/03/2013,17:30,69,22,47
12/03/2013,17:45,63,30,33
12/03/2013,18:00,54,29,25
12/03/2013,18:15,55,23,32
12/03/2013,18:30,50,25,25
12/03/2013,18:45,57,17,40
12/03/2013,19:00,23,12,11
12/03/2013,19:15,27,12,15
12/03/2013,19:30,18,8,10
12/03/2013,19:45,10,6,4
12/03/2013,20:00,5,4,1
12/03/2013,20:15,8,3,5
12/03/2013,20:30,1,1,0
12/03/2013,20:45,2,1,1
12/03/2013,21:00,1,1,0
12/03/2013,21:15,1,0,1
12/03/2013,21:30,2,2,0
12/03/2013,21:45,2,2,0
12/03/2013,22:00,0,0,0
12/03/2013,22:15,2,2,0
12/03/2013,22:30,0,0,0
12/03/2013,22:45,0,0,0
12/03/2013,23:00,0,0,0
12/03/2013,23:15,0,0,0
12/03/2013,23:30,0,0,0
12/03/2013,23:45,1,0,1
13/03/2013,00:00,0,0,0
13/03/2013,00:15,1,1,0
13/03/2013,00:30,0,0,0
13/03/2013,00:45,0,0,0
13/03/2013,01:00,0,0,0
13/03/2013,01:15,0,0,0
13/03/2013,01:30,0,0,0
13/03/2013,01:45,0,0,0
13/03/2013,02:00,0,0,0
13/03/2013,02:15,0,0,0
13/03/2013,02:30,0,0,0
13/03/2013,02:45,0,0,0
13/03/2013,03:00,0,0,0
13/03/2013,03:15,0,0,0
13/03/2013,03:30,0,0,0
13/03/2013,03:45,0,0,0
13/03/2013,04:00,0,0,0
13/03/2013,04:15,0,0,0
13/03/2013,04:30,1,1,0
13/03/2013,04:45,0,0,0
13/03/2013,05:00,1,1,0
13/03/2013,05:15,2,0,2
13/03/2013,05:30,6,3,3
13/03/2013,05:45,7,5,2
13/03/2013,06:00,8,5,3
13/03/2013,06:15,12,7,5
13/03/2013,06:30,10,5,5
13/03/2013,06:45,9,7,2
13/03/2013,07:00,13,7,6
13/03/2013,07:15,28,13,15
13/03/2013,07:30,23,17,6
13/03/2013,07:45,26,18,8
13/03/2013,08:00,76,70,6
13/03/2013,08:15,26,21,5
13/03/2013,08:30,22,14,8
13/03/2013,08:45,21,11,10
13/03/2013,09:00,24,13,11
13/03/2013,09:15,43,19,24
13/03/2013,09:30,40,20,20
13/03/2013,09:45,38,15,23
13/03/2013,10:00,26,14,12
13/03/2013,10:15,26,11,15
13/03/2013,10:30,24,14,10
13/03/2013,10:45,18,9,9
13/03/2013,11:00,20,12,8
13/03/2013,11:15,26,15,11
13/03/2013,11:30,31,13,18
13/03/2013,11:45,19,10,9
13/03/2013,12:00,29,14,15
13/03/2013,12:15,18,11,7
13/03/2013,12:30,18,9,9
13/03/2013,12:45,17,8,9
13/03/2013,13:00,19,10,9
13/03/2013,13:15,24,14,10
13/03/2013,13:30,50,38,12
13/03/2013,13:45,24,14,10
13/03/2013,14:00,27,16,11
13/03/2013,14:15,32,20,12
13/03/2013,14:30,27,19,8
13/03/2013,14:45,34,23,11
13/03/2013,15:00,37,24,13
13/03/2013,15:15,20,15,5
13/03/2013,15:30,44,21,23
13/03/2013,15:45,20,14,6
13/03/2013,16:00,44,28,16
13/03/2013,16:15,41,22,19
13/03/2013,16:30,56,17,39
13/03/2013,16:45,60,30,30
13/03/2013,17:00,65,17,48
13/03/2013,17:15,67,35,32
13/03/2013,17:30,77,29,48
13/03/2013,17:45,64,30,34
13/03/2013,18:00,47,28,19
13/03/2013,18:15,87,44,43
13/03/2013,18:30,62,26,36
13/03/2013,18:45,49,28,21
13/03/2013,19:00,20,12,8
13/03/2013,19:15,24,15,9
13/03/2013,19:30,17,10,7
13/03/2013,19:45,8,7,1
13/03/2013,20:00,9,4,5
13/03/2013,20:15,5,2,3
13/03/2013,20:30,4,1,3
13/03/2013,20:45,3,2,1
13/03/2013,21:00,2,1,1
13/03/2013,21:15,4,3,1
13/03/2013,21:30,1,0,1
13/03/2013,21:45,2,1,1
13/03/2013,22:00,1,1,0
13/03/2013,22:15,1,1,0
13/03/2013,22:30,1,1,0
13/03/2013,22:45,1,0,1
13/03/2013,23:00,1,1,0
13/03/2013,23:15,1,1,0
13/03/2013,23:30,0,0,0
13/03/2013,23:45,0,0,0
14/03/2013,00:00,0,0,0
14/03/2013,00:15,0,0,0
14/03/2013,00:30,0,0,0
14/03/2013,00:45,0,0,0
14/03/2013,01:00,0,0,0
14/03/2013,01:15,0,0,0
14/03/2013,01:30,0,0,0
14/03/2013,01:45,0,0,0
14/03/2013,02:00,0,0,0
14/03/2013,02:15,0,0,0
14/03/2013,02:30,0,0,0
14/03/2013,02:45,0,0,0
14/03/2013,03:00,0,0,0
14/03/2013,03:15,0,0,0
14/03/2013,03:30,0,0,0
14/03/2013,03:45,0,0,0
14/03/2013,04:00,0,0,0
14/03/2013,04:15,0,0,0
14/03/2013,04:30,0,0,0
14/03/2013,04:45,1,0,1
14/03/2013,05:00,3,3,0
14/03/2013,05:15,2,2,0
14/03/2013,05:30,1,0,1
14/03/2013,05:45,5,3,2
14/03/2013,06:00,6,1,5
14/03/2013,06:15,20,12,8
14/03/2013,06:30,14,10,4
14/03/2013,06:45,24,16,8
14/03/2013,07:00,19,12,7
14/03/2013,07:15,17,10,7
14/03/2013,07:30,23,12,11
14/03/2013,07:45,33,26,7
14/03/2013,08:00,60,54,6
14/03/2013,08:15,31,23,8
14/03/2013,08:30,35,15,20
14/03/2013,08:45,75,15,60
14/03/2013,09:00,25,10,15
14/03/2013,09:15,32,13,19
14/03/2013,09:30,25,14,11
14/03/2013,09:45,43,5,38
14/03/2013,10:00,49,9,40
14/03/2013,10:15,28,9,19
14/03/2013,10:30,28,16,12
14/03/2013,10:45,20,8,12
14/03/2013,11:00,39,20,19
14/03/2013,11:15,24,9,15
14/03/2013,11:30,22,8,14
14/03/2013,11:45,19,11,8
14/03/2013,12:00,30,19,11
14/03/2013,12:15,13,5,8
14/03/2013,12:30,18,8,10
14/03/2013,12:45,16,6,10
14/03/2013,13:00,29,19,10
14/03/2013,13:15,29,7,22
14/03/2013,13:30,27,15,12
14/03/2013,13:45,16,9,7
14/03/2013,14:00,12,7,5
14/03/2013,14:15,32,18,14
14/03/2013,14:30,31,25,6
14/03/2013,14:45,31,19,12
14/03/2013,15:00,47,30,17
14/03/2013,15:15,29,10,19
14/03/2013,15:30,35,18,17
14/03/2013,15:45,25,10,15
14/03/2013,16:00,43,10,33
14/03/2013,16:15,34,11,23
14/03/2013,16:30,63,23,40
14/03/2013,16:45,42,16,26
14/03/2013,17:00,40,16,24
14/03/2013,17:15,39,15,24
14/03/2013,17:30,74,16,58
14/03/2013,17:45,41,13,28
14/03/2013,18:00,39,23,16
14/03/2013,18:15,31,15,16
14/03/2013,18:30,35,14,21
14/03/2013,18:45,27,18,9
14/03/2013,19:00,19,11,8
14/03/2013,19:15,21,11,10
14/03/2013,19:30,11,5,6
14/03/2013,19:45,12,6,6
14/03/2013,20:00,6,6,0
14/03/2013,20:15,1,0,1
14/03/2013,20:30,3,1,2
14/03/2013,20:45,5,1,4
14/03/2013,21:00,1,0,1
14/03/2013,21:15,1,1,0
14/03/2013,21:30,5,4,1
14/03/2013,21:45,1,1,0
14/03/2013,22:00,0,0,0
14/03/2013,22:15,1,1,0
14/03/2013,22:30,0,0,0
14/03/2013,22:45,1,1,0
14/03/2013,23:00,0,0,0
14/03/2013,23:15,0,0,0
14/03/2013,23:30,1,0,1
14/03/2013,23:45,0,0,0
15/03/2013,00:00,0,0,0
15/03/2013,00:15,0,0,0
15/03/2013,00:30,0,0,0
15/03/2013,00:45,0,0,0
15/03/2013,01:00,0,0,0
15/03/2013,01:15,0,0,0
15/03/2013,01:30,0,0,0
15/03/2013,01:45,0,0,0
15/03/2013,02:00,0,0,0
15/03/2013,02:15,0,0,0
15/03/2013,02:30,0,0,0
15/03/2013,02:45,0,0,0
15/03/2013,03:00,0,0,0
15/03/2013,03:15,0,0,0
15/03/2013,03:30,0,0,0
15/03/2013,03:45,0,0,0
15/03/2013,04:00,0,0,0
15/03/2013,04:15,1,0,1
15/03/2013,04:30,3,3,0
15/03/2013,04:45,0,0,0
15/03/2013,05:00,0,0,0
15/03/2013,05:15,3,2,1
15/03/2013,05:30,4,3,1
15/03/2013,05:45,2,2,0
15/03/2013,06:00,11,7,4
15/03/2013,06:15,7,4,3
15/03/2013,06:30,4,2,2
15/03/2013,06:45,13,9,4
15/03/2013,07:00,14,8,6
15/03/2013,07:15,19,11,8
15/03/2013,07:30,22,16,6
15/03/2013,07:45,35,26,9
15/03/2013,08:00,82,76,6
15/03/2013,08:15,29,18,11
15/03/2013,08:30,32,19,13
15/03/2013,08:45,68,20,48
15/03/2013,09:00,35,18,17
15/03/2013,09:15,23,8,15
15/03/2013,09:30,25,15,10
15/03/2013,09:45,50,19,31
15/03/2013,10:00,38,9,29
15/03/2013,10:15,16,13,3
15/03/2013,10:30,14,9,5
15/03/2013,10:45,21,14,7
15/03/2013,11:00,20,10,10
15/03/2013,11:15,27,18,9
15/03/2013,11:30,36,24,12
15/03/2013,11:45,34,21,13
15/03/2013,12:00,20,15,5
15/03/2013,12:15,23,9,14
15/03/2013,12:30,20,11,9
15/03/2013,12:45,83,21,62
15/03/2013,13:00,34,27,7
15/03/2013,13:15,27,13,14
15/03/2013,13:30,36,24,12
15/03/2013,13:45,56,14,42
15/03/2013,14:00,60,14,46
15/03/2013,14:15,25,15,10
15/03/2013,14:30,66,43,23
15/03/2013,14:45,28,18,10
15/03/2013,15:00,38,24,14
15/03/2013,15:15,50,26,24
15/03/2013,15:30,56,24,32
15/03/2013,15:45,49,29,20
15/03/2013,16:00,34,20,14
15/03/2013,16:15,51,23,28
15/03/2013,16:30,87,26,61
15/03/2013,16:45,93,40,53
15/03/2013,17:00,40,18,22
15/03/2013,17:15,65,35,30
15/03/2013,17:30,86,35,51
15/03/2013,17:45,68,21,47
15/03/2013,18:00,39,15,24
15/03/2013,18:15,45,24,21
15/03/2013,18:30,35,14,21
15/03/2013,18:45,28,8,20
15/03/2013,19:00,21,12,9
15/03/2013,19:15,8,6,2
15/03/2013,19:30,6,2,4
15/03/2013,19:45,10,6,4
15/03/2013,20:00,1,0,1
15/03/2013,20:15,5,1,4
15/03/2013,20:30,3,1,2
15/03/2013,20:45,1,1,0
15/03/2013,21:00,3,0,3
15/03/2013,21:15,3,3,0
15/03/2013,21:30,0,0,0
15/03/2013,21:45,0,0,0
15/03/2013,22:00,1,0,1
15/03/2013,22:15,5,1,4
15/03/2013,22:30,2,2,0
15/03/2013,22:45,0,0,0
15/03/2013,23:00,1,1,0
15/03/2013,23:15,0,0,0
15/03/2013,23:30,1,1,0
15/03/2013,23:45,1,1,0
16/03/2013,00:00,0,0,0
16/03/2013,00:15,0,0,0
16/03/2013,00:30,0,0,0
16/03/2013,00:45,0,0,0
16/03/2013,01:00,1,1,0
16/03/2013,01:15,0,0,0
16/03/2013,01:30,0,0,0
16/03/2013,01:45,0,0,0
16/03/2013,02:00,0,0,0
16/03/2013,02:15,0,0,0
16/03/2013,02:30,0,0,0
16/03/2013,02:45,0,0,0
16/03/2013,03:00,0,0,0
16/03/2013,03:15,0,0,0
16/03/2013,03:30,0,0,0
16/03/2013,03:45,0,0,0
16/03/2013,04:00,0,0,0
16/03/2013,04:15,0,0,0
16/03/2013,04:30,0,0,0
16/03/2013,04:45,0,0,0
16/03/2013,05:00,2,0,2
16/03/2013,05:15,1,0,1
16/03/2013,05:30,0,0,0
16/03/2013,05:45,3,2,1
16/03/2013,06:00,0,0,0
16/03/2013,06:15,3,1,2
16/03/2013,06:30,1,0,1
16/03/2013,06:45,2,1,1
16/03/2013,07:00,1,1,0
16/03/2013,07:15,9,7,2
16/03/2013,07:30,17,11,6
16/03/2013,07:45,17,14,3
16/03/2013,08:00,25,16,9
16/03/2013,08:15,33,18,15
16/03/2013,08:30,43,30,13
16/03/2013,08:45,88,74,14
16/03/2013,09:00,94,80,14
16/03/2013,09:15,122,99,23
16/03/2013,09:30,133,116,17
16/03/2013,09:45,101,79,22
16/03/2013,10:00,92,68,24
16/03/2013,10:15,93,79,14
16/03/2013,10:30,159,138,21
16/03/2013,10:45,102,84,18
16/03/2013,11:00,83,64,19
16/03/2013,11:15,99,74,25
16/03/2013,11:30,110,95,15
16/03/2013,11:45,113,99,14
16/03/2013,12:00,82,72,10
16/03/2013,12:15,123,104,19
16/03/2013,12:30,128,106,22
16/03/2013,12:45,86,62,24
16/03/2013,13:00,87,68,19
16/03/2013,13:15,115,90,25
16/03/2013,13:30,96,82,14
16/03/2013,13:45,108,90,18
16/03/2013,14:00,95,82,13
16/03/2013,14:15,111,93,18
16/03/2013,14:30,77,65,12
16/03/2013,14:45,92,78,14
16/03/2013,15:00,86,58,28
16/03/2013,15:15,96,75,21
16/03/2013,15:30,108,90,18
16/03/2013,15:45,78,52,26
16/03/2013,16:00,50,35,15
16/03/2013,16:15,64,38,26
16/03/2013,16:30,65,25,40
16/03/2013,16:45,74,33,41
16/03/2013,17:00,63,36,27
16/03/2013,17:15,62,19,43
16/03/2013,17:30,108,19,89
16/03/2013,17:45,100,27,73
16/03/2013,18:00,33,16,17
16/03/2013,18:15,22,10,12
16/03/2013,18:30,24,18,6
16/03/2013,18:45,20,8,12
16/03/2013,19:00,9,3,6
16/03/2013,19:15,17,4,13
16/03/2013,19:30,6,3,3
16/03/2013,19:45,6,3,3
16/03/2013,20:00,0,0,0
16/03/2013,20:15,2,2,0
16/03/2013,20:30,3,1,2
16/03/2013,20:45,1,0,1
16/03/2013,21:00,2,2,0
16/03/2013,21:15,5,3,2
16/03/2013,21:30,0,0,0
16/03/2013,21:45,1,1,0
16/03/2013,22:00,1,0,1
16/03/2013,22:15,1,0,1
16/03/2013,22:30,0,0,0
16/03/2013,22:45,2,2,0
16/03/2013,23:00,0,0,0
16/03/2013,23:15,0,0,0
16/03/2013,23:30,1,0,1
16/03/2013,23:45,0,0,0
17/03/2013,00:00,0,0,0
17/03/2013,00:15,0,0,0
17/03/2013,00:30,0,0,0
17/03/2013,00:45,1,1,0
17/03/2013,01:00,0,0,0
17/03/2013,01:15,0,0,0
17/03/2013,01:30,0,0,0
17/03/2013,01:45,0,0,0
17/03/2013,02:00,0,0,0
17/03/2013,02:15,0,0,0
17/03/2013,02:30,0,0,0
17/03/2013,02:45,0,0,0
17/03/2013,03:00,0,0,0
17/03/2013,03:15,0,0,0
17/03/2013,03:30,0,0,0
17/03/2013,03:45,0,0,0
17/03/2013,04:00,0,0,0
17/03/2013,04:15,0,0,0
17/03/2013,04:30,0,0,0
17/03/2013,04:45,1,1,0
17/03/2013,05:00,0,0,0
17/03/2013,05:15,0,0,0
17/03/2013,05:30,0,0,0
17/03/2013,05:45,1,1,0
17/03/2013,06:00,1,1,0
17/03/2013,06:15,1,1,0
17/03/2013,06:30,1,0,1
17/03/2013,06:45,2,1,1
17/03/2013,07:00,1,1,0
17/03/2013,07:15,5,1,4
17/03/2013,07:30,13,8,5
17/03/2013,07:45,20,15,5
17/03/2013,08:00,14,3,11
17/03/2013,08:15,30,24,6
17/03/2013,08:30,76,62,14
17/03/2013,08:45,48,36,12
17/03/2013,09:00,65,52,13
17/03/2013,09:15,54,38,16
17/03/2013,09:30,70,51,19
17/03/2013,09:45,103,86,17
17/03/2013,10:00,103,92,11
17/03/2013,10:15,97,78,19
17/03/2013,10:30,118,91,27
17/03/2013,10:45,80,61,19
17/03/2013,11:00,101,78,23
17/03/2013,11:15,73,54,19
17/03/2013,11:30,121,102,19
17/03/2013,11:45,121,100,21
17/03/2013,12:00,123,97,26
17/03/2013,12:15,106,89,17
17/03/2013,12:30,106,85,21
17/03/2013,12:45,93,78,15
17/03/2013,13:00,85,67,18
17/03/2013,13:15,99,81,18
17/03/2013,13:30,118,98,20
17/03/2013,13:45,99,81,18
17/03/2013,14:00,80,59,21
17/03/2013,14:15,86,66,20
17/03/2013,14:30,76,52,24
17/03/2013,14:45,88,63,25
17/03/2013,15:00,58,45,13
17/03/2013,15:15,73,60,13
17/03/2013,15:30,100,68,32
17/03/2013,15:45,101,56,45
17/03/2013,16:00,83,49,34
17/03/2013,16:15,105,27,78
17/03/2013,16:30,70,26,44
17/03/2013,16:45,90,39,51
17/03/2013,17:00,52,30,22
17/03/2013,17:15,40,17,23
17/03/2013,17:30,27,18,9
17/03/2013,17:45,29,16,13
17/03/2013,18:00,33,20,13
17/03/2013,18:15,25,9,16
17/03/2013,18:30,17,10,7
17/03/2013,18:45,23,15,8
17/03/2013,19:00,10,7,3
17/03/2013,19:15,4,0,4
17/03/2013,19:30,5,1,4
17/03/2013,19:45,2,1,1
17/03/2013,20:00,0,0,0
17/03/2013,20:15,1,1,0
17/03/2013,20:30,2,2,0
17/03/2013,20:45,0,0,0
17/03/2013,21:00,0,0,0
17/03/2013,21:15,1,1,0
17/03/2013,21:30,0,0,0
17/03/2013,21:45,1,1,0
17/03/2013,22:00,1,0,1
17/03/2013,22:15,2,2,0
17/03/2013,22:30,0,0,0
17/03/2013,22:45,0,0,0
17/03/2013,23:00,2,2,0
17/03/2013,23:15,0,0,0
17/03/2013,23:30,0,0,0
17/03/2013,23:45,0,0,0
18/03/2013,00:00,0,0,0
18/03/2013,00:15,0,0,0
18/03/2013,00:30,0,0,0
18/03/2013,00:45,0,0,0
18/03/2013,01:00,0,0,0
18/03/2013,01:15,0,0,0
18/03/2013,01:30,0,0,0
18/03/2013,01:45,0,0,0
18/03/2013,02:00,0,0,0
18/03/2013,02:15,0,0,0
18/03/2013,02:30,0,0,0
18/03/2013,02:45,0,0,0
18/03/2013,03:00,0,0,0
18/03/2013,03:15,0,0,0
18/03/2013,03:30,0,0,0
18/03/2013,03:45,0,0,0
18/03/2013,04:00,0,0,0
18/03/2013,04:15,0,0,0
18/03/2013,04:30,1,1,0
18/03/2013,04:45,0,0,0
18/03/2013,05:00,2,2,0
18/03/2013,05:15,0,0,0
18/03/2013,05:30,3,3,0
18/03/2013,05:45,0,0,0
18/03/2013,06:00,6,2,4
18/03/2013,06:15,11,7,4
18/03/2013,06:30,9,6,3
18/03/2013,06:45,15,10,5
18/03/2013,07:00,10,7,3
18/03/2013,07:15,13,10,3
18/03/2013,07:30,19,12,7
18/03/2013,07:45,15,11,4
18/03/2013,08:00,21,14,7
18/03/2013,08:15,24,16,8
18/03/2013,08:30,18,10,8
18/03/2013,08:45,25,15,10
18/03/2013,09:00,22,8,14
18/03/2013,09:15,16,7,9
18/03/2013,09:30,16,10,6
18/03/2013,09:45,28,15,13
18/03/2013,10:00,20,11,9
18/03/2013,10:15,24,9,15
18/03/2013,10:30,27,16,11
18/03/2013,10:45,36,21,15
18/03/2013,11:00,19,12,7
18/03/2013,11:15,32,17,15
18/03/2013,11:30,22,8,14
18/03/2013,11:45,28,13,15
18/03/2013,12:00,40,23,17
18/03/2013,12:15,21,14,7
18/03/2013,12:30,36,23,13
18/03/2013,12:45,25,18,7
18/03/2013,13:00,19,3,16
18/03/2013,13:15,30,11,19
18/03/2013,13:30,30,21,9
18/03/2013,13:45,23,7,16
18/03/2013,14:00,36,19,17
18/03/2013,14:15,33,21,12
18/03/2013,14:30,29,21,8
18/03/2013,14:45,23,13,10
18/03/2013,15:00,29,15,14
18/03/2013,15:15,22,15,7
18/03/2013,15:30,30,18,12
18/03/2013,15:45,33,25,8
18/03/2013,16:00,31,14,17
18/03/2013,16:15,34,12,22
18/03/2013,16:30,36,11,25
18/03/2013,16:45,32,19,13
18/03/2013,17:00,46,24,22
18/03/2013,17:15,50,24,26
18/03/2013,17:30,59,17,42
18/03/2013,17:45,45,21,24
18/03/2013,18:00,42,18,24
18/03/2013,18:15,26,12,14
18/03/2013,18:30,32,21,11
18/03/2013,18:45,17,11,6
18/03/2013,19:00,21,6,15
18/03/2013,19:15,18,7,11
18/03/2013,19:30,9,3,6
18/03/2013,19:45,7,6,1
18/03/2013,20:00,5,3,2
18/03/2013,20:15,2,2,0
18/03/2013,20:30,1,1,0
18/03/2013,20:45,1,1,0
18/03/2013,21:00,2,2,0
18/03/2013,21:15,1,1,0
18/03/2013,21:30,0,0,0
18/03/2013,21:45,1,1,0
18/03/2013,22:00,0,0,0
18/03/2013,22:15,2,2,0
18/03/2013,22:30,0,0,0
18/03/2013,22:45,0,0,0
18/03/2013,23:00,0,0,0
18/03/2013,23:15,1,1,0
18/03/2013,23:30,0,0,0
18/03/2013,23:45,0,0,0
19/03/2013,00:00,0,0,0
19/03/2013,00:15,1,0,1
19/03/2013,00:30,1,1,0
19/03/2013,00:45,0,0,0
19/03/2013,01:00,0,0,0
19/03/2013,01:15,0,0,0
19/03/2013,01:30,0,0,0
19/03/2013,01:45,0,0,0
19/03/2013,02:00,0,0,0
19/03/2013,02:15,0,0,0
19/03/2013,02:30,0,0,0
19/03/2013,02:45,0,0,0
19/03/2013,03:00,0,0,0
19/03/2013,03:15,1,0,1
19/03/2013,03:30,0,0,0
19/03/2013,03:45,0,0,0
19/03/2013,04:00,0,0,0
19/03/2013,04:15,0,0,0
19/03/2013,04:30,0,0,0
19/03/2013,04:45,2,1,1
19/03/2013,05:00,0,0,0
19/03/2013,05:15,2,0,2
19/03/2013,05:30,1,1,0
19/03/2013,05:45,7,3,4
19/03/2013,06:00,3,2,1
19/03/2013,06:15,22,16,6
19/03/2013,06:30,13,5,8
19/03/2013,06:45,17,12,5
19/03/2013,07:00,20,14,6
19/03/2013,07:15,15,8,7
19/03/2013,07:30,24,18,6
19/03/2013,07:45,31,21,10
19/03/2013,08:00,78,63,15
19/03/2013,08:15,29,19,10
19/03/2013,08:30,20,8,12
19/03/2013,08:45,19,7,12
19/03/2013,09:00,23,10,13
19/03/2013,09:15,17,5,12
19/03/2013,09:30,24,11,13
19/03/2013,09:45,22,14,8
19/03/2013,10:00,20,10,10
19/03/2013,10:15,23,10,13
19/03/2013,10:30,19,11,8
19/03/2013,10:45,28,16,12
19/03/2013,11:00,18,5,13
19/03/2013,11:15,19,14,5
19/03/2013,11:30,19,8,11
19/03/2013,11:45,18,7,11
19/03/2013,12:00,18,10,8
19/03/2013,12:15,21,12,9
19/03/2013,12:30,28,20,8
19/03/2013,12:45,20,10,10
19/03/2013,13:00,17,10,7
19/03/2013,13:15,17,8,9
19/03/2013,13:30,13,5,8
19/03/2013,13:45,22,9,13
19/03/2013,14:00,15,3,12
19/03/2013,14:15,22,11,11
19/03/2013,14:30,21,5,16
19/03/2013,14:45,21,9,12
19/03/2013,15:00,42,29,13
19/03/2013,15:15,40,22,18
19/03/2013,15:30,26,13,13
19/03/2013,15:45,12,6,6
19/03/2013,16:00,23,12,11
19/03/2013,16:15,43,10,33
19/03/2013,16:30,41,12,29
19/03/2013,16:45,32,10,22
19/03/2013,17:00,41,11,30
19/03/2013,17:15,33,13,20
19/03/2013,17:30,47,14,33
19/03/2013,17:45,30,13,17
19/03/2013,18:00,60,21,39
19/03/2013,18:15,32,13,19
19/03/2013,18:30,33,11,22
19/03/2013,18:45,7,5,2
19/03/2013,19:00,4,3,1
19/03/2013,19:15,3,2,1
19/03/2013,19:30,6,4,2
19/03/2013,19:45,1,1,0
19/03/2013,20:00,1,1,0
19/03/2013,20:15,5,3,2
19/03/2013,20:30,0,0,0
19/03/2013,20:45,0,0,0
19/03/2013,21:00,0,0,0
19/03/2013,21:15,1,1,0
19/03/2013,21:30,0,0,0
19/03/2013,21:45,2,2,0
19/03/2013,22:00,0,0,0
19/03/2013,22:15,1,0,1
19/03/2013,22:30,1,1,0
19/03/2013,22:45,0,0,0
19/03/2013,23:00,0,0,0
19/03/2013,23:15,0,0,0
19/03/2013,23:30,0,0,0
19/03/2013,23:45,0,0,0
20/03/2013,00:00,0,0,0
20/03/2013,00:15,0,0,0
20/03/2013,00:30,0,0,0
20/03/2013,00:45,0,0,0
20/03/2013,01:00,0,0,0
20/03/2013,01:15,0,0,0
20/03/2013,01:30,0,0,0
20/03/2013,01:45,0,0,0
20/03/2013,02:00,0,0,0
20/03/2013,02:15,0,0,0
20/03/2013,02:30,0,0,0
20/03/2013,02:45,0,0,0
20/03/2013,03:00,0,0,0
20/03/2013,03:15,0,0,0
20/03/2013,03:30,0,0,0
20/03/2013,03:45,0,0,0
20/03/2013,04:00,0,0,0
20/03/2013,04:15,0,0,0
20/03/2013,04:30,2,2,0
20/03/2013,04:45,0,0,0
20/03/2013,05:00,0,0,0
20/03/2013,05:15,0,0,0
20/03/2013,05:30,0,0,0
20/03/2013,05:45,0,0,0
20/03/2013,06:00,3,1,2
20/03/2013,06:15,15,9,6
20/03/2013,06:30,3,2,1
20/03/2013,06:45,7,3,4
20/03/2013,07:00,7,4,3
20/03/2013,07:15,17,2,15
20/03/2013,07:30,12,5,7
20/03/2013,07:45,16,11,5
20/03/2013,08:00,40,30,10
20/03/2013,08:15,13,6,7
20/03/2013,08:30,12,4,8
20/03/2013,08:45,10,5,5
20/03/2013,09:00,15,3,12
20/03/2013,09:15,19,7,12
20/03/2013,09:30,32,2,30
20/03/2013,09:45,41,8,33
20/03/2013,10:00,27,5,22
20/03/2013,10:15,6,3,3
20/03/2013,10:30,8,2,6
20/03/2013,10:45,11,8,3
20/03/2013,11:00,9,7,2
20/03/2013,11:15,3,1,2
20/03/2013,11:30,8,3,5
20/03/2013,11:45,4,2,2
20/03/2013,12:00,2,0,2
20/03/2013,12:15,6,2,4
20/03/2013,12:30,2,1,1
20/03/2013,12:45,2,0,2
20/03/2013,13:00,2,1,1
20/03/2013,13:15,1,0,1
20/03/2013,13:30,20,17,3
20/03/2013,13:45,6,2,4
20/03/2013,14:00,8,5,3
20/03/2013,14:15,7,2,5
20/03/2013,14:30,7,5,2
20/03/2013,14:45,5,1,4
20/03/2013,15:00,4,2,2
20/03/2013,15:15,4,1,3
20/03/2013,15:30,7,1,6
20/03/2013,15:45,5,5,0
20/03/2013,16:00,9,3,6
20/03/2013,16:15,12,4,8
20/03/2013,16:30,18,6,12
20/03/2013,16:45,21,4,17
20/03/2013,17:00,23,6,17
20/03/2013,17:15,23,8,15
20/03/2013,17:30,26,12,14
20/03/2013,17:45,31,13,18
20/03/2013,18:00,33,18,15
20/03/2013,18:15,18,9,9
20/03/2013,18:30,21,8,13
20/03/2013,18:45,20,10,10
20/03/2013,19:00,10,4,6
20/03/2013,19:15,5,0,5
20/03/2013,19:30,2,0,2
20/03/2013,19:45,9,4,5
20/03/2013,20:00,2,1,1
20/03/2013,20:15,2,1,1
20/03/2013,20:30,4,3,1
20/03/2013,20:45,1,0,1
20/03/2013,21:00,2,2,0
20/03/2013,21:15,0,0,0
20/03/2013,21:30,2,1,1
20/03/2013,21:45,0,0,0
20/03/2013,22:00,2,1,1
20/03/2013,22:15,0,0,0
20/03/2013,22:30,1,1,0
20/03/2013,22:45,0,0,0
20/03/2013,23:00,0,0,0
20/03/2013,23:15,1,0,1
20/03/2013,23:30,0,0,0
20/03/2013,23:45,0,0,0
21/03/2013,00:00,1,0,1
21/03/2013,00:15,0,0,0
21/03/2013,00:30,0,0,0
21/03/2013,00:45,0,0,0
21/03/2013,01:00,0,0,0
21/03/2013,01:15,0,0,0
21/03/2013,01:30,0,0,0
21/03/2013,01:45,0,0,0
21/03/2013,02:00,0,0,0
21/03/2013,02:15,0,0,0
21/03/2013,02:30,0,0,0
21/03/2013,02:45,0,0,0
21/03/2013,03:00,0,0,0
21/03/2013,03:15,0,0,0
21/03/2013,03:30,0,0,0
21/03/2013,03:45,0,0,0
21/03/2013,04:00,0,0,0
21/03/2013,04:15,0,0,0
21/03/2013,04:30,0,0,0
21/03/2013,04:45,0,0,0
21/03/2013,05:00,3,3,0
21/03/2013,05:15,0,0,0
21/03/2013,05:30,3,2,1
21/03/2013,05:45,1,0,1
21/03/2013,06:00,3,3,0
21/03/2013,06:15,17,13,4
21/03/2013,06:30,5,4,1
21/03/2013,06:45,8,5,3
21/03/2013,07:00,13,9,4
21/03/2013,07:15,18,13,5
21/03/2013,07:30,33,23,10
21/03/2013,07:45,29,19,10
21/03/2013,08:00,66,57,9
21/03/2013,08:15,31,23,8
21/03/2013,08:30,24,9,15
21/03/2013,08:45,32,16,16
21/03/2013,09:00,19,8,11
21/03/2013,09:15,25,12,13
21/03/2013,09:30,26,7,19
21/03/2013,09:45,28,14,14
21/03/2013,10:00,23,13,10
21/03/2013,10:15,24,13,11
21/03/2013,10:30,24,13,11
21/03/2013,10:45,33,15,18
21/03/2013,11:00,21,11,10
21/03/2013,11:15,15,7,8
21/03/2013,11:30,32,15,17
21/03/2013,11:45,31,17,14
21/03/2013,12:00,34,20,14
21/03/2013,12:15,29,21,8
21/03/2013,12:30,24,15,9
21/03/2013,12:45,34,21,13
21/03/2013,13:00,28,16,12
21/03/2013,13:15,32,17,15
21/03/2013,13:30,27,14,13
21/03/2013,13:45,23,9,14
21/03/2013,14:00,48,11,37
21/03/2013,14:15,51,11,40
21/03/2013,14:30,44,20,24
21/03/2013,14:45,49,21,28
21/03/2013,15:00,67,33,34
21/03/2013,15:15,45,29,16
21/03/2013,15:30,30,16,14
21/03/2013,15:45,38,22,16
21/03/2013,16:00,43,20,23
21/03/2013,16:15,40,26,14
21/03/2013,16:30,72,21,51
21/03/2013,16:45,52,23,29
21/03/2013,17:00,59,27,32
21/03/2013,17:15,54,26,28
21/03/2013,17:30,78,23,55
21/03/2013,17:45,68,24,44
21/03/2013,18:00,53,33,20
21/03/2013,18:15,59,36,23
21/03/2013,18:30,50,25,25
21/03/2013,18:45,24,8,16
21/03/2013,19:00,26,16,10
21/03/2013,19:15,15,14,1
21/03/2013,19:30,12,4,8
21/03/2013,19:45,10,7,3
21/03/2013,20:00,5,1,4
21/03/2013,20:15,3,0,3
21/03/2013,20:30,1,1,0
21/03/2013,20:45,1,0,1
21/03/2013,21:00,5,4,1
21/03/2013,21:15,4,3,1
21/03/2013,21:30,1,1,0
21/03/2013,21:45,2,2,0
21/03/2013,22:00,0,0,0
21/03/2013,22:15,1,1,0
21/03/2013,22:30,0,0,0
21/03/2013,22:45,0,0,0
21/03/2013,23:00,0,0,0
21/03/2013,23:15,1,1,0
21/03/2013,23:30,0,0,0
21/03/2013,23:45,0,0,0
22/03/2013,00:00,0,0,0
22/03/2013,00:15,0,0,0
22/03/2013,00:30,0,0,0
22/03/2013,00:45,0,0,0
22/03/2013,01:00,0,0,0
22/03/2013,01:15,0,0,0
22/03/2013,01:30,0,0,0
22/03/2013,01:45,0,0,0
22/03/2013,02:00,0,0,0
22/03/2013,02:15,0,0,0
22/03/2013,02:30,0,0,0
22/03/2013,02:45,0,0,0
22/03/2013,03:00,0,0,0
22/03/2013,03:15,0,0,0
22/03/2013,03:30,0,0,0
22/03/2013,03:45,0,0,0
22/03/2013,04:00,0,0,0
22/03/2013,04:15,0,0,0
22/03/2013,04:30,1,1,0
22/03/2013,04:45,0,0,0
22/03/2013,05:00,0,0,0
22/03/2013,05:15,0,0,0
22/03/2013,05:30,5,4,1
22/03/2013,05:45,5,3,2
22/03/2013,06:00,4,2,2
22/03/2013,06:15,6,5,1
22/03/2013,06:30,6,2,4
22/03/2013,06:45,15,9,6
22/03/2013,07:00,19,11,8
22/03/2013,07:15,29,18,11
22/03/2013,07:30,17,13,4
22/03/2013,07:45,30,25,5
22/03/2013,08:00,52,46,6
22/03/2013,08:15,39,34,5
22/03/2013,08:30,23,16,7
22/03/2013,08:45,23,15,8
22/03/2013,09:00,31,14,17
22/03/2013,09:15,28,9,19
22/03/2013,09:30,25,6,19
22/03/2013,09:45,26,14,12
22/03/2013,10:00,31,9,22
22/03/2013,10:15,31,17,14
22/03/2013,10:30,28,18,10
22/03/2013,10:45,29,22,7
22/03/2013,11:00,29,21,8
22/03/2013,11:15,35,16,19
22/03/2013,11:30,26,13,13
22/03/2013,11:45,40,20,20
22/03/2013,12:00,26,17,9
22/03/2013,12:15,41,23,18
22/03/2013,12:30,32,26,6
22/03/2013,12:45,32,19,13
22/03/2013,13:00,25,13,12
22/03/2013,13:15,23,9,14
22/03/2013,13:30,35,22,13
22/03/2013,13:45,17,12,5
22/03/2013,14:00,34,18,16
22/03/2013,14:15,35,13,22
22/03/2013,14:30,62,40,22
22/03/2013,14:45,49,40,9
22/03/2013,15:00,28,14,14
22/03/2013,15:15,76,33,43
22/03/2013,15:30,82,29,53
22/03/2013,15:45,46,23,23
22/03/2013,16:00,49,28,21
22/03/2013,16:15,90,26,64
22/03/2013,16:30,641,25,616
22/03/2013,16:45,789,22,767
22/03/2013,17:00,601,33,568
22/03/2013,17:15,237,26,211
22/03/2013,17:30,158,27,131
22/03/2013,17:45,79,22,57
22/03/2013,18:00,105,18,87
22/03/2013,18:15,54,14,40
22/03/2013,18:30,62,26,36
22/03/2013,18:45,69,15,54
22/03/2013,19:00,120,6,114
22/03/2013,19:15,46,5,41
22/03/2013,19:30,119,2,117
22/03/2013,19:45,23,3,20
22/03/2013,20:00,19,2,17
22/03/2013,20:15,25,1,24
22/03/2013,20:30,16,2,14
22/03/2013,20:45,2,1,1
22/03/2013,21:00,3,0,3
22/03/2013,21:15,33,0,33
22/03/2013,21:30,11,0,11
22/03/2013,21:45,2,0,2
22/03/2013,22:00,26,0,26
22/03/2013,22:15,6,2,4
22/03/2013,22:30,0,0,0
22/03/2013,22:45,4,1,3
22/03/2013,23:00,1,1,0
22/03/2013,23:15,0,0,0
22/03/2013,23:30,1,1,0
22/03/2013,23:45,1,1,0
23/03/2013,00:00,0,0,0
23/03/2013,00:15,1,1,0
23/03/2013,00:30,0,0,0
23/03/2013,00:45,0,0,0
23/03/2013,01:00,0,0,0
23/03/2013,01:15,0,0,0
23/03/2013,01:30,0,0,0
23/03/2013,01:45,0,0,0
23/03/2013,02:00,3,0,3
23/03/2013,02:15,0,0,0
23/03/2013,02:30,0,0,0
23/03/2013,02:45,0,0,0
23/03/2013,03:00,0,0,0
23/03/2013,03:15,0,0,0
23/03/2013,03:30,0,0,0
23/03/2013,03:45,0,0,0
23/03/2013,04:00,0,0,0
23/03/2013,04:15,0,0,0
23/03/2013,04:30,0,0,0
23/03/2013,04:45,2,1,1
23/03/2013,05:00,1,0,1
23/03/2013,05:15,0,0,0
23/03/2013,05:30,0,0,0
23/03/2013,05:45,1,0,1
23/03/2013,06:00,0,0,0
23/03/2013,06:15,1,0,1
23/03/2013,06:30,1,1,0
23/03/2013,06:45,0,0,0
23/03/2013,07:00,1,1,0
23/03/2013,07:15,15,8,7
23/03/2013,07:30,20,8,12
23/03/2013,07:45,17,11,6
23/03/2013,08:00,31,17,14
23/03/2013,08:15,61,46,15
23/03/2013,08:30,30,20,10
23/03/2013,08:45,102,79,23
23/03/2013,09:00,66,50,16
23/03/2013,09:15,99,83,16
23/03/2013,09:30,149,127,22
23/03/2013,09:45,114,98,16
23/03/2013,10:00,107,91,16
23/03/2013,10:15,90,72,18
23/03/2013,10:30,123,99,24
23/03/2013,10:45,114,91,23
23/03/2013,11:00,97,69,28
23/03/2013,11:15,114,84,30
23/03/2013,11:30,166,126,40
23/03/2013,11:45,134,104,30
23/03/2013,12:00,149,104,45
23/03/2013,12:15,133,84,49
23/03/2013,12:30,112,89,23
23/03/2013,12:45,102,70,32
23/03/2013,13:00,153,87,66
23/03/2013,13:15,213,116,97
23/03/2013,13:30,148,88,60
23/03/2013,13:45,109,80,29
23/03/2013,14:00,93,60,33
23/03/2013,14:15,141,105,36
23/03/2013,14:30,119,76,43
23/03/2013,14:45,188,100,88
23/03/2013,15:00,107,70,37
23/03/2013,15:15,108,83,25
23/03/2013,15:30,92,68,24
23/03/2013,15:45,74,50,24
23/03/2013,16:00,99,62,37
23/03/2013,16:15,134,76,58
23/03/2013,16:30,82,43,39
23/03/2013,16:45,63,42,21
23/03/2013,17:00,55,36,19
23/03/2013,17:15,48,19,29
23/03/2013,17:30,99,41,58
23/03/2013,17:45,50,18,32
23/03/2013,18:00,34,13,21
23/03/2013,18:15,29,12,17
23/03/2013,18:30,21,8,13
23/03/2013,18:45,17,11,6
23/03/2013,19:00,16,2,14
23/03/2013,19:15,12,7,5
23/03/2013,19:30,8,4,4
23/03/2013,19:45,6,3,3
23/03/2013,20:00,7,1,6
23/03/2013,20:15,0,0,0
23/03/2013,20:30,4,2,2
23/03/2013,20:45,2,1,1
23/03/2013,21:00,0,0,0
23/03/2013,21:15,1,0,1
23/03/2013,21:30,5,3,2
23/03/2013,21:45,3,2,1
23/03/2013,22:00,1,1,0
23/03/2013,22:15,4,3,1
23/03/2013,22:30,3,1,2
23/03/2013,22:45,1,1,0
23/03/2013,23:00,2,2,0
23/03/2013,23:15,1,1,0
23/03/2013,23:30,0,0,0
23/03/2013,23:45,0,0,0
24/03/2013,00:00,0,0,0
24/03/2013,00:15,0,0,0
24/03/2013,00:30,0,0,0
24/03/2013,00:45,1,0,1
24/03/2013,01:00,0,0,0
24/03/2013,01:15,2,1,1
24/03/2013,01:30,0,0,0
24/03/2013,01:45,1,1,0
24/03/2013,02:00,0,0,0
24/03/2013,02:15,0,0,0
24/03/2013,02:30,0,0,0
24/03/2013,02:45,2,1,1
24/03/2013,03:00,0,0,0
24/03/2013,03:15,0,0,0
24/03/2013,03:30,0,0,0
24/03/2013,03:45,0,0,0
24/03/2013,04:00,0,0,0
24/03/2013,04:15,0,0,0
24/03/2013,04:30,0,0,0
24/03/2013,04:45,0,0,0
24/03/2013,05:00,0,0,0
24/03/2013,05:15,0,0,0
24/03/2013,05:30,0,0,0
24/03/2013,05:45,0,0,0
24/03/2013,06:00,0,0,0
24/03/2013,06:15,4,4,0
24/03/2013,06:30,1,0,1
24/03/2013,06:45,5,4,1
24/03/2013,07:00,1,0,1
24/03/2013,07:15,8,5,3
24/03/2013,07:30,7,4,3
24/03/2013,07:45,15,6,9
24/03/2013,08:00,17,5,12
24/03/2013,08:15,31,17,14
24/03/2013,08:30,72,64,8
24/03/2013,08:45,68,50,18
24/03/2013,09:00,63,50,13
24/03/2013,09:15,65,47,18
24/03/2013,09:30,67,52,15
24/03/2013,09:45,90,72,18
24/03/2013,10:00,125,114,11
24/03/2013,10:15,85,66,19
24/03/2013,10:30,101,82,19
24/03/2013,10:45,94,74,20
24/03/2013,11:00,92,76,16
24/03/2013,11:15,115,85,30
24/03/2013,11:30,87,70,17
24/03/2013,11:45,117,81,36
24/03/2013,12:00,115,86,29
24/03/2013,12:15,95,75,20
24/03/2013,12:30,68,52,16
24/03/2013,12:45,103,81,22
24/03/2013,13:00,101,82,19
24/03/2013,13:15,96,79,17
24/03/2013,13:30,87,67,20
24/03/2013,13:45,100,86,14
24/03/2013,14:00,96,81,15
24/03/2013,14:15,103,86,17
24/03/2013,14:30,125,97,28
24/03/2013,14:45,159,74,85
24/03/2013,15:00,118,74,44
24/03/2013,15:15,107,65,42
24/03/2013,15:30,97,75,22
24/03/2013,15:45,94,69,25
24/03/2013,16:00,71,43,28
24/03/2013,16:15,70,41,29
24/03/2013,16:30,66,26,40
24/03/2013,16:45,73,34,39
24/03/2013,17:00,74,48,26
24/03/2013,17:15,43,24,19
24/03/2013,17:30,51,22,29
24/03/2013,17:45,77,23,54
24/03/2013,18:00,43,10,33
24/03/2013,18:15,37,12,25
24/03/2013,18:30,16,8,8
24/03/2013,18:45,10,6,4
24/03/2013,19:00,9,3,6
24/03/2013,19:15,8,3,5
24/03/2013,19:30,6,0,6
24/03/2013,19:45,10,5,5
24/03/2013,20:00,3,1,2
24/03/2013,20:15,4,2,2
24/03/2013,20:30,0,0,0
24/03/2013,20:45,4,4,0
24/03/2013,21:00,1,0,1
24/03/2013,21:15,2,1,1
24/03/2013,21:30,1,0,1
24/03/2013,21:45,1,1,0
24/03/2013,22:00,1,1,0
24/03/2013,22:15,0,0,0
24/03/2013,22:30,1,1,0
24/03/2013,22:45,2,2,0
24/03/2013,23:00,0,0,0
24/03/2013,23:15,1,1,0
24/03/2013,23:30,0,0,0
24/03/2013,23:45,0,0,0
25/03/2013,00:00,1,1,0
25/03/2013,00:15,0,0,0
25/03/2013,00:30,0,0,0
25/03/2013,00:45,0,0,0
25/03/2013,01:00,0,0,0
25/03/2013,01:15,0,0,0
25/03/2013,01:30,0,0,0
25/03/2013,01:45,0,0,0
25/03/2013,02:00,0,0,0
25/03/2013,02:15,0,0,0
25/03/2013,02:30,0,0,0
25/03/2013,02:45,0,0,0
25/03/2013,03:00,0,0,0
25/03/2013,03:15,0,0,0
25/03/2013,03:30,0,0,0
25/03/2013,03:45,0,0,0
25/03/2013,04:00,0,0,0
25/03/2013,04:15,0,0,0
25/03/2013,04:30,1,1,0
25/03/2013,04:45,0,0,0
25/03/2013,05:00,2,2,0
25/03/2013,05:15,3,3,0
25/03/2013,05:30,2,1,1
25/03/2013,05:45,3,1,2
25/03/2013,06:00,6,2,4
25/03/2013,06:15,14,9,5
25/03/2013,06:30,14,9,5
25/03/2013,06:45,17,12,5
25/03/2013,07:00,13,10,3
25/03/2013,07:15,24,12,12
25/03/2013,07:30,18,14,4
25/03/2013,07:45,36,27,9
25/03/2013,08:00,72,66,6
25/03/2013,08:15,30,22,8
25/03/2013,08:30,21,15,6
25/03/2013,08:45,34,16,18
25/03/2013,09:00,17,5,12
25/03/2013,09:15,24,10,14
25/03/2013,09:30,17,5,12
25/03/2013,09:45,22,10,12
25/03/2013,10:00,27,13,14
25/03/2013,10:15,17,4,13
25/03/2013,10:30,20,7,13
25/03/2013,10:45,30,20,10
25/03/2013,11:00,14,10,4
25/03/2013,11:15,24,11,13
25/03/2013,11:30,49,37,12
25/03/2013,11:45,23,9,14
25/03/2013,12:00,18,8,10
25/03/2013,12:15,23,12,11
25/03/2013,12:30,38,25,13
25/03/2013,12:45,31,17,14
25/03/2013,13:00,23,17,6
25/03/2013,13:15,27,12,15
25/03/2013,13:30,27,15,12
25/03/2013,13:45,27,14,13
25/03/2013,14:00,19,11,8
25/03/2013,14:15,25,13,12
25/03/2013,14:30,57,42,15
25/03/2013,14:45,29,15,14
25/03/2013,15:00,30,14,16
25/03/2013,15:15,34,20,14
25/03/2013,15:30,24,11,13
25/03/2013,15:45,26,12,14
25/03/2013,16:00,36,17,19
25/03/2013,16:15,27,16,11
25/03/2013,16:30,47,22,25
25/03/2013,16:45,39,16,23
25/03/2013,17:00,52,28,24
25/03/2013,17:15,37,22,15
25/03/2013,17:30,46,22,24
25/03/2013,17:45,46,23,23
25/03/2013,18:00,77,25,52
25/03/2013,18:15,45,21,24
25/03/2013,18:30,30,15,15
25/03/2013,18:45,20,8,12
25/03/2013,19:00,18,15,3
25/03/2013,19:15,14,8,6
25/03/2013,19:30,14,10,4
25/03/2013,19:45,5,2,3
25/03/2013,20:00,6,5,1
25/03/2013,20:15,2,2,0
25/03/2013,20:30,5,4,1
25/03/2013,20:45,2,0,2
25/03/2013,21:00,1,0,1
25/03/2013,21:15,1,1,0
25/03/2013,21:30,0,0,0
25/03/2013,21:45,0,0,0
25/03/2013,22:00,2,2,0
25/03/2013,22:15,0,0,0
25/03/2013,22:30,0,0,0
25/03/2013,22:45,0,0,0
25/03/2013,23:00,0,0,0
25/03/2013,23:15,1,1,0
25/03/2013,23:30,0,0,0
25/03/2013,23:45,0,0,0
26/03/2013,00:00,0,0,0
26/03/2013,00:15,0,0,0
26/03/2013,00:30,0,0,0
26/03/2013,00:45,0,0,0
26/03/2013,01:00,0,0,0
26/03/2013,01:15,0,0,0
26/03/2013,01:30,0,0,0
26/03/2013,01:45,0,0,0
26/03/2013,02:00,0,0,0
26/03/2013,02:15,0,0,0
26/03/2013,02:30,0,0,0
26/03/2013,02:45,0,0,0
26/03/2013,03:00,0,0,0
26/03/2013,03:15,0,0,0
26/03/2013,03:30,0,0,0
26/03/2013,03:45,0,0,0
26/03/2013,04:00,0,0,0
26/03/2013,04:15,1,0,1
26/03/2013,04:30,1,0,1
26/03/2013,04:45,0,0,0
26/03/2013,05:00,2,1,1
26/03/2013,05:15,2,0,2
26/03/2013,05:30,2,1,1
26/03/2013,05:45,3,2,1
26/03/2013,06:00,4,3,1
26/03/2013,06:15,15,13,2
26/03/2013,06:30,21,13,8
26/03/2013,06:45,12,7,5
26/03/2013,07:00,13,9,4
26/03/2013,07:15,18,6,12
26/03/2013,07:30,32,24,8
26/03/2013,07:45,33,26,7
26/03/2013,08:00,75,61,14
26/03/2013,08:15,30,19,11
26/03/2013,08:30,31,22,9
26/03/2013,08:45,28,11,17
26/03/2013,09:00,26,12,14
26/03/2013,09:15,35,13,22
26/03/2013,09:30,29,10,19
26/03/2013,09:45,25,12,13
26/03/2013,10:00,28,11,17
26/03/2013,10:15,40,24,16
26/03/2013,10:30,40,21,19
26/03/2013,10:45,27,12,15
26/03/2013,11:00,27,14,13
26/03/2013,11:15,21,10,11
26/03/2013,11:30,29,15,14
26/03/2013,11:45,28,19,9
26/03/2013,12:00,17,11,6
26/03/2013,12:15,37,26,11
26/03/2013,12:30,24,12,12
26/03/2013,12:45,22,15,7
26/03/2013,13:00,24,12,12
26/03/2013,13:15,23,10,13
26/03/2013,13:30,20,14,6
26/03/2013,13:45,21,12,9
26/03/2013,14:00,34,22,12
26/03/2013,14:15,23,14,9
26/03/2013,14:30,22,17,5
26/03/2013,14:45,21,12,9
26/03/2013,15:00,50,41,9
26/03/2013,15:15,40,25,15
26/03/2013,15:30,42,18,24
26/03/2013,15:45,49,23,26
26/03/2013,16:00,57,29,28
26/03/2013,16:15,40,16,24
26/03/2013,16:30,43,18,25
26/03/2013,16:45,55,21,34
26/03/2013,17:00,47,22,25
26/03/2013,17:15,42,20,22
26/03/2013,17:30,48,12,36
26/03/2013,17:45,31,14,17
26/03/2013,18:00,45,26,19
26/03/2013,18:15,51,19,32
26/03/2013,18:30,39,16,23
26/03/2013,18:45,31,13,18
26/03/2013,19:00,22,10,12
26/03/2013,19:15,23,14,9
26/03/2013,19:30,7,4,3
26/03/2013,19:45,7,5,2
26/03/2013,20:00,4,3,1
26/03/2013,20:15,0,0,0
26/03/2013,20:30,1,1,0
26/03/2013,20:45,1,1,0
26/03/2013,21:00,5,4,1
26/03/2013,21:15,3,3,0
26/03/2013,21:30,5,5,0
26/03/2013,21:45,3,3,0
26/03/2013,22:00,0,0,0
26/03/2013,22:15,0,0,0
26/03/2013,22:30,1,1,0
26/03/2013,22:45,1,1,0
26/03/2013,23:00,1,1,0
26/03/2013,23:15,0,0,0
26/03/2013,23:30,0,0,0
26/03/2013,23:45,1,1,0
27/03/2013,00:00,2,2,0
27/03/2013,00:15,1,0,1
27/03/2013,00:30,1,0,1
27/03/2013,00:45,0,0,0
27/03/2013,01:00,0,0,0
27/03/2013,01:15,2,1,1
27/03/2013,01:30,1,0,1
27/03/2013,01:45,0,0,0
27/03/2013,02:00,0,0,0
27/03/2013,02:15,0,0,0
27/03/2013,02:30,0,0,0
27/03/2013,02:45,0,0,0
27/03/2013,03:00,0,0,0
27/03/2013,03:15,0,0,0
27/03/2013,03:30,0,0,0
27/03/2013,03:45,0,0,0
27/03/2013,04:00,0,0,0
27/03/2013,04:15,0,0,0
27/03/2013,04:30,1,1,0
27/03/2013,04:45,0,0,0
27/03/2013,05:00,0,0,0
27/03/2013,05:15,1,0,1
27/03/2013,05:30,2,2,0
27/03/2013,05:45,11,7,4
27/03/2013,06:00,9,4,5
27/03/2013,06:15,15,13,2
27/03/2013,06:30,12,12,0
27/03/2013,06:45,20,19,1
27/03/2013,07:00,13,8,5
27/03/2013,07:15,23,9,14
27/03/2013,07:30,27,18,9
27/03/2013,07:45,29,21,8
27/03/2013,08:00,72,62,10
27/03/2013,08:15,29,19,10
27/03/2013,08:30,23,14,9
27/03/2013,08:45,36,14,22
27/03/2013,09:00,21,10,11
27/03/2013,09:15,27,8,19
27/03/2013,09:30,19,5,14
27/03/2013,09:45,37,12,25
27/03/2013,10:00,26,13,13
27/03/2013,10:15,30,15,15
27/03/2013,10:30,20,9,11
27/03/2013,10:45,15,7,8
27/03/2013,11:00,41,23,18
27/03/2013,11:15,37,28,9
27/03/2013,11:30,20,9,11
27/03/2013,11:45,14,6,8
27/03/2013,12:00,15,5,10
27/03/2013,12:15,35,18,17
27/03/2013,12:30,16,6,10
27/03/2013,12:45,19,11,8
27/03/2013,13:00,19,8,11
27/03/2013,13:15,21,12,9
27/03/2013,13:30,54,34,20
27/03/2013,13:45,15,14,1
27/03/2013,14:00,18,15,3
27/03/2013,14:15,38,26,12
27/03/2013,14:30,27,20,7
27/03/2013,14:45,15,11,4
27/03/2013,15:00,22,9,13
27/03/2013,15:15,13,4,9
27/03/2013,15:30,18,13,5
27/03/2013,15:45,12,7,5
27/03/2013,16:00,22,8,14
27/03/2013,16:15,18,13,5
27/03/2013,16:30,38,12,26
27/03/2013,16:45,32,17,15
27/03/2013,17:00,26,13,13
27/03/2013,17:15,17,7,10
27/03/2013,17:30,33,11,22
27/03/2013,17:45,42,19,23
27/03/2013,18:00,28,15,13
27/03/2013,18:15,32,23,9
27/03/2013,18:30,46,13,33
27/03/2013,18:45,25,16,9
27/03/2013,19:00,15,9,6
27/03/2013,19:15,7,4,3
27/03/2013,19:30,8,4,4
27/03/2013,19:45,4,3,1
27/03/2013,20:00,4,3,1
27/03/2013,20:15,2,0,2
27/03/2013,20:30,0,0,0
27/03/2013,20:45,1,0,1
27/03/2013,21:00,2,2,0
27/03/2013,21:15,1,0,1
27/03/2013,21:30,2,1,1
27/03/2013,21:45,2,2,0
27/03/2013,22:00,0,0,0
27/03/2013,22:15,2,2,0
27/03/2013,22:30,0,0,0
27/03/2013,22:45,0,0,0
27/03/2013,23:00,0,0,0
27/03/2013,23:15,0,0,0
27/03/2013,23:30,0,0,0
27/03/2013,23:45,0,0,0
28/03/2013,00:00,0,0,0
28/03/2013,00:15,1,0,1
28/03/2013,00:30,0,0,0
28/03/2013,00:45,1,0,1
28/03/2013,01:00,0,0,0
28/03/2013,01:15,0,0,0
28/03/2013,01:30,0,0,0
28/03/2013,01:45,0,0,0
28/03/2013,02:00,0,0,0
28/03/2013,02:15,0,0,0
28/03/2013,02:30,0,0,0
28/03/2013,02:45,0,0,0
28/03/2013,03:00,0,0,0
28/03/2013,03:15,0,0,0
28/03/2013,03:30,0,0,0
28/03/2013,03:45,0,0,0
28/03/2013,04:00,0,0,0
28/03/2013,04:15,0,0,0
28/03/2013,04:30,0,0,0
28/03/2013,04:45,1,1,0
28/03/2013,05:00,1,1,0
28/03/2013,05:15,0,0,0
28/03/2013,05:30,2,2,0
28/03/2013,05:45,2,2,0
28/03/2013,06:00,1,0,1
28/03/2013,06:15,19,12,7
28/03/2013,06:30,13,6,7
28/03/2013,06:45,11,7,4
28/03/2013,07:00,13,7,6
28/03/2013,07:15,15,10,5
28/03/2013,07:30,21,11,10
28/03/2013,07:45,20,14,6
28/03/2013,08:00,47,38,9
28/03/2013,08:15,14,9,5
28/03/2013,08:30,19,9,10
28/03/2013,08:45,16,7,9
28/03/2013,09:00,11,6,5
28/03/2013,09:15,15,2,13
28/03/2013,09:30,11,3,8
28/03/2013,09:45,13,6,7
28/03/2013,10:00,13,7,6
28/03/2013,10:15,15,5,10
28/03/2013,10:30,15,10,5
28/03/2013,10:45,19,8,11
28/03/2013,11:00,17,8,9
28/03/2013,11:15,11,7,4
28/03/2013,11:30,20,7,13
28/03/2013,11:45,19,11,8
28/03/2013,12:00,16,6,10
28/03/2013,12:15,18,8,10
28/03/2013,12:30,14,11,3
28/03/2013,12:45,16,8,8
28/03/2013,13:00,13,5,8
28/03/2013,13:15,20,12,8
28/03/2013,13:30,14,5,9
28/03/2013,13:45,26,13,13
28/03/2013,14:00,17,13,4
28/03/2013,14:15,27,11,16
28/03/2013,14:30,19,10,9
28/03/2013,14:45,26,14,12
28/03/2013,15:00,29,19,10
28/03/2013,15:15,36,17,19
28/03/2013,15:30,16,12,4
28/03/2013,15:45,22,10,12
28/03/2013,16:00,20,11,9
28/03/2013,16:15,42,19,23
28/03/2013,16:30,56,13,43
28/03/2013,16:45,60,17,43
28/03/2013,17:00,48,18,30
28/03/2013,17:15,56,23,33
28/03/2013,17:30,49,19,30
28/03/2013,17:45,77,19,58
28/03/2013,18:00,43,21,22
28/03/2013,18:15,32,13,19
28/03/2013,18:30,42,16,26
28/03/2013,18:45,18,8,10
28/03/2013,19:00,14,5,9
28/03/2013,19:15,8,4,4
28/03/2013,19:30,10,7,3
28/03/2013,19:45,11,5,6
28/03/2013,20:00,5,4,1
28/03/2013,20:15,2,0,2
28/03/2013,20:30,4,3,1
28/03/2013,20:45,3,3,0
28/03/2013,21:00,2,2,0
28/03/2013,21:15,2,1,1
28/03/2013,21:30,2,1,1
28/03/2013,21:45,1,1,0
28/03/2013,22:00,0,0,0
28/03/2013,22:15,0,0,0
28/03/2013,22:30,0,0,0
28/03/2013,22:45,2,2,0
28/03/2013,23:00,1,1,0
28/03/2013,23:15,0,0,0
28/03/2013,23:30,0,0,0
28/03/2013,23:45,0,0,0
29/03/2013,00:00,0,0,0
29/03/2013,00:15,0,0,0
29/03/2013,00:30,0,0,0
29/03/2013,00:45,0,0,0
29/03/2013,01:00,2,2,0
29/03/2013,01:15,0,0,0
29/03/2013,01:30,0,0,0
29/03/2013,01:45,0,0,0
29/03/2013,02:00,0,0,0
29/03/2013,02:15,0,0,0
29/03/2013,02:30,0,0,0
29/03/2013,02:45,0,0,0
29/03/2013,03:00,0,0,0
29/03/2013,03:15,0,0,0
29/03/2013,03:30,0,0,0
29/03/2013,03:45,0,0,0
29/03/2013,04:00,0,0,0
29/03/2013,04:15,0,0,0
29/03/2013,04:30,1,1,0
29/03/2013,04:45,0,0,0
29/03/2013,05:00,0,0,0
29/03/2013,05:15,2,1,1
29/03/2013,05:30,3,3,0
29/03/2013,05:45,6,4,2
29/03/2013,06:00,2,0,2
29/03/2013,06:15,11,7,4
29/03/2013,06:30,11,8,3
29/03/2013,06:45,15,11,4
29/03/2013,07:00,21,12,9
29/03/2013,07:15,29,17,12
29/03/2013,07:30,26,11,15
29/03/2013,07:45,28,16,12
29/03/2013,08:00,70,57,13
29/03/2013,08:15,32,19,13
29/03/2013,08:30,35,20,15
29/03/2013,08:45,33,17,16
29/03/2013,09:00,29,17,12
29/03/2013,09:15,41,24,17
29/03/2013,09:30,27,13,14
29/03/2013,09:45,33,20,13
29/03/2013,10:00,30,15,15
29/03/2013,10:15,46,27,19
29/03/2013,10:30,37,20,17
29/03/2013,10:45,42,26,16
29/03/2013,11:00,34,22,12
29/03/2013,11:15,33,22,11
29/03/2013,11:30,40,26,14
29/03/2013,11:45,57,38,19
29/03/2013,12:00,46,32,14
29/03/2013,12:15,53,39,14
29/03/2013,12:30,42,35,7
29/03/2013,12:45,52,41,11
29/03/2013,13:00,33,23,10
29/03/2013,13:15,45,35,10
29/03/2013,13:30,58,44,14
29/03/2013,13:45,46,32,14
29/03/2013,14:00,52,32,20
29/03/2013,14:15,52,40,12
29/03/2013,14:30,80,64,16
29/03/2013,14:45,121,53,68
29/03/2013,15:00,162,42,120
29/03/2013,15:15,109,54,55
29/03/2013,15:30,99,45,54
29/03/2013,15:45,98,58,40
29/03/2013,16:00,52,24,28
29/03/2013,16:15,59,39,20
29/03/2013,16:30,71,46,25
29/03/2013,16:45,64,31,33
29/03/2013,17:00,69,37,32
29/03/2013,17:15,51,29,22
29/03/2013,17:30,69,29,40
29/03/2013,17:45,50,21,29
29/03/2013,18:00,57,25,32
29/03/2013,18:15,25,14,11
29/03/2013,18:30,27,16,11
29/03/2013,18:45,44,17,27
29/03/2013,19:00,18,8,10
29/03/2013,19:15,22,9,13
29/03/2013,19:30,9,6,3
29/03/2013,19:45,11,5,6
29/03/2013,20:00,8,2,6
29/03/2013,20:15,3,3,0
29/03/2013,20:30,0,0,0
29/03/2013,20:45,6,6,0
29/03/2013,21:00,0,0,0
29/03/2013,21:15,0,0,0
29/03/2013,21:30,0,0,0
29/03/2013,21:45,1,0,1
29/03/2013,22:00,0,0,0
29/03/2013,22:15,3,3,0
29/03/2013,22:30,1,1,0
29/03/2013,22:45,2,2,0
29/03/2013,23:00,0,0,0
29/03/2013,23:15,0,0,0
29/03/2013,23:30,1,1,0
29/03/2013,23:45,1,0,1
30/03/2013,00:00,1,0,1
30/03/2013,00:15,1,1,0
30/03/2013,00:30,1,1,0
30/03/2013,00:45,1,0,1
30/03/2013,01:00,1,1,0
30/03/2013,01:15,0,0,0
30/03/2013,01:30,0,0,0
30/03/2013,01:45,1,0,1
30/03/2013,02:00,0,0,0
30/03/2013,02:15,0,0,0
30/03/2013,02:30,0,0,0
30/03/2013,02:45,1,0,1
30/03/2013,03:00,3,2,1
30/03/2013,03:15,0,0,0
30/03/2013,03:30,0,0,0
30/03/2013,03:45,0,0,0
30/03/2013,04:00,0,0,0
30/03/2013,04:15,0,0,0
30/03/2013,04:30,0,0,0
30/03/2013,04:45,0,0,0
30/03/2013,05:00,0,0,0
30/03/2013,05:15,0,0,0
30/03/2013,05:30,0,0,0
30/03/2013,05:45,1,1,0
30/03/2013,06:00,2,2,0
30/03/2013,06:15,4,4,0
30/03/2013,06:30,2,1,1
30/03/2013,06:45,5,5,0
30/03/2013,07:00,2,2,0
30/03/2013,07:15,8,6,2
30/03/2013,07:30,18,10,8
30/03/2013,07:45,16,8,8
30/03/2013,08:00,24,12,12
30/03/2013,08:15,33,22,11
30/03/2013,08:30,30,18,12
30/03/2013,08:45,80,60,20
30/03/2013,09:00,78,68,10
30/03/2013,09:15,84,69,15
30/03/2013,09:30,65,53,12
30/03/2013,09:45,90,80,10
30/03/2013,10:00,68,48,20
30/03/2013,10:15,73,56,17
30/03/2013,10:30,74,50,24
30/03/2013,10:45,61,42,19
30/03/2013,11:00,70,55,15
30/03/2013,11:15,62,52,10
30/03/2013,11:30,73,61,12
30/03/2013,11:45,58,46,12
30/03/2013,12:00,67,50,17
30/03/2013,12:15,52,37,15
30/03/2013,12:30,44,37,7
30/03/2013,12:45,58,52,6
30/03/2013,13:00,57,53,4
30/03/2013,13:15,43,26,17
30/03/2013,13:30,47,36,11
30/03/2013,13:45,54,39,15
30/03/2013,14:00,63,52,11
30/03/2013,14:15,38,32,6
30/03/2013,14:30,73,57,16
30/03/2013,14:45,76,51,25
30/03/2013,15:00,53,37,16
30/03/2013,15:15,53,31,22
30/03/2013,15:30,49,36,13
30/03/2013,15:45,70,53,17
30/03/2013,16:00,34,23,11
30/03/2013,16:15,54,33,21
30/03/2013,16:30,49,35,14
30/03/2013,16:45,34,24,10
30/03/2013,17:00,33,14,19
30/03/2013,17:15,31,20,11
30/03/2013,17:30,43,32,11
30/03/2013,17:45,18,8,10
30/03/2013,18:00,27,17,10
30/03/2013,18:15,19,10,9
30/03/2013,18:30,7,3,4
30/03/2013,18:45,6,4,2
30/03/2013,19:00,7,1,6
30/03/2013,19:15,2,1,1
30/03/2013,19:30,1,0,1
30/03/2013,19:45,4,2,2
30/03/2013,20:00,1,1,0
30/03/2013,20:15,0,0,0
30/03/2013,20:30,0,0,0
30/03/2013,20:45,1,0,1
30/03/2013,21:00,0,0,0
30/03/2013,21:15,0,0,0
30/03/2013,21:30,2,0,2
30/03/2013,21:45,1,1,0
30/03/2013,22:00,0,0,0
30/03/2013,22:15,1,1,0
30/03/2013,22:30,0,0,0
30/03/2013,22:45,0,0,0
30/03/2013,23:00,0,0,0
30/03/2013,23:15,0,0,0
30/03/2013,23:30,0,0,0
30/03/2013,23:45,0,0,0
31/03/2013,00:00,0,0,0
31/03/2013,00:15,0,0,0
31/03/2013,00:30,0,0,0
31/03/2013,00:45,0,0,0
31/03/2013,01:00,0,0,0
31/03/2013,01:15,1,0,1
31/03/2013,01:30,0,0,0
31/03/2013,01:45,0,0,0
31/03/2013,02:00,0,0,0
31/03/2013,02:15,0,0,0
31/03/2013,02:30,0,0,0
31/03/2013,02:45,0,0,0
31/03/2013,03:00,1,1,0
31/03/2013,03:15,0,0,0
31/03/2013,03:30,0,0,0
31/03/2013,03:45,2,2,0
31/03/2013,04:00,0,0,0
31/03/2013,04:15,0,0,0
31/03/2013,04:30,0,0,0
31/03/2013,04:45,0,0,0
31/03/2013,05:00,0,0,0
31/03/2013,05:15,0,0,0
31/03/2013,05:30,4,4,0
31/03/2013,05:45,4,4,0
31/03/2013,06:00,0,0,0
31/03/2013,06:15,5,5,0
31/03/2013,06:30,6,6,0
31/03/2013,06:45,2,0,2
31/03/2013,07:00,1,0,1
31/03/2013,07:15,2,0,2
31/03/2013,07:30,5,4,1
31/03/2013,07:45,2,2,0
31/03/2013,08:00,9,0,9
31/03/2013,08:15,7,6,1
31/03/2013,08:30,32,20,12
31/03/2013,08:45,35,24,11
31/03/2013,09:00,26,15,11
31/03/2013,09:15,29,12,17
31/03/2013,09:30,36,24,12
31/03/2013,09:45,36,18,18
31/03/2013,10:00,69,46,23
31/03/2013,10:15,40,26,14
31/03/2013,10:30,47,35,12
31/03/2013,10:45,47,29,18
31/03/2013,11:00,35,25,10
31/03/2013,11:15,33,19,14
31/03/2013,11:30,56,39,17
31/03/2013,11:45,42,25,17
31/03/2013,12:00,58,46,12
31/03/2013,12:15,37,22,15
31/03/2013,12:30,25,21,4
31/03/2013,12:45,35,18,17
31/03/2013,13:00,40,26,14
31/03/2013,13:15,19,14,5
31/03/2013,13:30,24,16,8
31/03/2013,13:45,22,15,7
31/03/2013,14:00,18,7,11
31/03/2013,14:15,31,21,10
31/03/2013,14:30,37,26,11
31/03/2013,14:45,16,15,1
31/03/2013,15:00,14,11,3
31/03/2013,15:15,24,17,7
31/03/2013,15:30,14,9,5
31/03/2013,15:45,17,9,8
31/03/2013,16:00,28,9,19
31/03/2013,16:15,23,10,13
31/03/2013,16:30,26,14,12
31/03/2013,16:45,10,3,7
31/03/2013,17:00,20,9,11
31/03/2013,17:15,21,10,11
31/03/2013,17:30,20,8,12
31/03/2013,17:45,15,4,11
31/03/2013,18:00,14,4,10
31/03/2013,18:15,7,2,5
31/03/2013,18:30,8,1,7
31/03/2013,18:45,4,0,4
31/03/2013,19:00,8,1,7
31/03/2013,19:15,0,0,0
31/03/2013,19:30,3,1,2
31/03/2013,19:45,3,0,3
31/03/2013,20:00,2,2,0
31/03/2013,20:15,1,0,1
31/03/2013,20:30,1,0,1
31/03/2013,20:45,1,1,0
31/03/2013,21:00,0,0,0
31/03/2013,21:15,2,2,0
31/03/2013,21:30,1,1,0
31/03/2013,21:45,0,0,0
31/03/2013,22:00,1,1,0
31/03/2013,22:15,0,0,0
31/03/2013,22:30,0,0,0
31/03/2013,22:45,0,0,0
31/03/2013,23:00,0,0,0
31/03/2013,23:15,0,0,0
31/03/2013,23:30,0,0,0
31/03/2013,23:45,0,0,0
01/04/2013,00:00,0,0,0
01/04/2013,00:15,0,0,0
01/04/2013,00:30,0,0,0
01/04/2013,00:45,0,0,0
01/04/2013,01:00,0,0,0
01/04/2013,01:15,0,0,0
01/04/2013,01:30,0,0,0
01/04/2013,01:45,0,0,0
01/04/2013,02:00,0,0,0
01/04/2013,02:15,0,0,0
01/04/2013,02:30,0,0,0
01/04/2013,02:45,0,0,0
01/04/2013,03:00,0,0,0
01/04/2013,03:15,0,0,0
01/04/2013,03:30,1,1,0
01/04/2013,03:45,0,0,0
01/04/2013,04:00,0,0,0
01/04/2013,04:15,0,0,0
01/04/2013,04:30,2,2,0
01/04/2013,04:45,0,0,0
01/04/2013,05:00,0,0,0
01/04/2013,05:15,3,3,0
01/04/2013,05:30,3,3,0
01/04/2013,05:45,1,0,1
01/04/2013,06:00,5,1,4
01/04/2013,06:15,12,6,6
01/04/2013,06:30,11,6,5
01/04/2013,06:45,13,10,3
01/04/2013,07:00,13,7,6
01/04/2013,07:15,10,5,5
01/04/2013,07:30,4,2,2
01/04/2013,07:45,7,5,2
01/04/2013,08:00,7,6,1
01/04/2013,08:15,3,1,2
01/04/2013,08:30,4,3,1
01/04/2013,08:45,2,1,1
01/04/2013,09:00,5,2,3
01/04/2013,09:15,5,1,4
01/04/2013,09:30,6,3,3
01/04/2013,09:45,2,0,2
01/04/2013,10:00,13,1,12
01/04/2013,10:15,13,2,11
01/04/2013,10:30,18,8,10
01/04/2013,10:45,18,6,12
01/04/2013,11:00,20,8,12
01/04/2013,11:15,12,5,7
01/04/2013,11:30,7,4,3
01/04/2013,11:45,13,3,10
01/04/2013,12:00,16,11,5
01/04/2013,12:15,19,10,9
01/04/2013,12:30,15,5,10
01/04/2013,12:45,18,10,8
01/04/2013,13:00,15,5,10
01/04/2013,13:15,14,6,8
01/04/2013,13:30,12,6,6
01/04/2013,13:45,20,11,9
01/04/2013,14:00,24,15,9
01/04/2013,14:15,21,13,8
01/04/2013,14:30,19,9,10
01/04/2013,14:45,32,19,13
01/04/2013,15:00,29,18,11
01/04/2013,15:15,34,20,14
01/04/2013,15:30,29,11,18
01/04/2013,15:45,17,8,9
01/04/2013,16:00,38,22,16
01/04/2013,16:15,49,20,29
01/04/2013,16:30,63,24,39
01/04/2013,16:45,56,16,40
01/04/2013,17:00,46,25,21
01/04/2013,17:15,44,15,29
01/04/2013,17:30,63,18,45
01/04/2013,17:45,62,18,44
01/04/2013,18:00,77,24,53
01/04/2013,18:15,50,17,33
01/04/2013,18:30,37,18,19
01/04/2013,18:45,35,18,17
01/04/2013,19:00,21,6,15
01/04/2013,19:15,16,8,8
01/04/2013,19:30,16,9,7
01/04/2013,19:45,9,5,4
01/04/2013,20:00,4,0,4
01/04/2013,20:15,6,2,4
01/04/2013,20:30,4,3,1
01/04/2013,20:45,2,2,0
01/04/2013,21:00,2,1,1
01/04/2013,21:15,7,3,4
01/04/2013,21:30,1,1,0
01/04/2013,21:45,2,2,0
01/04/2013,22:00,0,0,0
01/04/2013,22:15,0,0,0
01/04/2013,22:30,1,1,0
01/04/2013,22:45,0,0,0
01/04/2013,23:00,2,1,1
01/04/2013,23:15,1,1,0
01/04/2013,23:30,0,0,0
01/04/2013,23:45,1,1,0
02/04/2013,00:00,0,0,0
02/04/2013,00:15,3,3,0
02/04/2013,00:30,0,0,0
02/04/2013,00:45,0,0,0
02/04/2013,01:00,0,0,0
02/04/2013,01:15,0,0,0
02/04/2013,01:30,0,0,0
02/04/2013,01:45,0,0,0
02/04/2013,02:00,0,0,0
02/04/2013,02:15,0,0,0
02/04/2013,02:30,0,0,0
02/04/2013,02:45,0,0,0
02/04/2013,03:00,0,0,0
02/04/2013,03:15,0,0,0
02/04/2013,03:30,0,0,0
02/04/2013,03:45,0,0,0
02/04/2013,04:00,0,0,0
02/04/2013,04:15,0,0,0
02/04/2013,04:30,2,0,2
02/04/2013,04:45,0,0,0
02/04/2013,05:00,3,3,0
02/04/2013,05:15,5,3,2
02/04/2013,05:30,1,0,1
02/04/2013,05:45,8,3,5
02/04/2013,06:00,6,3,3
02/04/2013,06:15,26,15,11
02/04/2013,06:30,16,11,5
02/04/2013,06:45,18,17,1
02/04/2013,07:00,18,12,6
02/04/2013,07:15,26,21,5
02/04/2013,07:30,31,19,12
02/04/2013,07:45,35,24,11
02/04/2013,08:00,83,74,9
02/04/2013,08:15,34,22,12
02/04/2013,08:30,24,12,12
02/04/2013,08:45,41,14,27
02/04/2013,09:00,27,9,18
02/04/2013,09:15,20,6,14
02/04/2013,09:30,29,13,16
02/04/2013,09:45,32,13,19
02/04/2013,10:00,25,16,9
02/04/2013,10:15,32,19,13
02/04/2013,10:30,34,22,12
02/04/2013,10:45,31,17,14
02/04/2013,11:00,34,21,13
02/04/2013,11:15,22,17,5
02/04/2013,11:30,25,14,11
02/04/2013,11:45,26,14,12
02/04/2013,12:00,18,9,9
02/04/2013,12:15,21,12,9
02/04/2013,12:30,18,8,10
02/04/2013,12:45,31,19,12
02/04/2013,13:00,34,14,20
02/04/2013,13:15,47,17,30
02/04/2013,13:30,27,10,17
02/04/2013,13:45,21,11,10
02/04/2013,14:00,27,12,15
02/04/2013,14:15,45,33,12
02/04/2013,14:30,19,10,9
02/04/2013,14:45,23,15,8
02/04/2013,15:00,55,31,24
02/04/2013,15:15,42,24,18
02/04/2013,15:30,21,17,4
02/04/2013,15:45,38,26,12
02/04/2013,16:00,35,23,12
02/04/2013,16:15,51,30,21
02/04/2013,16:30,54,22,32
02/04/2013,16:45,49,27,22
02/04/2013,17:00,56,24,32
02/04/2013,17:15,70,37,33
02/04/2013,17:30,69,20,49
02/04/2013,17:45,78,30,48
02/04/2013,18:00,71,24,47
02/04/2013,18:15,63,31,32
02/04/2013,18:30,61,22,39
02/04/2013,18:45,35,23,12
02/04/2013,19:00,33,21,12
02/04/2013,19:15,30,20,10
02/04/2013,19:30,26,7,19
02/04/2013,19:45,13,8,5
02/04/2013,20:00,10,6,4
02/04/2013,20:15,6,2,4
02/04/2013,20:30,3,2,1
02/04/2013,20:45,1,1,0
02/04/2013,21:00,1,1,0
02/04/2013,21:15,5,5,0
02/04/2013,21:30,1,0,1
02/04/2013,21:45,2,2,0
02/04/2013,22:00,2,2,0
02/04/2013,22:15,1,0,1
02/04/2013,22:30,2,2,0
02/04/2013,22:45,1,1,0
02/04/2013,23:00,0,0,0
02/04/2013,23:15,0,0,0
02/04/2013,23:30,0,0,0
02/04/2013,23:45,0,0,0
03/04/2013,00:00,1,1,0
03/04/2013,00:15,0,0,0
03/04/2013,00:30,0,0,0
03/04/2013,00:45,1,0,1
03/04/2013,01:00,1,0,1
03/04/2013,01:15,0,0,0
03/04/2013,01:30,0,0,0
03/04/2013,01:45,1,0,1
03/04/2013,02:00,1,0,1
03/04/2013,02:15,0,0,0
03/04/2013,02:30,0,0,0
03/04/2013,02:45,0,0,0
03/04/2013,03:00,0,0,0
03/04/2013,03:15,0,0,0
03/04/2013,03:30,0,0,0
03/04/2013,03:45,0,0,0
03/04/2013,04:00,0,0,0
03/04/2013,04:15,0,0,0
03/04/2013,04:30,1,1,0
03/04/2013,04:45,0,0,0
03/04/2013,05:00,1,1,0
03/04/2013,05:15,5,4,1
03/04/2013,05:30,5,3,2
03/04/2013,05:45,1,1,0
03/04/2013,06:00,13,10,3
03/04/2013,06:15,16,11,5
03/04/2013,06:30,10,6,4
03/04/2013,06:45,14,10,4
03/04/2013,07:00,20,14,6
03/04/2013,07:15,29,13,16
03/04/2013,07:30,27,13,14
03/04/2013,07:45,37,24,13
03/04/2013,08:00,72,61,11
03/04/2013,08:15,35,24,11
03/04/2013,08:30,22,9,13
03/04/2013,08:45,17,7,10
03/04/2013,09:00,20,11,9
03/04/2013,09:15,37,11,26
03/04/2013,09:30,32,11,21
03/04/2013,09:45,56,15,41
03/04/2013,10:00,44,6,38
03/04/2013,10:15,25,17,8
03/04/2013,10:30,27,16,11
03/04/2013,10:45,20,12,8
03/04/2013,11:00,18,7,11
03/04/2013,11:15,27,19,8
03/04/2013,11:30,19,9,10
03/04/2013,11:45,30,19,11
03/04/2013,12:00,20,13,7
03/04/2013,12:15,27,12,15
03/04/2013,12:30,27,18,9
03/04/2013,12:45,34,24,10
03/04/2013,13:00,24,13,11
03/04/2013,13:15,30,16,14
03/04/2013,13:30,67,47,20
03/04/2013,13:45,35,19,16
03/04/2013,14:00,43,24,19
03/04/2013,14:15,43,27,16
03/04/2013,14:30,30,10,20
03/04/2013,14:45,30,21,9
03/04/2013,15:00,26,22,4
03/04/2013,15:15,65,48,17
03/04/2013,15:30,65,32,33
03/04/2013,15:45,311,33,278
03/04/2013,16:00,113,24,89
03/04/2013,16:15,77,26,51
03/04/2013,16:30,77,26,51
03/04/2013,16:45,171,29,142
03/04/2013,17:00,185,34,151
03/04/2013,17:15,74,30,44
03/04/2013,17:30,66,33,33
03/04/2013,17:45,90,25,65
03/04/2013,18:00,71,39,32
03/04/2013,18:15,98,25,73
03/04/2013,18:30,58,20,38
03/04/2013,18:45,36,16,20
03/04/2013,19:00,24,11,13
03/04/2013,19:15,23,12,11
03/04/2013,19:30,11,7,4
03/04/2013,19:45,8,4,4
03/04/2013,20:00,5,3,2
03/04/2013,20:15,5,3,2
03/04/2013,20:30,2,2,0
03/04/2013,20:45,0,0,0
03/04/2013,21:00,1,1,0
03/04/2013,21:15,1,1,0
03/04/2013,21:30,0,0,0
03/04/2013,21:45,4,2,2
03/04/2013,22:00,1,0,1
03/04/2013,22:15,0,0,0
03/04/2013,22:30,2,2,0
03/04/2013,22:45,0,0,0
03/04/2013,23:00,1,1,0
03/04/2013,23:15,0,0,0
03/04/2013,23:30,0,0,0
03/04/2013,23:45,0,0,0
04/04/2013,00:00,0,0,0
04/04/2013,00:15,0,0,0
04/04/2013,00:30,0,0,0
04/04/2013,00:45,0,0,0
04/04/2013,01:00,1,0,1
04/04/2013,01:15,2,0,2
04/04/2013,01:30,0,0,0
04/04/2013,01:45,0,0,0
04/04/2013,02:00,0,0,0
04/04/2013,02:15,0,0,0
04/04/2013,02:30,0,0,0
04/04/2013,02:45,0,0,0
04/04/2013,03:00,0,0,0
04/04/2013,03:15,0,0,0
04/04/2013,03:30,0,0,0
04/04/2013,03:45,0,0,0
04/04/2013,04:00,0,0,0
04/04/2013,04:15,0,0,0
04/04/2013,04:30,0,0,0
04/04/2013,04:45,0,0,0
04/04/2013,05:00,0,0,0
04/04/2013,05:15,0,0,0
04/04/2013,05:30,1,0,1
04/04/2013,05:45,1,0,1
04/04/2013,06:00,0,0,0
04/04/2013,06:15,1,1,0
04/04/2013,06:30,2,1,1
04/04/2013,06:45,3,1,2
04/04/2013,07:00,4,1,3
04/04/2013,07:15,3,2,1
04/04/2013,07:30,4,0,4
04/04/2013,07:45,6,2,4
04/04/2013,08:00,13,11,2
04/04/2013,08:15,11,6,5
04/04/2013,08:30,6,3,3
04/04/2013,08:45,7,1,6
04/04/2013,09:00,1,1,0
04/04/2013,09:15,3,2,1
04/04/2013,09:30,2,0,2
04/04/2013,09:45,6,2,4
04/04/2013,10:00,4,2,2
04/04/2013,10:15,2,1,1
04/04/2013,10:30,9,3,6
04/04/2013,10:45,6,1,5
04/04/2013,11:00,5,3,2
04/04/2013,11:15,7,1,6
04/04/2013,11:30,5,0,5
04/04/2013,11:45,6,2,4
04/04/2013,12:00,5,1,4
04/04/2013,12:15,2,1,1
04/04/2013,12:30,1,0,1
04/04/2013,12:45,0,0,0
04/04/2013,13:00,1,0,1
04/04/2013,13:15,11,5,6
04/04/2013,13:30,7,2,5
04/04/2013,13:45,8,3,5
04/04/2013,14:00,10,2,8
04/04/2013,14:15,8,1,7
04/04/2013,14:30,9,7,2
04/04/2013,14:45,13,7,6
04/04/2013,15:00,15,11,4
04/04/2013,15:15,10,4,6
04/04/2013,15:30,12,10,2
04/04/2013,15:45,8,5,3
04/04/2013,16:00,13,7,6
04/04/2013,16:15,3,1,2
04/04/2013,16:30,8,1,7
04/04/2013,16:45,8,2,6
04/04/2013,17:00,14,10,4
04/04/2013,17:15,13,4,9
04/04/2013,17:30,7,2,5
04/04/2013,17:45,18,9,9
04/04/2013,18:00,11,5,6
04/04/2013,18:15,10,7,3
04/04/2013,18:30,8,4,4
04/04/2013,18:45,18,11,7
04/04/2013,19:00,13,7,6
04/04/2013,19:15,1,0,1
04/04/2013,19:30,9,2,7
04/04/2013,19:45,1,0,1
04/04/2013,20:00,4,0,4
04/04/2013,20:15,1,1,0
04/04/2013,20:30,1,0,1
04/04/2013,20:45,1,1,0
04/04/2013,21:00,1,1,0
04/04/2013,21:15,0,0,0
04/04/2013,21:30,0,0,0
04/04/2013,21:45,3,3,0
04/04/2013,22:00,0,0,0
04/04/2013,22:15,3,3,0
04/04/2013,22:30,0,0,0
04/04/2013,22:45,0,0,0
04/04/2013,23:00,0,0,0
04/04/2013,23:15,0,0,0
04/04/2013,23:30,0,0,0
04/04/2013,23:45,0,0,0
05/04/2013,00:00,0,0,0
05/04/2013,00:15,0,0,0
05/04/2013,00:30,0,0,0
05/04/2013,00:45,0,0,0
05/04/2013,01:00,0,0,0
05/04/2013,01:15,0,0,0
05/04/2013,01:30,0,0,0
05/04/2013,01:45,0,0,0
05/04/2013,02:00,0,0,0
05/04/2013,02:15,0,0,0
05/04/2013,02:30,0,0,0
05/04/2013,02:45,0,0,0
05/04/2013,03:00,0,0,0
05/04/2013,03:15,0,0,0
05/04/2013,03:30,0,0,0
05/04/2013,03:45,0,0,0
05/04/2013,04:00,0,0,0
05/04/2013,04:15,0,0,0
05/04/2013,04:30,1,1,0
05/04/2013,04:45,0,0,0
05/04/2013,05:00,0,0,0
05/04/2013,05:15,0,0,0
05/04/2013,05:30,3,2,1
05/04/2013,05:45,7,3,4
05/04/2013,06:00,5,2,3
05/04/2013,06:15,12,9,3
05/04/2013,06:30,13,7,6
05/04/2013,06:45,19,13,6
05/04/2013,07:00,18,10,8
05/04/2013,07:15,36,15,21
05/04/2013,07:30,24,14,10
05/04/2013,07:45,22,17,5
05/04/2013,08:00,59,50,9
05/04/2013,08:15,22,12,10
05/04/2013,08:30,20,13,7
05/04/2013,08:45,24,10,14
05/04/2013,09:00,24,14,10
05/04/2013,09:15,11,5,6
05/04/2013,09:30,18,11,7
05/04/2013,09:45,13,5,8
05/04/2013,10:00,14,8,6
05/04/2013,10:15,12,5,7
05/04/2013,10:30,17,8,9
05/04/2013,10:45,37,15,22
05/04/2013,11:00,32,15,17
05/04/2013,11:15,16,10,6
05/04/2013,11:30,26,12,14
05/04/2013,11:45,28,14,14
05/04/2013,12:00,23,10,13
05/04/2013,12:15,28,20,8
05/04/2013,12:30,25,11,14
05/04/2013,12:45,24,15,9
05/04/2013,13:00,28,15,13
05/04/2013,13:15,20,5,15
05/04/2013,13:30,19,7,12
05/04/2013,13:45,27,13,14
05/04/2013,14:00,23,17,6
05/04/2013,14:15,28,10,18
05/04/2013,14:30,45,31,14
05/04/2013,14:45,30,15,15
05/04/2013,15:00,23,10,13
05/04/2013,15:15,46,16,30
05/04/2013,15:30,28,12,16
05/04/2013,15:45,25,14,11
05/04/2013,16:00,31,12,19
05/04/2013,16:15,31,17,14
05/04/2013,16:30,52,22,30
05/04/2013,16:45,41,18,23
05/04/2013,17:00,39,15,24
05/04/2013,17:15,41,21,20
05/04/2013,17:30,44,16,28
05/04/2013,17:45,60,34,26
05/04/2013,18:00,35,19,16
05/04/2013,18:15,44,23,21
05/04/2013,18:30,32,16,16
05/04/2013,18:45,30,20,10
05/04/2013,19:00,27,12,15
05/04/2013,19:15,10,6,4
05/04/2013,19:30,15,11,4
05/04/2013,19:45,5,4,1
05/04/2013,20:00,4,2,2
05/04/2013,20:15,8,2,6
05/04/2013,20:30,1,1,0
05/04/2013,20:45,2,0,2
05/04/2013,21:00,1,1,0
05/04/2013,21:15,1,1,0
05/04/2013,21:30,0,0,0
05/04/2013,21:45,0,0,0
05/04/2013,22:00,0,0,0
05/04/2013,22:15,1,1,0
05/04/2013,22:30,3,2,1
05/04/2013,22:45,0,0,0
05/04/2013,23:00,0,0,0
05/04/2013,23:15,2,1,1
05/04/2013,23:30,0,0,0
05/04/2013,23:45,4,4,0
06/04/2013,00:00,0,0,0
06/04/2013,00:15,0,0,0
06/04/2013,00:30,0,0,0
06/04/2013,00:45,1,0,1
06/04/2013,01:00,0,0,0
06/04/2013,01:15,0,0,0
06/04/2013,01:30,0,0,0
06/04/2013,01:45,0,0,0
06/04/2013,02:00,0,0,0
06/04/2013,02:15,0,0,0
06/04/2013,02:30,0,0,0
06/04/2013,02:45,0,0,0
06/04/2013,03:00,0,0,0
06/04/2013,03:15,0,0,0
06/04/2013,03:30,0,0,0
06/04/2013,03:45,0,0,0
06/04/2013,04:00,0,0,0
06/04/2013,04:15,0,0,0
06/04/2013,04:30,0,0,0
06/04/2013,04:45,0,0,0
06/04/2013,05:00,0,0,0
06/04/2013,05:15,0,0,0
06/04/2013,05:30,1,1,0
06/04/2013,05:45,1,1,0
06/04/2013,06:00,1,1,0
06/04/2013,06:15,1,0,1
06/04/2013,06:30,10,9,1
06/04/2013,06:45,3,2,1
06/04/2013,07:00,3,1,2
06/04/2013,07:15,9,5,4
06/04/2013,07:30,21,13,8
06/04/2013,07:45,17,9,8
06/04/2013,08:00,25,17,8
06/04/2013,08:15,80,69,11
06/04/2013,08:30,65,56,9
06/04/2013,08:45,47,36,11
06/04/2013,09:00,78,74,4
06/04/2013,09:15,95,86,9
06/04/2013,09:30,88,79,9
06/04/2013,09:45,57,41,16
06/04/2013,10:00,53,41,12
06/04/2013,10:15,75,64,11
06/04/2013,10:30,44,36,8
06/04/2013,10:45,45,33,12
06/04/2013,11:00,56,47,9
06/04/2013,11:15,28,19,9
06/04/2013,11:30,63,48,15
06/04/2013,11:45,50,40,10
06/04/2013,12:00,47,34,13
06/04/2013,12:15,40,38,2
06/04/2013,12:30,39,32,7
06/04/2013,12:45,63,51,12
06/04/2013,13:00,40,32,8
06/04/2013,13:15,47,35,12
06/04/2013,13:30,24,17,7
06/04/2013,13:45,42,36,6
06/04/2013,14:00,37,27,10
06/04/2013,14:15,44,36,8
06/04/2013,14:30,48,34,14
06/04/2013,14:45,60,47,13
06/04/2013,15:00,73,50,23
06/04/2013,15:15,39,21,18
06/04/2013,15:30,57,39,18
06/04/2013,15:45,76,58,18
06/04/2013,16:00,54,32,22
06/04/2013,16:15,58,27,31
06/04/2013,16:30,49,35,14
06/04/2013,16:45,35,24,11
06/04/2013,17:00,50,34,16
06/04/2013,17:15,29,19,10
06/04/2013,17:30,37,28,9
06/04/2013,17:45,24,13,11
06/04/2013,18:00,18,10,8
06/04/2013,18:15,27,11,16
06/04/2013,18:30,16,11,5
06/04/2013,18:45,17,10,7
06/04/2013,19:00,10,6,4
06/04/2013,19:15,4,1,3
06/04/2013,19:30,6,2,4
06/04/2013,19:45,10,4,6
06/04/2013,20:00,2,2,0
06/04/2013,20:15,2,0,2
06/04/2013,20:30,0,0,0
06/04/2013,20:45,2,0,2
06/04/2013,21:00,1,1,0
06/04/2013,21:15,0,0,0
06/04/2013,21:30,1,1,0
06/04/2013,21:45,2,2,0
06/04/2013,22:00,1,1,0
06/04/2013,22:15,1,1,0
06/04/2013,22:30,1,1,0
06/04/2013,22:45,0,0,0
06/04/2013,23:00,0,0,0
06/04/2013,23:15,0,0,0
06/04/2013,23:30,0,0,0
06/04/2013,23:45,0,0,0
07/04/2013,00:00,0,0,0
07/04/2013,00:15,0,0,0
07/04/2013,00:30,0,0,0
07/04/2013,00:45,0,0,0
07/04/2013,01:00,0,0,0
07/04/2013,01:15,0,0,0
07/04/2013,01:30,0,0,0
07/04/2013,01:45,0,0,0
07/04/2013,02:00,0,0,0
07/04/2013,02:15,0,0,0
07/04/2013,02:30,0,0,0
07/04/2013,02:45,0,0,0
07/04/2013,03:00,0,0,0
07/04/2013,03:15,0,0,0
07/04/2013,03:30,3,3,0
07/04/2013,03:45,2,2,0
07/04/2013,04:00,0,0,0
07/04/2013,04:15,2,2,0
07/04/2013,04:30,1,1,0
07/04/2013,04:45,0,0,0
07/04/2013,05:00,0,0,0
07/04/2013,05:15,0,0,0
07/04/2013,05:30,0,0,0
07/04/2013,05:45,1,1,0
07/04/2013,06:00,0,0,0
07/04/2013,06:15,2,1,1
07/04/2013,06:30,6,4,2
07/04/2013,06:45,1,0,1
07/04/2013,07:00,8,7,1
07/04/2013,07:15,17,14,3
07/04/2013,07:30,30,25,5
07/04/2013,07:45,13,11,2
07/04/2013,08:00,17,12,5
07/04/2013,08:15,16,10,6
07/04/2013,08:30,31,19,12
07/04/2013,08:45,29,20,9
07/04/2013,09:00,46,36,10
07/04/2013,09:15,50,37,13
07/04/2013,09:30,36,29,7
07/04/2013,09:45,70,58,12
07/04/2013,10:00,89,67,22
07/04/2013,10:15,76,60,16
07/04/2013,10:30,64,51,13
07/04/2013,10:45,81,65,16
07/04/2013,11:00,81,68,13
07/04/2013,11:15,68,61,7
07/04/2013,11:30,82,58,24
07/04/2013,11:45,89,76,13
07/04/2013,12:00,70,50,20
07/04/2013,12:15,72,58,14
07/04/2013,12:30,63,49,14
07/04/2013,12:45,66,54,12
07/04/2013,13:00,72,60,12
07/04/2013,13:15,68,53,15
07/04/2013,13:30,61,50,11
07/04/2013,13:45,68,52,16
07/04/2013,14:00,72,47,25
07/04/2013,14:15,80,64,16
07/04/2013,14:30,74,58,16
07/04/2013,14:45,79,54,25
07/04/2013,15:00,61,41,20
07/04/2013,15:15,73,53,20
07/04/2013,15:30,67,52,15
07/04/2013,15:45,60,35,25
07/04/2013,16:00,49,33,16
07/04/2013,16:15,48,28,20
07/04/2013,16:30,30,18,12
07/04/2013,16:45,49,30,19
07/04/2013,17:00,36,18,18
07/04/2013,17:15,33,25,8
07/04/2013,17:30,35,26,9
07/04/2013,17:45,21,14,7
07/04/2013,18:00,19,12,7
07/04/2013,18:15,18,8,10
07/04/2013,18:30,14,5,9
07/04/2013,18:45,16,9,7
07/04/2013,19:00,7,2,5
07/04/2013,19:15,11,8,3
07/04/2013,19:30,8,2,6
07/04/2013,19:45,1,1,0
07/04/2013,20:00,1,0,1
07/04/2013,20:15,5,2,3
07/04/2013,20:30,2,0,2
07/04/2013,20:45,3,0,3
07/04/2013,21:00,3,2,1
07/04/2013,21:15,0,0,0
07/04/2013,21:30,0,0,0
07/04/2013,21:45,1,1,0
07/04/2013,22:00,0,0,0
07/04/2013,22:15,0,0,0
07/04/2013,22:30,0,0,0
07/04/2013,22:45,0,0,0
07/04/2013,23:00,0,0,0
07/04/2013,23:15,0,0,0
07/04/2013,23:30,0,0,0
07/04/2013,23:45,0,0,0
08/04/2013,00:00,0,0,0
08/04/2013,00:15,0,0,0
08/04/2013,00:30,0,0,0
08/04/2013,00:45,0,0,0
08/04/2013,01:00,0,0,0
08/04/2013,01:15,0,0,0
08/04/2013,01:30,0,0,0
08/04/2013,01:45,0,0,0
08/04/2013,02:00,0,0,0
08/04/2013,02:15,0,0,0
08/04/2013,02:30,0,0,0
08/04/2013,02:45,0,0,0
08/04/2013,03:00,0,0,0
08/04/2013,03:15,1,1,0
08/04/2013,03:30,0,0,0
08/04/2013,03:45,0,0,0
08/04/2013,04:00,0,0,0
08/04/2013,04:15,0,0,0
08/04/2013,04:30,2,2,0
08/04/2013,04:45,0,0,0
08/04/2013,05:00,0,0,0
08/04/2013,05:15,3,2,1
08/04/2013,05:30,1,0,1
08/04/2013,05:45,0,0,0
08/04/2013,06:00,3,3,0
08/04/2013,06:15,18,11,7
08/04/2013,06:30,4,0,4
08/04/2013,06:45,13,10,3
08/04/2013,07:00,11,5,6
08/04/2013,07:15,12,4,8
08/04/2013,07:30,11,8,3
08/04/2013,07:45,11,8,3
08/04/2013,08:00,13,7,6
08/04/2013,08:15,10,4,6
08/04/2013,08:30,12,5,7
08/04/2013,08:45,15,8,7
08/04/2013,09:00,4,2,2
08/04/2013,09:15,7,3,4
08/04/2013,09:30,11,4,7
08/04/2013,09:45,15,6,9
08/04/2013,10:00,13,6,7
08/04/2013,10:15,19,8,11
08/04/2013,10:30,24,8,16
08/04/2013,10:45,22,5,17
08/04/2013,11:00,32,12,20
08/04/2013,11:15,24,8,16
08/04/2013,11:30,20,8,12
08/04/2013,11:45,15,4,11
08/04/2013,12:00,22,10,12
08/04/2013,12:15,32,22,10
08/04/2013,12:30,27,16,11
08/04/2013,12:45,31,12,19
08/04/2013,13:00,23,12,11
08/04/2013,13:15,31,24,7
08/04/2013,13:30,21,13,8
08/04/2013,13:45,25,12,13
08/04/2013,14:00,15,9,6
08/04/2013,14:15,28,11,17
08/04/2013,14:30,22,16,6
08/04/2013,14:45,24,13,11
08/04/2013,15:00,19,6,13
08/04/2013,15:15,19,6,13
08/04/2013,15:30,19,10,9
08/04/2013,15:45,36,19,17
08/04/2013,16:00,23,11,12
08/04/2013,16:15,52,24,28
08/04/2013,16:30,41,13,28
08/04/2013,16:45,26,9,17
08/04/2013,17:00,31,12,19
08/04/2013,17:15,55,29,26
08/04/2013,17:30,41,14,27
08/04/2013,17:45,32,10,22
08/04/2013,18:00,42,15,27
08/04/2013,18:15,43,17,26
08/04/2013,18:30,26,14,12
08/04/2013,18:45,31,19,12
08/04/2013,19:00,12,5,7
08/04/2013,19:15,18,12,6
08/04/2013,19:30,18,13,5
08/04/2013,19:45,12,9,3
08/04/2013,20:00,6,5,1
08/04/2013,20:15,5,3,2
08/04/2013,20:30,4,2,2
08/04/2013,20:45,2,2,0
08/04/2013,21:00,0,0,0
08/04/2013,21:15,1,0,1
08/04/2013,21:30,3,2,1
08/04/2013,21:45,0,0,0
08/04/2013,22:00,2,1,1
08/04/2013,22:15,0,0,0
08/04/2013,22:30,1,0,1
08/04/2013,22:45,0,0,0
08/04/2013,23:00,0,0,0
08/04/2013,23:15,3,1,2
08/04/2013,23:30,0,0,0
08/04/2013,23:45,0,0,0
09/04/2013,00:00,0,0,0
09/04/2013,00:15,0,0,0
09/04/2013,00:30,0,0,0
09/04/2013,00:45,0,0,0
09/04/2013,01:00,0,0,0
09/04/2013,01:15,0,0,0
09/04/2013,01:30,0,0,0
09/04/2013,01:45,0,0,0
09/04/2013,02:00,0,0,0
09/04/2013,02:15,0,0,0
09/04/2013,02:30,0,0,0
09/04/2013,02:45,0,0,0
09/04/2013,03:00,0,0,0
09/04/2013,03:15,0,0,0
09/04/2013,03:30,1,1,0
09/04/2013,03:45,0,0,0
09/04/2013,04:00,0,0,0
09/04/2013,04:15,0,0,0
09/04/2013,04:30,1,1,0
09/04/2013,04:45,0,0,0
09/04/2013,05:00,3,1,2
09/04/2013,05:15,1,0,1
09/04/2013,05:30,4,3,1
09/04/2013,05:45,1,0,1
09/04/2013,06:00,7,5,2
09/04/2013,06:15,22,18,4
09/04/2013,06:30,18,12,6
09/04/2013,06:45,31,27,4
09/04/2013,07:00,14,6,8
09/04/2013,07:15,29,21,8
09/04/2013,07:30,19,14,5
09/04/2013,07:45,20,12,8
09/04/2013,08:00,30,17,13
09/04/2013,08:15,24,13,11
09/04/2013,08:30,21,14,7
09/04/2013,08:45,20,11,9
09/04/2013,09:00,27,20,7
09/04/2013,09:15,17,5,12
09/04/2013,09:30,22,11,11
09/04/2013,09:45,27,13,14
09/04/2013,10:00,24,12,12
09/04/2013,10:15,24,11,13
09/04/2013,10:30,28,16,12
09/04/2013,10:45,37,19,18
09/04/2013,11:00,18,10,8
09/04/2013,11:15,32,15,17
09/04/2013,11:30,23,14,9
09/04/2013,11:45,36,25,11
09/04/2013,12:00,17,10,7
09/04/2013,12:15,28,19,9
09/04/2013,12:30,28,16,12
09/04/2013,12:45,25,15,10
09/04/2013,13:00,26,15,11
09/04/2013,13:15,25,16,9
09/04/2013,13:30,35,17,18
09/04/2013,13:45,55,40,15
09/04/2013,14:00,40,26,14
09/04/2013,14:15,33,21,12
09/04/2013,14:30,47,27,20
09/04/2013,14:45,23,17,6
09/04/2013,15:00,35,20,15
09/04/2013,15:15,33,13,20
09/04/2013,15:30,30,15,15
09/04/2013,15:45,31,21,10
09/04/2013,16:00,42,30,12
09/04/2013,16:15,38,22,16
09/04/2013,16:30,54,26,28
09/04/2013,16:45,49,21,28
09/04/2013,17:00,36,21,15
09/04/2013,17:15,54,30,24
09/04/2013,17:30,61,25,36
09/04/2013,17:45,57,33,24
09/04/2013,18:00,48,27,21
09/04/2013,18:15,54,33,21
09/04/2013,18:30,66,30,36
09/04/2013,18:45,51,21,30
09/04/2013,19:00,37,18,19
09/04/2013,19:15,30,13,17
09/04/2013,19:30,17,13,4
09/04/2013,19:45,12,5,7
09/04/2013,20:00,10,6,4
09/04/2013,20:15,7,5,2
09/04/2013,20:30,5,2,3
09/04/2013,20:45,6,4,2
09/04/2013,21:00,1,0,1
09/04/2013,21:15,6,1,5
09/04/2013,21:30,2,2,0
09/04/2013,21:45,2,1,1
09/04/2013,22:00,0,0,0
09/04/2013,22:15,0,0,0
09/04/2013,22:30,4,4,0
09/04/2013,22:45,1,0,1
09/04/2013,23:00,0,0,0
09/04/2013,23:15,0,0,0
09/04/2013,23:30,0,0,0
09/04/2013,23:45,2,2,0
10/04/2013,00:00,0,0,0
10/04/2013,00:15,1,0,1
10/04/2013,00:30,0,0,0
10/04/2013,00:45,1,1,0
10/04/2013,01:00,0,0,0
10/04/2013,01:15,0,0,0
10/04/2013,01:30,0,0,0
10/04/2013,01:45,0,0,0
10/04/2013,02:00,0,0,0
10/04/2013,02:15,0,0,0
10/04/2013,02:30,0,0,0
10/04/2013,02:45,0,0,0
10/04/2013,03:00,0,0,0
10/04/2013,03:15,0,0,0
10/04/2013,03:30,1,0,1
10/04/2013,03:45,2,2,0
10/04/2013,04:00,0,0,0
10/04/2013,04:15,0,0,0
10/04/2013,04:30,0,0,0
10/04/2013,04:45,0,0,0
10/04/2013,05:00,1,0,1
10/04/2013,05:15,5,3,2
10/04/2013,05:30,2,1,1
10/04/2013,05:45,4,3,1
10/04/2013,06:00,6,3,3
10/04/2013,06:15,17,15,2
10/04/2013,06:30,12,5,7
10/04/2013,06:45,22,18,4
10/04/2013,07:00,28,15,13
10/04/2013,07:15,35,22,13
10/04/2013,07:30,17,11,6
10/04/2013,07:45,32,24,8
10/04/2013,08:00,24,16,8
10/04/2013,08:15,24,18,6
10/04/2013,08:30,20,14,6
10/04/2013,08:45,21,16,5
10/04/2013,09:00,23,19,4
10/04/2013,09:15,28,13,15
10/04/2013,09:30,31,16,15
10/04/2013,09:45,45,25,20
10/04/2013,10:00,28,18,10
10/04/2013,10:15,35,26,9
10/04/2013,10:30,17,13,4
10/04/2013,10:45,38,19,19
10/04/2013,11:00,32,25,7
10/04/2013,11:15,47,34,13
10/04/2013,11:30,33,29,4
10/04/2013,11:45,30,18,12
10/04/2013,12:00,38,28,10
10/04/2013,12:15,38,19,19
10/04/2013,12:30,29,18,11
10/04/2013,12:45,29,16,13
10/04/2013,13:00,50,35,15
10/04/2013,13:15,33,18,15
10/04/2013,13:30,33,20,13
10/04/2013,13:45,31,17,14
10/04/2013,14:00,19,14,5
10/04/2013,14:15,43,28,15
10/04/2013,14:30,45,35,10
10/04/2013,14:45,42,33,9
10/04/2013,15:00,40,26,14
10/04/2013,15:15,27,22,5
10/04/2013,15:30,47,33,14
10/04/2013,15:45,28,18,10
10/04/2013,16:00,36,21,15
10/04/2013,16:15,54,34,20
10/04/2013,16:30,48,36,12
10/04/2013,16:45,34,20,14
10/04/2013,17:00,32,13,19
10/04/2013,17:15,58,41,17
10/04/2013,17:30,49,32,17
10/04/2013,17:45,47,29,18
10/04/2013,18:00,47,28,19
10/04/2013,18:15,82,24,58
10/04/2013,18:30,204,54,150
10/04/2013,18:45,127,27,100
10/04/2013,19:00,106,20,86
10/04/2013,19:15,42,10,32
10/04/2013,19:30,30,12,18
10/04/2013,19:45,26,13,13
10/04/2013,20:00,12,7,5
10/04/2013,20:15,8,4,4
10/04/2013,20:30,10,3,7
10/04/2013,20:45,3,2,1
10/04/2013,21:00,3,1,2
10/04/2013,21:15,1,1,0
10/04/2013,21:30,0,0,0
10/04/2013,21:45,2,1,1
10/04/2013,22:00,1,0,1
10/04/2013,22:15,1,0,1
10/04/2013,22:30,0,0,0
10/04/2013,22:45,1,1,0
10/04/2013,23:00,0,0,0
10/04/2013,23:15,0,0,0
10/04/2013,23:30,1,1,0
10/04/2013,23:45,0,0,0
11/04/2013,00:00,1,1,0
11/04/2013,00:15,0,0,0
11/04/2013,00:30,0,0,0
11/04/2013,00:45,0,0,0
11/04/2013,01:00,0,0,0
11/04/2013,01:15,0,0,0
11/04/2013,01:30,0,0,0
11/04/2013,01:45,0,0,0
11/04/2013,02:00,0,0,0
11/04/2013,02:15,0,0,0
11/04/2013,02:30,2,2,0
11/04/2013,02:45,0,0,0
11/04/2013,03:00,0,0,0
11/04/2013,03:15,0,0,0
11/04/2013,03:30,0,0,0
11/04/2013,03:45,0,0,0
11/04/2013,04:00,0,0,0
11/04/2013,04:15,0,0,0
11/04/2013,04:30,2,2,0
11/04/2013,04:45,0,0,0
11/04/2013,05:00,1,1,0
11/04/2013,05:15,1,1,0
11/04/2013,05:30,1,1,0
11/04/2013,05:45,5,3,2
11/04/2013,06:00,6,5,1
11/04/2013,06:15,12,10,2
11/04/2013,06:30,12,6,6
11/04/2013,06:45,20,16,4
11/04/2013,07:00,17,9,8
11/04/2013,07:15,26,16,10
11/04/2013,07:30,25,11,14
11/04/2013,07:45,37,23,14
11/04/2013,08:00,25,15,10
11/04/2013,08:15,22,14,8
11/04/2013,08:30,23,10,13
11/04/2013,08:45,30,14,16
11/04/2013,09:00,25,15,10
11/04/2013,09:15,20,11,9
11/04/2013,09:30,33,10,23
11/04/2013,09:45,23,10,13
11/04/2013,10:00,21,10,11
11/04/2013,10:15,26,13,13
11/04/2013,10:30,15,6,9
11/04/2013,10:45,32,19,13
11/04/2013,11:00,35,23,12
11/04/2013,11:15,28,13,15
11/04/2013,11:30,33,22,11
11/04/2013,11:45,31,13,18
11/04/2013,12:00,21,18,3
11/04/2013,12:15,15,8,7
11/04/2013,12:30,26,17,9
11/04/2013,12:45,28,19,9
11/04/2013,13:00,29,17,12
11/04/2013,13:15,25,12,13
11/04/2013,13:30,32,17,15
11/04/2013,13:45,28,16,12
11/04/2013,14:00,23,14,9
11/04/2013,14:15,29,20,9
11/04/2013,14:30,25,24,1
11/04/2013,14:45,58,38,20
11/04/2013,15:00,33,19,14
11/04/2013,15:15,28,22,6
11/04/2013,15:30,35,24,11
11/04/2013,15:45,60,20,40
11/04/2013,16:00,19,15,4
11/04/2013,16:15,34,20,14
11/04/2013,16:30,31,20,11
11/04/2013,16:45,42,24,18
11/04/2013,17:00,51,24,27
11/04/2013,17:15,40,22,18
11/04/2013,17:30,118,27,91
11/04/2013,17:45,141,16,125
11/04/2013,18:00,50,29,21
11/04/2013,18:15,53,35,18
11/04/2013,18:30,81,29,52
11/04/2013,18:45,34,27,7
11/04/2013,19:00,17,7,10
11/04/2013,19:15,30,11,19
11/04/2013,19:30,11,6,5
11/04/2013,19:45,12,5,7
11/04/2013,20:00,8,4,4
11/04/2013,20:15,7,3,4
11/04/2013,20:30,6,6,0
11/04/2013,20:45,2,0,2
11/04/2013,21:00,2,2,0
11/04/2013,21:15,1,1,0
11/04/2013,21:30,5,4,1
11/04/2013,21:45,2,1,1
11/04/2013,22:00,2,1,1
11/04/2013,22:15,0,0,0
11/04/2013,22:30,0,0,0
11/04/2013,22:45,1,0,1
11/04/2013,23:00,0,0,0
11/04/2013,23:15,5,1,4
11/04/2013,23:30,1,0,1
11/04/2013,23:45,0,0,0
12/04/2013,00:00,0,0,0
12/04/2013,00:15,0,0,0
12/04/2013,00:30,0,0,0
12/04/2013,00:45,1,1,0
12/04/2013,01:00,0,0,0
12/04/2013,01:15,0,0,0
12/04/2013,01:30,0,0,0
12/04/2013,01:45,0,0,0
12/04/2013,02:00,0,0,0
12/04/2013,02:15,0,0,0
12/04/2013,02:30,0,0,0
12/04/2013,02:45,0,0,0
12/04/2013,03:00,0,0,0
12/04/2013,03:15,0,0,0
12/04/2013,03:30,0,0,0
12/04/2013,03:45,0,0,0
12/04/2013,04:00,0,0,0
12/04/2013,04:15,1,1,0
12/04/2013,04:30,0,0,0
12/04/2013,04:45,1,1,0
12/04/2013,05:00,0,0,0
12/04/2013,05:15,3,2,1
12/04/2013,05:30,0,0,0
12/04/2013,05:45,1,1,0
12/04/2013,06:00,6,6,0
12/04/2013,06:15,7,6,1
12/04/2013,06:30,12,10,2
12/04/2013,06:45,18,12,6
12/04/2013,07:00,16,7,9
12/04/2013,07:15,17,10,7
12/04/2013,07:30,23,14,9
12/04/2013,07:45,21,14,7
12/04/2013,08:00,15,11,4
12/04/2013,08:15,22,13,9
12/04/2013,08:30,35,29,6
12/04/2013,08:45,18,9,9
12/04/2013,09:00,29,11,18
12/04/2013,09:15,24,12,12
12/04/2013,09:30,37,20,17
12/04/2013,09:45,34,23,11
12/04/2013,10:00,22,14,8
12/04/2013,10:15,28,10,18
12/04/2013,10:30,58,38,20
12/04/2013,10:45,27,12,15
12/04/2013,11:00,38,14,24
12/04/2013,11:15,32,16,16
12/04/2013,11:30,34,22,12
12/04/2013,11:45,34,20,14
12/04/2013,12:00,23,16,7
12/04/2013,12:15,28,16,12
12/04/2013,12:30,39,30,9
12/04/2013,12:45,34,22,12
12/04/2013,13:00,28,19,9
12/04/2013,13:15,25,17,8
12/04/2013,13:30,49,33,16
12/04/2013,13:45,16,9,7
12/04/2013,14:00,34,26,8
12/04/2013,14:15,32,26,6
12/04/2013,14:30,24,14,10
12/04/2013,14:45,38,22,16
12/04/2013,15:00,27,16,11
12/04/2013,15:15,37,29,8
12/04/2013,15:30,33,18,15
12/04/2013,15:45,25,15,10
12/04/2013,16:00,42,28,14
12/04/2013,16:15,26,16,10
12/04/2013,16:30,50,26,24
12/04/2013,16:45,31,25,6
12/04/2013,17:00,26,17,9
12/04/2013,17:15,47,27,20
12/04/2013,17:30,48,31,17
12/04/2013,17:45,62,38,24
12/04/2013,18:00,32,18,14
12/04/2013,18:15,47,33,14
12/04/2013,18:30,21,11,10
12/04/2013,18:45,30,18,12
12/04/2013,19:00,24,12,12
12/04/2013,19:15,17,10,7
12/04/2013,19:30,21,5,16
12/04/2013,19:45,12,5,7
12/04/2013,20:00,10,6,4
12/04/2013,20:15,3,2,1
12/04/2013,20:30,2,2,0
12/04/2013,20:45,4,1,3
12/04/2013,21:00,5,2,3
12/04/2013,21:15,0,0,0
12/04/2013,21:30,2,1,1
12/04/2013,21:45,1,1,0
12/04/2013,22:00,1,1,0
12/04/2013,22:15,0,0,0
12/04/2013,22:30,1,1,0
12/04/2013,22:45,0,0,0
12/04/2013,23:00,0,0,0
12/04/2013,23:15,0,0,0
12/04/2013,23:30,0,0,0
12/04/2013,23:45,0,0,0
13/04/2013,00:00,0,0,0
13/04/2013,00:15,0,0,0
13/04/2013,00:30,0,0,0
13/04/2013,00:45,0,0,0
13/04/2013,01:00,0,0,0
13/04/2013,01:15,0,0,0
13/04/2013,01:30,,,
13/04/2013,01:45,,,
13/04/2013,02:00,,,
13/04/2013,02:15,,,
13/04/2013,02:30,,,
13/04/2013,02:45,,,
13/04/2013,03:00,,,
13/04/2013,03:15,,,
13/04/2013,03:30,,,
13/04/2013,03:45,,,
13/04/2013,04:00,,,
13/04/2013,04:15,,,
13/04/2013,04:30,,,
13/04/2013,04:45,,,
13/04/2013,05:00,,,
13/04/2013,05:15,,,
13/04/2013,05:30,,,
13/04/2013,05:45,,,
13/04/2013,06:00,,,
13/04/2013,06:15,,,
13/04/2013,06:30,,,
13/04/2013,06:45,,,
13/04/2013,07:00,,,
13/04/2013,07:15,,,
13/04/2013,07:30,,,
13/04/2013,07:45,,,
13/04/2013,08:00,,,
13/04/2013,08:15,,,
13/04/2013,08:30,,,
13/04/2013,08:45,,,
13/04/2013,09:00,,,
13/04/2013,09:15,,,
13/04/2013,09:30,,,
13/04/2013,09:45,,,
13/04/2013,10:00,,,
13/04/2013,10:15,,,
13/04/2013,10:30,,,
13/04/2013,10:45,,,
13/04/2013,11:00,,,
13/04/2013,11:15,,,
13/04/2013,11:30,,,
13/04/2013,11:45,,,
13/04/2013,12:00,,,
13/04/2013,12:15,,,
13/04/2013,12:30,,,
13/04/2013,12:45,,,
13/04/2013,13:00,,,
13/04/2013,13:15,,,
13/04/2013,13:30,,,
13/04/2013,13:45,,,
13/04/2013,14:00,,,
13/04/2013,14:15,,,
13/04/2013,14:30,,,
13/04/2013,14:45,,,
13/04/2013,15:00,,,
13/04/2013,15:15,,,
13/04/2013,15:30,,,
13/04/2013,15:45,,,
13/04/2013,16:00,,,
13/04/2013,16:15,,,
13/04/2013,16:30,,,
13/04/2013,16:45,,,
13/04/2013,17:00,,,
13/04/2013,17:15,,,
13/04/2013,17:30,,,
13/04/2013,17:45,,,
13/04/2013,18:00,,,
13/04/2013,18:15,,,
13/04/2013,18:30,,,
13/04/2013,18:45,,,
13/04/2013,19:00,,,
13/04/2013,19:15,,,
13/04/2013,19:30,,,
13/04/2013,19:45,,,
13/04/2013,20:00,,,
13/04/2013,20:15,,,
13/04/2013,20:30,,,
13/04/2013,20:45,,,
13/04/2013,21:00,,,
13/04/2013,21:15,,,
13/04/2013,21:30,,,
13/04/2013,21:45,,,
13/04/2013,22:00,,,
13/04/2013,22:15,,,
13/04/2013,22:30,,,
13/04/2013,22:45,,,
13/04/2013,23:00,,,
13/04/2013,23:15,,,
13/04/2013,23:30,,,
13/04/2013,23:45,,,
14/04/2013,00:00,,,
14/04/2013,00:15,,,
14/04/2013,00:30,,,
14/04/2013,00:45,,,
14/04/2013,01:00,,,
14/04/2013,01:15,,,
14/04/2013,01:30,0,0,0
14/04/2013,01:45,2,1,1
14/04/2013,02:00,4,4,0
14/04/2013,02:15,1,1,0
14/04/2013,02:30,0,0,0
14/04/2013,02:45,1,1,0
14/04/2013,03:00,1,1,0
14/04/2013,03:15,0,0,0
14/04/2013,03:30,0,0,0
14/04/2013,03:45,1,1,0
14/04/2013,04:00,0,0,0
14/04/2013,04:15,0,0,0
14/04/2013,04:30,2,2,0
14/04/2013,04:45,2,2,0
14/04/2013,05:00,0,0,0
14/04/2013,05:15,4,4,0
14/04/2013,05:30,6,6,0
14/04/2013,05:45,0,0,0
14/04/2013,06:00,0,0,0
14/04/2013,06:15,0,0,0
14/04/2013,06:30,3,2,1
14/04/2013,06:45,4,1,3
14/04/2013,07:00,6,1,5
14/04/2013,07:15,7,4,3
14/04/2013,07:30,13,10,3
14/04/2013,07:45,33,26,7
14/04/2013,08:00,43,36,7
14/04/2013,08:15,42,38,4
14/04/2013,08:30,43,29,14
14/04/2013,08:45,72,56,16
14/04/2013,09:00,67,52,15
14/04/2013,09:15,68,49,19
14/04/2013,09:30,71,64,7
14/04/2013,09:45,76,62,14
14/04/2013,10:00,128,112,16
14/04/2013,10:15,117,98,19
14/04/2013,10:30,89,71,18
14/04/2013,10:45,124,92,32
14/04/2013,11:00,108,90,18
14/04/2013,11:15,101,81,20
14/04/2013,11:30,103,82,21
14/04/2013,11:45,112,94,18
14/04/2013,12:00,111,94,17
14/04/2013,12:15,88,73,15
14/04/2013,12:30,100,85,15
14/04/2013,12:45,102,82,20
14/04/2013,13:00,88,74,14
14/04/2013,13:15,100,69,31
14/04/2013,13:30,115,92,23
14/04/2013,13:45,73,52,21
14/04/2013,14:00,70,56,14
14/04/2013,14:15,71,56,15
14/04/2013,14:30,82,58,24
14/04/2013,14:45,51,41,10
14/04/2013,15:00,101,84,17
14/04/2013,15:15,70,53,17
14/04/2013,15:30,59,42,17
14/04/2013,15:45,103,67,36
14/04/2013,16:00,76,50,26
14/04/2013,16:15,59,39,20
14/04/2013,16:30,55,30,25
14/04/2013,16:45,64,28,36
14/04/2013,17:00,54,27,27
14/04/2013,17:15,48,24,24
14/04/2013,17:30,64,28,36
14/04/2013,17:45,47,8,39
14/04/2013,18:00,60,11,49
14/04/2013,18:15,64,13,51
14/04/2013,18:30,33,12,21
14/04/2013,18:45,26,10,16
14/04/2013,19:00,26,14,12
14/04/2013,19:15,7,3,4
14/04/2013,19:30,9,2,7
14/04/2013,19:45,3,1,2
14/04/2013,20:00,3,2,1
14/04/2013,20:15,1,1,0
14/04/2013,20:30,2,1,1
14/04/2013,20:45,1,1,0
14/04/2013,21:00,1,0,1
14/04/2013,21:15,0,0,0
14/04/2013,21:30,1,1,0
14/04/2013,21:45,1,0,1
14/04/2013,22:00,0,0,0
14/04/2013,22:15,1,1,0
14/04/2013,22:30,0,0,0
14/04/2013,22:45,0,0,0
14/04/2013,23:00,0,0,0
14/04/2013,23:15,0,0,0
14/04/2013,23:30,0,0,0
14/04/2013,23:45,0,0,0
15/04/2013,00:00,0,0,0
15/04/2013,00:15,0,0,0
15/04/2013,00:30,0,0,0
15/04/2013,00:45,0,0,0
15/04/2013,01:00,0,0,0
15/04/2013,01:15,0,0,0
15/04/2013,01:30,0,0,0
15/04/2013,01:45,0,0,0
15/04/2013,02:00,0,0,0
15/04/2013,02:15,0,0,0
15/04/2013,02:30,0,0,0
15/04/2013,02:45,0,0,0
15/04/2013,03:00,0,0,0
15/04/2013,03:15,0,0,0
15/04/2013,03:30,0,0,0
15/04/2013,03:45,2,2,0
15/04/2013,04:00,0,0,0
15/04/2013,04:15,0,0,0
15/04/2013,04:30,2,2,0
15/04/2013,04:45,0,0,0
15/04/2013,05:00,1,1,0
15/04/2013,05:15,2,0,2
15/04/2013,05:30,5,4,1
15/04/2013,05:45,2,1,1
15/04/2013,06:00,5,4,1
15/04/2013,06:15,12,8,4
15/04/2013,06:30,12,10,2
15/04/2013,06:45,19,13,6
15/04/2013,07:00,11,3,8
15/04/2013,07:15,15,11,4
15/04/2013,07:30,23,14,9
15/04/2013,07:45,27,17,10
15/04/2013,08:00,74,64,10
15/04/2013,08:15,34,21,13
15/04/2013,08:30,19,8,11
15/04/2013,08:45,43,18,25
15/04/2013,09:00,21,8,13
15/04/2013,09:15,23,11,12
15/04/2013,09:30,18,5,13
15/04/2013,09:45,22,6,16
15/04/2013,10:00,42,8,34
15/04/2013,10:15,20,7,13
15/04/2013,10:30,24,8,16
15/04/2013,10:45,23,8,15
15/04/2013,11:00,31,21,10
15/04/2013,11:15,20,11,9
15/04/2013,11:30,21,13,8
15/04/2013,11:45,19,10,9
15/04/2013,12:00,15,8,7
15/04/2013,12:15,15,4,11
15/04/2013,12:30,18,11,7
15/04/2013,12:45,10,3,7
15/04/2013,13:00,32,10,22
15/04/2013,13:15,13,7,6
15/04/2013,13:30,21,4,17
15/04/2013,13:45,25,10,15
15/04/2013,14:00,25,10,15
15/04/2013,14:15,18,13,5
15/04/2013,14:30,46,27,19
15/04/2013,14:45,41,16,25
15/04/2013,15:00,25,13,12
15/04/2013,15:15,35,11,24
15/04/2013,15:30,38,7,31
15/04/2013,15:45,48,11,37
15/04/2013,16:00,54,7,47
15/04/2013,16:15,28,5,23
15/04/2013,16:30,45,11,34
15/04/2013,16:45,33,11,22
15/04/2013,17:00,31,8,23
15/04/2013,17:15,29,8,21
15/04/2013,17:30,54,20,34
15/04/2013,17:45,30,13,17
15/04/2013,18:00,25,8,17
15/04/2013,18:15,35,10,25
15/04/2013,18:30,30,13,17
15/04/2013,18:45,21,8,13
15/04/2013,19:00,20,5,15
15/04/2013,19:15,18,14,4
15/04/2013,19:30,7,7,0
15/04/2013,19:45,13,7,6
15/04/2013,20:00,3,1,2
15/04/2013,20:15,2,2,0
15/04/2013,20:30,2,2,0
15/04/2013,20:45,1,1,0
15/04/2013,21:00,1,0,1
15/04/2013,21:15,0,0,0
15/04/2013,21:30,1,1,0
15/04/2013,21:45,0,0,0
15/04/2013,22:00,0,0,0
15/04/2013,22:15,1,1,0
15/04/2013,22:30,0,0,0
15/04/2013,22:45,0,0,0
15/04/2013,23:00,0,0,0
15/04/2013,23:15,1,1,0
15/04/2013,23:30,0,0,0
15/04/2013,23:45,0,0,0
16/04/2013,00:00,0,0,0
16/04/2013,00:15,0,0,0
16/04/2013,00:30,0,0,0
16/04/2013,00:45,0,0,0
16/04/2013,01:00,0,0,0
16/04/2013,01:15,0,0,0
16/04/2013,01:30,0,0,0
16/04/2013,01:45,0,0,0
16/04/2013,02:00,0,0,0
16/04/2013,02:15,0,0,0
16/04/2013,02:30,0,0,0
16/04/2013,02:45,0,0,0
16/04/2013,03:00,0,0,0
16/04/2013,03:15,0,0,0
16/04/2013,03:30,0,0,0
16/04/2013,03:45,0,0,0
16/04/2013,04:00,1,1,0
16/04/2013,04:15,0,0,0
16/04/2013,04:30,0,0,0
16/04/2013,04:45,0,0,0
16/04/2013,05:00,1,0,1
16/04/2013,05:15,2,2,0
16/04/2013,05:30,1,0,1
16/04/2013,05:45,4,0,4
16/04/2013,06:00,10,6,4
16/04/2013,06:15,18,12,6
16/04/2013,06:30,17,11,6
16/04/2013,06:45,21,13,8
16/04/2013,07:00,18,9,9
16/04/2013,07:15,19,12,7
16/04/2013,07:30,32,21,11
16/04/2013,07:45,32,21,11
16/04/2013,08:00,79,66,13
16/04/2013,08:15,34,21,13
16/04/2013,08:30,21,11,10
16/04/2013,08:45,38,18,20
16/04/2013,09:00,33,23,10
16/04/2013,09:15,30,12,18
16/04/2013,09:30,23,11,12
16/04/2013,09:45,37,17,20
16/04/2013,10:00,35,11,24
16/04/2013,10:15,24,11,13
16/04/2013,10:30,16,7,9
16/04/2013,10:45,26,8,18
16/04/2013,11:00,22,11,11
16/04/2013,11:15,42,21,21
16/04/2013,11:30,18,10,8
16/04/2013,11:45,25,13,12
16/04/2013,12:00,22,12,10
16/04/2013,12:15,21,11,10
16/04/2013,12:30,28,17,11
16/04/2013,12:45,21,10,11
16/04/2013,13:00,38,18,20
16/04/2013,13:15,39,32,7
16/04/2013,13:30,23,12,11
16/04/2013,13:45,20,12,8
16/04/2013,14:00,32,15,17
16/04/2013,14:15,21,9,12
16/04/2013,14:30,24,12,12
16/04/2013,14:45,27,10,17
16/04/2013,15:00,43,30,13
16/04/2013,15:15,46,32,14
16/04/2013,15:30,24,9,15
16/04/2013,15:45,37,19,18
16/04/2013,16:00,42,17,25
16/04/2013,16:15,65,19,46
16/04/2013,16:30,50,21,29
16/04/2013,16:45,53,15,38
16/04/2013,17:00,72,23,49
16/04/2013,17:15,67,19,48
16/04/2013,17:30,73,11,62
16/04/2013,17:45,80,32,48
16/04/2013,18:00,76,21,55
16/04/2013,18:15,65,27,38
16/04/2013,18:30,66,29,37
16/04/2013,18:45,51,22,29
16/04/2013,19:00,20,6,14
16/04/2013,19:15,20,13,7
16/04/2013,19:30,14,10,4
16/04/2013,19:45,18,11,7
16/04/2013,20:00,8,5,3
16/04/2013,20:15,7,4,3
16/04/2013,20:30,7,4,3
16/04/2013,20:45,6,3,3
16/04/2013,21:00,1,1,0
16/04/2013,21:15,4,3,1
16/04/2013,21:30,1,1,0
16/04/2013,21:45,1,1,0
16/04/2013,22:00,0,0,0
16/04/2013,22:15,2,0,2
16/04/2013,22:30,2,2,0
16/04/2013,22:45,1,1,0
16/04/2013,23:00,0,0,0
16/04/2013,23:15,0,0,0
16/04/2013,23:30,0,0,0
16/04/2013,23:45,0,0,0
17/04/2013,00:00,0,0,0
17/04/2013,00:15,0,0,0
17/04/2013,00:30,0,0,0
17/04/2013,00:45,0,0,0
17/04/2013,01:00,0,0,0
17/04/2013,01:15,0,0,0
17/04/2013,01:30,0,0,0
17/04/2013,01:45,0,0,0
17/04/2013,02:00,0,0,0
17/04/2013,02:15,0,0,0
17/04/2013,02:30,0,0,0
17/04/2013,02:45,0,0,0
17/04/2013,03:00,0,0,0
17/04/2013,03:15,0,0,0
17/04/2013,03:30,0,0,0
17/04/2013,03:45,0,0,0
17/04/2013,04:00,0,0,0
17/04/2013,04:15,1,0,1
17/04/2013,04:30,2,1,1
17/04/2013,04:45,0,0,0
17/04/2013,05:00,0,0,0
17/04/2013,05:15,3,2,1
17/04/2013,05:30,4,1,3
17/04/2013,05:45,8,6,2
17/04/2013,06:00,4,3,1
17/04/2013,06:15,13,11,2
17/04/2013,06:30,19,12,7
17/04/2013,06:45,18,13,5
17/04/2013,07:00,26,15,11
17/04/2013,07:15,20,8,12
17/04/2013,07:30,27,17,10
17/04/2013,07:45,22,18,4
17/04/2013,08:00,76,65,11
17/04/2013,08:15,43,33,10
17/04/2013,08:30,28,15,13
17/04/2013,08:45,27,15,12
17/04/2013,09:00,27,9,18
17/04/2013,09:15,41,12,29
17/04/2013,09:30,39,26,13
17/04/2013,09:45,32,17,15
17/04/2013,10:00,52,17,35
17/04/2013,10:15,27,12,15
17/04/2013,10:30,23,14,9
17/04/2013,10:45,24,20,4
17/04/2013,11:00,20,12,8
17/04/2013,11:15,28,18,10
17/04/2013,11:30,21,11,10
17/04/2013,11:45,26,16,10
17/04/2013,12:00,19,11,8
17/04/2013,12:15,28,18,10
17/04/2013,12:30,41,20,21
17/04/2013,12:45,23,9,14
17/04/2013,13:00,24,13,11
17/04/2013,13:15,25,12,13
17/04/2013,13:30,53,37,16
17/04/2013,13:45,33,25,8
17/04/2013,14:00,33,20,13
17/04/2013,14:15,27,17,10
17/04/2013,14:30,27,11,16
17/04/2013,14:45,31,20,11
17/04/2013,15:00,32,19,13
17/04/2013,15:15,29,23,6
17/04/2013,15:30,33,19,14
17/04/2013,15:45,35,15,20
17/04/2013,16:00,44,18,26
17/04/2013,16:15,52,19,33
17/04/2013,16:30,63,31,32
17/04/2013,16:45,58,23,35
17/04/2013,17:00,57,26,31
17/04/2013,17:15,58,18,40
17/04/2013,17:30,70,24,46
17/04/2013,17:45,102,37,65
17/04/2013,18:00,99,21,78
17/04/2013,18:15,73,23,50
17/04/2013,18:30,68,20,48
17/04/2013,18:45,50,31,19
17/04/2013,19:00,22,4,18
17/04/2013,19:15,28,9,19
17/04/2013,19:30,15,8,7
17/04/2013,19:45,15,5,10
17/04/2013,20:00,5,3,2
17/04/2013,20:15,7,2,5
17/04/2013,20:30,3,2,1
17/04/2013,20:45,4,1,3
17/04/2013,21:00,4,3,1
17/04/2013,21:15,1,1,0
17/04/2013,21:30,3,3,0
17/04/2013,21:45,4,4,0
17/04/2013,22:00,1,0,1
17/04/2013,22:15,3,0,3
17/04/2013,22:30,0,0,0
17/04/2013,22:45,0,0,0
17/04/2013,23:00,0,0,0
17/04/2013,23:15,0,0,0
17/04/2013,23:30,0,0,0
17/04/2013,23:45,0,0,0
18/04/2013,00:00,1,0,1
18/04/2013,00:15,1,1,0
18/04/2013,00:30,0,0,0
18/04/2013,00:45,0,0,0
18/04/2013,01:00,0,0,0
18/04/2013,01:15,0,0,0
18/04/2013,01:30,0,0,0
18/04/2013,01:45,0,0,0
18/04/2013,02:00,0,0,0
18/04/2013,02:15,0,0,0
18/04/2013,02:30,0,0,0
18/04/2013,02:45,0,0,0
18/04/2013,03:00,2,2,0
18/04/2013,03:15,0,0,0
18/04/2013,03:30,0,0,0
18/04/2013,03:45,0,0,0
18/04/2013,04:00,0,0,0
18/04/2013,04:15,0,0,0
18/04/2013,04:30,0,0,0
18/04/2013,04:45,0,0,0
18/04/2013,05:00,0,0,0
18/04/2013,05:15,4,3,1
18/04/2013,05:30,3,3,0
18/04/2013,05:45,2,0,2
18/04/2013,06:00,16,12,4
18/04/2013,06:15,12,7,5
18/04/2013,06:30,9,6,3
18/04/2013,06:45,24,15,9
18/04/2013,07:00,16,12,4
18/04/2013,07:15,28,19,9
18/04/2013,07:30,21,13,8
18/04/2013,07:45,34,22,12
18/04/2013,08:00,83,73,10
18/04/2013,08:15,35,25,10
18/04/2013,08:30,34,15,19
18/04/2013,08:45,38,20,18
18/04/2013,09:00,23,10,13
18/04/2013,09:15,27,15,12
18/04/2013,09:30,32,18,14
18/04/2013,09:45,36,22,14
18/04/2013,10:00,18,12,6
18/04/2013,10:15,24,15,9
18/04/2013,10:30,13,6,7
18/04/2013,10:45,34,20,14
18/04/2013,11:00,31,22,9
18/04/2013,11:15,18,10,8
18/04/2013,11:30,32,24,8
18/04/2013,11:45,21,14,7
18/04/2013,12:00,24,16,8
18/04/2013,12:15,29,21,8
18/04/2013,12:30,32,20,12
18/04/2013,12:45,33,27,6
18/04/2013,13:00,20,11,9
18/04/2013,13:15,16,11,5
18/04/2013,13:30,18,7,11
18/04/2013,13:45,17,12,5
18/04/2013,14:00,27,21,6
18/04/2013,14:15,37,25,12
18/04/2013,14:30,30,18,12
18/04/2013,14:45,34,11,23
18/04/2013,15:00,43,30,13
18/04/2013,15:15,60,41,19
18/04/2013,15:30,28,14,14
18/04/2013,15:45,35,20,15
18/04/2013,16:00,43,22,21
18/04/2013,16:15,51,27,24
18/04/2013,16:30,64,28,36
18/04/2013,16:45,53,26,27
18/04/2013,17:00,53,35,18
18/04/2013,17:15,58,24,34
18/04/2013,17:30,78,30,48
18/04/2013,17:45,63,28,35
18/04/2013,18:00,45,27,18
18/04/2013,18:15,61,27,34
18/04/2013,18:30,53,28,25
18/04/2013,18:45,47,32,15
18/04/2013,19:00,33,21,12
18/04/2013,19:15,22,13,9
18/04/2013,19:30,19,8,11
18/04/2013,19:45,13,4,9
18/04/2013,20:00,9,5,4
18/04/2013,20:15,8,3,5
18/04/2013,20:30,2,2,0
18/04/2013,20:45,7,6,1
18/04/2013,21:00,0,0,0
18/04/2013,21:15,3,0,3
18/04/2013,21:30,1,1,0
18/04/2013,21:45,3,2,1
18/04/2013,22:00,5,5,0
18/04/2013,22:15,0,0,0
18/04/2013,22:30,2,0,2
18/04/2013,22:45,0,0,0
18/04/2013,23:00,0,0,0
18/04/2013,23:15,0,0,0
18/04/2013,23:30,0,0,0
18/04/2013,23:45,0,0,0
19/04/2013,00:00,0,0,0
19/04/2013,00:15,0,0,0
19/04/2013,00:30,0,0,0
19/04/2013,00:45,0,0,0
19/04/2013,01:00,0,0,0
19/04/2013,01:15,0,0,0
19/04/2013,01:30,0,0,0
19/04/2013,01:45,0,0,0
19/04/2013,02:00,0,0,0
19/04/2013,02:15,0,0,0
19/04/2013,02:30,1,1,0
19/04/2013,02:45,0,0,0
19/04/2013,03:00,0,0,0
19/04/2013,03:15,0,0,0
19/04/2013,03:30,0,0,0
19/04/2013,03:45,0,0,0
19/04/2013,04:00,0,0,0
19/04/2013,04:15,0,0,0
19/04/2013,04:30,2,2,0
19/04/2013,04:45,0,0,0
19/04/2013,05:00,0,0,0
19/04/2013,05:15,1,1,0
19/04/2013,05:30,1,1,0
19/04/2013,05:45,3,3,0
19/04/2013,06:00,2,1,1
19/04/2013,06:15,8,5,3
19/04/2013,06:30,15,14,1
19/04/2013,06:45,19,11,8
19/04/2013,07:00,28,19,9
19/04/2013,07:15,26,22,4
19/04/2013,07:30,19,13,6
19/04/2013,07:45,31,30,1
19/04/2013,08:00,41,34,7
19/04/2013,08:15,39,20,19
19/04/2013,08:30,28,18,10
19/04/2013,08:45,35,9,26
19/04/2013,09:00,27,13,14
19/04/2013,09:15,19,8,11
19/04/2013,09:30,26,11,15
19/04/2013,09:45,29,18,11
19/04/2013,10:00,26,13,13
19/04/2013,10:15,28,17,11
19/04/2013,10:30,37,15,22
19/04/2013,10:45,26,16,10
19/04/2013,11:00,33,24,9
19/04/2013,11:15,32,19,13
19/04/2013,11:30,24,15,9
19/04/2013,11:45,42,31,11
19/04/2013,12:00,35,21,14
19/04/2013,12:15,34,17,17
19/04/2013,12:30,25,13,12
19/04/2013,12:45,37,21,16
19/04/2013,13:00,20,10,10
19/04/2013,13:15,28,17,11
19/04/2013,13:30,28,19,9
19/04/2013,13:45,36,24,12
19/04/2013,14:00,49,21,28
19/04/2013,14:15,26,9,17
19/04/2013,14:30,63,49,14
19/04/2013,14:45,49,32,17
19/04/2013,15:00,43,26,17
19/04/2013,15:15,44,17,27
19/04/2013,15:30,60,13,47
19/04/2013,15:45,43,26,17
19/04/2013,16:00,28,12,16
19/04/2013,16:15,42,18,24
19/04/2013,16:30,46,15,31
19/04/2013,16:45,80,34,46
19/04/2013,17:00,44,27,17
19/04/2013,17:15,60,33,27
19/04/2013,17:30,66,36,30
19/04/2013,17:45,85,45,40
19/04/2013,18:00,41,23,18
19/04/2013,18:15,70,30,40
19/04/2013,18:30,84,24,60
19/04/2013,18:45,56,17,39
19/04/2013,19:00,36,10,26
19/04/2013,19:15,17,4,13
19/04/2013,19:30,12,5,7
19/04/2013,19:45,8,3,5
19/04/2013,20:00,5,4,1
19/04/2013,20:15,4,3,1
19/04/2013,20:30,10,6,4
19/04/2013,20:45,2,2,0
19/04/2013,21:00,3,3,0
19/04/2013,21:15,3,3,0
19/04/2013,21:30,1,1,0
19/04/2013,21:45,3,3,0
19/04/2013,22:00,0,0,0
19/04/2013,22:15,4,0,4
19/04/2013,22:30,2,1,1
19/04/2013,22:45,1,1,0
19/04/2013,23:00,0,0,0
19/04/2013,23:15,0,0,0
19/04/2013,23:30,0,0,0
19/04/2013,23:45,0,0,0
20/04/2013,00:00,0,0,0
20/04/2013,00:15,0,0,0
20/04/2013,00:30,2,2,0
20/04/2013,00:45,0,0,0
20/04/2013,01:00,0,0,0
20/04/2013,01:15,0,0,0
20/04/2013,01:30,0,0,0
20/04/2013,01:45,0,0,0
20/04/2013,02:00,1,1,0
20/04/2013,02:15,0,0,0
20/04/2013,02:30,0,0,0
20/04/2013,02:45,0,0,0
20/04/2013,03:00,0,0,0
20/04/2013,03:15,1,1,0
20/04/2013,03:30,0,0,0
20/04/2013,03:45,0,0,0
20/04/2013,04:00,0,0,0
20/04/2013,04:15,0,0,0
20/04/2013,04:30,2,2,0
20/04/2013,04:45,1,1,0
20/04/2013,05:00,4,4,0
20/04/2013,05:15,4,3,1
20/04/2013,05:30,0,0,0
20/04/2013,05:45,0,0,0
20/04/2013,06:00,3,3,0
20/04/2013,06:15,1,1,0
20/04/2013,06:30,1,0,1
20/04/2013,06:45,6,5,1
20/04/2013,07:00,10,8,2
20/04/2013,07:15,11,7,4
20/04/2013,07:30,27,18,9
20/04/2013,07:45,44,33,11
20/04/2013,08:00,29,18,11
20/04/2013,08:15,34,21,13
20/04/2013,08:30,75,59,16
20/04/2013,08:45,91,76,15
20/04/2013,09:00,67,47,20
20/04/2013,09:15,117,101,16
20/04/2013,09:30,98,74,24
20/04/2013,09:45,91,66,25
20/04/2013,10:00,124,107,17
20/04/2013,10:15,120,100,20
20/04/2013,10:30,138,114,24
20/04/2013,10:45,139,117,22
20/04/2013,11:00,122,103,19
20/04/2013,11:15,91,75,16
20/04/2013,11:30,125,89,36
20/04/2013,11:45,120,95,25
20/04/2013,12:00,105,83,22
20/04/2013,12:15,117,96,21
20/04/2013,12:30,96,77,19
20/04/2013,12:45,97,87,10
20/04/2013,13:00,95,88,7
20/04/2013,13:15,83,66,17
20/04/2013,13:30,68,52,16
20/04/2013,13:45,87,68,19
20/04/2013,14:00,115,95,20
20/04/2013,14:15,74,63,11
20/04/2013,14:30,73,55,18
20/04/2013,14:45,101,82,19
20/04/2013,15:00,97,80,17
20/04/2013,15:15,89,78,11
20/04/2013,15:30,40,34,6
20/04/2013,15:45,92,74,18
20/04/2013,16:00,65,43,22
20/04/2013,16:15,71,57,14
20/04/2013,16:30,44,34,10
20/04/2013,16:45,66,49,17
20/04/2013,17:00,31,19,12
20/04/2013,17:15,53,37,16
20/04/2013,17:30,60,32,28
20/04/2013,17:45,28,18,10
20/04/2013,18:00,36,18,18
20/04/2013,18:15,24,14,10
20/04/2013,18:30,23,15,8
20/04/2013,18:45,30,19,11
20/04/2013,19:00,17,9,8
20/04/2013,19:15,12,6,6
20/04/2013,19:30,16,7,9
20/04/2013,19:45,5,0,5
20/04/2013,20:00,8,5,3
20/04/2013,20:15,2,1,1
20/04/2013,20:30,3,0,3
20/04/2013,20:45,0,0,0
20/04/2013,21:00,3,3,0
20/04/2013,21:15,3,3,0
20/04/2013,21:30,1,0,1
20/04/2013,21:45,2,1,1
20/04/2013,22:00,1,1,0
20/04/2013,22:15,0,0,0
20/04/2013,22:30,0,0,0
20/04/2013,22:45,0,0,0
20/04/2013,23:00,1,1,0
20/04/2013,23:15,0,0,0
20/04/2013,23:30,0,0,0
20/04/2013,23:45,1,1,0
21/04/2013,00:00,0,0,0
21/04/2013,00:15,0,0,0
21/04/2013,00:30,0,0,0
21/04/2013,00:45,0,0,0
21/04/2013,01:00,0,0,0
21/04/2013,01:15,0,0,0
21/04/2013,01:30,0,0,0
21/04/2013,01:45,0,0,0
21/04/2013,02:00,0,0,0
21/04/2013,02:15,0,0,0
21/04/2013,02:30,0,0,0
21/04/2013,02:45,0,0,0
21/04/2013,03:00,0,0,0
21/04/2013,03:15,0,0,0
21/04/2013,03:30,0,0,0
21/04/2013,03:45,0,0,0
21/04/2013,04:00,0,0,0
21/04/2013,04:15,0,0,0
21/04/2013,04:30,0,0,0
21/04/2013,04:45,0,0,0
21/04/2013,05:00,0,0,0
21/04/2013,05:15,0,0,0
21/04/2013,05:30,0,0,0
21/04/2013,05:45,0,0,0
21/04/2013,06:00,1,1,0
21/04/2013,06:15,1,0,1
21/04/2013,06:30,5,2,3
21/04/2013,06:45,3,1,2
21/04/2013,07:00,7,3,4
21/04/2013,07:15,18,7,11
21/04/2013,07:30,19,9,10
21/04/2013,07:45,28,21,7
21/04/2013,08:00,48,37,11
21/04/2013,08:15,51,41,10
21/04/2013,08:30,62,46,16
21/04/2013,08:45,47,37,10
21/04/2013,09:00,54,37,17
21/04/2013,09:15,78,66,12
21/04/2013,09:30,53,38,15
21/04/2013,09:45,62,43,19
21/04/2013,10:00,79,61,18
21/04/2013,10:15,106,92,14
21/04/2013,10:30,109,98,11
21/04/2013,10:45,86,66,20
21/04/2013,11:00,111,91,20
21/04/2013,11:15,114,86,28
21/04/2013,11:30,114,91,23
21/04/2013,11:45,101,84,17
21/04/2013,12:00,103,92,11
21/04/2013,12:15,134,116,18
21/04/2013,12:30,93,69,24
21/04/2013,12:45,109,93,16
21/04/2013,13:00,86,70,16
21/04/2013,13:15,95,74,21
21/04/2013,13:30,97,82,15
21/04/2013,13:45,93,75,18
21/04/2013,14:00,80,61,19
21/04/2013,14:15,64,52,12
21/04/2013,14:30,88,76,12
21/04/2013,14:45,73,66,7
21/04/2013,15:00,67,58,9
21/04/2013,15:15,87,63,24
21/04/2013,15:30,106,79,27
21/04/2013,15:45,67,56,11
21/04/2013,16:00,101,84,17
21/04/2013,16:15,73,54,19
21/04/2013,16:30,58,42,16
21/04/2013,16:45,50,34,16
21/04/2013,17:00,53,35,18
21/04/2013,17:15,51,34,17
21/04/2013,17:30,35,16,19
21/04/2013,17:45,35,15,20
21/04/2013,18:00,52,34,18
21/04/2013,18:15,30,17,13
21/04/2013,18:30,34,21,13
21/04/2013,18:45,32,25,7
21/04/2013,19:00,19,11,8
21/04/2013,19:15,17,13,4
21/04/2013,19:30,17,9,8
21/04/2013,19:45,10,3,7
21/04/2013,20:00,8,5,3
21/04/2013,20:15,6,2,4
21/04/2013,20:30,1,1,0
21/04/2013,20:45,1,1,0
21/04/2013,21:00,2,2,0
21/04/2013,21:15,1,0,1
21/04/2013,21:30,1,0,1
21/04/2013,21:45,1,1,0
21/04/2013,22:00,0,0,0
21/04/2013,22:15,0,0,0
21/04/2013,22:30,0,0,0
21/04/2013,22:45,0,0,0
21/04/2013,23:00,0,0,0
21/04/2013,23:15,1,1,0
21/04/2013,23:30,0,0,0
21/04/2013,23:45,0,0,0
22/04/2013,00:00,0,0,0
22/04/2013,00:15,0,0,0
22/04/2013,00:30,0,0,0
22/04/2013,00:45,0,0,0
22/04/2013,01:00,0,0,0
22/04/2013,01:15,0,0,0
22/04/2013,01:30,0,0,0
22/04/2013,01:45,0,0,0
22/04/2013,02:00,0,0,0
22/04/2013,02:15,0,0,0
22/04/2013,02:30,1,1,0
22/04/2013,02:45,0,0,0
22/04/2013,03:00,0,0,0
22/04/2013,03:15,0,0,0
22/04/2013,03:30,0,0,0
22/04/2013,03:45,0,0,0
22/04/2013,04:00,0,0,0
22/04/2013,04:15,0,0,0
22/04/2013,04:30,1,1,0
22/04/2013,04:45,1,1,0
22/04/2013,05:00,0,0,0
22/04/2013,05:15,4,3,1
22/04/2013,05:30,4,2,2
22/04/2013,05:45,3,3,0
22/04/2013,06:00,5,3,2
22/04/2013,06:15,19,12,7
22/04/2013,06:30,11,9,2
22/04/2013,06:45,22,19,3
22/04/2013,07:00,22,12,10
22/04/2013,07:15,18,13,5
22/04/2013,07:30,25,15,10
22/04/2013,07:45,41,30,11
22/04/2013,08:00,66,61,5
22/04/2013,08:15,42,36,6
22/04/2013,08:30,24,12,12
22/04/2013,08:45,48,35,13
22/04/2013,09:00,24,9,15
22/04/2013,09:15,31,15,16
22/04/2013,09:30,37,21,16
22/04/2013,09:45,27,14,13
22/04/2013,10:00,22,13,9
22/04/2013,10:15,22,13,9
22/04/2013,10:30,24,15,9
22/04/2013,10:45,45,25,20
22/04/2013,11:00,29,21,8
22/04/2013,11:15,33,21,12
22/04/2013,11:30,24,14,10
22/04/2013,11:45,32,19,13
22/04/2013,12:00,41,31,10
22/04/2013,12:15,38,31,7
22/04/2013,12:30,25,14,11
22/04/2013,12:45,14,9,5
22/04/2013,13:00,17,11,6
22/04/2013,13:15,28,19,9
22/04/2013,13:30,21,16,5
22/04/2013,13:45,28,20,8
22/04/2013,14:00,42,23,19
22/04/2013,14:15,63,31,32
22/04/2013,14:30,65,38,27
22/04/2013,14:45,44,15,29
22/04/2013,15:00,43,28,15
22/04/2013,15:15,26,12,14
22/04/2013,15:30,54,19,35
22/04/2013,15:45,47,32,15
22/04/2013,16:00,45,32,13
22/04/2013,16:15,43,25,18
22/04/2013,16:30,44,24,20
22/04/2013,16:45,48,25,23
22/04/2013,17:00,54,21,33
22/04/2013,17:15,61,35,26
22/04/2013,17:30,85,30,55
22/04/2013,17:45,78,34,44
22/04/2013,18:00,74,31,43
22/04/2013,18:15,79,24,55
22/04/2013,18:30,61,28,33
22/04/2013,18:45,47,22,25
22/04/2013,19:00,35,21,14
22/04/2013,19:15,27,18,9
22/04/2013,19:30,34,20,14
22/04/2013,19:45,21,16,5
22/04/2013,20:00,17,9,8
22/04/2013,20:15,4,0,4
22/04/2013,20:30,3,1,2
22/04/2013,20:45,1,1,0
22/04/2013,21:00,5,4,1
22/04/2013,21:15,1,0,1
22/04/2013,21:30,0,0,0
22/04/2013,21:45,3,3,0
22/04/2013,22:00,2,1,1
22/04/2013,22:15,1,1,0
22/04/2013,22:30,1,0,1
22/04/2013,22:45,0,0,0
22/04/2013,23:00,0,0,0
22/04/2013,23:15,1,1,0
22/04/2013,23:30,0,0,0
22/04/2013,23:45,2,2,0
23/04/2013,00:00,0,0,0
23/04/2013,00:15,0,0,0
23/04/2013,00:30,0,0,0
23/04/2013,00:45,0,0,0
23/04/2013,01:00,3,3,0
23/04/2013,01:15,0,0,0
23/04/2013,01:30,0,0,0
23/04/2013,01:45,0,0,0
23/04/2013,02:00,0,0,0
23/04/2013,02:15,0,0,0
23/04/2013,02:30,0,0,0
23/04/2013,02:45,0,0,0
23/04/2013,03:00,0,0,0
23/04/2013,03:15,0,0,0
23/04/2013,03:30,0,0,0
23/04/2013,03:45,0,0,0
23/04/2013,04:00,0,0,0
23/04/2013,04:15,0,0,0
23/04/2013,04:30,0,0,0
23/04/2013,04:45,0,0,0
23/04/2013,05:00,0,0,0
23/04/2013,05:15,3,3,0
23/04/2013,05:30,4,3,1
23/04/2013,05:45,2,2,0
23/04/2013,06:00,10,7,3
23/04/2013,06:15,19,13,6
23/04/2013,06:30,14,10,4
23/04/2013,06:45,24,13,11
23/04/2013,07:00,27,20,7
23/04/2013,07:15,38,27,11
23/04/2013,07:30,27,21,6
23/04/2013,07:45,37,27,10
23/04/2013,08:00,83,68,15
23/04/2013,08:15,53,37,16
23/04/2013,08:30,25,16,9
23/04/2013,08:45,54,32,22
23/04/2013,09:00,24,10,14
23/04/2013,09:15,23,12,11
23/04/2013,09:30,25,12,13
23/04/2013,09:45,31,14,17
23/04/2013,10:00,21,10,11
23/04/2013,10:15,31,12,19
23/04/2013,10:30,38,25,13
23/04/2013,10:45,27,15,12
23/04/2013,11:00,35,21,14
23/04/2013,11:15,27,21,6
23/04/2013,11:30,31,20,11
23/04/2013,11:45,29,17,12
23/04/2013,12:00,46,25,21
23/04/2013,12:15,38,16,22
23/04/2013,12:30,28,8,20
23/04/2013,12:45,28,17,11
23/04/2013,13:00,20,8,12
23/04/2013,13:15,51,28,23
23/04/2013,13:30,22,15,7
23/04/2013,13:45,22,13,9
23/04/2013,14:00,24,15,9
23/04/2013,14:15,38,19,19
23/04/2013,14:30,43,26,17
23/04/2013,14:45,20,11,9
23/04/2013,15:00,44,30,14
23/04/2013,15:15,52,44,8
23/04/2013,15:30,37,21,16
23/04/2013,15:45,51,28,23
23/04/2013,16:00,45,17,28
23/04/2013,16:15,66,34,32
23/04/2013,16:30,54,21,33
23/04/2013,16:45,51,24,27
23/04/2013,17:00,67,32,35
23/04/2013,17:15,63,26,37
23/04/2013,17:30,80,30,50
23/04/2013,17:45,55,21,34
23/04/2013,18:00,65,27,38
23/04/2013,18:15,78,36,42
23/04/2013,18:30,39,24,15
23/04/2013,18:45,60,23,37
23/04/2013,19:00,26,12,14
23/04/2013,19:15,29,16,13
23/04/2013,19:30,17,8,9
23/04/2013,19:45,10,7,3
23/04/2013,20:00,18,12,6
23/04/2013,20:15,13,8,5
23/04/2013,20:30,3,1,2
23/04/2013,20:45,2,2,0
23/04/2013,21:00,2,2,0
23/04/2013,21:15,0,0,0
23/04/2013,21:30,1,0,1
23/04/2013,21:45,2,2,0
23/04/2013,22:00,1,1,0
23/04/2013,22:15,2,1,1
23/04/2013,22:30,3,3,0
23/04/2013,22:45,0,0,0
23/04/2013,23:00,3,3,0
23/04/2013,23:15,0,0,0
23/04/2013,23:30,0,0,0
23/04/2013,23:45,0,0,0
24/04/2013,00:00,0,0,0
24/04/2013,00:15,0,0,0
24/04/2013,00:30,0,0,0
24/04/2013,00:45,0,0,0
24/04/2013,01:00,0,0,0
24/04/2013,01:15,1,1,0
24/04/2013,01:30,0,0,0
24/04/2013,01:45,0,0,0
24/04/2013,02:00,0,0,0
24/04/2013,02:15,0,0,0
24/04/2013,02:30,0,0,0
24/04/2013,02:45,0,0,0
24/04/2013,03:00,0,0,0
24/04/2013,03:15,0,0,0
24/04/2013,03:30,0,0,0
24/04/2013,03:45,0,0,0
24/04/2013,04:00,0,0,0
24/04/2013,04:15,0,0,0
24/04/2013,04:30,1,1,0
24/04/2013,04:45,1,0,1
24/04/2013,05:00,0,0,0
24/04/2013,05:15,2,1,1
24/04/2013,05:30,1,1,0
24/04/2013,05:45,7,4,3
24/04/2013,06:00,8,5,3
24/04/2013,06:15,19,13,6
24/04/2013,06:30,13,9,4
24/04/2013,06:45,20,11,9
24/04/2013,07:00,18,10,8
24/04/2013,07:15,23,10,13
24/04/2013,07:30,23,20,3
24/04/2013,07:45,19,15,4
24/04/2013,08:00,75,58,17
24/04/2013,08:15,53,38,15
24/04/2013,08:30,26,17,9
24/04/2013,08:45,26,14,12
24/04/2013,09:00,48,16,32
24/04/2013,09:15,34,13,21
24/04/2013,09:30,24,11,13
24/04/2013,09:45,22,9,13
24/04/2013,10:00,21,13,8
24/04/2013,10:15,29,13,16
24/04/2013,10:30,21,12,9
24/04/2013,10:45,21,6,15
24/04/2013,11:00,25,10,15
24/04/2013,11:15,20,10,10
24/04/2013,11:30,23,6,17
24/04/2013,11:45,30,7,23
24/04/2013,12:00,11,7,4
24/04/2013,12:15,14,7,7
24/04/2013,12:30,12,3,9
24/04/2013,12:45,18,11,7
24/04/2013,13:00,13,6,7
24/04/2013,13:15,21,12,9
24/04/2013,13:30,36,26,10
24/04/2013,13:45,23,16,7
24/04/2013,14:00,29,18,11
24/04/2013,14:15,21,16,5
24/04/2013,14:30,28,22,6
24/04/2013,14:45,30,17,13
24/04/2013,15:00,34,21,13
24/04/2013,15:15,19,10,9
24/04/2013,15:30,24,13,11
24/04/2013,15:45,31,9,22
24/04/2013,16:00,34,11,23
24/04/2013,16:15,40,27,13
24/04/2013,16:30,53,18,35
24/04/2013,16:45,57,18,39
24/04/2013,17:00,32,13,19
24/04/2013,17:15,46,24,22
24/04/2013,17:30,58,19,39
24/04/2013,17:45,62,31,31
24/04/2013,18:00,54,36,18
24/04/2013,18:15,49,20,29
24/04/2013,18:30,58,30,28
24/04/2013,18:45,43,23,20
24/04/2013,19:00,19,7,12
24/04/2013,19:15,18,13,5
24/04/2013,19:30,22,14,8
24/04/2013,19:45,10,9,1
24/04/2013,20:00,6,4,2
24/04/2013,20:15,5,2,3
24/04/2013,20:30,5,3,2
24/04/2013,20:45,4,1,3
24/04/2013,21:00,0,0,0
24/04/2013,21:15,1,1,0
24/04/2013,21:30,1,1,0
24/04/2013,21:45,1,1,0
24/04/2013,22:00,0,0,0
24/04/2013,22:15,0,0,0
24/04/2013,22:30,1,0,1
24/04/2013,22:45,1,1,0
24/04/2013,23:00,0,0,0
24/04/2013,23:15,0,0,0
24/04/2013,23:30,0,0,0
24/04/2013,23:45,0,0,0
25/04/2013,00:00,0,0,0
25/04/2013,00:15,0,0,0
25/04/2013,00:30,0,0,0
25/04/2013,00:45,1,1,0
25/04/2013,01:00,0,0,0
25/04/2013,01:15,0,0,0
25/04/2013,01:30,0,0,0
25/04/2013,01:45,0,0,0
25/04/2013,02:00,0,0,0
25/04/2013,02:15,0,0,0
25/04/2013,02:30,0,0,0
25/04/2013,02:45,0,0,0
25/04/2013,03:00,0,0,0
25/04/2013,03:15,0,0,0
25/04/2013,03:30,0,0,0
25/04/2013,03:45,0,0,0
25/04/2013,04:00,0,0,0
25/04/2013,04:15,0,0,0
25/04/2013,04:30,0,0,0
25/04/2013,04:45,0,0,0
25/04/2013,05:00,0,0,0
25/04/2013,05:15,4,4,0
25/04/2013,05:30,2,2,0
25/04/2013,05:45,4,4,0
25/04/2013,06:00,12,8,4
25/04/2013,06:15,12,9,3
25/04/2013,06:30,9,6,3
25/04/2013,06:45,17,8,9
25/04/2013,07:00,19,12,7
25/04/2013,07:15,23,13,10
25/04/2013,07:30,20,15,5
25/04/2013,07:45,38,25,13
25/04/2013,08:00,74,60,14
25/04/2013,08:15,28,20,8
25/04/2013,08:30,29,19,10
25/04/2013,08:45,36,17,19
25/04/2013,09:00,24,11,13
25/04/2013,09:15,19,8,11
25/04/2013,09:30,29,13,16
25/04/2013,09:45,28,8,20
25/04/2013,10:00,40,15,25
25/04/2013,10:15,18,7,11
25/04/2013,10:30,14,8,6
25/04/2013,10:45,20,11,9
25/04/2013,11:00,14,5,9
25/04/2013,11:15,16,6,10
25/04/2013,11:30,16,11,5
25/04/2013,11:45,10,6,4
25/04/2013,12:00,20,11,9
25/04/2013,12:15,16,9,7
25/04/2013,12:30,6,0,6
25/04/2013,12:45,10,7,3
25/04/2013,13:00,25,19,6
25/04/2013,13:15,9,5,4
25/04/2013,13:30,17,12,5
25/04/2013,13:45,16,10,6
25/04/2013,14:00,13,9,4
25/04/2013,14:15,21,14,7
25/04/2013,14:30,17,7,10
25/04/2013,14:45,18,14,4
25/04/2013,15:00,26,13,13
25/04/2013,15:15,62,33,29
25/04/2013,15:30,31,18,13
25/04/2013,15:45,25,12,13
25/04/2013,16:00,35,21,14
25/04/2013,16:15,25,13,12
25/04/2013,16:30,71,23,48
25/04/2013,16:45,62,25,37
25/04/2013,17:00,36,16,20
25/04/2013,17:15,53,25,28
25/04/2013,17:30,80,15,65
25/04/2013,17:45,56,14,42
25/04/2013,18:00,42,18,24
25/04/2013,18:15,59,37,22
25/04/2013,18:30,59,30,29
25/04/2013,18:45,34,24,10
25/04/2013,19:00,21,12,9
25/04/2013,19:15,28,18,10
25/04/2013,19:30,15,8,7
25/04/2013,19:45,6,4,2
25/04/2013,20:00,1,0,1
25/04/2013,20:15,3,0,3
25/04/2013,20:30,5,2,3
25/04/2013,20:45,2,2,0
25/04/2013,21:00,3,0,3
25/04/2013,21:15,3,3,0
25/04/2013,21:30,0,0,0
25/04/2013,21:45,0,0,0
25/04/2013,22:00,0,0,0
25/04/2013,22:15,4,4,0
25/04/2013,22:30,0,0,0
25/04/2013,22:45,0,0,0
25/04/2013,23:00,0,0,0
25/04/2013,23:15,1,1,0
25/04/2013,23:30,0,0,0
25/04/2013,23:45,0,0,0
26/04/2013,00:00,0,0,0
26/04/2013,00:15,0,0,0
26/04/2013,00:30,0,0,0
26/04/2013,00:45,1,1,0
26/04/2013,01:00,1,1,0
26/04/2013,01:15,0,0,0
26/04/2013,01:30,0,0,0
26/04/2013,01:45,0,0,0
26/04/2013,02:00,0,0,0
26/04/2013,02:15,0,0,0
26/04/2013,02:30,0,0,0
26/04/2013,02:45,0,0,0
26/04/2013,03:00,0,0,0
26/04/2013,03:15,0,0,0
26/04/2013,03:30,0,0,0
26/04/2013,03:45,0,0,0
26/04/2013,04:00,0,0,0
26/04/2013,04:15,0,0,0
26/04/2013,04:30,2,1,1
26/04/2013,04:45,0,0,0
26/04/2013,05:00,2,2,0
26/04/2013,05:15,1,1,0
26/04/2013,05:30,2,1,1
26/04/2013,05:45,1,1,0
26/04/2013,06:00,5,5,0
26/04/2013,06:15,13,11,2
26/04/2013,06:30,13,6,7
26/04/2013,06:45,17,10,7
26/04/2013,07:00,28,18,10
26/04/2013,07:15,38,22,16
26/04/2013,07:30,30,19,11
26/04/2013,07:45,27,18,9
26/04/2013,08:00,61,49,12
26/04/2013,08:15,27,17,10
26/04/2013,08:30,21,16,5
26/04/2013,08:45,26,9,17
26/04/2013,09:00,35,17,18
26/04/2013,09:15,23,9,14
26/04/2013,09:30,25,12,13
26/04/2013,09:45,25,12,13
26/04/2013,10:00,35,13,22
26/04/2013,10:15,39,15,24
26/04/2013,10:30,27,18,9
26/04/2013,10:45,37,18,19
26/04/2013,11:00,31,15,16
26/04/2013,11:15,25,15,10
26/04/2013,11:30,19,8,11
26/04/2013,11:45,17,6,11
26/04/2013,12:00,31,15,16
26/04/2013,12:15,30,19,11
26/04/2013,12:30,26,13,13
26/04/2013,12:45,23,16,7
26/04/2013,13:00,21,18,3
26/04/2013,13:15,25,12,13
26/04/2013,13:30,33,25,8
26/04/2013,13:45,30,12,18
26/04/2013,14:00,18,11,7
26/04/2013,14:15,26,18,8
26/04/2013,14:30,41,26,15
26/04/2013,14:45,41,25,16
26/04/2013,15:00,43,33,10
26/04/2013,15:15,43,23,20
26/04/2013,15:30,45,20,25
26/04/2013,15:45,43,22,21
26/04/2013,16:00,35,18,17
26/04/2013,16:15,35,20,15
26/04/2013,16:30,81,35,46
26/04/2013,16:45,78,28,50
26/04/2013,17:00,49,31,18
26/04/2013,17:15,45,17,28
26/04/2013,17:30,63,38,25
26/04/2013,17:45,80,34,46
26/04/2013,18:00,93,13,80
26/04/2013,18:15,35,15,20
26/04/2013,18:30,40,15,25
26/04/2013,18:45,44,19,25
26/04/2013,19:00,22,13,9
26/04/2013,19:15,15,8,7
26/04/2013,19:30,12,7,5
26/04/2013,19:45,5,2,3
26/04/2013,20:00,10,8,2
26/04/2013,20:15,7,4,3
26/04/2013,20:30,2,2,0
26/04/2013,20:45,0,0,0
26/04/2013,21:00,1,0,1
26/04/2013,21:15,5,5,0
26/04/2013,21:30,4,2,2
26/04/2013,21:45,1,0,1
26/04/2013,22:00,1,1,0
26/04/2013,22:15,1,0,1
26/04/2013,22:30,0,0,0
26/04/2013,22:45,2,2,0
26/04/2013,23:00,0,0,0
26/04/2013,23:15,0,0,0
26/04/2013,23:30,0,0,0
26/04/2013,23:45,0,0,0
27/04/2013,00:00,0,0,0
27/04/2013,00:15,0,0,0
27/04/2013,00:30,0,0,0
27/04/2013,00:45,0,0,0
27/04/2013,01:00,0,0,0
27/04/2013,01:15,0,0,0
27/04/2013,01:30,0,0,0
27/04/2013,01:45,0,0,0
27/04/2013,02:00,0,0,0
27/04/2013,02:15,0,0,0
27/04/2013,02:30,0,0,0
27/04/2013,02:45,0,0,0
27/04/2013,03:00,0,0,0
27/04/2013,03:15,0,0,0
27/04/2013,03:30,0,0,0
27/04/2013,03:45,0,0,0
27/04/2013,04:00,0,0,0
27/04/2013,04:15,0,0,0
27/04/2013,04:30,0,0,0
27/04/2013,04:45,0,0,0
27/04/2013,05:00,0,0,0
27/04/2013,05:15,1,0,1
27/04/2013,05:30,2,1,1
27/04/2013,05:45,2,0,2
27/04/2013,06:00,2,1,1
27/04/2013,06:15,3,2,1
27/04/2013,06:30,10,4,6
27/04/2013,06:45,11,7,4
27/04/2013,07:00,8,4,4
27/04/2013,07:15,10,6,4
27/04/2013,07:30,16,7,9
27/04/2013,07:45,20,11,9
27/04/2013,08:00,32,19,13
27/04/2013,08:15,56,42,14
27/04/2013,08:30,54,39,15
27/04/2013,08:45,114,91,23
27/04/2013,09:00,259,238,21
27/04/2013,09:15,239,219,20
27/04/2013,09:30,93,72,21
27/04/2013,09:45,85,72,13
27/04/2013,10:00,99,77,22
27/04/2013,10:15,75,59,16
27/04/2013,10:30,102,87,15
27/04/2013,10:45,94,70,24
27/04/2013,11:00,100,73,27
27/04/2013,11:15,86,66,20
27/04/2013,11:30,118,90,28
27/04/2013,11:45,125,90,35
27/04/2013,12:00,113,83,30
27/04/2013,12:15,134,111,23
27/04/2013,12:30,88,68,20
27/04/2013,12:45,114,97,17
27/04/2013,13:00,105,84,21
27/04/2013,13:15,144,117,27
27/04/2013,13:30,125,110,15
27/04/2013,13:45,101,81,20
27/04/2013,14:00,144,121,23
27/04/2013,14:15,124,105,19
27/04/2013,14:30,88,76,12
27/04/2013,14:45,149,126,23
27/04/2013,15:00,146,121,25
27/04/2013,15:15,89,67,22
27/04/2013,15:30,90,67,23
27/04/2013,15:45,63,45,18
27/04/2013,16:00,85,59,26
27/04/2013,16:15,58,42,16
27/04/2013,16:30,85,70,15
27/04/2013,16:45,70,38,32
27/04/2013,17:00,57,32,25
27/04/2013,17:15,54,34,20
27/04/2013,17:30,45,29,16
27/04/2013,17:45,40,15,25
27/04/2013,18:00,26,19,7
27/04/2013,18:15,29,9,20
27/04/2013,18:30,18,12,6
27/04/2013,18:45,24,8,16
27/04/2013,19:00,9,3,6
27/04/2013,19:15,24,5,19
27/04/2013,19:30,8,3,5
27/04/2013,19:45,15,5,10
27/04/2013,20:00,9,7,2
27/04/2013,20:15,4,1,3
27/04/2013,20:30,0,0,0
27/04/2013,20:45,4,2,2
27/04/2013,21:00,1,1,0
27/04/2013,21:15,2,1,1
27/04/2013,21:30,1,1,0
27/04/2013,21:45,2,0,2
27/04/2013,22:00,0,0,0
27/04/2013,22:15,1,1,0
27/04/2013,22:30,4,4,0
27/04/2013,22:45,0,0,0
27/04/2013,23:00,0,0,0
27/04/2013,23:15,0,0,0
27/04/2013,23:30,1,1,0
27/04/2013,23:45,0,0,0
28/04/2013,00:00,0,0,0
28/04/2013,00:15,0,0,0
28/04/2013,00:30,1,1,0
28/04/2013,00:45,0,0,0
28/04/2013,01:00,0,0,0
28/04/2013,01:15,0,0,0
28/04/2013,01:30,0,0,0
28/04/2013,01:45,0,0,0
28/04/2013,02:00,0,0,0
28/04/2013,02:15,0,0,0
28/04/2013,02:30,0,0,0
28/04/2013,02:45,0,0,0
28/04/2013,03:00,0,0,0
28/04/2013,03:15,0,0,0
28/04/2013,03:30,0,0,0
28/04/2013,03:45,0,0,0
28/04/2013,04:00,0,0,0
28/04/2013,04:15,0,0,0
28/04/2013,04:30,0,0,0
28/04/2013,04:45,0,0,0
28/04/2013,05:00,0,0,0
28/04/2013,05:15,0,0,0
28/04/2013,05:30,2,1,1
28/04/2013,05:45,0,0,0
28/04/2013,06:00,0,0,0
28/04/2013,06:15,0,0,0
28/04/2013,06:30,3,1,2
28/04/2013,06:45,7,5,2
28/04/2013,07:00,12,5,7
28/04/2013,07:15,7,5,2
28/04/2013,07:30,10,3,7
28/04/2013,07:45,14,10,4
28/04/2013,08:00,26,13,13
28/04/2013,08:15,31,19,12
28/04/2013,08:30,55,39,16
28/04/2013,08:45,58,44,14
28/04/2013,09:00,77,57,20
28/04/2013,09:15,87,67,20
28/04/2013,09:30,130,116,14
28/04/2013,09:45,125,104,21
28/04/2013,10:00,88,75,13
28/04/2013,10:15,103,69,34
28/04/2013,10:30,95,69,26
28/04/2013,10:45,109,93,16
28/04/2013,11:00,114,88,26
28/04/2013,11:15,163,146,17
28/04/2013,11:30,111,94,17
28/04/2013,11:45,131,111,20
28/04/2013,12:00,115,99,16
28/04/2013,12:15,82,68,14
28/04/2013,12:30,127,113,14
28/04/2013,12:45,89,67,22
28/04/2013,13:00,95,81,14
28/04/2013,13:15,96,74,22
28/04/2013,13:30,90,78,12
28/04/2013,13:45,131,113,18
28/04/2013,14:00,85,72,13
28/04/2013,14:15,76,67,9
28/04/2013,14:30,51,40,11
28/04/2013,14:45,92,77,15
28/04/2013,15:00,95,82,13
28/04/2013,15:15,70,56,14
28/04/2013,15:30,98,84,14
28/04/2013,15:45,59,46,13
28/04/2013,16:00,69,58,11
28/04/2013,16:15,62,46,16
28/04/2013,16:30,76,55,21
28/04/2013,16:45,108,55,53
28/04/2013,17:00,134,34,100
28/04/2013,17:15,117,41,76
28/04/2013,17:30,57,21,36
28/04/2013,17:45,47,12,35
28/04/2013,18:00,43,14,29
28/04/2013,18:15,25,10,15
28/04/2013,18:30,20,11,9
28/04/2013,18:45,17,11,6
28/04/2013,19:00,27,20,7
28/04/2013,19:15,9,6,3
28/04/2013,19:30,10,6,4
28/04/2013,19:45,7,6,1
28/04/2013,20:00,6,4,2
28/04/2013,20:15,3,1,2
28/04/2013,20:30,1,1,0
28/04/2013,20:45,3,3,0
28/04/2013,21:00,3,2,1
28/04/2013,21:15,1,0,1
28/04/2013,21:30,1,0,1
28/04/2013,21:45,0,0,0
28/04/2013,22:00,1,1,0
28/04/2013,22:15,0,0,0
28/04/2013,22:30,2,2,0
28/04/2013,22:45,0,0,0
28/04/2013,23:00,0,0,0
28/04/2013,23:15,0,0,0
28/04/2013,23:30,0,0,0
28/04/2013,23:45,0,0,0
29/04/2013,00:00,0,0,0
29/04/2013,00:15,0,0,0
29/04/2013,00:30,0,0,0
29/04/2013,00:45,0,0,0
29/04/2013,01:00,0,0,0
29/04/2013,01:15,0,0,0
29/04/2013,01:30,0,0,0
29/04/2013,01:45,0,0,0
29/04/2013,02:00,0,0,0
29/04/2013,02:15,0,0,0
29/04/2013,02:30,0,0,0
29/04/2013,02:45,0,0,0
29/04/2013,03:00,0,0,0
29/04/2013,03:15,0,0,0
29/04/2013,03:30,1,1,0
29/04/2013,03:45,0,0,0
29/04/2013,04:00,1,0,1
29/04/2013,04:15,0,0,0
29/04/2013,04:30,2,2,0
29/04/2013,04:45,1,0,1
29/04/2013,05:00,0,0,0
29/04/2013,05:15,3,2,1
29/04/2013,05:30,2,1,1
29/04/2013,05:45,2,1,1
29/04/2013,06:00,11,8,3
29/04/2013,06:15,13,9,4
29/04/2013,06:30,16,11,5
29/04/2013,06:45,15,8,7
29/04/2013,07:00,20,13,7
29/04/2013,07:15,29,20,9
29/04/2013,07:30,16,9,7
29/04/2013,07:45,33,24,9
29/04/2013,08:00,79,70,9
29/04/2013,08:15,36,27,9
29/04/2013,08:30,29,14,15
29/04/2013,08:45,37,15,22
29/04/2013,09:00,34,12,22
29/04/2013,09:15,28,7,21
29/04/2013,09:30,23,7,16
29/04/2013,09:45,26,10,16
29/04/2013,10:00,30,16,14
29/04/2013,10:15,19,7,12
29/04/2013,10:30,23,11,12
29/04/2013,10:45,22,10,12
29/04/2013,11:00,28,19,9
29/04/2013,11:15,27,13,14
29/04/2013,11:30,33,29,4
29/04/2013,11:45,26,15,11
29/04/2013,12:00,17,15,2
29/04/2013,12:15,32,22,10
29/04/2013,12:30,13,7,6
29/04/2013,12:45,30,18,12
29/04/2013,13:00,23,16,7
29/04/2013,13:15,21,15,6
29/04/2013,13:30,25,18,7
29/04/2013,13:45,14,12,2
29/04/2013,14:00,25,21,4
29/04/2013,14:15,26,21,5
29/04/2013,14:30,51,42,9
29/04/2013,14:45,24,20,4
29/04/2013,15:00,26,21,5
29/04/2013,15:15,18,14,4
29/04/2013,15:30,23,15,8
29/04/2013,15:45,25,18,7
29/04/2013,16:00,30,19,11
29/04/2013,16:15,73,36,37
29/04/2013,16:30,51,30,21
29/04/2013,16:45,47,34,13
29/04/2013,17:00,41,35,6
29/04/2013,17:15,34,22,12
29/04/2013,17:30,46,26,20
29/04/2013,17:45,82,49,33
29/04/2013,18:00,37,25,12
29/04/2013,18:15,51,37,14
29/04/2013,18:30,47,32,15
29/04/2013,18:45,79,25,54
29/04/2013,19:00,42,24,18
29/04/2013,19:15,28,18,10
29/04/2013,19:30,29,17,12
29/04/2013,19:45,24,14,10
29/04/2013,20:00,15,12,3
29/04/2013,20:15,13,6,7
29/04/2013,20:30,14,11,3
29/04/2013,20:45,5,2,3
29/04/2013,21:00,3,2,1
29/04/2013,21:15,4,4,0
29/04/2013,21:30,0,0,0
29/04/2013,21:45,0,0,0
29/04/2013,22:00,0,0,0
29/04/2013,22:15,1,1,0
29/04/2013,22:30,0,0,0
29/04/2013,22:45,0,0,0
29/04/2013,23:00,2,2,0
29/04/2013,23:15,2,1,1
29/04/2013,23:30,0,0,0
29/04/2013,23:45,0,0,0
30/04/2013,00:00,0,0,0
30/04/2013,00:15,0,0,0
30/04/2013,00:30,0,0,0
30/04/2013,00:45,0,0,0
30/04/2013,01:00,0,0,0
30/04/2013,01:15,0,0,0
30/04/2013,01:30,0,0,0
30/04/2013,01:45,0,0,0
30/04/2013,02:00,0,0,0
30/04/2013,02:15,0,0,0
30/04/2013,02:30,0,0,0
30/04/2013,02:45,0,0,0
30/04/2013,03:00,0,0,0
30/04/2013,03:15,0,0,0
30/04/2013,03:30,0,0,0
30/04/2013,03:45,0,0,0
30/04/2013,04:00,0,0,0
30/04/2013,04:15,2,1,1
30/04/2013,04:30,2,1,1
30/04/2013,04:45,2,2,0
30/04/2013,05:00,2,2,0
30/04/2013,05:15,5,4,1
30/04/2013,05:30,9,5,4
30/04/2013,05:45,7,3,4
30/04/2013,06:00,33,21,12
30/04/2013,06:15,28,16,12
30/04/2013,06:30,23,13,10
30/04/2013,06:45,38,23,15
30/04/2013,07:00,46,34,12
30/04/2013,07:15,38,20,18
30/04/2013,07:30,55,42,13
30/04/2013,07:45,84,75,9
30/04/2013,08:00,42,29,13
30/04/2013,08:15,38,25,13
30/04/2013,08:30,40,22,18
30/04/2013,08:45,32,10,22
30/04/2013,09:00,33,13,20
30/04/2013,09:15,39,23,16
30/04/2013,09:30,36,17,19
30/04/2013,09:45,34,22,12
30/04/2013,10:00,26,16,10
30/04/2013,10:15,23,17,6
30/04/2013,10:30,34,19,15
30/04/2013,10:45,25,14,11
30/04/2013,11:00,30,15,15
30/04/2013,11:15,24,14,10
30/04/2013,11:30,22,19,3
30/04/2013,11:45,21,16,5
30/04/2013,12:00,24,17,7
30/04/2013,12:15,24,17,7
30/04/2013,12:30,24,15,9
30/04/2013,12:45,27,15,12
30/04/2013,13:00,32,16,16
30/04/2013,13:15,21,11,10
30/04/2013,13:30,24,19,5
30/04/2013,13:45,29,18,11
30/04/2013,14:00,27,14,13
30/04/2013,14:15,31,17,14
30/04/2013,14:30,30,20,10
30/04/2013,14:45,37,25,12
30/04/2013,15:00,42,36,6
30/04/2013,15:15,35,29,6
30/04/2013,15:30,30,25,5
30/04/2013,15:45,38,25,13
30/04/2013,16:00,67,35,32
30/04/2013,16:15,44,35,9
30/04/2013,16:30,48,26,22
30/04/2013,16:45,37,23,14
30/04/2013,17:00,71,28,43
30/04/2013,17:15,67,36,31
30/04/2013,17:30,55,27,28
30/04/2013,17:45,64,32,32
30/04/2013,18:00,64,35,29
30/04/2013,18:15,75,39,36
30/04/2013,18:30,53,28,25
30/04/2013,18:45,37,26,11
30/04/2013,19:00,23,14,9
30/04/2013,19:15,25,13,12
30/04/2013,19:30,20,12,8
30/04/2013,19:45,13,10,3
30/04/2013,20:00,8,4,4
30/04/2013,20:15,9,4,5
30/04/2013,20:30,0,0,0
30/04/2013,20:45,6,6,0
30/04/2013,21:00,2,0,2
30/04/2013,21:15,5,5,0
30/04/2013,21:30,3,3,0
30/04/2013,21:45,0,0,0
30/04/2013,22:00,1,1,0
30/04/2013,22:15,3,2,1
30/04/2013,22:30,2,2,0
30/04/2013,22:45,0,0,0
30/04/2013,23:00,0,0,0
30/04/2013,23:15,1,1,0
30/04/2013,23:30,0,0,0
30/04/2013,23:45,0,0,0
01/05/2013,00:00,0,0,0
01/05/2013,00:15,0,0,0
01/05/2013,00:30,0,0,0
01/05/2013,00:45,0,0,0
01/05/2013,01:00,0,0,0
01/05/2013,01:15,0,0,0
01/05/2013,01:30,0,0,0
01/05/2013,01:45,0,0,0
01/05/2013,02:00,0,0,0
01/05/2013,02:15,0,0,0
01/05/2013,02:30,0,0,0
01/05/2013,02:45,0,0,0
01/05/2013,03:00,0,0,0
01/05/2013,03:15,0,0,0
01/05/2013,03:30,0,0,0
01/05/2013,03:45,0,0,0
01/05/2013,04:00,0,0,0
01/05/2013,04:15,2,2,0
01/05/2013,04:30,0,0,0
01/05/2013,04:45,2,1,1
01/05/2013,05:00,1,1,0
01/05/2013,05:15,3,3,0
01/05/2013,05:30,5,3,2
01/05/2013,05:45,2,2,0
01/05/2013,06:00,23,14,9
01/05/2013,06:15,20,14,6
01/05/2013,06:30,22,13,9
01/05/2013,06:45,23,17,6
01/05/2013,07:00,33,25,8
01/05/2013,07:15,33,25,8
01/05/2013,07:30,42,36,6
01/05/2013,07:45,74,63,11
01/05/2013,08:00,54,43,11
01/05/2013,08:15,28,20,8
01/05/2013,08:30,30,17,13
01/05/2013,08:45,31,17,14
01/05/2013,09:00,38,17,21
01/05/2013,09:15,47,25,22
01/05/2013,09:30,45,23,22
01/05/2013,09:45,36,13,23
01/05/2013,10:00,25,13,12
01/05/2013,10:15,36,19,17
01/05/2013,10:30,26,14,12
01/05/2013,10:45,23,15,8
01/05/2013,11:00,33,15,18
01/05/2013,11:15,19,10,9
01/05/2013,11:30,18,10,8
01/05/2013,11:45,50,40,10
01/05/2013,12:00,29,16,13
01/05/2013,12:15,19,16,3
01/05/2013,12:30,23,12,11
01/05/2013,12:45,30,24,6
01/05/2013,13:00,37,13,24
01/05/2013,13:15,49,35,14
01/05/2013,13:30,42,26,16
01/05/2013,13:45,37,23,14
01/05/2013,14:00,45,26,19
01/05/2013,14:15,21,16,5
01/05/2013,14:30,29,22,7
01/05/2013,14:45,43,30,13
01/05/2013,15:00,42,31,11
01/05/2013,15:15,17,11,6
01/05/2013,15:30,29,18,11
01/05/2013,15:45,33,24,9
01/05/2013,16:00,34,24,10
01/05/2013,16:15,40,24,16
01/05/2013,16:30,59,24,35
01/05/2013,16:45,52,31,21
01/05/2013,17:00,63,27,36
01/05/2013,17:15,95,42,53
01/05/2013,17:30,63,30,33
01/05/2013,17:45,99,38,61
01/05/2013,18:00,163,25,138
01/05/2013,18:15,260,34,226
01/05/2013,18:30,178,36,142
01/05/2013,18:45,139,21,118
01/05/2013,19:00,57,16,41
01/05/2013,19:15,34,15,19
01/05/2013,19:30,27,13,14
01/05/2013,19:45,8,5,3
01/05/2013,20:00,15,12,3
01/05/2013,20:15,2,0,2
01/05/2013,20:30,5,5,0
01/05/2013,20:45,2,1,1
01/05/2013,21:00,1,0,1
01/05/2013,21:15,1,0,1
01/05/2013,21:30,1,1,0
01/05/2013,21:45,0,0,0
01/05/2013,22:00,1,1,0
01/05/2013,22:15,1,1,0
01/05/2013,22:30,1,1,0
01/05/2013,22:45,0,0,0
01/05/2013,23:00,0,0,0
01/05/2013,23:15,1,1,0
01/05/2013,23:30,0,0,0
01/05/2013,23:45,0,0,0
02/05/2013,00:00,0,0,0
02/05/2013,00:15,0,0,0
02/05/2013,00:30,0,0,0
02/05/2013,00:45,0,0,0
02/05/2013,01:00,0,0,0
02/05/2013,01:15,0,0,0
02/05/2013,01:30,0,0,0
02/05/2013,01:45,0,0,0
02/05/2013,02:00,0,0,0
02/05/2013,02:15,0,0,0
02/05/2013,02:30,0,0,0
02/05/2013,02:45,0,0,0
02/05/2013,03:00,0,0,0
02/05/2013,03:15,0,0,0
02/05/2013,03:30,0,0,0
02/05/2013,03:45,0,0,0
02/05/2013,04:00,0,0,0
02/05/2013,04:15,1,1,0
02/05/2013,04:30,0,0,0
02/05/2013,04:45,0,0,0
02/05/2013,05:00,3,3,0
02/05/2013,05:15,6,4,2
02/05/2013,05:30,6,4,2
02/05/2013,05:45,6,4,2
02/05/2013,06:00,23,12,11
02/05/2013,06:15,16,8,8
02/05/2013,06:30,29,18,11
02/05/2013,06:45,30,23,7
02/05/2013,07:00,34,23,11
02/05/2013,07:15,24,15,9
02/05/2013,07:30,31,23,8
02/05/2013,07:45,77,62,15
02/05/2013,08:00,33,22,11
02/05/2013,08:15,34,20,14
02/05/2013,08:30,36,16,20
02/05/2013,08:45,30,20,10
02/05/2013,09:00,44,27,17
02/05/2013,09:15,27,15,12
02/05/2013,09:30,29,15,14
02/05/2013,09:45,22,13,9
02/05/2013,10:00,28,18,10
02/05/2013,10:15,23,12,11
02/05/2013,10:30,34,23,11
02/05/2013,10:45,18,8,10
02/05/2013,11:00,23,16,7
02/05/2013,11:15,23,21,2
02/05/2013,11:30,30,22,8
02/05/2013,11:45,23,16,7
02/05/2013,12:00,19,13,6
02/05/2013,12:15,10,8,2
02/05/2013,12:30,14,9,5
02/05/2013,12:45,20,15,5
02/05/2013,13:00,24,18,6
02/05/2013,13:15,43,35,8
02/05/2013,13:30,29,28,1
02/05/2013,13:45,22,21,1
02/05/2013,14:00,31,27,4
02/05/2013,14:15,26,20,6
02/05/2013,14:30,11,9,2
02/05/2013,14:45,41,17,24
02/05/2013,15:00,52,36,16
02/05/2013,15:15,97,26,71
02/05/2013,15:30,133,21,112
02/05/2013,15:45,93,23,70
02/05/2013,16:00,85,23,62
02/05/2013,16:15,68,26,42
02/05/2013,16:30,70,22,48
02/05/2013,16:45,91,47,44
02/05/2013,17:00,83,33,50
02/05/2013,17:15,78,35,43
02/05/2013,17:30,79,33,46
02/05/2013,17:45,64,36,28
02/05/2013,18:00,83,33,50
02/05/2013,18:15,79,41,38
02/05/2013,18:30,66,28,38
02/05/2013,18:45,41,23,18
02/05/2013,19:00,31,23,8
02/05/2013,19:15,23,15,8
02/05/2013,19:30,22,11,11
02/05/2013,19:45,11,9,2
02/05/2013,20:00,10,2,8
02/05/2013,20:15,8,2,6
02/05/2013,20:30,9,6,3
02/05/2013,20:45,0,0,0
02/05/2013,21:00,0,0,0
02/05/2013,21:15,4,3,1
02/05/2013,21:30,1,1,0
02/05/2013,21:45,1,0,1
02/05/2013,22:00,1,0,1
02/05/2013,22:15,3,2,1
02/05/2013,22:30,0,0,0
02/05/2013,22:45,0,0,0
02/05/2013,23:00,0,0,0
02/05/2013,23:15,1,0,1
02/05/2013,23:30,1,1,0
02/05/2013,23:45,0,0,0
03/05/2013,00:00,0,0,0
03/05/2013,00:15,0,0,0
03/05/2013,00:30,0,0,0
03/05/2013,00:45,0,0,0
03/05/2013,01:00,0,0,0
03/05/2013,01:15,0,0,0
03/05/2013,01:30,0,0,0
03/05/2013,01:45,0,0,0
03/05/2013,02:00,0,0,0
03/05/2013,02:15,0,0,0
03/05/2013,02:30,0,0,0
03/05/2013,02:45,0,0,0
03/05/2013,03:00,0,0,0
03/05/2013,03:15,0,0,0
03/05/2013,03:30,0,0,0
03/05/2013,03:45,0,0,0
03/05/2013,04:00,0,0,0
03/05/2013,04:15,1,1,0
03/05/2013,04:30,0,0,0
03/05/2013,04:45,2,2,0
03/05/2013,05:00,2,1,1
03/05/2013,05:15,1,1,0
03/05/2013,05:30,6,3,3
03/05/2013,05:45,8,7,1
03/05/2013,06:00,19,12,7
03/05/2013,06:15,25,12,13
03/05/2013,06:30,8,4,4
03/05/2013,06:45,17,12,5
03/05/2013,07:00,45,37,8
03/05/2013,07:15,36,30,6
03/05/2013,07:30,30,23,7
03/05/2013,07:45,73,59,14
03/05/2013,08:00,43,36,7
03/05/2013,08:15,56,37,19
03/05/2013,08:30,20,6,14
03/05/2013,08:45,44,27,17
03/05/2013,09:00,30,13,17
03/05/2013,09:15,55,40,15
03/05/2013,09:30,28,10,18
03/05/2013,09:45,35,18,17
03/05/2013,10:00,29,22,7
03/05/2013,10:15,30,22,8
03/05/2013,10:30,29,19,10
03/05/2013,10:45,25,18,7
03/05/2013,11:00,33,24,9
03/05/2013,11:15,41,22,19
03/05/2013,11:30,32,23,9
03/05/2013,11:45,29,22,7
03/05/2013,12:00,23,20,3
03/05/2013,12:15,20,16,4
03/05/2013,12:30,32,30,2
03/05/2013,12:45,24,18,6
03/05/2013,13:00,30,18,12
03/05/2013,13:15,34,26,8
03/05/2013,13:30,39,33,6
03/05/2013,13:45,38,29,9
03/05/2013,14:00,41,27,14
03/05/2013,14:15,58,46,12
03/05/2013,14:30,38,24,14
03/05/2013,14:45,27,17,10
03/05/2013,15:00,36,27,9
03/05/2013,15:15,36,20,16
03/05/2013,15:30,48,28,20
03/05/2013,15:45,29,16,13
03/05/2013,16:00,50,23,27
03/05/2013,16:15,70,44,26
03/05/2013,16:30,58,31,27
03/05/2013,16:45,38,18,20
03/05/2013,17:00,64,36,28
03/05/2013,17:15,83,47,36
03/05/2013,17:30,74,40,34
03/05/2013,17:45,47,30,17
03/05/2013,18:00,34,23,11
03/05/2013,18:15,26,17,9
03/05/2013,18:30,50,25,25
03/05/2013,18:45,21,9,12
03/05/2013,19:00,20,12,8
03/05/2013,19:15,9,3,6
03/05/2013,19:30,16,5,11
03/05/2013,19:45,8,3,5
03/05/2013,20:00,8,5,3
03/05/2013,20:15,4,2,2
03/05/2013,20:30,4,2,2
03/05/2013,20:45,9,5,4
03/05/2013,21:00,3,2,1
03/05/2013,21:15,0,0,0
03/05/2013,21:30,1,1,0
03/05/2013,21:45,2,1,1
03/05/2013,22:00,1,1,0
03/05/2013,22:15,1,1,0
03/05/2013,22:30,0,0,0
03/05/2013,22:45,1,1,0
03/05/2013,23:00,0,0,0
03/05/2013,23:15,2,2,0
03/05/2013,23:30,0,0,0
03/05/2013,23:45,0,0,0
04/05/2013,00:00,0,0,0
04/05/2013,00:15,0,0,0
04/05/2013,00:30,0,0,0
04/05/2013,00:45,1,1,0
04/05/2013,01:00,0,0,0
04/05/2013,01:15,0,0,0
04/05/2013,01:30,0,0,0
04/05/2013,01:45,0,0,0
04/05/2013,02:00,0,0,0
04/05/2013,02:15,0,0,0
04/05/2013,02:30,0,0,0
04/05/2013,02:45,0,0,0
04/05/2013,03:00,0,0,0
04/05/2013,03:15,0,0,0
04/05/2013,03:30,0,0,0
04/05/2013,03:45,1,0,1
04/05/2013,04:00,0,0,0
04/05/2013,04:15,0,0,0
04/05/2013,04:30,0,0,0
04/05/2013,04:45,0,0,0
04/05/2013,05:00,1,0,1
04/05/2013,05:15,1,1,0
04/05/2013,05:30,1,1,0
04/05/2013,05:45,1,1,0
04/05/2013,06:00,4,1,3
04/05/2013,06:15,6,5,1
04/05/2013,06:30,13,7,6
04/05/2013,06:45,16,13,3
04/05/2013,07:00,12,5,7
04/05/2013,07:15,19,13,6
04/05/2013,07:30,31,20,11
04/05/2013,07:45,34,20,14
04/05/2013,08:00,99,84,15
04/05/2013,08:15,57,48,9
04/05/2013,08:30,75,61,14
04/05/2013,08:45,126,116,10
04/05/2013,09:00,104,86,18
04/05/2013,09:15,102,75,27
04/05/2013,09:30,76,67,9
04/05/2013,09:45,98,91,7
04/05/2013,10:00,114,91,23
04/05/2013,10:15,96,91,5
04/05/2013,10:30,119,108,11
04/05/2013,10:45,98,80,18
04/05/2013,11:00,139,120,19
04/05/2013,11:15,103,85,18
04/05/2013,11:30,129,109,20
04/05/2013,11:45,108,90,18
04/05/2013,12:00,105,96,9
04/05/2013,12:15,92,76,16
04/05/2013,12:30,112,101,11
04/05/2013,12:45,101,92,9
04/05/2013,13:00,75,69,6
04/05/2013,13:15,102,90,12
04/05/2013,13:30,90,83,7
04/05/2013,13:45,78,66,12
04/05/2013,14:00,95,68,27
04/05/2013,14:15,72,55,17
04/05/2013,14:30,91,62,29
04/05/2013,14:45,92,62,30
04/05/2013,15:00,98,47,51
04/05/2013,15:15,112,68,44
04/05/2013,15:30,75,41,34
04/05/2013,15:45,86,54,32
04/05/2013,16:00,75,35,40
04/05/2013,16:15,75,35,40
04/05/2013,16:30,42,36,6
04/05/2013,16:45,34,25,9
04/05/2013,17:00,37,29,8
04/05/2013,17:15,21,19,2
04/05/2013,17:30,27,23,4
04/05/2013,17:45,37,27,10
04/05/2013,18:00,22,17,5
04/05/2013,18:15,13,10,3
04/05/2013,18:30,4,3,1
04/05/2013,18:45,10,7,3
04/05/2013,19:00,12,9,3
04/05/2013,19:15,4,2,2
04/05/2013,19:30,5,4,1
04/05/2013,19:45,9,6,3
04/05/2013,20:00,4,1,3
04/05/2013,20:15,0,0,0
04/05/2013,20:30,1,0,1
04/05/2013,20:45,0,0,0
04/05/2013,21:00,3,2,1
04/05/2013,21:15,1,1,0
04/05/2013,21:30,1,1,0
04/05/2013,21:45,4,2,2
04/05/2013,22:00,2,1,1
04/05/2013,22:15,6,3,3
04/05/2013,22:30,6,2,4
04/05/2013,22:45,10,2,8
04/05/2013,23:00,10,0,10
04/05/2013,23:15,10,1,9
04/05/2013,23:30,11,1,10
04/05/2013,23:45,12,2,10
05/05/2013,00:00,10,1,9
05/05/2013,00:15,13,0,13
05/05/2013,00:30,13,1,12
05/05/2013,00:45,25,0,25
05/05/2013,01:00,10,0,10
05/05/2013,01:15,6,0,6
05/05/2013,01:30,12,0,12
05/05/2013,01:45,10,0,10
05/05/2013,02:00,6,1,5
05/05/2013,02:15,3,0,3
05/05/2013,02:30,2,0,2
05/05/2013,02:45,1,0,1
05/05/2013,03:00,0,0,0
05/05/2013,03:15,0,0,0
05/05/2013,03:30,0,0,0
05/05/2013,03:45,0,0,0
05/05/2013,04:00,1,1,0
05/05/2013,04:15,0,0,0
05/05/2013,04:30,0,0,0
05/05/2013,04:45,0,0,0
05/05/2013,05:00,0,0,0
05/05/2013,05:15,0,0,0
05/05/2013,05:30,0,0,0
05/05/2013,05:45,3,2,1
05/05/2013,06:00,0,0,0
05/05/2013,06:15,7,3,4
05/05/2013,06:30,4,2,2
05/05/2013,06:45,5,3,2
05/05/2013,07:00,5,2,3
05/05/2013,07:15,14,5,9
05/05/2013,07:30,54,46,8
05/05/2013,07:45,36,30,6
05/05/2013,08:00,26,16,10
05/05/2013,08:15,39,33,6
05/05/2013,08:30,38,26,12
05/05/2013,08:45,47,24,23
05/05/2013,09:00,51,36,15
05/05/2013,09:15,46,32,14
05/05/2013,09:30,66,56,10
05/05/2013,09:45,43,33,10
05/05/2013,10:00,70,61,9
05/05/2013,10:15,83,71,12
05/05/2013,10:30,62,44,18
05/05/2013,10:45,49,34,15
05/05/2013,11:00,68,60,8
05/05/2013,11:15,58,49,9
05/05/2013,11:30,61,51,10
05/05/2013,11:45,60,45,15
05/05/2013,12:00,61,50,11
05/05/2013,12:15,63,55,8
05/05/2013,12:30,45,34,11
05/05/2013,12:45,49,44,5
05/05/2013,13:00,29,20,9
05/05/2013,13:15,20,17,3
05/05/2013,13:30,96,82,14
05/05/2013,13:45,32,22,10
05/05/2013,14:00,48,32,16
05/05/2013,14:15,40,27,13
05/05/2013,14:30,35,24,11
05/05/2013,14:45,25,12,13
05/05/2013,15:00,45,36,9
05/05/2013,15:15,30,20,10
05/05/2013,15:30,38,31,7
05/05/2013,15:45,38,27,11
05/05/2013,16:00,42,31,11
05/05/2013,16:15,41,28,13
05/05/2013,16:30,34,17,17
05/05/2013,16:45,51,28,23
05/05/2013,17:00,24,15,9
05/05/2013,17:15,29,18,11
05/05/2013,17:30,15,9,6
05/05/2013,17:45,13,6,7
05/05/2013,18:00,5,3,2
05/05/2013,18:15,9,6,3
05/05/2013,18:30,12,6,6
05/05/2013,18:45,7,5,2
05/05/2013,19:00,6,1,5
05/05/2013,19:15,8,5,3
05/05/2013,19:30,8,4,4
05/05/2013,19:45,7,1,6
05/05/2013,20:00,3,1,2
05/05/2013,20:15,2,1,1
05/05/2013,20:30,2,1,1
05/05/2013,20:45,1,0,1
05/05/2013,21:00,2,0,2
05/05/2013,21:15,3,2,1
05/05/2013,21:30,0,0,0
05/05/2013,21:45,1,1,0
05/05/2013,22:00,0,0,0
05/05/2013,22:15,0,0,0
05/05/2013,22:30,0,0,0
05/05/2013,22:45,0,0,0
05/05/2013,23:00,4,4,0
05/05/2013,23:15,0,0,0
05/05/2013,23:30,0,0,0
05/05/2013,23:45,0,0,0
06/05/2013,00:00,0,0,0
06/05/2013,00:15,0,0,0
06/05/2013,00:30,0,0,0
06/05/2013,00:45,0,0,0
06/05/2013,01:00,0,0,0
06/05/2013,01:15,0,0,0
06/05/2013,01:30,0,0,0
06/05/2013,01:45,0,0,0
06/05/2013,02:00,0,0,0
06/05/2013,02:15,0,0,0
06/05/2013,02:30,0,0,0
06/05/2013,02:45,0,0,0
06/05/2013,03:00,0,0,0
06/05/2013,03:15,0,0,0
06/05/2013,03:30,1,1,0
06/05/2013,03:45,0,0,0
06/05/2013,04:00,0,0,0
06/05/2013,04:15,1,1,0
06/05/2013,04:30,1,1,0
06/05/2013,04:45,1,1,0
06/05/2013,05:00,4,3,1
06/05/2013,05:15,2,1,1
06/05/2013,05:30,3,3,0
06/05/2013,05:45,7,5,2
06/05/2013,06:00,22,14,8
06/05/2013,06:15,13,10,3
06/05/2013,06:30,18,13,5
06/05/2013,06:45,20,12,8
06/05/2013,07:00,23,14,9
06/05/2013,07:15,17,8,9
06/05/2013,07:30,30,18,12
06/05/2013,07:45,68,61,7
06/05/2013,08:00,43,31,12
06/05/2013,08:15,29,20,9
06/05/2013,08:30,23,9,14
06/05/2013,08:45,18,7,11
06/05/2013,09:00,26,14,12
06/05/2013,09:15,23,11,12
06/05/2013,09:30,18,11,7
06/05/2013,09:45,30,18,12
06/05/2013,10:00,30,16,14
06/05/2013,10:15,28,17,11
06/05/2013,10:30,31,12,19
06/05/2013,10:45,28,11,17
06/05/2013,11:00,26,13,13
06/05/2013,11:15,18,7,11
06/05/2013,11:30,20,9,11
06/05/2013,11:45,19,9,10
06/05/2013,12:00,32,16,16
06/05/2013,12:15,25,13,12
06/05/2013,12:30,21,16,5
06/05/2013,12:45,17,8,9
06/05/2013,13:00,15,6,9
06/05/2013,13:15,24,20,4
06/05/2013,13:30,17,8,9
06/05/2013,13:45,12,8,4
06/05/2013,14:00,18,7,11
06/05/2013,14:15,45,33,12
06/05/2013,14:30,31,21,10
06/05/2013,14:45,19,9,10
06/05/2013,15:00,30,14,16
06/05/2013,15:15,21,13,8
06/05/2013,15:30,33,13,20
06/05/2013,15:45,37,18,19
06/05/2013,16:00,33,14,19
06/05/2013,16:15,44,22,22
06/05/2013,16:30,40,17,23
06/05/2013,16:45,32,14,18
06/05/2013,17:00,38,15,23
06/05/2013,17:15,44,23,21
06/05/2013,17:30,48,19,29
06/05/2013,17:45,31,22,9
06/05/2013,18:00,42,25,17
06/05/2013,18:15,40,23,17
06/05/2013,18:30,38,21,17
06/05/2013,18:45,23,16,7
06/05/2013,19:00,24,8,16
06/05/2013,19:15,12,10,2
06/05/2013,19:30,8,4,4
06/05/2013,19:45,13,10,3
06/05/2013,20:00,6,5,1
06/05/2013,20:15,3,1,2
06/05/2013,20:30,0,0,0
06/05/2013,20:45,0,0,0
06/05/2013,21:00,3,3,0
06/05/2013,21:15,7,6,1
06/05/2013,21:30,0,0,0
06/05/2013,21:45,1,0,1
06/05/2013,22:00,3,2,1
06/05/2013,22:15,1,0,1
06/05/2013,22:30,2,2,0
06/05/2013,22:45,0,0,0
06/05/2013,23:00,1,1,0
06/05/2013,23:15,1,1,0
06/05/2013,23:30,0,0,0
06/05/2013,23:45,0,0,0
07/05/2013,00:00,0,0,0
07/05/2013,00:15,2,2,0
07/05/2013,00:30,0,0,0
07/05/2013,00:45,0,0,0
07/05/2013,01:00,0,0,0
07/05/2013,01:15,0,0,0
07/05/2013,01:30,0,0,0
07/05/2013,01:45,0,0,0
07/05/2013,02:00,0,0,0
07/05/2013,02:15,0,0,0
07/05/2013,02:30,0,0,0
07/05/2013,02:45,0,0,0
07/05/2013,03:00,0,0,0
07/05/2013,03:15,0,0,0
07/05/2013,03:30,1,1,0
07/05/2013,03:45,0,0,0
07/05/2013,04:00,0,0,0
07/05/2013,04:15,0,0,0
07/05/2013,04:30,1,1,0
07/05/2013,04:45,3,0,3
07/05/2013,05:00,5,4,1
07/05/2013,05:15,9,6,3
07/05/2013,05:30,4,3,1
07/05/2013,05:45,7,3,4
07/05/2013,06:00,27,19,8
07/05/2013,06:15,24,17,7
07/05/2013,06:30,25,18,7
07/05/2013,06:45,30,18,12
07/05/2013,07:00,19,10,9
07/05/2013,07:15,24,21,3
07/05/2013,07:30,35,24,11
07/05/2013,07:45,66,61,5
07/05/2013,08:00,46,35,11
07/05/2013,08:15,29,13,16
07/05/2013,08:30,29,17,12
07/05/2013,08:45,14,5,9
07/05/2013,09:00,35,19,16
07/05/2013,09:15,15,8,7
07/05/2013,09:30,17,7,10
07/05/2013,09:45,15,8,7
07/05/2013,10:00,29,11,18
07/05/2013,10:15,19,11,8
07/05/2013,10:30,43,23,20
07/05/2013,10:45,20,13,7
07/05/2013,11:00,24,18,6
07/05/2013,11:15,27,15,12
07/05/2013,11:30,27,4,23
07/05/2013,11:45,16,9,7
07/05/2013,12:00,34,24,10
07/05/2013,12:15,24,16,8
07/05/2013,12:30,27,17,10
07/05/2013,12:45,18,8,10
07/05/2013,13:00,35,22,13
07/05/2013,13:15,13,8,5
07/05/2013,13:30,27,20,7
07/05/2013,13:45,26,20,6
07/05/2013,14:00,23,18,5
07/05/2013,14:15,12,7,5
07/05/2013,14:30,20,7,13
07/05/2013,14:45,26,14,12
07/05/2013,15:00,54,36,18
07/05/2013,15:15,34,18,16
07/05/2013,15:30,21,14,7
07/05/2013,15:45,39,24,15
07/05/2013,16:00,54,28,26
07/05/2013,16:15,51,22,29
07/05/2013,16:30,42,23,19
07/05/2013,16:45,40,22,18
07/05/2013,17:00,49,24,25
07/05/2013,17:15,69,21,48
07/05/2013,17:30,54,16,38
07/05/2013,17:45,53,23,30
07/05/2013,18:00,74,39,35
07/05/2013,18:15,58,23,35
07/05/2013,18:30,44,24,20
07/05/2013,18:45,24,14,10
07/05/2013,19:00,28,15,13
07/05/2013,19:15,17,11,6
07/05/2013,19:30,14,7,7
07/05/2013,19:45,14,12,2
07/05/2013,20:00,9,1,8
07/05/2013,20:15,2,1,1
07/05/2013,20:30,6,4,2
07/05/2013,20:45,2,2,0
07/05/2013,21:00,4,4,0
07/05/2013,21:15,2,2,0
07/05/2013,21:30,2,2,0
07/05/2013,21:45,1,1,0
07/05/2013,22:00,0,0,0
07/05/2013,22:15,3,3,0
07/05/2013,22:30,0,0,0
07/05/2013,22:45,1,0,1
07/05/2013,23:00,1,1,0
07/05/2013,23:15,0,0,0
07/05/2013,23:30,0,0,0
07/05/2013,23:45,0,0,0
08/05/2013,00:00,0,0,0
08/05/2013,00:15,0,0,0
08/05/2013,00:30,0,0,0
08/05/2013,00:45,1,0,1
08/05/2013,01:00,1,0,1
08/05/2013,01:15,0,0,0
08/05/2013,01:30,0,0,0
08/05/2013,01:45,0,0,0
08/05/2013,02:00,0,0,0
08/05/2013,02:15,0,0,0
08/05/2013,02:30,0,0,0
08/05/2013,02:45,0,0,0
08/05/2013,03:00,0,0,0
08/05/2013,03:15,0,0,0
08/05/2013,03:30,1,1,0
08/05/2013,03:45,0,0,0
08/05/2013,04:00,0,0,0
08/05/2013,04:15,1,1,0
08/05/2013,04:30,2,2,0
08/05/2013,04:45,1,1,0
08/05/2013,05:00,1,1,0
08/05/2013,05:15,3,3,0
08/05/2013,05:30,6,2,4
08/05/2013,05:45,4,1,3
08/05/2013,06:00,21,18,3
08/05/2013,06:15,24,10,14
08/05/2013,06:30,28,16,12
08/05/2013,06:45,23,11,12
08/05/2013,07:00,28,19,9
08/05/2013,07:15,35,19,16
08/05/2013,07:30,23,14,9
08/05/2013,07:45,63,54,9
08/05/2013,08:00,59,52,7
08/05/2013,08:15,29,16,13
08/05/2013,08:30,28,12,16
08/05/2013,08:45,27,10,17
08/05/2013,09:00,33,16,17
08/05/2013,09:15,32,11,21
08/05/2013,09:30,31,14,17
08/05/2013,09:45,20,11,9
08/05/2013,10:00,23,12,11
08/05/2013,10:15,14,7,7
08/05/2013,10:30,21,10,11
08/05/2013,10:45,24,15,9
08/05/2013,11:00,26,14,12
08/05/2013,11:15,17,9,8
08/05/2013,11:30,15,11,4
08/05/2013,11:45,17,9,8
08/05/2013,12:00,24,15,9
08/05/2013,12:15,26,17,9
08/05/2013,12:30,19,9,10
08/05/2013,12:45,20,10,10
08/05/2013,13:00,18,6,12
08/05/2013,13:15,52,32,20
08/05/2013,13:30,32,20,12
08/05/2013,13:45,23,14,9
08/05/2013,14:00,32,23,9
08/05/2013,14:15,33,22,11
08/05/2013,14:30,23,18,5
08/05/2013,14:45,27,19,8
08/05/2013,15:00,32,21,11
08/05/2013,15:15,35,27,8
08/05/2013,15:30,21,11,10
08/05/2013,15:45,24,11,13
08/05/2013,16:00,30,20,10
08/05/2013,16:15,35,13,22
08/05/2013,16:30,53,22,31
08/05/2013,16:45,42,16,26
08/05/2013,17:00,36,17,19
08/05/2013,17:15,48,29,19
08/05/2013,17:30,62,29,33
08/05/2013,17:45,40,21,19
08/05/2013,18:00,45,27,18
08/05/2013,18:15,56,22,34
08/05/2013,18:30,35,18,17
08/05/2013,18:45,37,21,16
08/05/2013,19:00,36,19,17
08/05/2013,19:15,19,13,6
08/05/2013,19:30,20,12,8
08/05/2013,19:45,10,3,7
08/05/2013,20:00,9,4,5
08/05/2013,20:15,8,4,4
08/05/2013,20:30,3,2,1
08/05/2013,20:45,5,1,4
08/05/2013,21:00,0,0,0
08/05/2013,21:15,2,1,1
08/05/2013,21:30,1,1,0
08/05/2013,21:45,2,2,0
08/05/2013,22:00,0,0,0
08/05/2013,22:15,2,2,0
08/05/2013,22:30,0,0,0
08/05/2013,22:45,0,0,0
08/05/2013,23:00,0,0,0
08/05/2013,23:15,0,0,0
08/05/2013,23:30,0,0,0
08/05/2013,23:45,0,0,0
09/05/2013,00:00,1,1,0
09/05/2013,00:15,0,0,0
09/05/2013,00:30,0,0,0
09/05/2013,00:45,0,0,0
09/05/2013,01:00,1,0,1
09/05/2013,01:15,1,0,1
09/05/2013,01:30,0,0,0
09/05/2013,01:45,0,0,0
09/05/2013,02:00,0,0,0
09/05/2013,02:15,0,0,0
09/05/2013,02:30,0,0,0
09/05/2013,02:45,0,0,0
09/05/2013,03:00,0,0,0
09/05/2013,03:15,0,0,0
09/05/2013,03:30,0,0,0
09/05/2013,03:45,1,1,0
09/05/2013,04:00,0,0,0
09/05/2013,04:15,0,0,0
09/05/2013,04:30,0,0,0
09/05/2013,04:45,3,3,0
09/05/2013,05:00,4,3,1
09/05/2013,05:15,2,2,0
09/05/2013,05:30,10,9,1
09/05/2013,05:45,13,9,4
09/05/2013,06:00,17,8,9
09/05/2013,06:15,17,14,3
09/05/2013,06:30,58,44,14
09/05/2013,06:45,36,24,12
09/05/2013,07:00,50,39,11
09/05/2013,07:15,55,48,7
09/05/2013,07:30,57,44,13
09/05/2013,07:45,73,69,4
09/05/2013,08:00,65,56,9
09/05/2013,08:15,39,27,12
09/05/2013,08:30,38,21,17
09/05/2013,08:45,40,22,18
09/05/2013,09:00,43,21,22
09/05/2013,09:15,23,13,10
09/05/2013,09:30,35,19,16
09/05/2013,09:45,18,5,13
09/05/2013,10:00,30,15,15
09/05/2013,10:15,29,16,13
09/05/2013,10:30,13,4,9
09/05/2013,10:45,31,14,17
09/05/2013,11:00,28,14,14
09/05/2013,11:15,18,10,8
09/05/2013,11:30,20,9,11
09/05/2013,11:45,27,14,13
09/05/2013,12:00,28,20,8
09/05/2013,12:15,20,9,11
09/05/2013,12:30,26,15,11
09/05/2013,12:45,27,23,4
09/05/2013,13:00,17,9,8
09/05/2013,13:15,30,25,5
09/05/2013,13:30,29,23,6
09/05/2013,13:45,16,7,9
09/05/2013,14:00,28,19,9
09/05/2013,14:15,34,22,12
09/05/2013,14:30,21,8,13
09/05/2013,14:45,24,12,12
09/05/2013,15:00,55,38,17
09/05/2013,15:15,28,19,9
09/05/2013,15:30,43,30,13
09/05/2013,15:45,41,28,13
09/05/2013,16:00,37,25,12
09/05/2013,16:15,36,16,20
09/05/2013,16:30,47,22,25
09/05/2013,16:45,48,28,20
09/05/2013,17:00,53,28,25
09/05/2013,17:15,59,30,29
09/05/2013,17:30,69,21,48
09/05/2013,17:45,57,26,31
09/05/2013,18:00,90,52,38
09/05/2013,18:15,42,28,14
09/05/2013,18:30,53,39,14
09/05/2013,18:45,22,17,5
09/05/2013,19:00,27,16,11
09/05/2013,19:15,18,10,8
09/05/2013,19:30,13,10,3
09/05/2013,19:45,14,9,5
09/05/2013,20:00,1,0,1
09/05/2013,20:15,4,3,1
09/05/2013,20:30,2,1,1
09/05/2013,20:45,4,3,1
09/05/2013,21:00,2,0,2
09/05/2013,21:15,1,0,1
09/05/2013,21:30,3,3,0
09/05/2013,21:45,0,0,0
09/05/2013,22:00,1,1,0
09/05/2013,22:15,1,0,1
09/05/2013,22:30,0,0,0
09/05/2013,22:45,1,0,1
09/05/2013,23:00,0,0,0
09/05/2013,23:15,1,1,0
09/05/2013,23:30,0,0,0
09/05/2013,23:45,0,0,0
10/05/2013,00:00,0,0,0
10/05/2013,00:15,0,0,0
10/05/2013,00:30,0,0,0
10/05/2013,00:45,0,0,0
10/05/2013,01:00,0,0,0
10/05/2013,01:15,0,0,0
10/05/2013,01:30,0,0,0
10/05/2013,01:45,0,0,0
10/05/2013,02:00,0,0,0
10/05/2013,02:15,0,0,0
10/05/2013,02:30,0,0,0
10/05/2013,02:45,0,0,0
10/05/2013,03:00,0,0,0
10/05/2013,03:15,0,0,0
10/05/2013,03:30,0,0,0
10/05/2013,03:45,0,0,0
10/05/2013,04:00,0,0,0
10/05/2013,04:15,0,0,0
10/05/2013,04:30,0,0,0
10/05/2013,04:45,2,2,0
10/05/2013,05:00,2,1,1
10/05/2013,05:15,3,2,1
10/05/2013,05:30,4,3,1
10/05/2013,05:45,5,2,3
10/05/2013,06:00,9,5,4
10/05/2013,06:15,10,9,1
10/05/2013,06:30,16,9,7
10/05/2013,06:45,21,17,4
10/05/2013,07:00,25,19,6
10/05/2013,07:15,35,22,13
10/05/2013,07:30,32,21,11
10/05/2013,07:45,67,56,11
10/05/2013,08:00,50,40,10
10/05/2013,08:15,21,13,8
10/05/2013,08:30,33,13,20
10/05/2013,08:45,34,10,24
10/05/2013,09:00,36,12,24
10/05/2013,09:15,24,9,15
10/05/2013,09:30,31,17,14
10/05/2013,09:45,33,22,11
10/05/2013,10:00,24,11,13
10/05/2013,10:15,23,15,8
10/05/2013,10:30,35,16,19
10/05/2013,10:45,30,17,13
10/05/2013,11:00,26,17,9
10/05/2013,11:15,28,12,16
10/05/2013,11:30,24,14,10
10/05/2013,11:45,33,25,8
10/05/2013,12:00,36,27,9
10/05/2013,12:15,23,12,11
10/05/2013,12:30,29,16,13
10/05/2013,12:45,19,10,9
10/05/2013,13:00,21,15,6
10/05/2013,13:15,22,12,10
10/05/2013,13:30,19,12,7
10/05/2013,13:45,22,17,5
10/05/2013,14:00,25,19,6
10/05/2013,14:15,39,27,12
10/05/2013,14:30,40,27,13
10/05/2013,14:45,17,9,8
10/05/2013,15:00,40,25,15
10/05/2013,15:15,41,24,17
10/05/2013,15:30,25,16,9
10/05/2013,15:45,23,13,10
10/05/2013,16:00,35,22,13
10/05/2013,16:15,40,21,19
10/05/2013,16:30,64,36,28
10/05/2013,16:45,29,16,13
10/05/2013,17:00,31,25,6
10/05/2013,17:15,43,21,22
10/05/2013,17:30,43,22,21
10/05/2013,17:45,56,19,37
10/05/2013,18:00,35,16,19
10/05/2013,18:15,32,17,15
10/05/2013,18:30,35,12,23
10/05/2013,18:45,35,15,20
10/05/2013,19:00,21,6,15
10/05/2013,19:15,21,4,17
10/05/2013,19:30,8,5,3
10/05/2013,19:45,6,3,3
10/05/2013,20:00,5,1,4
10/05/2013,20:15,4,0,4
10/05/2013,20:30,2,1,1
10/05/2013,20:45,1,1,0
10/05/2013,21:00,0,0,0
10/05/2013,21:15,0,0,0
10/05/2013,21:30,2,0,2
10/05/2013,21:45,0,0,0
10/05/2013,22:00,2,1,1
10/05/2013,22:15,0,0,0
10/05/2013,22:30,2,2,0
10/05/2013,22:45,0,0,0
10/05/2013,23:00,0,0,0
10/05/2013,23:15,0,0,0
10/05/2013,23:30,0,0,0
10/05/2013,23:45,0,0,0
11/05/2013,00:00,0,0,0
11/05/2013,00:15,0,0,0
11/05/2013,00:30,0,0,0
11/05/2013,00:45,0,0,0
11/05/2013,01:00,0,0,0
11/05/2013,01:15,0,0,0
11/05/2013,01:30,0,0,0
11/05/2013,01:45,0,0,0
11/05/2013,02:00,0,0,0
11/05/2013,02:15,1,0,1
11/05/2013,02:30,0,0,0
11/05/2013,02:45,1,1,0
11/05/2013,03:00,0,0,0
11/05/2013,03:15,0,0,0
11/05/2013,03:30,0,0,0
11/05/2013,03:45,1,1,0
11/05/2013,04:00,0,0,0
11/05/2013,04:15,0,0,0
11/05/2013,04:30,0,0,0
11/05/2013,04:45,0,0,0
11/05/2013,05:00,0,0,0
11/05/2013,05:15,2,2,0
11/05/2013,05:30,1,0,1
11/05/2013,05:45,1,1,0
11/05/2013,06:00,4,2,2
11/05/2013,06:15,40,35,5
11/05/2013,06:30,15,7,8
11/05/2013,06:45,15,10,5
11/05/2013,07:00,21,10,11
11/05/2013,07:15,23,12,11
11/05/2013,07:30,32,18,14
11/05/2013,07:45,39,28,11
11/05/2013,08:00,116,100,16
11/05/2013,08:15,59,48,11
11/05/2013,08:30,72,53,19
11/05/2013,08:45,98,77,21
11/05/2013,09:00,105,75,30
11/05/2013,09:15,101,73,28
11/05/2013,09:30,110,88,22
11/05/2013,09:45,96,70,26
11/05/2013,10:00,112,85,27
11/05/2013,10:15,112,87,25
11/05/2013,10:30,106,87,19
11/05/2013,10:45,80,59,21
11/05/2013,11:00,133,102,31
11/05/2013,11:15,95,79,16
11/05/2013,11:30,124,102,22
11/05/2013,11:45,105,77,28
11/05/2013,12:00,130,110,20
11/05/2013,12:15,106,92,14
11/05/2013,12:30,97,83,14
11/05/2013,12:45,81,70,11
11/05/2013,13:00,101,75,26
11/05/2013,13:15,98,82,16
11/05/2013,13:30,85,74,11
11/05/2013,13:45,71,62,9
11/05/2013,14:00,106,88,18
11/05/2013,14:15,80,65,15
11/05/2013,14:30,103,73,30
11/05/2013,14:45,97,56,41
11/05/2013,15:00,105,89,16
11/05/2013,15:15,114,58,56
11/05/2013,15:30,115,62,53
11/05/2013,15:45,62,48,14
11/05/2013,16:00,76,46,30
11/05/2013,16:15,144,41,103
11/05/2013,16:30,84,33,51
11/05/2013,16:45,85,46,39
11/05/2013,17:00,97,33,64
11/05/2013,17:15,101,37,64
11/05/2013,17:30,32,15,17
11/05/2013,17:45,30,19,11
11/05/2013,18:00,28,8,20
11/05/2013,18:15,20,10,10
11/05/2013,18:30,17,5,12
11/05/2013,18:45,18,14,4
11/05/2013,19:00,16,11,5
11/05/2013,19:15,11,6,5
11/05/2013,19:30,8,4,4
11/05/2013,19:45,3,2,1
11/05/2013,20:00,2,0,2
11/05/2013,20:15,5,2,3
11/05/2013,20:30,0,0,0
11/05/2013,20:45,2,2,0
11/05/2013,21:00,2,2,0
11/05/2013,21:15,3,2,1
11/05/2013,21:30,0,0,0
11/05/2013,21:45,1,0,1
11/05/2013,22:00,5,2,3
11/05/2013,22:15,1,1,0
11/05/2013,22:30,0,0,0
11/05/2013,22:45,0,0,0
11/05/2013,23:00,3,2,1
11/05/2013,23:15,1,1,0
11/05/2013,23:30,0,0,0
11/05/2013,23:45,0,0,0
12/05/2013,00:00,0,0,0
12/05/2013,00:15,0,0,0
12/05/2013,00:30,0,0,0
12/05/2013,00:45,0,0,0
12/05/2013,01:00,0,0,0
12/05/2013,01:15,0,0,0
12/05/2013,01:30,0,0,0
12/05/2013,01:45,0,0,0
12/05/2013,02:00,0,0,0
12/05/2013,02:15,0,0,0
12/05/2013,02:30,1,0,1
12/05/2013,02:45,1,1,0
12/05/2013,03:00,0,0,0
12/05/2013,03:15,0,0,0
12/05/2013,03:30,0,0,0
12/05/2013,03:45,0,0,0
12/05/2013,04:00,0,0,0
12/05/2013,04:15,0,0,0
12/05/2013,04:30,0,0,0
12/05/2013,04:45,0,0,0
12/05/2013,05:00,0,0,0
12/05/2013,05:15,0,0,0
12/05/2013,05:30,0,0,0
12/05/2013,05:45,1,0,1
12/05/2013,06:00,3,0,3
12/05/2013,06:15,4,1,3
12/05/2013,06:30,5,0,5
12/05/2013,06:45,7,1,6
12/05/2013,07:00,12,7,5
12/05/2013,07:15,56,47,9
12/05/2013,07:30,35,24,11
12/05/2013,07:45,21,11,10
12/05/2013,08:00,22,15,7
12/05/2013,08:15,28,17,11
12/05/2013,08:30,69,52,17
12/05/2013,08:45,38,30,8
12/05/2013,09:00,47,36,11
12/05/2013,09:15,62,50,12
12/05/2013,09:30,80,65,15
12/05/2013,09:45,85,72,13
12/05/2013,10:00,58,47,11
12/05/2013,10:15,89,71,18
12/05/2013,10:30,59,43,16
12/05/2013,10:45,92,77,15
12/05/2013,11:00,102,81,21
12/05/2013,11:15,90,75,15
12/05/2013,11:30,89,72,17
12/05/2013,11:45,81,73,8
12/05/2013,12:00,88,77,11
12/05/2013,12:15,93,76,17
12/05/2013,12:30,98,82,16
12/05/2013,12:45,95,69,26
12/05/2013,13:00,89,70,19
12/05/2013,13:15,93,80,13
12/05/2013,13:30,86,75,11
12/05/2013,13:45,55,49,6
12/05/2013,14:00,51,40,11
12/05/2013,14:15,70,61,9
12/05/2013,14:30,78,64,14
12/05/2013,14:45,46,36,10
12/05/2013,15:00,86,75,11
12/05/2013,15:15,64,33,31
12/05/2013,15:30,86,53,33
12/05/2013,15:45,63,36,27
12/05/2013,16:00,59,43,16
12/05/2013,16:15,94,28,66
12/05/2013,16:30,85,43,42
12/05/2013,16:45,53,34,19
12/05/2013,17:00,48,37,11
12/05/2013,17:15,45,26,19
12/05/2013,17:30,37,29,8
12/05/2013,17:45,32,18,14
12/05/2013,18:00,41,26,15
12/05/2013,18:15,21,16,5
12/05/2013,18:30,24,15,9
12/05/2013,18:45,22,10,12
12/05/2013,19:00,16,10,6
12/05/2013,19:15,17,8,9
12/05/2013,19:30,9,4,5
12/05/2013,19:45,2,1,1
12/05/2013,20:00,4,1,3
12/05/2013,20:15,7,3,4
12/05/2013,20:30,7,5,2
12/05/2013,20:45,1,0,1
12/05/2013,21:00,1,0,1
12/05/2013,21:15,1,1,0
12/05/2013,21:30,0,0,0
12/05/2013,21:45,2,0,2
12/05/2013,22:00,0,0,0
12/05/2013,22:15,0,0,0
12/05/2013,22:30,1,1,0
12/05/2013,22:45,0,0,0
12/05/2013,23:00,1,1,0
12/05/2013,23:15,0,0,0
12/05/2013,23:30,0,0,0
12/05/2013,23:45,0,0,0
13/05/2013,00:00,0,0,0
13/05/2013,00:15,0,0,0
13/05/2013,00:30,0,0,0
13/05/2013,00:45,0,0,0
13/05/2013,01:00,0,0,0
13/05/2013,01:15,0,0,0
13/05/2013,01:30,0,0,0
13/05/2013,01:45,0,0,0
13/05/2013,02:00,0,0,0
13/05/2013,02:15,0,0,0
13/05/2013,02:30,0,0,0
13/05/2013,02:45,0,0,0
13/05/2013,03:00,0,0,0
13/05/2013,03:15,0,0,0
13/05/2013,03:30,0,0,0
13/05/2013,03:45,0,0,0
13/05/2013,04:00,0,0,0
13/05/2013,04:15,2,2,0
13/05/2013,04:30,0,0,0
13/05/2013,04:45,4,4,0
13/05/2013,05:00,2,2,0
13/05/2013,05:15,2,2,0
13/05/2013,05:30,6,3,3
13/05/2013,05:45,8,7,1
13/05/2013,06:00,12,7,5
13/05/2013,06:15,13,6,7
13/05/2013,06:30,20,13,7
13/05/2013,06:45,22,12,10
13/05/2013,07:00,28,22,6
13/05/2013,07:15,18,15,3
13/05/2013,07:30,30,23,7
13/05/2013,07:45,75,66,9
13/05/2013,08:00,32,23,9
13/05/2013,08:15,24,14,10
13/05/2013,08:30,27,13,14
13/05/2013,08:45,27,9,18
13/05/2013,09:00,30,18,12
13/05/2013,09:15,20,12,8
13/05/2013,09:30,20,5,15
13/05/2013,09:45,33,14,19
13/05/2013,10:00,22,10,12
13/05/2013,10:15,16,10,6
13/05/2013,10:30,31,12,19
13/05/2013,10:45,14,7,7
13/05/2013,11:00,27,13,14
13/05/2013,11:15,14,7,7
13/05/2013,11:30,20,17,3
13/05/2013,11:45,23,12,11
13/05/2013,12:00,25,10,15
13/05/2013,12:15,32,17,15
13/05/2013,12:30,21,13,8
13/05/2013,12:45,32,23,9
13/05/2013,13:00,17,5,12
13/05/2013,13:15,19,14,5
13/05/2013,13:30,15,8,7
13/05/2013,13:45,37,27,10
13/05/2013,14:00,24,17,7
13/05/2013,14:15,53,36,17
13/05/2013,14:30,43,25,18
13/05/2013,14:45,21,14,7
13/05/2013,15:00,30,25,5
13/05/2013,15:15,33,16,17
13/05/2013,15:30,29,16,13
13/05/2013,15:45,29,16,13
13/05/2013,16:00,40,20,20
13/05/2013,16:15,45,25,20
13/05/2013,16:30,39,17,22
13/05/2013,16:45,31,19,12
13/05/2013,17:00,44,24,20
13/05/2013,17:15,43,24,19
13/05/2013,17:30,68,36,32
13/05/2013,17:45,60,34,26
13/05/2013,18:00,51,26,25
13/05/2013,18:15,53,26,27
13/05/2013,18:30,50,32,18
13/05/2013,18:45,37,22,15
13/05/2013,19:00,29,19,10
13/05/2013,19:15,29,17,12
13/05/2013,19:30,23,15,8
13/05/2013,19:45,21,6,15
13/05/2013,20:00,7,4,3
13/05/2013,20:15,6,4,2
13/05/2013,20:30,9,7,2
13/05/2013,20:45,11,9,2
13/05/2013,21:00,2,2,0
13/05/2013,21:15,2,1,1
13/05/2013,21:30,2,2,0
13/05/2013,21:45,7,7,0
13/05/2013,22:00,2,2,0
13/05/2013,22:15,1,1,0
13/05/2013,22:30,1,0,1
13/05/2013,22:45,0,0,0
13/05/2013,23:00,1,1,0
13/05/2013,23:15,0,0,0
13/05/2013,23:30,2,2,0
13/05/2013,23:45,0,0,0
14/05/2013,00:00,1,1,0
14/05/2013,00:15,0,0,0
14/05/2013,00:30,0,0,0
14/05/2013,00:45,0,0,0
14/05/2013,01:00,0,0,0
14/05/2013,01:15,0,0,0
14/05/2013,01:30,0,0,0
14/05/2013,01:45,0,0,0
14/05/2013,02:00,0,0,0
14/05/2013,02:15,0,0,0
14/05/2013,02:30,0,0,0
14/05/2013,02:45,0,0,0
14/05/2013,03:00,0,0,0
14/05/2013,03:15,0,0,0
14/05/2013,03:30,0,0,0
14/05/2013,03:45,0,0,0
14/05/2013,04:00,0,0,0
14/05/2013,04:15,1,1,0
14/05/2013,04:30,0,0,0
14/05/2013,04:45,3,1,2
14/05/2013,05:00,1,1,0
14/05/2013,05:15,2,2,0
14/05/2013,05:30,6,2,4
14/05/2013,05:45,9,6,3
14/05/2013,06:00,26,16,10
14/05/2013,06:15,25,11,14
14/05/2013,06:30,19,15,4
14/05/2013,06:45,31,24,7
14/05/2013,07:00,26,17,9
14/05/2013,07:15,29,24,5
14/05/2013,07:30,43,32,11
14/05/2013,07:45,62,53,9
14/05/2013,08:00,50,42,8
14/05/2013,08:15,25,16,9
14/05/2013,08:30,33,15,18
14/05/2013,08:45,29,16,13
14/05/2013,09:00,21,8,13
14/05/2013,09:15,28,18,10
14/05/2013,09:30,28,14,14
14/05/2013,09:45,27,13,14
14/05/2013,10:00,22,13,9
14/05/2013,10:15,31,16,15
14/05/2013,10:30,27,17,10
14/05/2013,10:45,31,13,18
14/05/2013,11:00,27,18,9
14/05/2013,11:15,30,24,6
14/05/2013,11:30,26,14,12
14/05/2013,11:45,33,21,12
14/05/2013,12:00,27,20,7
14/05/2013,12:15,21,15,6
14/05/2013,12:30,32,18,14
14/05/2013,12:45,22,12,10
14/05/2013,13:00,25,13,12
14/05/2013,13:15,25,15,10
14/05/2013,13:30,31,18,13
14/05/2013,13:45,34,21,13
14/05/2013,14:00,24,14,10
14/05/2013,14:15,26,8,18
14/05/2013,14:30,36,26,10
14/05/2013,14:45,25,15,10
14/05/2013,15:00,77,53,24
14/05/2013,15:15,28,18,10
14/05/2013,15:30,60,26,34
14/05/2013,15:45,52,25,27
14/05/2013,16:00,44,21,23
14/05/2013,16:15,40,16,24
14/05/2013,16:30,43,21,22
14/05/2013,16:45,48,32,16
14/05/2013,17:00,77,15,62
14/05/2013,17:15,78,21,57
14/05/2013,17:30,58,12,46
14/05/2013,17:45,83,31,52
14/05/2013,18:00,92,36,56
14/05/2013,18:15,117,32,85
14/05/2013,18:30,39,19,20
14/05/2013,18:45,61,37,24
14/05/2013,19:00,40,21,19
14/05/2013,19:15,23,10,13
14/05/2013,19:30,19,10,9
14/05/2013,19:45,23,10,13
14/05/2013,20:00,19,12,7
14/05/2013,20:15,6,4,2
14/05/2013,20:30,3,2,1
14/05/2013,20:45,2,1,1
14/05/2013,21:00,2,1,1
14/05/2013,21:15,2,1,1
14/05/2013,21:30,3,2,1
14/05/2013,21:45,1,1,0
14/05/2013,22:00,0,0,0
14/05/2013,22:15,3,3,0
14/05/2013,22:30,1,1,0
14/05/2013,22:45,1,1,0
14/05/2013,23:00,1,1,0
14/05/2013,23:15,0,0,0
14/05/2013,23:30,0,0,0
14/05/2013,23:45,0,0,0
15/05/2013,00:00,0,0,0
15/05/2013,00:15,0,0,0
15/05/2013,00:30,0,0,0
15/05/2013,00:45,0,0,0
15/05/2013,01:00,0,0,0
15/05/2013,01:15,0,0,0
15/05/2013,01:30,0,0,0
15/05/2013,01:45,0,0,0
15/05/2013,02:00,0,0,0
15/05/2013,02:15,0,0,0
15/05/2013,02:30,0,0,0
15/05/2013,02:45,0,0,0
15/05/2013,03:00,0,0,0
15/05/2013,03:15,0,0,0
15/05/2013,03:30,0,0,0
15/05/2013,03:45,1,1,0
15/05/2013,04:00,0,0,0
15/05/2013,04:15,2,2,0
15/05/2013,04:30,1,0,1
15/05/2013,04:45,0,0,0
15/05/2013,05:00,2,2,0
15/05/2013,05:15,2,0,2
15/05/2013,05:30,5,5,0
15/05/2013,05:45,3,1,2
15/05/2013,06:00,25,18,7
15/05/2013,06:15,15,10,5
15/05/2013,06:30,31,24,7
15/05/2013,06:45,29,17,12
15/05/2013,07:00,32,16,16
15/05/2013,07:15,35,22,13
15/05/2013,07:30,30,19,11
15/05/2013,07:45,61,47,14
15/05/2013,08:00,55,42,13
15/05/2013,08:15,28,15,13
15/05/2013,08:30,34,17,17
15/05/2013,08:45,26,16,10
15/05/2013,09:00,26,11,15
15/05/2013,09:15,32,11,21
15/05/2013,09:30,63,27,36
15/05/2013,09:45,40,18,22
15/05/2013,10:00,35,20,15
15/05/2013,10:15,26,18,8
15/05/2013,10:30,19,6,13
15/05/2013,10:45,11,4,7
15/05/2013,11:00,19,11,8
15/05/2013,11:15,26,14,12
15/05/2013,11:30,30,19,11
15/05/2013,11:45,21,17,4
15/05/2013,12:00,20,12,8
15/05/2013,12:15,30,18,12
15/05/2013,12:30,25,14,11
15/05/2013,12:45,17,11,6
15/05/2013,13:00,18,5,13
15/05/2013,13:15,49,38,11
15/05/2013,13:30,52,35,17
15/05/2013,13:45,33,21,12
15/05/2013,14:00,24,16,8
15/05/2013,14:15,36,15,21
15/05/2013,14:30,31,18,13
15/05/2013,14:45,19,8,11
15/05/2013,15:00,44,29,15
15/05/2013,15:15,30,17,13
15/05/2013,15:30,25,18,7
15/05/2013,15:45,18,8,10
15/05/2013,16:00,44,22,22
15/05/2013,16:15,90,24,66
15/05/2013,16:30,62,20,42
15/05/2013,16:45,45,19,26
15/05/2013,17:00,69,17,52
15/05/2013,17:15,62,35,27
15/05/2013,17:30,80,26,54
15/05/2013,17:45,51,32,19
15/05/2013,18:00,48,26,22
15/05/2013,18:15,73,34,39
15/05/2013,18:30,38,19,19
15/05/2013,18:45,36,21,15
15/05/2013,19:00,39,24,15
15/05/2013,19:15,37,13,24
15/05/2013,19:30,32,16,16
15/05/2013,19:45,11,8,3
15/05/2013,20:00,11,6,5
15/05/2013,20:15,7,0,7
15/05/2013,20:30,6,6,0
15/05/2013,20:45,9,6,3
15/05/2013,21:00,3,3,0
15/05/2013,21:15,1,1,0
15/05/2013,21:30,2,2,0
15/05/2013,21:45,0,0,0
15/05/2013,22:00,1,1,0
15/05/2013,22:15,1,1,0
15/05/2013,22:30,0,0,0
15/05/2013,22:45,0,0,0
15/05/2013,23:00,0,0,0
15/05/2013,23:15,0,0,0
15/05/2013,23:30,2,0,2
15/05/2013,23:45,0,0,0
16/05/2013,00:00,0,0,0
16/05/2013,00:15,0,0,0
16/05/2013,00:30,0,0,0
16/05/2013,00:45,0,0,0
16/05/2013,01:00,0,0,0
16/05/2013,01:15,0,0,0
16/05/2013,01:30,0,0,0
16/05/2013,01:45,0,0,0
16/05/2013,02:00,0,0,0
16/05/2013,02:15,0,0,0
16/05/2013,02:30,0,0,0
16/05/2013,02:45,0,0,0
16/05/2013,03:00,0,0,0
16/05/2013,03:15,0,0,0
16/05/2013,03:30,0,0,0
16/05/2013,03:45,1,1,0
16/05/2013,04:00,0,0,0
16/05/2013,04:15,0,0,0
16/05/2013,04:30,0,0,0
16/05/2013,04:45,3,3,0
16/05/2013,05:00,1,1,0
16/05/2013,05:15,0,0,0
16/05/2013,05:30,5,4,1
16/05/2013,05:45,6,3,3
16/05/2013,06:00,15,6,9
16/05/2013,06:15,11,8,3
16/05/2013,06:30,20,11,9
16/05/2013,06:45,28,16,12
16/05/2013,07:00,25,19,6
16/05/2013,07:15,18,13,5
16/05/2013,07:30,22,18,4
16/05/2013,07:45,60,50,10
16/05/2013,08:00,37,28,9
16/05/2013,08:15,13,6,7
16/05/2013,08:30,26,9,17
16/05/2013,08:45,16,5,11
16/05/2013,09:00,23,3,20
16/05/2013,09:15,22,9,13
16/05/2013,09:30,21,9,12
16/05/2013,09:45,15,5,10
16/05/2013,10:00,11,2,9
16/05/2013,10:15,11,7,4
16/05/2013,10:30,19,10,9
16/05/2013,10:45,21,10,11
16/05/2013,11:00,20,12,8
16/05/2013,11:15,30,18,12
16/05/2013,11:30,16,10,6
16/05/2013,11:45,24,9,15
16/05/2013,12:00,11,7,4
16/05/2013,12:15,25,12,13
16/05/2013,12:30,9,7,2
16/05/2013,12:45,22,11,11
16/05/2013,13:00,18,10,8
16/05/2013,13:15,23,10,13
16/05/2013,13:30,22,10,12
16/05/2013,13:45,16,5,11
16/05/2013,14:00,21,17,4
16/05/2013,14:15,11,4,7
16/05/2013,14:30,14,7,7
16/05/2013,14:45,29,21,8
16/05/2013,15:00,47,36,11
16/05/2013,15:15,16,7,9
16/05/2013,15:30,29,15,14
16/05/2013,15:45,20,14,6
16/05/2013,16:00,37,18,19
16/05/2013,16:15,37,11,26
16/05/2013,16:30,37,25,12
16/05/2013,16:45,28,17,11
16/05/2013,17:00,34,19,15
16/05/2013,17:15,59,20,39
16/05/2013,17:30,56,12,44
16/05/2013,17:45,32,16,16
16/05/2013,18:00,40,19,21
16/05/2013,18:15,42,22,20
16/05/2013,18:30,30,14,16
16/05/2013,18:45,25,16,9
16/05/2013,19:00,15,9,6
16/05/2013,19:15,15,9,6
16/05/2013,19:30,13,4,9
16/05/2013,19:45,11,4,7
16/05/2013,20:00,4,1,3
16/05/2013,20:15,6,1,5
16/05/2013,20:30,4,1,3
16/05/2013,20:45,3,3,0
16/05/2013,21:00,2,2,0
16/05/2013,21:15,3,2,1
16/05/2013,21:30,1,1,0
16/05/2013,21:45,0,0,0
16/05/2013,22:00,0,0,0
16/05/2013,22:15,0,0,0
16/05/2013,22:30,2,2,0
16/05/2013,22:45,0,0,0
16/05/2013,23:00,0,0,0
16/05/2013,23:15,0,0,0
16/05/2013,23:30,0,0,0
16/05/2013,23:45,0,0,0
17/05/2013,00:00,0,0,0
17/05/2013,00:15,0,0,0
17/05/2013,00:30,0,0,0
17/05/2013,00:45,0,0,0
17/05/2013,01:00,0,0,0
17/05/2013,01:15,0,0,0
17/05/2013,01:30,1,1,0
17/05/2013,01:45,0,0,0
17/05/2013,02:00,1,0,1
17/05/2013,02:15,0,0,0
17/05/2013,02:30,0,0,0
17/05/2013,02:45,0,0,0
17/05/2013,03:00,0,0,0
17/05/2013,03:15,0,0,0
17/05/2013,03:30,0,0,0
17/05/2013,03:45,2,2,0
17/05/2013,04:00,0,0,0
17/05/2013,04:15,2,2,0
17/05/2013,04:30,0,0,0
17/05/2013,04:45,0,0,0
17/05/2013,05:00,0,0,0
17/05/2013,05:15,2,2,0
17/05/2013,05:30,5,5,0
17/05/2013,05:45,11,6,5
17/05/2013,06:00,21,10,11
17/05/2013,06:15,15,10,5
17/05/2013,06:30,16,8,8
17/05/2013,06:45,22,14,8
17/05/2013,07:00,41,28,13
17/05/2013,07:15,35,20,15
17/05/2013,07:30,53,42,11
17/05/2013,07:45,72,62,10
17/05/2013,08:00,41,26,15
17/05/2013,08:15,26,12,14
17/05/2013,08:30,29,19,10
17/05/2013,08:45,27,14,13
17/05/2013,09:00,35,12,23
17/05/2013,09:15,23,11,12
17/05/2013,09:30,28,12,16
17/05/2013,09:45,26,14,12
17/05/2013,10:00,19,9,10
17/05/2013,10:15,43,31,12
17/05/2013,10:30,29,12,17
17/05/2013,10:45,29,11,18
17/05/2013,11:00,35,22,13
17/05/2013,11:15,34,26,8
17/05/2013,11:30,30,13,17
17/05/2013,11:45,28,18,10
17/05/2013,12:00,33,21,12
17/05/2013,12:15,25,17,8
17/05/2013,12:30,23,15,8
17/05/2013,12:45,24,14,10
17/05/2013,13:00,26,17,9
17/05/2013,13:15,19,12,7
17/05/2013,13:30,20,11,9
17/05/2013,13:45,24,8,16
17/05/2013,14:00,28,21,7
17/05/2013,14:15,41,32,9
17/05/2013,14:30,43,33,10
17/05/2013,14:45,26,19,7
17/05/2013,15:00,39,19,20
17/05/2013,15:15,44,13,31
17/05/2013,15:30,43,18,25
17/05/2013,15:45,34,22,12
17/05/2013,16:00,48,27,21
17/05/2013,16:15,49,22,27
17/05/2013,16:30,106,43,63
17/05/2013,16:45,52,28,24
17/05/2013,17:00,37,18,19
17/05/2013,17:15,83,34,49
17/05/2013,17:30,60,18,42
17/05/2013,17:45,28,11,17
17/05/2013,18:00,43,23,20
17/05/2013,18:15,35,16,19
17/05/2013,18:30,59,18,41
17/05/2013,18:45,28,13,15
17/05/2013,19:00,21,7,14
17/05/2013,19:15,23,18,5
17/05/2013,19:30,18,6,12
17/05/2013,19:45,9,4,5
17/05/2013,20:00,14,6,8
17/05/2013,20:15,4,3,1
17/05/2013,20:30,6,3,3
17/05/2013,20:45,4,2,2
17/05/2013,21:00,1,1,0
17/05/2013,21:15,2,0,2
17/05/2013,21:30,0,0,0
17/05/2013,21:45,1,1,0
17/05/2013,22:00,2,2,0
17/05/2013,22:15,2,2,0
17/05/2013,22:30,3,3,0
17/05/2013,22:45,1,0,1
17/05/2013,23:00,1,0,1
17/05/2013,23:15,0,0,0
17/05/2013,23:30,0,0,0
17/05/2013,23:45,3,2,1
18/05/2013,00:00,0,0,0
18/05/2013,00:15,0,0,0
18/05/2013,00:30,0,0,0
18/05/2013,00:45,1,0,1
18/05/2013,01:00,0,0,0
18/05/2013,01:15,0,0,0
18/05/2013,01:30,0,0,0
18/05/2013,01:45,0,0,0
18/05/2013,02:00,0,0,0
18/05/2013,02:15,0,0,0
18/05/2013,02:30,1,1,0
18/05/2013,02:45,0,0,0
18/05/2013,03:00,0,0,0
18/05/2013,03:15,0,0,0
18/05/2013,03:30,0,0,0
18/05/2013,03:45,2,2,0
18/05/2013,04:00,0,0,0
18/05/2013,04:15,0,0,0
18/05/2013,04:30,0,0,0
18/05/2013,04:45,0,0,0
18/05/2013,05:00,1,1,0
18/05/2013,05:15,1,0,1
18/05/2013,05:30,0,0,0
18/05/2013,05:45,1,1,0
18/05/2013,06:00,2,0,2
18/05/2013,06:15,7,5,2
18/05/2013,06:30,4,3,1
18/05/2013,06:45,11,8,3
18/05/2013,07:00,145,143,2
18/05/2013,07:15,18,13,5
18/05/2013,07:30,35,31,4
18/05/2013,07:45,65,56,9
18/05/2013,08:00,70,54,16
18/05/2013,08:15,37,29,8
18/05/2013,08:30,90,74,16
18/05/2013,08:45,88,71,17
18/05/2013,09:00,86,69,17
18/05/2013,09:15,80,61,19
18/05/2013,09:30,90,62,28
18/05/2013,09:45,95,71,24
18/05/2013,10:00,131,111,20
18/05/2013,10:15,86,69,17
18/05/2013,10:30,98,78,20
18/05/2013,10:45,98,79,19
18/05/2013,11:00,113,93,20
18/05/2013,11:15,99,76,23
18/05/2013,11:30,94,79,15
18/05/2013,11:45,99,81,18
18/05/2013,12:00,102,84,18
18/05/2013,12:15,88,73,15
18/05/2013,12:30,104,96,8
18/05/2013,12:45,71,65,6
18/05/2013,13:00,102,85,17
18/05/2013,13:15,92,81,11
18/05/2013,13:30,77,60,17
18/05/2013,13:45,73,65,8
18/05/2013,14:00,55,40,15
18/05/2013,14:15,67,57,10
18/05/2013,14:30,79,61,18
18/05/2013,14:45,85,69,16
18/05/2013,15:00,81,60,21
18/05/2013,15:15,78,59,19
18/05/2013,15:30,80,62,18
18/05/2013,15:45,65,48,17
18/05/2013,16:00,77,52,25
18/05/2013,16:15,91,43,48
18/05/2013,16:30,59,33,26
18/05/2013,16:45,70,34,36
18/05/2013,17:00,82,43,39
18/05/2013,17:15,53,22,31
18/05/2013,17:30,64,22,42
18/05/2013,17:45,46,34,12
18/05/2013,18:00,46,30,16
18/05/2013,18:15,146,13,133
18/05/2013,18:30,63,21,42
18/05/2013,18:45,25,10,15
18/05/2013,19:00,18,6,12
18/05/2013,19:15,23,10,13
18/05/2013,19:30,15,6,9
18/05/2013,19:45,10,4,6
18/05/2013,20:00,9,6,3
18/05/2013,20:15,3,1,2
18/05/2013,20:30,16,12,4
18/05/2013,20:45,2,2,0
18/05/2013,21:00,4,1,3
18/05/2013,21:15,1,1,0
18/05/2013,21:30,3,1,2
18/05/2013,21:45,3,1,2
18/05/2013,22:00,2,2,0
18/05/2013,22:15,1,0,1
18/05/2013,22:30,4,2,2
18/05/2013,22:45,0,0,0
18/05/2013,23:00,1,0,1
18/05/2013,23:15,0,0,0
18/05/2013,23:30,0,0,0
18/05/2013,23:45,0,0,0
19/05/2013,00:00,0,0,0
19/05/2013,00:15,1,1,0
19/05/2013,00:30,0,0,0
19/05/2013,00:45,0,0,0
19/05/2013,01:00,0,0,0
19/05/2013,01:15,0,0,0
19/05/2013,01:30,0,0,0
19/05/2013,01:45,0,0,0
19/05/2013,02:00,0,0,0
19/05/2013,02:15,0,0,0
19/05/2013,02:30,0,0,0
19/05/2013,02:45,0,0,0
19/05/2013,03:00,0,0,0
19/05/2013,03:15,0,0,0
19/05/2013,03:30,0,0,0
19/05/2013,03:45,0,0,0
19/05/2013,04:00,0,0,0
19/05/2013,04:15,1,1,0
19/05/2013,04:30,0,0,0
19/05/2013,04:45,1,1,0
19/05/2013,05:00,1,1,0
19/05/2013,05:15,0,0,0
19/05/2013,05:30,0,0,0
19/05/2013,05:45,1,1,0
19/05/2013,06:00,9,4,5
19/05/2013,06:15,10,5,5
19/05/2013,06:30,9,6,3
19/05/2013,06:45,10,4,6
19/05/2013,07:00,12,7,5
19/05/2013,07:15,31,25,6
19/05/2013,07:30,39,29,10
19/05/2013,07:45,61,45,16
19/05/2013,08:00,59,44,15
19/05/2013,08:15,30,19,11
19/05/2013,08:30,65,59,6
19/05/2013,08:45,101,93,8
19/05/2013,09:00,82,69,13
19/05/2013,09:15,71,58,13
19/05/2013,09:30,70,55,15
19/05/2013,09:45,96,85,11
19/05/2013,10:00,87,63,24
19/05/2013,10:15,75,50,25
19/05/2013,10:30,83,66,17
19/05/2013,10:45,95,76,19
19/05/2013,11:00,100,83,17
19/05/2013,11:15,87,61,26
19/05/2013,11:30,66,51,15
19/05/2013,11:45,102,85,17
19/05/2013,12:00,80,69,11
19/05/2013,12:15,95,83,12
19/05/2013,12:30,91,85,6
19/05/2013,12:45,72,60,12
19/05/2013,13:00,58,49,9
19/05/2013,13:15,66,59,7
19/05/2013,13:30,50,45,5
19/05/2013,13:45,64,54,10
19/05/2013,14:00,65,60,5
19/05/2013,14:15,67,53,14
19/05/2013,14:30,60,51,9
19/05/2013,14:45,86,73,13
19/05/2013,15:00,62,51,11
19/05/2013,15:15,83,73,10
19/05/2013,15:30,70,60,10
19/05/2013,15:45,60,46,14
19/05/2013,16:00,57,49,8
19/05/2013,16:15,45,33,12
19/05/2013,16:30,65,45,20
19/05/2013,16:45,48,37,11
19/05/2013,17:00,35,23,12
19/05/2013,17:15,25,14,11
19/05/2013,17:30,37,27,10
19/05/2013,17:45,18,5,13
19/05/2013,18:00,36,20,16
19/05/2013,18:15,29,24,5
19/05/2013,18:30,26,20,6
19/05/2013,18:45,16,9,7
19/05/2013,19:00,16,13,3
19/05/2013,19:15,17,14,3
19/05/2013,19:30,10,7,3
19/05/2013,19:45,14,10,4
19/05/2013,20:00,17,3,14
19/05/2013,20:15,10,4,6
19/05/2013,20:30,8,8,0
19/05/2013,20:45,1,0,1
19/05/2013,21:00,2,1,1
19/05/2013,21:15,1,1,0
19/05/2013,21:30,1,1,0
19/05/2013,21:45,3,3,0
19/05/2013,22:00,1,0,1
19/05/2013,22:15,1,0,1
19/05/2013,22:30,0,0,0
19/05/2013,22:45,1,1,0
19/05/2013,23:00,1,1,0
19/05/2013,23:15,0,0,0
19/05/2013,23:30,0,0,0
19/05/2013,23:45,0,0,0
20/05/2013,00:00,0,0,0
20/05/2013,00:15,0,0,0
20/05/2013,00:30,0,0,0
20/05/2013,00:45,0,0,0
20/05/2013,01:00,0,0,0
20/05/2013,01:15,0,0,0
20/05/2013,01:30,0,0,0
20/05/2013,01:45,0,0,0
20/05/2013,02:00,0,0,0
20/05/2013,02:15,0,0,0
20/05/2013,02:30,0,0,0
20/05/2013,02:45,1,0,1
20/05/2013,03:00,0,0,0
20/05/2013,03:15,0,0,0
20/05/2013,03:30,0,0,0
20/05/2013,03:45,0,0,0
20/05/2013,04:00,0,0,0
20/05/2013,04:15,1,1,0
20/05/2013,04:30,0,0,0
20/05/2013,04:45,2,2,0
20/05/2013,05:00,6,5,1
20/05/2013,05:15,3,1,2
20/05/2013,05:30,6,4,2
20/05/2013,05:45,8,5,3
20/05/2013,06:00,14,9,5
20/05/2013,06:15,16,11,5
20/05/2013,06:30,20,13,7
20/05/2013,06:45,17,10,7
20/05/2013,07:00,29,23,6
20/05/2013,07:15,23,12,11
20/05/2013,07:30,26,17,9
20/05/2013,07:45,64,51,13
20/05/2013,08:00,56,49,7
20/05/2013,08:15,32,21,11
20/05/2013,08:30,32,17,15
20/05/2013,08:45,27,15,12
20/05/2013,09:00,27,11,16
20/05/2013,09:15,58,40,18
20/05/2013,09:30,26,14,12
20/05/2013,09:45,31,16,15
20/05/2013,10:00,28,17,11
20/05/2013,10:15,63,55,8
20/05/2013,10:30,17,12,5
20/05/2013,10:45,20,16,4
20/05/2013,11:00,40,25,15
20/05/2013,11:15,23,18,5
20/05/2013,11:30,24,22,2
20/05/2013,11:45,31,24,7
20/05/2013,12:00,27,24,3
20/05/2013,12:15,30,25,5
20/05/2013,12:30,36,28,8
20/05/2013,12:45,38,29,9
20/05/2013,13:00,23,20,3
20/05/2013,13:15,29,28,1
20/05/2013,13:30,22,13,9
20/05/2013,13:45,20,11,9
20/05/2013,14:00,29,24,5
20/05/2013,14:15,77,60,17
20/05/2013,14:30,30,25,5
20/05/2013,14:45,21,15,6
20/05/2013,15:00,24,22,2
20/05/2013,15:15,24,17,7
20/05/2013,15:30,39,23,16
20/05/2013,15:45,39,29,10
20/05/2013,16:00,29,17,12
20/05/2013,16:15,69,26,43
20/05/2013,16:30,61,41,20
20/05/2013,16:45,38,25,13
20/05/2013,17:00,34,19,15
20/05/2013,17:15,45,30,15
20/05/2013,17:30,138,30,108
20/05/2013,17:45,62,25,37
20/05/2013,18:00,79,32,47
20/05/2013,18:15,52,30,22
20/05/2013,18:30,55,31,24
20/05/2013,18:45,37,21,16
20/05/2013,19:00,38,12,26
20/05/2013,19:15,27,12,15
20/05/2013,19:30,25,6,19
20/05/2013,19:45,9,1,8
20/05/2013,20:00,9,5,4
20/05/2013,20:15,5,3,2
20/05/2013,20:30,4,1,3
20/05/2013,20:45,2,1,1
20/05/2013,21:00,2,2,0
20/05/2013,21:15,0,0,0
20/05/2013,21:30,1,0,1
20/05/2013,21:45,1,1,0
20/05/2013,22:00,2,1,1
20/05/2013,22:15,1,1,0
20/05/2013,22:30,0,0,0
20/05/2013,22:45,0,0,0
20/05/2013,23:00,2,2,0
20/05/2013,23:15,0,0,0
20/05/2013,23:30,0,0,0
20/05/2013,23:45,0,0,0
21/05/2013,00:00,0,0,0
21/05/2013,00:15,1,0,1
21/05/2013,00:30,1,0,1
21/05/2013,00:45,0,0,0
21/05/2013,01:00,0,0,0
21/05/2013,01:15,0,0,0
21/05/2013,01:30,0,0,0
21/05/2013,01:45,0,0,0
21/05/2013,02:00,0,0,0
21/05/2013,02:15,0,0,0
21/05/2013,02:30,0,0,0
21/05/2013,02:45,0,0,0
21/05/2013,03:00,0,0,0
21/05/2013,03:15,0,0,0
21/05/2013,03:30,0,0,0
21/05/2013,03:45,0,0,0
21/05/2013,04:00,0,0,0
21/05/2013,04:15,1,1,0
21/05/2013,04:30,0,0,0
21/05/2013,04:45,2,1,1
21/05/2013,05:00,1,1,0
21/05/2013,05:15,5,3,2
21/05/2013,05:30,2,1,1
21/05/2013,05:45,13,5,8
21/05/2013,06:00,26,13,13
21/05/2013,06:15,25,14,11
21/05/2013,06:30,30,20,10
21/05/2013,06:45,21,15,6
21/05/2013,07:00,23,16,7
21/05/2013,07:15,30,19,11
21/05/2013,07:30,33,24,9
21/05/2013,07:45,70,67,3
21/05/2013,08:00,45,39,6
21/05/2013,08:15,32,22,10
21/05/2013,08:30,34,20,14
21/05/2013,08:45,26,13,13
21/05/2013,09:00,36,20,16
21/05/2013,09:15,22,12,10
21/05/2013,09:30,19,12,7
21/05/2013,09:45,35,21,14
21/05/2013,10:00,39,26,13
21/05/2013,10:15,23,13,10
21/05/2013,10:30,40,28,12
21/05/2013,10:45,24,12,12
21/05/2013,11:00,32,22,10
21/05/2013,11:15,47,31,16
21/05/2013,11:30,23,15,8
21/05/2013,11:45,23,11,12
21/05/2013,12:00,19,9,10
21/05/2013,12:15,15,8,7
21/05/2013,12:30,37,26,11
21/05/2013,12:45,60,13,47
21/05/2013,13:00,54,23,31
21/05/2013,13:15,21,6,15
21/05/2013,13:30,20,8,12
21/05/2013,13:45,16,12,4
21/05/2013,14:00,17,13,4
21/05/2013,14:15,10,5,5
21/05/2013,14:30,21,16,5
21/05/2013,14:45,27,20,7
21/05/2013,15:00,65,52,13
21/05/2013,15:15,30,19,11
21/05/2013,15:30,27,16,11
21/05/2013,15:45,23,13,10
21/05/2013,16:00,42,16,26
21/05/2013,16:15,39,15,24
21/05/2013,16:30,58,13,45
21/05/2013,16:45,41,8,33
21/05/2013,17:00,65,20,45
21/05/2013,17:15,97,34,63
21/05/2013,17:30,62,19,43
21/05/2013,17:45,70,18,52
21/05/2013,18:00,59,24,35
21/05/2013,18:15,58,31,27
21/05/2013,18:30,56,18,38
21/05/2013,18:45,38,17,21
21/05/2013,19:00,20,15,5
21/05/2013,19:15,26,13,13
21/05/2013,19:30,22,10,12
21/05/2013,19:45,9,4,5
21/05/2013,20:00,6,6,0
21/05/2013,20:15,7,6,1
21/05/2013,20:30,5,3,2
21/05/2013,20:45,2,0,2
21/05/2013,21:00,1,0,1
21/05/2013,21:15,4,2,2
21/05/2013,21:30,1,1,0
21/05/2013,21:45,3,2,1
21/05/2013,22:00,4,4,0
21/05/2013,22:15,1,1,0
21/05/2013,22:30,2,2,0
21/05/2013,22:45,0,0,0
21/05/2013,23:00,1,1,0
21/05/2013,23:15,0,0,0
21/05/2013,23:30,0,0,0
21/05/2013,23:45,0,0,0
22/05/2013,00:00,0,0,0
22/05/2013,00:15,2,0,2
22/05/2013,00:30,0,0,0
22/05/2013,00:45,0,0,0
22/05/2013,01:00,0,0,0
22/05/2013,01:15,0,0,0
22/05/2013,01:30,0,0,0
22/05/2013,01:45,0,0,0
22/05/2013,02:00,0,0,0
22/05/2013,02:15,0,0,0
22/05/2013,02:30,0,0,0
22/05/2013,02:45,0,0,0
22/05/2013,03:00,0,0,0
22/05/2013,03:15,0,0,0
22/05/2013,03:30,0,0,0
22/05/2013,03:45,0,0,0
22/05/2013,04:00,2,2,0
22/05/2013,04:15,0,0,0
22/05/2013,04:30,2,2,0
22/05/2013,04:45,1,1,0
22/05/2013,05:00,3,2,1
22/05/2013,05:15,2,0,2
22/05/2013,05:30,4,3,1
22/05/2013,05:45,5,3,2
22/05/2013,06:00,18,12,6
22/05/2013,06:15,22,16,6
22/05/2013,06:30,18,16,2
22/05/2013,06:45,32,21,11
22/05/2013,07:00,30,17,13
22/05/2013,07:15,18,10,8
22/05/2013,07:30,35,30,5
22/05/2013,07:45,52,48,4
22/05/2013,08:00,63,52,11
22/05/2013,08:15,18,13,5
22/05/2013,08:30,38,26,12
22/05/2013,08:45,24,12,12
22/05/2013,09:00,24,8,16
22/05/2013,09:15,33,9,24
22/05/2013,09:30,36,8,28
22/05/2013,09:45,42,15,27
22/05/2013,10:00,21,9,12
22/05/2013,10:15,27,19,8
22/05/2013,10:30,23,9,14
22/05/2013,10:45,16,9,7
22/05/2013,11:00,21,10,11
22/05/2013,11:15,19,15,4
22/05/2013,11:30,12,8,4
22/05/2013,11:45,25,18,7
22/05/2013,12:00,22,15,7
22/05/2013,12:15,14,13,1
22/05/2013,12:30,35,19,16
22/05/2013,12:45,34,23,11
22/05/2013,13:00,36,22,14
22/05/2013,13:15,54,38,16
22/05/2013,13:30,26,13,13
22/05/2013,13:45,29,21,8
22/05/2013,14:00,35,20,15
22/05/2013,14:15,28,17,11
22/05/2013,14:30,28,20,8
22/05/2013,14:45,19,8,11
22/05/2013,15:00,22,13,9
22/05/2013,15:15,22,11,11
22/05/2013,15:30,35,21,14
22/05/2013,15:45,32,15,17
22/05/2013,16:00,38,18,20
22/05/2013,16:15,29,17,12
22/05/2013,16:30,29,10,19
22/05/2013,16:45,35,14,21
22/05/2013,17:00,46,25,21
22/05/2013,17:15,37,19,18
22/05/2013,17:30,73,26,47
22/05/2013,17:45,51,26,25
22/05/2013,18:00,34,19,15
22/05/2013,18:15,46,28,18
22/05/2013,18:30,52,20,32
22/05/2013,18:45,35,17,18
22/05/2013,19:00,34,11,23
22/05/2013,19:15,21,7,14
22/05/2013,19:30,19,11,8
22/05/2013,19:45,12,7,5
22/05/2013,20:00,8,5,3
22/05/2013,20:15,2,1,1
22/05/2013,20:30,6,4,2
22/05/2013,20:45,3,1,2
22/05/2013,21:00,4,2,2
22/05/2013,21:15,3,1,2
22/05/2013,21:30,1,1,0
22/05/2013,21:45,1,0,1
22/05/2013,22:00,2,2,0
22/05/2013,22:15,3,2,1
22/05/2013,22:30,2,2,0
22/05/2013,22:45,0,0,0
22/05/2013,23:00,0,0,0
22/05/2013,23:15,0,0,0
22/05/2013,23:30,0,0,0
22/05/2013,23:45,0,0,0
23/05/2013,00:00,0,0,0
23/05/2013,00:15,0,0,0
23/05/2013,00:30,0,0,0
23/05/2013,00:45,0,0,0
23/05/2013,01:00,0,0,0
23/05/2013,01:15,0,0,0
23/05/2013,01:30,0,0,0
23/05/2013,01:45,0,0,0
23/05/2013,02:00,0,0,0
23/05/2013,02:15,1,1,0
23/05/2013,02:30,0,0,0
23/05/2013,02:45,0,0,0
23/05/2013,03:00,0,0,0
23/05/2013,03:15,0,0,0
23/05/2013,03:30,0,0,0
23/05/2013,03:45,0,0,0
23/05/2013,04:00,0,0,0
23/05/2013,04:15,1,0,1
23/05/2013,04:30,1,0,1
23/05/2013,04:45,0,0,0
23/05/2013,05:00,5,5,0
23/05/2013,05:15,0,0,0
23/05/2013,05:30,4,2,2
23/05/2013,05:45,6,4,2
23/05/2013,06:00,15,12,3
23/05/2013,06:15,17,12,5
23/05/2013,06:30,22,15,7
23/05/2013,06:45,23,11,12
23/05/2013,07:00,30,22,8
23/05/2013,07:15,30,20,10
23/05/2013,07:30,38,30,8
23/05/2013,07:45,66,52,14
23/05/2013,08:00,54,44,10
23/05/2013,08:15,31,19,12
23/05/2013,08:30,37,20,17
23/05/2013,08:45,35,16,19
23/05/2013,09:00,32,19,13
23/05/2013,09:15,40,24,16
23/05/2013,09:30,23,12,11
23/05/2013,09:45,20,12,8
23/05/2013,10:00,19,10,9
23/05/2013,10:15,29,21,8
23/05/2013,10:30,25,11,14
23/05/2013,10:45,20,10,10
23/05/2013,11:00,26,12,14
23/05/2013,11:15,31,17,14
23/05/2013,11:30,27,21,6
23/05/2013,11:45,27,16,11
23/05/2013,12:00,21,11,10
23/05/2013,12:15,21,9,12
23/05/2013,12:30,22,15,7
23/05/2013,12:45,23,18,5
23/05/2013,13:00,24,12,12
23/05/2013,13:15,25,17,8
23/05/2013,13:30,11,6,5
23/05/2013,13:45,26,21,5
23/05/2013,14:00,26,16,10
23/05/2013,14:15,18,13,5
23/05/2013,14:30,26,21,5
23/05/2013,14:45,27,21,6
23/05/2013,15:00,52,35,17
23/05/2013,15:15,21,12,9
23/05/2013,15:30,28,16,12
23/05/2013,15:45,44,26,18
23/05/2013,16:00,37,26,11
23/05/2013,16:15,55,25,30
23/05/2013,16:30,50,23,27
23/05/2013,16:45,64,37,27
23/05/2013,17:00,67,40,27
23/05/2013,17:15,67,24,43
23/05/2013,17:30,61,25,36
23/05/2013,17:45,52,28,24
23/05/2013,18:00,48,20,28
23/05/2013,18:15,47,16,31
23/05/2013,18:30,49,20,29
23/05/2013,18:45,17,13,4
23/05/2013,19:00,24,14,10
23/05/2013,19:15,22,19,3
23/05/2013,19:30,18,11,7
23/05/2013,19:45,13,5,8
23/05/2013,20:00,8,4,4
23/05/2013,20:15,3,1,2
23/05/2013,20:30,6,3,3
23/05/2013,20:45,6,2,4
23/05/2013,21:00,7,6,1
23/05/2013,21:15,2,2,0
23/05/2013,21:30,2,1,1
23/05/2013,21:45,0,0,0
23/05/2013,22:00,0,0,0
23/05/2013,22:15,0,0,0
23/05/2013,22:30,0,0,0
23/05/2013,22:45,0,0,0
23/05/2013,23:00,2,2,0
23/05/2013,23:15,0,0,0
23/05/2013,23:30,0,0,0
23/05/2013,23:45,0,0,0
24/05/2013,00:00,0,0,0
24/05/2013,00:15,0,0,0
24/05/2013,00:30,0,0,0
24/05/2013,00:45,0,0,0
24/05/2013,01:00,0,0,0
24/05/2013,01:15,0,0,0
24/05/2013,01:30,0,0,0
24/05/2013,01:45,0,0,0
24/05/2013,02:00,0,0,0
24/05/2013,02:15,0,0,0
24/05/2013,02:30,0,0,0
24/05/2013,02:45,0,0,0
24/05/2013,03:00,0,0,0
24/05/2013,03:15,0,0,0
24/05/2013,03:30,0,0,0
24/05/2013,03:45,1,1,0
24/05/2013,04:00,0,0,0
24/05/2013,04:15,2,2,0
24/05/2013,04:30,0,0,0
24/05/2013,04:45,1,1,0
24/05/2013,05:00,1,1,0
24/05/2013,05:15,4,3,1
24/05/2013,05:30,3,3,0
24/05/2013,05:45,5,3,2
24/05/2013,06:00,17,11,6
24/05/2013,06:15,19,14,5
24/05/2013,06:30,16,10,6
24/05/2013,06:45,13,8,5
24/05/2013,07:00,30,23,7
24/05/2013,07:15,24,14,10
24/05/2013,07:30,25,18,7
24/05/2013,07:45,57,45,12
24/05/2013,08:00,55,44,11
24/05/2013,08:15,19,15,4
24/05/2013,08:30,36,21,15
24/05/2013,08:45,49,27,22
24/05/2013,09:00,19,7,12
24/05/2013,09:15,28,15,13
24/05/2013,09:30,36,20,16
24/05/2013,09:45,36,24,12
24/05/2013,10:00,22,12,10
24/05/2013,10:15,30,21,9
24/05/2013,10:30,35,24,11
24/05/2013,10:45,30,16,14
24/05/2013,11:00,42,28,14
24/05/2013,11:15,39,30,9
24/05/2013,11:30,31,18,13
24/05/2013,11:45,37,25,12
24/05/2013,12:00,35,18,17
24/05/2013,12:15,42,31,11
24/05/2013,12:30,26,18,8
24/05/2013,12:45,28,18,10
24/05/2013,13:00,18,11,7
24/05/2013,13:15,34,20,14
24/05/2013,13:30,34,20,14
24/05/2013,13:45,32,20,12
24/05/2013,14:00,48,34,14
24/05/2013,14:15,49,40,9
24/05/2013,14:30,34,20,14
24/05/2013,14:45,25,18,7
24/05/2013,15:00,55,38,17
24/05/2013,15:15,34,18,16
24/05/2013,15:30,35,25,10
24/05/2013,15:45,27,18,9
24/05/2013,16:00,32,22,10
24/05/2013,16:15,65,47,18
24/05/2013,16:30,49,26,23
24/05/2013,16:45,44,21,23
24/05/2013,17:00,36,31,5
24/05/2013,17:15,33,15,18
24/05/2013,17:30,49,24,25
24/05/2013,17:45,41,20,21
24/05/2013,18:00,32,19,13
24/05/2013,18:15,37,18,19
24/05/2013,18:30,66,28,38
24/05/2013,18:45,28,16,12
24/05/2013,19:00,15,4,11
24/05/2013,19:15,26,16,10
24/05/2013,19:30,10,3,7
24/05/2013,19:45,14,3,11
24/05/2013,20:00,11,2,9
24/05/2013,20:15,4,1,3
24/05/2013,20:30,3,2,1
24/05/2013,20:45,6,3,3
24/05/2013,21:00,3,0,3
24/05/2013,21:15,3,2,1
24/05/2013,21:30,0,0,0
24/05/2013,21:45,1,0,1
24/05/2013,22:00,2,1,1
24/05/2013,22:15,2,2,0
24/05/2013,22:30,2,1,1
24/05/2013,22:45,0,0,0
24/05/2013,23:00,0,0,0
24/05/2013,23:15,1,1,0
24/05/2013,23:30,1,0,1
24/05/2013,23:45,0,0,0
25/05/2013,00:00,1,1,0
25/05/2013,00:15,0,0,0
25/05/2013,00:30,0,0,0
25/05/2013,00:45,0,0,0
25/05/2013,01:00,0,0,0
25/05/2013,01:15,0,0,0
25/05/2013,01:30,0,0,0
25/05/2013,01:45,0,0,0
25/05/2013,02:00,0,0,0
25/05/2013,02:15,0,0,0
25/05/2013,02:30,0,0,0
25/05/2013,02:45,0,0,0
25/05/2013,03:00,0,0,0
25/05/2013,03:15,0,0,0
25/05/2013,03:30,0,0,0
25/05/2013,03:45,0,0,0
25/05/2013,04:00,0,0,0
25/05/2013,04:15,0,0,0
25/05/2013,04:30,0,0,0
25/05/2013,04:45,0,0,0
25/05/2013,05:00,2,1,1
25/05/2013,05:15,0,0,0
25/05/2013,05:30,0,0,0
25/05/2013,05:45,4,1,3
25/05/2013,06:00,3,2,1
25/05/2013,06:15,7,4,3
25/05/2013,06:30,10,5,5
25/05/2013,06:45,17,11,6
25/05/2013,07:00,8,4,4
25/05/2013,07:15,21,12,9
25/05/2013,07:30,18,14,4
25/05/2013,07:45,43,27,16
25/05/2013,08:00,17,6,11
25/05/2013,08:15,41,30,11
25/05/2013,08:30,84,70,14
25/05/2013,08:45,70,48,22
25/05/2013,09:00,126,98,28
25/05/2013,09:15,91,69,22
25/05/2013,09:30,95,70,25
25/05/2013,09:45,100,82,18
25/05/2013,10:00,94,73,21
25/05/2013,10:15,102,78,24
25/05/2013,10:30,99,73,26
25/05/2013,10:45,106,90,16
25/05/2013,11:00,74,58,16
25/05/2013,11:15,106,87,19
25/05/2013,11:30,100,86,14
25/05/2013,11:45,99,75,24
25/05/2013,12:00,106,89,17
25/05/2013,12:15,84,70,14
25/05/2013,12:30,89,72,17
25/05/2013,12:45,81,65,16
25/05/2013,13:00,76,59,17
25/05/2013,13:15,59,53,6
25/05/2013,13:30,113,91,22
25/05/2013,13:45,59,46,13
25/05/2013,14:00,73,66,7
25/05/2013,14:15,70,61,9
25/05/2013,14:30,62,48,14
25/05/2013,14:45,41,29,12
25/05/2013,15:00,66,57,9
25/05/2013,15:15,38,37,1
25/05/2013,15:30,71,60,11
25/05/2013,15:45,47,36,11
25/05/2013,16:00,40,30,10
25/05/2013,16:15,46,31,15
25/05/2013,16:30,50,39,11
25/05/2013,16:45,35,25,10
25/05/2013,17:00,44,31,13
25/05/2013,17:15,60,39,21
25/05/2013,17:30,30,9,21
25/05/2013,17:45,24,10,14
25/05/2013,18:00,25,9,16
25/05/2013,18:15,17,10,7
25/05/2013,18:30,21,10,11
25/05/2013,18:45,12,6,6
25/05/2013,19:00,7,3,4
25/05/2013,19:15,14,10,4
25/05/2013,19:30,19,12,7
25/05/2013,19:45,7,3,4
25/05/2013,20:00,9,6,3
25/05/2013,20:15,7,4,3
25/05/2013,20:30,3,0,3
25/05/2013,20:45,4,3,1
25/05/2013,21:00,4,1,3
25/05/2013,21:15,5,1,4
25/05/2013,21:30,2,1,1
25/05/2013,21:45,2,2,0
25/05/2013,22:00,5,4,1
25/05/2013,22:15,0,0,0
25/05/2013,22:30,1,1,0
25/05/2013,22:45,1,1,0
25/05/2013,23:00,2,0,2
25/05/2013,23:15,0,0,0
25/05/2013,23:30,3,0,3
25/05/2013,23:45,0,0,0
26/05/2013,00:00,0,0,0
26/05/2013,00:15,0,0,0
26/05/2013,00:30,0,0,0
26/05/2013,00:45,0,0,0
26/05/2013,01:00,0,0,0
26/05/2013,01:15,1,0,1
26/05/2013,01:30,1,0,1
26/05/2013,01:45,2,0,2
26/05/2013,02:00,0,0,0
26/05/2013,02:15,0,0,0
26/05/2013,02:30,0,0,0
26/05/2013,02:45,0,0,0
26/05/2013,03:00,0,0,0
26/05/2013,03:15,0,0,0
26/05/2013,03:30,0,0,0
26/05/2013,03:45,0,0,0
26/05/2013,04:00,0,0,0
26/05/2013,04:15,0,0,0
26/05/2013,04:30,0,0,0
26/05/2013,04:45,0,0,0
26/05/2013,05:00,0,0,0
26/05/2013,05:15,0,0,0
26/05/2013,05:30,0,0,0
26/05/2013,05:45,0,0,0
26/05/2013,06:00,2,2,0
26/05/2013,06:15,5,3,2
26/05/2013,06:30,3,3,0
26/05/2013,06:45,11,7,4
26/05/2013,07:00,3,2,1
26/05/2013,07:15,12,11,1
26/05/2013,07:30,14,10,4
26/05/2013,07:45,19,14,5
26/05/2013,08:00,24,11,13
26/05/2013,08:15,41,30,11
26/05/2013,08:30,55,46,9
26/05/2013,08:45,46,39,7
26/05/2013,09:00,58,43,15
26/05/2013,09:15,35,27,8
26/05/2013,09:30,74,57,17
26/05/2013,09:45,85,75,10
26/05/2013,10:00,92,67,25
26/05/2013,10:15,107,76,31
26/05/2013,10:30,89,71,18
26/05/2013,10:45,86,50,36
26/05/2013,11:00,80,65,15
26/05/2013,11:15,94,84,10
26/05/2013,11:30,81,69,12
26/05/2013,11:45,70,60,10
26/05/2013,12:00,100,89,11
26/05/2013,12:15,75,55,20
26/05/2013,12:30,101,85,16
26/05/2013,12:45,93,75,18
26/05/2013,13:00,57,49,8
26/05/2013,13:15,58,42,16
26/05/2013,13:30,68,61,7
26/05/2013,13:45,43,38,5
26/05/2013,14:00,75,60,15
26/05/2013,14:15,77,69,8
26/05/2013,14:30,48,42,6
26/05/2013,14:45,72,63,9
26/05/2013,15:00,51,36,15
26/05/2013,15:15,65,48,17
26/05/2013,15:30,53,37,16
26/05/2013,15:45,54,47,7
26/05/2013,16:00,54,43,11
26/05/2013,16:15,50,41,9
26/05/2013,16:30,37,22,15
26/05/2013,16:45,34,21,13
26/05/2013,17:00,25,14,11
26/05/2013,17:15,34,21,13
26/05/2013,17:30,50,32,18
26/05/2013,17:45,45,21,24
26/05/2013,18:00,43,11,32
26/05/2013,18:15,61,10,51
26/05/2013,18:30,35,8,27
26/05/2013,18:45,22,13,9
26/05/2013,19:00,14,12,2
26/05/2013,19:15,7,5,2
26/05/2013,19:30,7,4,3
26/05/2013,19:45,1,1,0
26/05/2013,20:00,5,3,2
26/05/2013,20:15,4,2,2
26/05/2013,20:30,4,3,1
26/05/2013,20:45,1,0,1
26/05/2013,21:00,1,0,1
26/05/2013,21:15,2,2,0
26/05/2013,21:30,1,0,1
26/05/2013,21:45,0,0,0
26/05/2013,22:00,0,0,0
26/05/2013,22:15,2,0,2
26/05/2013,22:30,1,1,0
26/05/2013,22:45,0,0,0
26/05/2013,23:00,0,0,0
26/05/2013,23:15,0,0,0
26/05/2013,23:30,0,0,0
26/05/2013,23:45,0,0,0
27/05/2013,00:00,0,0,0
27/05/2013,00:15,0,0,0
27/05/2013,00:30,0,0,0
27/05/2013,00:45,0,0,0
27/05/2013,01:00,0,0,0
27/05/2013,01:15,1,0,1
27/05/2013,01:30,1,0,1
27/05/2013,01:45,2,0,2
27/05/2013,02:00,0,0,0
27/05/2013,02:15,0,0,0
27/05/2013,02:30,0,0,0
27/05/2013,02:45,0,0,0
27/05/2013,03:00,0,0,0
27/05/2013,03:15,0,0,0
27/05/2013,03:30,0,0,0
27/05/2013,03:45,0,0,0
27/05/2013,04:00,0,0,0
27/05/2013,04:15,0,0,0
27/05/2013,04:30,0,0,0
27/05/2013,04:45,0,0,0
27/05/2013,05:00,0,0,0
27/05/2013,05:15,0,0,0
27/05/2013,05:30,0,0,0
27/05/2013,05:45,0,0,0
27/05/2013,06:00,2,2,0
27/05/2013,06:15,5,3,2
27/05/2013,06:30,3,3,0
27/05/2013,06:45,11,7,4
27/05/2013,07:00,3,2,1
27/05/2013,07:15,12,11,1
27/05/2013,07:30,14,10,4
27/05/2013,07:45,19,14,5
27/05/2013,08:00,24,11,13
27/05/2013,08:15,41,30,11
27/05/2013,08:30,55,46,9
27/05/2013,08:45,46,39,7
27/05/2013,09:00,58,43,15
27/05/2013,09:15,35,27,8
27/05/2013,09:30,74,57,17
27/05/2013,09:45,85,75,10
27/05/2013,10:00,92,67,25
27/05/2013,10:15,107,76,31
27/05/2013,10:30,89,71,18
27/05/2013,10:45,86,50,36
27/05/2013,11:00,80,65,15
27/05/2013,11:15,94,84,10
27/05/2013,11:30,81,69,12
27/05/2013,11:45,70,60,10
27/05/2013,12:00,110,99,11
27/05/2013,12:15,85,65,20
27/05/2013,12:30,101,85,16
27/05/2013,12:45,93,75,18
27/05/2013,13:00,57,49,8
27/05/2013,13:15,58,42,16
27/05/2013,13:30,68,61,7
27/05/2013,13:45,43,38,5
27/05/2013,14:00,75,60,15
27/05/2013,14:15,77,69,8
27/05/2013,14:30,48,42,6
27/05/2013,14:45,72,63,9
27/05/2013,15:00,51,36,15
27/05/2013,15:15,65,48,17
27/05/2013,15:30,53,37,16
27/05/2013,15:45,54,47,7
27/05/2013,16:00,54,43,11
27/05/2013,16:15,50,41,9
27/05/2013,16:30,37,22,15
27/05/2013,16:45,34,21,13
27/05/2013,17:00,25,14,11
27/05/2013,17:15,34,21,13
27/05/2013,17:30,50,32,18
27/05/2013,17:45,45,21,24
27/05/2013,18:00,43,11,32
27/05/2013,18:15,61,10,51
27/05/2013,18:30,35,8,27
27/05/2013,18:45,22,13,9
27/05/2013,19:00,14,12,2
27/05/2013,19:15,7,5,2
27/05/2013,19:30,7,4,3
27/05/2013,19:45,1,1,0
27/05/2013,20:00,5,3,2
27/05/2013,20:15,4,2,2
27/05/2013,20:30,4,3,1
27/05/2013,20:45,1,0,1
27/05/2013,21:00,1,0,1
27/05/2013,21:15,2,2,0
27/05/2013,21:30,1,0,1
27/05/2013,21:45,0,0,0
27/05/2013,22:00,0,0,0
27/05/2013,22:15,2,0,2
27/05/2013,22:30,1,1,0
27/05/2013,22:45,0,0,0
27/05/2013,23:00,0,0,0
27/05/2013,23:15,0,0,0
27/05/2013,23:30,0,0,0
27/05/2013,23:45,0,0,0
28/05/2013,00:00,,,
28/05/2013,00:15,0,0,0
28/05/2013,00:30,0,0,0
28/05/2013,00:45,0,0,0
28/05/2013,01:00,0,0,0
28/05/2013,01:15,0,0,0
28/05/2013,01:30,0,0,0
28/05/2013,01:45,0,0,0
28/05/2013,02:00,0,0,0
28/05/2013,02:15,0,0,0
28/05/2013,02:30,0,0,0
28/05/2013,02:45,0,0,0
28/05/2013,03:00,0,0,0
28/05/2013,03:15,0,0,0
28/05/2013,03:30,0,0,0
28/05/2013,03:45,0,0,0
28/05/2013,04:00,0,0,0
28/05/2013,04:15,1,0,1
28/05/2013,04:30,2,1,1
28/05/2013,04:45,2,1,1
28/05/2013,05:00,5,5,0
28/05/2013,05:15,2,0,2
28/05/2013,05:30,2,1,1
28/05/2013,05:45,9,5,4
28/05/2013,06:00,17,6,11
28/05/2013,06:15,12,5,7
28/05/2013,06:30,20,14,6
28/05/2013,06:45,18,10,8
28/05/2013,07:00,23,16,7
28/05/2013,07:15,23,14,9
28/05/2013,07:30,35,19,16
28/05/2013,07:45,32,21,11
28/05/2013,08:00,50,37,13
28/05/2013,08:15,26,18,8
28/05/2013,08:30,36,17,19
28/05/2013,08:45,17,5,12
28/05/2013,09:00,20,11,9
28/05/2013,09:15,25,7,18
28/05/2013,09:30,16,4,12
28/05/2013,09:45,18,6,12
28/05/2013,10:00,44,12,32
28/05/2013,10:15,19,5,14
28/05/2013,10:30,18,5,13
28/05/2013,10:45,15,3,12
28/05/2013,11:00,10,4,6
28/05/2013,11:15,19,7,12
28/05/2013,11:30,19,15,4
28/05/2013,11:45,18,8,10
28/05/2013,12:00,27,7,20
28/05/2013,12:15,18,11,7
28/05/2013,12:30,21,12,9
28/05/2013,12:45,16,7,9
28/05/2013,13:00,25,13,12
28/05/2013,13:15,24,14,10
28/05/2013,13:30,11,8,3
28/05/2013,13:45,19,7,12
28/05/2013,14:00,37,27,10
28/05/2013,14:15,10,6,4
28/05/2013,14:30,38,16,22
28/05/2013,14:45,20,13,7
28/05/2013,15:00,66,42,24
28/05/2013,15:15,37,25,12
28/05/2013,15:30,37,16,21
28/05/2013,15:45,41,20,21
28/05/2013,16:00,30,18,12
28/05/2013,16:15,57,23,34
28/05/2013,16:30,47,29,18
28/05/2013,16:45,50,24,26
28/05/2013,17:00,47,24,23
28/05/2013,17:15,55,23,32
28/05/2013,17:30,55,28,27
28/05/2013,17:45,43,24,19
28/05/2013,18:00,35,18,17
28/05/2013,18:15,59,32,27
28/05/2013,18:30,62,19,43
28/05/2013,18:45,34,16,18
28/05/2013,19:00,25,14,11
28/05/2013,19:15,27,16,11
28/05/2013,19:30,14,9,5
28/05/2013,19:45,11,6,5
28/05/2013,20:00,7,4,3
28/05/2013,20:15,3,3,0
28/05/2013,20:30,10,2,8
28/05/2013,20:45,5,1,4
28/05/2013,21:00,0,0,0
28/05/2013,21:15,3,2,1
28/05/2013,21:30,3,3,0
28/05/2013,21:45,0,0,0
28/05/2013,22:00,0,0,0
28/05/2013,22:15,1,1,0
28/05/2013,22:30,0,0,0
28/05/2013,22:45,1,1,0
28/05/2013,23:00,0,0,0
28/05/2013,23:15,0,0,0
28/05/2013,23:30,0,0,0
28/05/2013,23:45,0,0,0
29/05/2013,00:00,0,0,0
29/05/2013,00:15,0,0,0
29/05/2013,00:30,0,0,0
29/05/2013,00:45,1,0,1
29/05/2013,01:00,1,0,1
29/05/2013,01:15,0,0,0
29/05/2013,01:30,0,0,0
29/05/2013,01:45,0,0,0
29/05/2013,02:00,2,0,2
29/05/2013,02:15,0,0,0
29/05/2013,02:30,0,0,0
29/05/2013,02:45,0,0,0
29/05/2013,03:00,0,0,0
29/05/2013,03:15,0,0,0
29/05/2013,03:30,0,0,0
29/05/2013,03:45,0,0,0
29/05/2013,04:00,0,0,0
29/05/2013,04:15,1,1,0
29/05/2013,04:30,0,0,0
29/05/2013,04:45,4,3,1
29/05/2013,05:00,2,2,0
29/05/2013,05:15,4,2,2
29/05/2013,05:30,6,5,1
29/05/2013,05:45,10,4,6
29/05/2013,06:00,22,11,11
29/05/2013,06:15,21,13,8
29/05/2013,06:30,26,18,8
29/05/2013,06:45,23,12,11
29/05/2013,07:00,31,18,13
29/05/2013,07:15,25,13,12
29/05/2013,07:30,32,20,12
29/05/2013,07:45,50,37,13
29/05/2013,08:00,67,56,11
29/05/2013,08:15,25,12,13
29/05/2013,08:30,24,14,10
29/05/2013,08:45,20,9,11
29/05/2013,09:00,28,14,14
29/05/2013,09:15,36,15,21
29/05/2013,09:30,28,10,18
29/05/2013,09:45,32,15,17
29/05/2013,10:00,22,10,12
29/05/2013,10:15,26,11,15
29/05/2013,10:30,21,11,10
29/05/2013,10:45,29,18,11
29/05/2013,11:00,21,16,5
29/05/2013,11:15,32,20,12
29/05/2013,11:30,32,15,17
29/05/2013,11:45,19,13,6
29/05/2013,12:00,17,11,6
29/05/2013,12:15,19,7,12
29/05/2013,12:30,28,18,10
29/05/2013,12:45,52,41,11
29/05/2013,13:00,32,18,14
29/05/2013,13:15,42,24,18
29/05/2013,13:30,44,29,15
29/05/2013,13:45,24,14,10
29/05/2013,14:00,16,11,5
29/05/2013,14:15,32,22,10
29/05/2013,14:30,29,19,10
29/05/2013,14:45,21,12,9
29/05/2013,15:00,24,13,11
29/05/2013,15:15,33,19,14
29/05/2013,15:30,29,16,13
29/05/2013,15:45,35,28,7
29/05/2013,16:00,31,16,15
29/05/2013,16:15,50,22,28
29/05/2013,16:30,40,18,22
29/05/2013,16:45,27,17,10
29/05/2013,17:00,36,18,18
29/05/2013,17:15,63,39,24
29/05/2013,17:30,80,35,45
29/05/2013,17:45,42,30,12
29/05/2013,18:00,57,31,26
29/05/2013,18:15,57,26,31
29/05/2013,18:30,67,35,32
29/05/2013,18:45,46,30,16
29/05/2013,19:00,22,9,13
29/05/2013,19:15,21,9,12
29/05/2013,19:30,32,15,17
29/05/2013,19:45,15,8,7
29/05/2013,20:00,15,7,8
29/05/2013,20:15,15,5,10
29/05/2013,20:30,14,6,8
29/05/2013,20:45,6,5,1
29/05/2013,21:00,3,0,3
29/05/2013,21:15,3,2,1
29/05/2013,21:30,4,3,1
29/05/2013,21:45,1,1,0
29/05/2013,22:00,2,1,1
29/05/2013,22:15,3,2,1
29/05/2013,22:30,0,0,0
29/05/2013,22:45,1,1,0
29/05/2013,23:00,0,0,0
29/05/2013,23:15,0,0,0
29/05/2013,23:30,0,0,0
29/05/2013,23:45,0,0,0
30/05/2013,00:00,0,0,0
30/05/2013,00:15,0,0,0
30/05/2013,00:30,1,1,0
30/05/2013,00:45,0,0,0
30/05/2013,01:00,0,0,0
30/05/2013,01:15,0,0,0
30/05/2013,01:30,0,0,0
30/05/2013,01:45,0,0,0
30/05/2013,02:00,0,0,0
30/05/2013,02:15,0,0,0
30/05/2013,02:30,0,0,0
30/05/2013,02:45,0,0,0
30/05/2013,03:00,0,0,0
30/05/2013,03:15,0,0,0
30/05/2013,03:30,0,0,0
30/05/2013,03:45,0,0,0
30/05/2013,04:00,0,0,0
30/05/2013,04:15,3,2,1
30/05/2013,04:30,1,0,1
30/05/2013,04:45,2,0,2
30/05/2013,05:00,4,3,1
30/05/2013,05:15,3,1,2
30/05/2013,05:30,5,3,2
30/05/2013,05:45,8,3,5
30/05/2013,06:00,12,8,4
30/05/2013,06:15,20,11,9
30/05/2013,06:30,28,20,8
30/05/2013,06:45,24,12,12
30/05/2013,07:00,31,19,12
30/05/2013,07:15,37,29,8
30/05/2013,07:30,33,22,11
30/05/2013,07:45,57,46,11
30/05/2013,08:00,55,46,9
30/05/2013,08:15,22,15,7
30/05/2013,08:30,48,32,16
30/05/2013,08:45,25,12,13
30/05/2013,09:00,25,12,13
30/05/2013,09:15,21,9,12
30/05/2013,09:30,26,11,15
30/05/2013,09:45,23,8,15
30/05/2013,10:00,37,21,16
30/05/2013,10:15,30,19,11
30/05/2013,10:30,27,18,9
30/05/2013,10:45,23,13,10
30/05/2013,11:00,26,15,11
30/05/2013,11:15,21,13,8
30/05/2013,11:30,23,16,7
30/05/2013,11:45,19,8,11
30/05/2013,12:00,25,16,9
30/05/2013,12:15,25,18,7
30/05/2013,12:30,21,15,6
30/05/2013,12:45,23,14,9
30/05/2013,13:00,12,5,7
30/05/2013,13:15,21,19,2
30/05/2013,13:30,28,15,13
30/05/2013,13:45,31,14,17
30/05/2013,14:00,33,20,13
30/05/2013,14:15,19,11,8
30/05/2013,14:30,27,23,4
30/05/2013,14:45,31,25,6
30/05/2013,15:00,71,51,20
30/05/2013,15:15,53,36,17
30/05/2013,15:30,60,18,42
30/05/2013,15:45,57,32,25
30/05/2013,16:00,45,28,17
30/05/2013,16:15,34,22,12
30/05/2013,16:30,60,27,33
30/05/2013,16:45,93,15,78
30/05/2013,17:00,84,28,56
30/05/2013,17:15,100,44,56
30/05/2013,17:30,55,22,33
30/05/2013,17:45,46,29,17
30/05/2013,18:00,71,23,48
30/05/2013,18:15,61,35,26
30/05/2013,18:30,54,24,30
30/05/2013,18:45,41,19,22
30/05/2013,19:00,58,22,36
30/05/2013,19:15,44,15,29
30/05/2013,19:30,29,15,14
30/05/2013,19:45,16,8,8
30/05/2013,20:00,8,4,4
30/05/2013,20:15,22,8,14
30/05/2013,20:30,12,4,8
30/05/2013,20:45,8,6,2
30/05/2013,21:00,7,3,4
30/05/2013,21:15,3,3,0
30/05/2013,21:30,1,1,0
30/05/2013,21:45,2,0,2
30/05/2013,22:00,2,2,0
30/05/2013,22:15,4,4,0
30/05/2013,22:30,0,0,0
30/05/2013,22:45,0,0,0
30/05/2013,23:00,0,0,0
30/05/2013,23:15,1,1,0
30/05/2013,23:30,1,1,0
30/05/2013,23:45,0,0,0
31/05/2013,00:00,1,0,1
31/05/2013,00:15,0,0,0
31/05/2013,00:30,0,0,0
31/05/2013,00:45,0,0,0
31/05/2013,01:00,0,0,0
31/05/2013,01:15,0,0,0
31/05/2013,01:30,0,0,0
31/05/2013,01:45,0,0,0
31/05/2013,02:00,0,0,0
31/05/2013,02:15,0,0,0
31/05/2013,02:30,0,0,0
31/05/2013,02:45,0,0,0
31/05/2013,03:00,0,0,0
31/05/2013,03:15,0,0,0
31/05/2013,03:30,0,0,0
31/05/2013,03:45,0,0,0
31/05/2013,04:00,0,0,0
31/05/2013,04:15,0,0,0
31/05/2013,04:30,0,0,0
31/05/2013,04:45,3,2,1
31/05/2013,05:00,4,4,0
31/05/2013,05:15,3,2,1
31/05/2013,05:30,6,3,3
31/05/2013,05:45,11,5,6
31/05/2013,06:00,17,13,4
31/05/2013,06:15,18,10,8
31/05/2013,06:30,32,20,12
31/05/2013,06:45,28,18,10
31/05/2013,07:00,40,27,13
31/05/2013,07:15,27,21,6
31/05/2013,07:30,38,32,6
31/05/2013,07:45,59,48,11
31/05/2013,08:00,56,47,9
31/05/2013,08:15,31,19,12
31/05/2013,08:30,44,25,19
31/05/2013,08:45,32,20,12
31/05/2013,09:00,31,14,17
31/05/2013,09:15,39,21,18
31/05/2013,09:30,23,16,7
31/05/2013,09:45,39,24,15
31/05/2013,10:00,40,23,17
31/05/2013,10:15,41,29,12
31/05/2013,10:30,32,19,13
31/05/2013,10:45,39,24,15
31/05/2013,11:00,30,20,10
31/05/2013,11:15,37,35,2
31/05/2013,11:30,35,28,7
31/05/2013,11:45,33,24,9
31/05/2013,12:00,28,16,12
31/05/2013,12:15,28,18,10
31/05/2013,12:30,24,12,12
31/05/2013,12:45,16,9,7
31/05/2013,13:00,26,15,11
31/05/2013,13:15,35,29,6
31/05/2013,13:30,26,23,3
31/05/2013,13:45,35,27,8
31/05/2013,14:00,43,34,9
31/05/2013,14:15,42,30,12
31/05/2013,14:30,52,38,14
31/05/2013,14:45,43,34,9
31/05/2013,15:00,29,20,9
31/05/2013,15:15,25,20,5
31/05/2013,15:30,40,23,17
31/05/2013,15:45,24,15,9
31/05/2013,16:00,45,38,7
31/05/2013,16:15,51,28,23
31/05/2013,16:30,47,32,15
31/05/2013,16:45,32,25,7
31/05/2013,17:00,43,32,11
31/05/2013,17:15,52,32,20
31/05/2013,17:30,75,39,36
31/05/2013,17:45,46,25,21
31/05/2013,18:00,30,17,13
31/05/2013,18:15,50,29,21
31/05/2013,18:30,32,17,15
31/05/2013,18:45,112,15,97
31/05/2013,19:00,48,10,38
31/05/2013,19:15,99,12,87
31/05/2013,19:30,54,12,42
31/05/2013,19:45,18,12,6
31/05/2013,20:00,16,6,10
31/05/2013,20:15,9,7,2
31/05/2013,20:30,7,6,1
31/05/2013,20:45,6,4,2
31/05/2013,21:00,1,0,1
31/05/2013,21:15,1,0,1
31/05/2013,21:30,6,2,4
31/05/2013,21:45,1,0,1
31/05/2013,22:00,1,0,1
31/05/2013,22:15,1,0,1
31/05/2013,22:30,3,3,0
31/05/2013,22:45,1,1,0
31/05/2013,23:00,0,0,0
31/05/2013,23:15,1,1,0
31/05/2013,23:30,1,1,0
31/05/2013,23:45,0,0,0
01/06/2013,00:00,3,2,1
01/06/2013,00:15,0,0,0
01/06/2013,00:30,0,0,0
01/06/2013,00:45,0,0,0
01/06/2013,01:00,0,0,0
01/06/2013,01:15,0,0,0
01/06/2013,01:30,0,0,0
01/06/2013,01:45,0,0,0
01/06/2013,02:00,0,0,0
01/06/2013,02:15,0,0,0
01/06/2013,02:30,0,0,0
01/06/2013,02:45,1,0,1
01/06/2013,03:00,0,0,0
01/06/2013,03:15,0,0,0
01/06/2013,03:30,0,0,0
01/06/2013,03:45,1,1,0
01/06/2013,04:00,0,0,0
01/06/2013,04:15,0,0,0
01/06/2013,04:30,0,0,0
01/06/2013,04:45,0,0,0
01/06/2013,05:00,2,2,0
01/06/2013,05:15,0,0,0
01/06/2013,05:30,0,0,0
01/06/2013,05:45,1,1,0
01/06/2013,06:00,5,1,4
01/06/2013,06:15,10,6,4
01/06/2013,06:30,5,1,4
01/06/2013,06:45,11,8,3
01/06/2013,07:00,13,8,5
01/06/2013,07:15,17,9,8
01/06/2013,07:30,24,13,11
01/06/2013,07:45,17,11,6
01/06/2013,08:00,48,37,11
01/06/2013,08:15,51,32,19
01/06/2013,08:30,54,35,19
01/06/2013,08:45,82,65,17
01/06/2013,09:00,62,49,13
01/06/2013,09:15,85,63,22
01/06/2013,09:30,81,64,17
01/06/2013,09:45,109,87,22
01/06/2013,10:00,125,105,20
01/06/2013,10:15,128,112,16
01/06/2013,10:30,106,91,15
01/06/2013,10:45,129,116,13
01/06/2013,11:00,99,87,12
01/06/2013,11:15,118,102,16
01/06/2013,11:30,106,95,11
01/06/2013,11:45,77,65,12
01/06/2013,12:00,108,93,15
01/06/2013,12:15,111,99,12
01/06/2013,12:30,91,77,14
01/06/2013,12:45,98,92,6
01/06/2013,13:00,97,80,17
01/06/2013,13:15,93,82,11
01/06/2013,13:30,63,58,5
01/06/2013,13:45,85,74,11
01/06/2013,14:00,88,81,7
01/06/2013,14:15,64,54,10
01/06/2013,14:30,73,63,10
01/06/2013,14:45,66,62,4
01/06/2013,15:00,56,37,19
01/06/2013,15:15,71,53,18
01/06/2013,15:30,75,67,8
01/06/2013,15:45,50,41,9
01/06/2013,16:00,53,43,10
01/06/2013,16:15,51,34,17
01/06/2013,16:30,31,23,8
01/06/2013,16:45,44,34,10
01/06/2013,17:00,34,24,10
01/06/2013,17:15,28,20,8
01/06/2013,17:30,35,25,10
01/06/2013,17:45,29,19,10
01/06/2013,18:00,39,24,15
01/06/2013,18:15,25,19,6
01/06/2013,18:30,18,14,4
01/06/2013,18:45,32,14,18
01/06/2013,19:00,15,9,6
01/06/2013,19:15,18,8,10
01/06/2013,19:30,9,2,7
01/06/2013,19:45,20,13,7
01/06/2013,20:00,6,2,4
01/06/2013,20:15,7,0,7
01/06/2013,20:30,2,0,2
01/06/2013,20:45,7,3,4
01/06/2013,21:00,2,0,2
01/06/2013,21:15,1,0,1
01/06/2013,21:30,0,0,0
01/06/2013,21:45,1,1,0
01/06/2013,22:00,7,6,1
01/06/2013,22:15,1,0,1
01/06/2013,22:30,3,1,2
01/06/2013,22:45,1,1,0
01/06/2013,23:00,0,0,0
01/06/2013,23:15,0,0,0
01/06/2013,23:30,0,0,0
01/06/2013,23:45,0,0,0
02/06/2013,00:00,0,0,0
02/06/2013,00:15,0,0,0
02/06/2013,00:30,0,0,0
02/06/2013,00:45,0,0,0
02/06/2013,01:00,0,0,0
02/06/2013,01:15,0,0,0
02/06/2013,01:30,0,0,0
02/06/2013,01:45,0,0,0
02/06/2013,02:00,0,0,0
02/06/2013,02:15,0,0,0
02/06/2013,02:30,0,0,0
02/06/2013,02:45,0,0,0
02/06/2013,03:00,0,0,0
02/06/2013,03:15,0,0,0
02/06/2013,03:30,0,0,0
02/06/2013,03:45,0,0,0
02/06/2013,04:00,0,0,0
02/06/2013,04:15,0,0,0
02/06/2013,04:30,0,0,0
02/06/2013,04:45,0,0,0
02/06/2013,05:00,0,0,0
02/06/2013,05:15,0,0,0
02/06/2013,05:30,0,0,0
02/06/2013,05:45,4,0,4
02/06/2013,06:00,4,2,2
02/06/2013,06:15,6,1,5
02/06/2013,06:30,15,8,7
02/06/2013,06:45,11,5,6
02/06/2013,07:00,10,5,5
02/06/2013,07:15,13,4,9
02/06/2013,07:30,21,14,7
02/06/2013,07:45,23,16,7
02/06/2013,08:00,25,16,9
02/06/2013,08:15,36,25,11
02/06/2013,08:30,54,34,20
02/06/2013,08:45,72,53,19
02/06/2013,09:00,67,50,17
02/06/2013,09:15,80,66,14
02/06/2013,09:30,90,81,9
02/06/2013,09:45,79,59,20
02/06/2013,10:00,128,104,24
02/06/2013,10:15,112,88,24
02/06/2013,10:30,94,71,23
02/06/2013,10:45,101,84,17
02/06/2013,11:00,105,89,16
02/06/2013,11:15,105,87,18
02/06/2013,11:30,93,73,20
02/06/2013,11:45,101,84,17
02/06/2013,12:00,105,87,18
02/06/2013,12:15,83,70,13
02/06/2013,12:30,67,58,9
02/06/2013,12:45,89,77,12
02/06/2013,13:00,94,83,11
02/06/2013,13:15,53,44,9
02/06/2013,13:30,72,64,8
02/06/2013,13:45,96,74,22
02/06/2013,14:00,68,61,7
02/06/2013,14:15,71,58,13
02/06/2013,14:30,57,44,13
02/06/2013,14:45,77,68,9
02/06/2013,15:00,81,71,10
02/06/2013,15:15,72,59,13
02/06/2013,15:30,88,67,21
02/06/2013,15:45,53,40,13
02/06/2013,16:00,73,54,19
02/06/2013,16:15,89,47,42
02/06/2013,16:30,69,44,25
02/06/2013,16:45,83,44,39
02/06/2013,17:00,81,34,47
02/06/2013,17:15,68,38,30
02/06/2013,17:30,48,15,33
02/06/2013,17:45,67,19,48
02/06/2013,18:00,148,13,135
02/06/2013,18:15,78,8,70
02/06/2013,18:30,124,9,115
02/06/2013,18:45,68,6,62
02/06/2013,19:00,39,3,36
02/06/2013,19:15,24,1,23
02/06/2013,19:30,21,4,17
02/06/2013,19:45,13,2,11
02/06/2013,20:00,15,4,11
02/06/2013,20:15,3,0,3
02/06/2013,20:30,2,1,1
02/06/2013,20:45,2,2,0
02/06/2013,21:00,0,0,0
02/06/2013,21:15,0,0,0
02/06/2013,21:30,4,4,0
02/06/2013,21:45,1,1,0
02/06/2013,22:00,0,0,0
02/06/2013,22:15,0,0,0
02/06/2013,22:30,1,1,0
02/06/2013,22:45,2,0,2
02/06/2013,23:00,0,0,0
02/06/2013,23:15,2,2,0
02/06/2013,23:30,0,0,0
02/06/2013,23:45,0,0,0
03/06/2013,00:00,0,0,0
03/06/2013,00:15,0,0,0
03/06/2013,00:30,0,0,0
03/06/2013,00:45,0,0,0
03/06/2013,01:00,0,0,0
03/06/2013,01:15,0,0,0
03/06/2013,01:30,2,2,0
03/06/2013,01:45,0,0,0
03/06/2013,02:00,2,2,0
03/06/2013,02:15,0,0,0
03/06/2013,02:30,0,0,0
03/06/2013,02:45,0,0,0
03/06/2013,03:00,0,0,0
03/06/2013,03:15,1,1,0
03/06/2013,03:30,1,1,0
03/06/2013,03:45,0,0,0
03/06/2013,04:00,0,0,0
03/06/2013,04:15,1,1,0
03/06/2013,04:30,1,1,0
03/06/2013,04:45,1,1,0
03/06/2013,05:00,5,4,1
03/06/2013,05:15,1,0,1
03/06/2013,05:30,5,3,2
03/06/2013,05:45,8,4,4
03/06/2013,06:00,17,9,8
03/06/2013,06:15,21,14,7
03/06/2013,06:30,14,10,4
03/06/2013,06:45,15,7,8
03/06/2013,07:00,20,14,6
03/06/2013,07:15,22,15,7
03/06/2013,07:30,29,22,7
03/06/2013,07:45,56,52,4
03/06/2013,08:00,57,46,11
03/06/2013,08:15,29,15,14
03/06/2013,08:30,22,14,8
03/06/2013,08:45,22,15,7
03/06/2013,09:00,21,8,13
03/06/2013,09:15,20,10,10
03/06/2013,09:30,18,6,12
03/06/2013,09:45,14,7,7
03/06/2013,10:00,28,13,15
03/06/2013,10:15,19,13,6
03/06/2013,10:30,24,9,15
03/06/2013,10:45,23,16,7
03/06/2013,11:00,21,13,8
03/06/2013,11:15,22,13,9
03/06/2013,11:30,21,17,4
03/06/2013,11:45,17,7,10
03/06/2013,12:00,21,12,9
03/06/2013,12:15,22,17,5
03/06/2013,12:30,17,13,4
03/06/2013,12:45,19,12,7
03/06/2013,13:00,22,11,11
03/06/2013,13:15,20,10,10
03/06/2013,13:30,10,5,5
03/06/2013,13:45,21,14,7
03/06/2013,14:00,12,8,4
03/06/2013,14:15,24,19,5
03/06/2013,14:30,52,40,12
03/06/2013,14:45,23,14,9
03/06/2013,15:00,23,12,11
03/06/2013,15:15,25,17,8
03/06/2013,15:30,29,19,10
03/06/2013,15:45,26,19,7
03/06/2013,16:00,31,9,22
03/06/2013,16:15,38,9,29
03/06/2013,16:30,44,24,20
03/06/2013,16:45,39,20,19
03/06/2013,17:00,38,19,19
03/06/2013,17:15,41,21,20
03/06/2013,17:30,51,18,33
03/06/2013,17:45,34,22,12
03/06/2013,18:00,39,18,21
03/06/2013,18:15,43,30,13
03/06/2013,18:30,41,26,15
03/06/2013,18:45,30,11,19
03/06/2013,19:00,32,12,20
03/06/2013,19:15,27,16,11
03/06/2013,19:30,12,9,3
03/06/2013,19:45,11,6,5
03/06/2013,20:00,5,3,2
03/06/2013,20:15,9,5,4
03/06/2013,20:30,11,5,6
03/06/2013,20:45,4,1,3
03/06/2013,21:00,0,0,0
03/06/2013,21:15,2,2,0
03/06/2013,21:30,2,2,0
03/06/2013,21:45,3,1,2
03/06/2013,22:00,1,1,0
03/06/2013,22:15,0,0,0
03/06/2013,22:30,0,0,0
03/06/2013,22:45,1,0,1
03/06/2013,23:00,1,1,0
03/06/2013,23:15,0,0,0
03/06/2013,23:30,0,0,0
03/06/2013,23:45,0,0,0
04/06/2013,00:00,0,0,0
04/06/2013,00:15,0,0,0
04/06/2013,00:30,0,0,0
04/06/2013,00:45,0,0,0
04/06/2013,01:00,0,0,0
04/06/2013,01:15,0,0,0
04/06/2013,01:30,0,0,0
04/06/2013,01:45,0,0,0
04/06/2013,02:00,0,0,0
04/06/2013,02:15,0,0,0
04/06/2013,02:30,0,0,0
04/06/2013,02:45,0,0,0
04/06/2013,03:00,0,0,0
04/06/2013,03:15,0,0,0
04/06/2013,03:30,0,0,0
04/06/2013,03:45,0,0,0
04/06/2013,04:00,0,0,0
04/06/2013,04:15,0,0,0
04/06/2013,04:30,1,1,0
04/06/2013,04:45,0,0,0
04/06/2013,05:00,2,1,1
04/06/2013,05:15,4,0,4
04/06/2013,05:30,6,2,4
04/06/2013,05:45,10,7,3
04/06/2013,06:00,30,17,13
04/06/2013,06:15,15,9,6
04/06/2013,06:30,23,15,8
04/06/2013,06:45,25,17,8
04/06/2013,07:00,22,13,9
04/06/2013,07:15,26,16,10
04/06/2013,07:30,39,21,18
04/06/2013,07:45,47,36,11
04/06/2013,08:00,52,42,10
04/06/2013,08:15,27,19,8
04/06/2013,08:30,25,14,11
04/06/2013,08:45,24,10,14
04/06/2013,09:00,31,13,18
04/06/2013,09:15,95,76,19
04/06/2013,09:30,28,14,14
04/06/2013,09:45,25,14,11
04/06/2013,10:00,17,6,11
04/06/2013,10:15,23,10,13
04/06/2013,10:30,91,75,16
04/06/2013,10:45,13,3,10
04/06/2013,11:00,16,8,8
04/06/2013,11:15,18,8,10
04/06/2013,11:30,22,12,10
04/06/2013,11:45,16,9,7
04/06/2013,12:00,9,4,5
04/06/2013,12:15,18,10,8
04/06/2013,12:30,20,10,10
04/06/2013,12:45,19,7,12
04/06/2013,13:00,20,4,16
04/06/2013,13:15,20,10,10
04/06/2013,13:30,11,7,4
04/06/2013,13:45,12,4,8
04/06/2013,14:00,18,14,4
04/06/2013,14:15,22,15,7
04/06/2013,14:30,15,9,6
04/06/2013,14:45,20,13,7
04/06/2013,15:00,62,45,17
04/06/2013,15:15,22,11,11
04/06/2013,15:30,18,11,7
04/06/2013,15:45,21,13,8
04/06/2013,16:00,29,16,13
04/06/2013,16:15,31,10,21
04/06/2013,16:30,45,19,26
04/06/2013,16:45,26,15,11
04/06/2013,17:00,38,17,21
04/06/2013,17:15,65,28,37
04/06/2013,17:30,58,27,31
04/06/2013,17:45,36,19,17
04/06/2013,18:00,55,24,31
04/06/2013,18:15,45,23,22
04/06/2013,18:30,52,26,26
04/06/2013,18:45,23,17,6
04/06/2013,19:00,34,21,13
04/06/2013,19:15,19,13,6
04/06/2013,19:30,17,10,7
04/06/2013,19:45,3,1,2
04/06/2013,20:00,13,6,7
04/06/2013,20:15,4,1,3
04/06/2013,20:30,2,0,2
04/06/2013,20:45,1,0,1
04/06/2013,21:00,3,1,2
04/06/2013,21:15,3,3,0
04/06/2013,21:30,5,4,1
04/06/2013,21:45,0,0,0
04/06/2013,22:00,1,0,1
04/06/2013,22:15,3,3,0
04/06/2013,22:30,1,1,0
04/06/2013,22:45,0,0,0
04/06/2013,23:00,0,0,0
04/06/2013,23:15,0,0,0
04/06/2013,23:30,0,0,0
04/06/2013,23:45,0,0,0
05/06/2013,00:00,0,0,0
05/06/2013,00:15,0,0,0
05/06/2013,00:30,0,0,0
05/06/2013,00:45,0,0,0
05/06/2013,01:00,0,0,0
05/06/2013,01:15,0,0,0
05/06/2013,01:30,0,0,0
05/06/2013,01:45,0,0,0
05/06/2013,02:00,0,0,0
05/06/2013,02:15,0,0,0
05/06/2013,02:30,0,0,0
05/06/2013,02:45,0,0,0
05/06/2013,03:00,1,0,1
05/06/2013,03:15,0,0,0
05/06/2013,03:30,0,0,0
05/06/2013,03:45,0,0,0
05/06/2013,04:00,0,0,0
05/06/2013,04:15,3,3,0
05/06/2013,04:30,1,1,0
05/06/2013,04:45,1,1,0
05/06/2013,05:00,2,2,0
05/06/2013,05:15,1,1,0
05/06/2013,05:30,5,5,0
05/06/2013,05:45,6,3,3
05/06/2013,06:00,7,6,1
05/06/2013,06:15,26,14,12
05/06/2013,06:30,21,11,10
05/06/2013,06:45,15,8,7
05/06/2013,07:00,21,11,10
05/06/2013,07:15,27,12,15
05/06/2013,07:30,37,28,9
05/06/2013,07:45,47,37,10
05/06/2013,08:00,61,47,14
05/06/2013,08:15,27,17,10
05/06/2013,08:30,34,12,22
05/06/2013,08:45,27,8,19
05/06/2013,09:00,23,6,17
05/06/2013,09:15,31,8,23
05/06/2013,09:30,44,11,33
05/06/2013,09:45,37,5,32
05/06/2013,10:00,21,15,6
05/06/2013,10:15,25,10,15
05/06/2013,10:30,24,15,9
05/06/2013,10:45,13,6,7
05/06/2013,11:00,14,7,7
05/06/2013,11:15,21,13,8
05/06/2013,11:30,26,14,12
05/06/2013,11:45,15,13,2
05/06/2013,12:00,14,9,5
05/06/2013,12:15,20,10,10
05/06/2013,12:30,21,9,12
05/06/2013,12:45,17,8,9
05/06/2013,13:00,15,7,8
05/06/2013,13:15,41,27,14
05/06/2013,13:30,34,26,8
05/06/2013,13:45,33,21,12
05/06/2013,14:00,33,13,20
05/06/2013,14:15,25,17,8
05/06/2013,14:30,20,12,8
05/06/2013,14:45,24,17,7
05/06/2013,15:00,20,13,7
05/06/2013,15:15,22,15,7
05/06/2013,15:30,25,18,7
05/06/2013,15:45,23,12,11
05/06/2013,16:00,32,25,7
05/06/2013,16:15,52,26,26
05/06/2013,16:30,34,12,22
05/06/2013,16:45,45,22,23
05/06/2013,17:00,37,14,23
05/06/2013,17:15,33,23,10
05/06/2013,17:30,67,28,39
05/06/2013,17:45,40,23,17
05/06/2013,18:00,40,20,20
05/06/2013,18:15,45,19,26
05/06/2013,18:30,35,23,12
05/06/2013,18:45,25,14,11
05/06/2013,19:00,22,12,10
05/06/2013,19:15,22,7,15
05/06/2013,19:30,16,10,6
05/06/2013,19:45,7,4,3
05/06/2013,20:00,6,4,2
05/06/2013,20:15,4,1,3
05/06/2013,20:30,4,3,1
05/06/2013,20:45,3,1,2
05/06/2013,21:00,4,3,1
05/06/2013,21:15,0,0,0
05/06/2013,21:30,3,3,0
05/06/2013,21:45,1,0,1
05/06/2013,22:00,0,0,0
05/06/2013,22:15,1,1,0
05/06/2013,22:30,1,1,0
05/06/2013,22:45,0,0,0
05/06/2013,23:00,0,0,0
05/06/2013,23:15,1,1,0
05/06/2013,23:30,1,1,0
05/06/2013,23:45,0,0,0
06/06/2013,00:00,0,0,0
06/06/2013,00:15,0,0,0
06/06/2013,00:30,0,0,0
06/06/2013,00:45,0,0,0
06/06/2013,01:00,0,0,0
06/06/2013,01:15,0,0,0
06/06/2013,01:30,0,0,0
06/06/2013,01:45,0,0,0
06/06/2013,02:00,0,0,0
06/06/2013,02:15,1,0,1
06/06/2013,02:30,0,0,0
06/06/2013,02:45,0,0,0
06/06/2013,03:00,0,0,0
06/06/2013,03:15,0,0,0
06/06/2013,03:30,0,0,0
06/06/2013,03:45,0,0,0
06/06/2013,04:00,0,0,0
06/06/2013,04:15,0,0,0
06/06/2013,04:30,1,0,1
06/06/2013,04:45,2,0,2
06/06/2013,05:00,1,1,0
06/06/2013,05:15,1,0,1
06/06/2013,05:30,7,3,4
06/06/2013,05:45,9,3,6
06/06/2013,06:00,20,9,11
06/06/2013,06:15,15,9,6
06/06/2013,06:30,13,5,8
06/06/2013,06:45,25,14,11
06/06/2013,07:00,36,19,17
06/06/2013,07:15,26,15,11
06/06/2013,07:30,34,22,12
06/06/2013,07:45,39,27,12
06/06/2013,08:00,58,49,9
06/06/2013,08:15,25,10,15
06/06/2013,08:30,30,15,15
06/06/2013,08:45,24,10,14
06/06/2013,09:00,21,7,14
06/06/2013,09:15,40,21,19
06/06/2013,09:30,18,10,8
06/06/2013,09:45,25,14,11
06/06/2013,10:00,23,11,12
06/06/2013,10:15,23,13,10
06/06/2013,10:30,29,19,10
06/06/2013,10:45,29,16,13
06/06/2013,11:00,30,19,11
06/06/2013,11:15,27,19,8
06/06/2013,11:30,13,10,3
06/06/2013,11:45,16,8,8
06/06/2013,12:00,21,14,7
06/06/2013,12:15,26,16,10
06/06/2013,12:30,20,11,9
06/06/2013,12:45,30,15,15
06/06/2013,13:00,22,18,4
06/06/2013,13:15,17,9,8
06/06/2013,13:30,30,14,16
06/06/2013,13:45,24,9,15
06/06/2013,14:00,16,6,10
06/06/2013,14:15,26,15,11
06/06/2013,14:30,26,14,12
06/06/2013,14:45,25,17,8
06/06/2013,15:00,54,39,15
06/06/2013,15:15,35,25,10
06/06/2013,15:30,36,26,10
06/06/2013,15:45,38,32,6
06/06/2013,16:00,43,30,13
06/06/2013,16:15,26,10,16
06/06/2013,16:30,42,15,27
06/06/2013,16:45,37,20,17
06/06/2013,17:00,45,19,26
06/06/2013,17:15,43,26,17
06/06/2013,17:30,80,35,45
06/06/2013,17:45,41,16,25
06/06/2013,18:00,53,12,41
06/06/2013,18:15,48,23,25
06/06/2013,18:30,52,33,19
06/06/2013,18:45,34,22,12
06/06/2013,19:00,13,5,8
06/06/2013,19:15,14,7,7
06/06/2013,19:30,9,5,4
06/06/2013,19:45,11,10,1
06/06/2013,20:00,7,5,2
06/06/2013,20:15,12,5,7
06/06/2013,20:30,5,2,3
06/06/2013,20:45,6,1,5
06/06/2013,21:00,0,0,0
06/06/2013,21:15,0,0,0
06/06/2013,21:30,0,0,0
06/06/2013,21:45,1,1,0
06/06/2013,22:00,0,0,0
06/06/2013,22:15,1,1,0
06/06/2013,22:30,4,2,2
06/06/2013,22:45,1,1,0
06/06/2013,23:00,0,0,0
06/06/2013,23:15,1,1,0
06/06/2013,23:30,0,0,0
06/06/2013,23:45,0,0,0
07/06/2013,00:00,0,0,0
07/06/2013,00:15,0,0,0
07/06/2013,00:30,0,0,0
07/06/2013,00:45,0,0,0
07/06/2013,01:00,0,0,0
07/06/2013,01:15,0,0,0
07/06/2013,01:30,0,0,0
07/06/2013,01:45,0,0,0
07/06/2013,02:00,0,0,0
07/06/2013,02:15,0,0,0
07/06/2013,02:30,0,0,0
07/06/2013,02:45,0,0,0
07/06/2013,03:00,0,0,0
07/06/2013,03:15,0,0,0
07/06/2013,03:30,0,0,0
07/06/2013,03:45,0,0,0
07/06/2013,04:00,0,0,0
07/06/2013,04:15,0,0,0
07/06/2013,04:30,2,2,0
07/06/2013,04:45,4,4,0
07/06/2013,05:00,0,0,0
07/06/2013,05:15,2,2,0
07/06/2013,05:30,6,6,0
07/06/2013,05:45,5,4,1
07/06/2013,06:00,11,6,5
07/06/2013,06:15,14,5,9
07/06/2013,06:30,13,8,5
07/06/2013,06:45,32,18,14
07/06/2013,07:00,36,19,17
07/06/2013,07:15,25,14,11
07/06/2013,07:30,23,17,6
07/06/2013,07:45,53,43,10
07/06/2013,08:00,54,42,12
07/06/2013,08:15,28,22,6
07/06/2013,08:30,24,16,8
07/06/2013,08:45,32,22,10
07/06/2013,09:00,32,8,24
07/06/2013,09:15,28,9,19
07/06/2013,09:30,17,7,10
07/06/2013,09:45,27,16,11
07/06/2013,10:00,44,32,12
07/06/2013,10:15,19,11,8
07/06/2013,10:30,28,20,8
07/06/2013,10:45,29,14,15
07/06/2013,11:00,40,31,9
07/06/2013,11:15,32,17,15
07/06/2013,11:30,26,18,8
07/06/2013,11:45,27,17,10
07/06/2013,12:00,38,27,11
07/06/2013,12:15,26,15,11
07/06/2013,12:30,29,16,13
07/06/2013,12:45,31,22,9
07/06/2013,13:00,28,18,10
07/06/2013,13:15,31,20,11
07/06/2013,13:30,46,30,16
07/06/2013,13:45,25,20,5
07/06/2013,14:00,37,32,5
07/06/2013,14:15,50,34,16
07/06/2013,14:30,46,31,15
07/06/2013,14:45,25,17,8
07/06/2013,15:00,33,21,12
07/06/2013,15:15,56,30,26
07/06/2013,15:30,46,23,23
07/06/2013,15:45,31,17,14
07/06/2013,16:00,50,29,21
07/06/2013,16:15,41,26,15
07/06/2013,16:30,85,30,55
07/06/2013,16:45,52,38,14
07/06/2013,17:00,60,41,19
07/06/2013,17:15,59,37,22
07/06/2013,17:30,55,18,37
07/06/2013,17:45,71,33,38
07/06/2013,18:00,52,21,31
07/06/2013,18:15,45,18,27
07/06/2013,18:30,44,21,23
07/06/2013,18:45,22,14,8
07/06/2013,19:00,28,16,12
07/06/2013,19:15,19,7,12
07/06/2013,19:30,17,11,6
07/06/2013,19:45,15,8,7
07/06/2013,20:00,11,4,7
07/06/2013,20:15,6,4,2
07/06/2013,20:30,4,3,1
07/06/2013,20:45,4,4,0
07/06/2013,21:00,6,0,6
07/06/2013,21:15,2,2,0
07/06/2013,21:30,0,0,0
07/06/2013,21:45,6,5,1
07/06/2013,22:00,1,1,0
07/06/2013,22:15,5,5,0
07/06/2013,22:30,1,1,0
07/06/2013,22:45,1,1,0
07/06/2013,23:00,0,0,0
07/06/2013,23:15,0,0,0
07/06/2013,23:30,0,0,0
07/06/2013,23:45,0,0,0
08/06/2013,00:00,0,0,0
08/06/2013,00:15,0,0,0
08/06/2013,00:30,0,0,0
08/06/2013,00:45,0,0,0
08/06/2013,01:00,0,0,0
08/06/2013,01:15,0,0,0
08/06/2013,01:30,0,0,0
08/06/2013,01:45,0,0,0
08/06/2013,02:00,1,0,1
08/06/2013,02:15,0,0,0
08/06/2013,02:30,1,0,1
08/06/2013,02:45,0,0,0
08/06/2013,03:00,0,0,0
08/06/2013,03:15,0,0,0
08/06/2013,03:30,0,0,0
08/06/2013,03:45,1,0,1
08/06/2013,04:00,0,0,0
08/06/2013,04:15,0,0,0
08/06/2013,04:30,0,0,0
08/06/2013,04:45,0,0,0
08/06/2013,05:00,0,0,0
08/06/2013,05:15,1,0,1
08/06/2013,05:30,1,1,0
08/06/2013,05:45,1,1,0
08/06/2013,06:00,2,1,1
08/06/2013,06:15,6,5,1
08/06/2013,06:30,13,8,5
08/06/2013,06:45,6,3,3
08/06/2013,07:00,31,18,13
08/06/2013,07:15,23,14,9
08/06/2013,07:30,31,21,10
08/06/2013,07:45,21,15,6
08/06/2013,08:00,45,36,9
08/06/2013,08:15,44,32,12
08/06/2013,08:30,90,82,8
08/06/2013,08:45,82,64,18
08/06/2013,09:00,69,53,16
08/06/2013,09:15,81,60,21
08/06/2013,09:30,77,65,12
08/06/2013,09:45,108,89,19
08/06/2013,10:00,99,88,11
08/06/2013,10:15,123,106,17
08/06/2013,10:30,116,97,19
08/06/2013,10:45,90,78,12
08/06/2013,11:00,89,74,15
08/06/2013,11:15,92,81,11
08/06/2013,11:30,91,78,13
08/06/2013,11:45,122,105,17
08/06/2013,12:00,81,67,14
08/06/2013,12:15,91,79,12
08/06/2013,12:30,96,82,14
08/06/2013,12:45,84,68,16
08/06/2013,13:00,127,103,24
08/06/2013,13:15,106,96,10
08/06/2013,13:30,77,69,8
08/06/2013,13:45,84,77,7
08/06/2013,14:00,63,60,3
08/06/2013,14:15,84,74,10
08/06/2013,14:30,42,28,14
08/06/2013,14:45,58,42,16
08/06/2013,15:00,66,57,9
08/06/2013,15:15,53,40,13
08/06/2013,15:30,71,56,15
08/06/2013,15:45,56,41,15
08/06/2013,16:00,46,28,18
08/06/2013,16:15,54,38,16
08/06/2013,16:30,32,21,11
08/06/2013,16:45,33,24,9
08/06/2013,17:00,22,10,12
08/06/2013,17:15,26,18,8
08/06/2013,17:30,24,13,11
08/06/2013,17:45,17,10,7
08/06/2013,18:00,10,8,2
08/06/2013,18:15,9,6,3
08/06/2013,18:30,12,9,3
08/06/2013,18:45,12,3,9
08/06/2013,19:00,6,6,0
08/06/2013,19:15,6,2,4
08/06/2013,19:30,9,3,6
08/06/2013,19:45,2,2,0
08/06/2013,20:00,5,2,3
08/06/2013,20:15,6,2,4
08/06/2013,20:30,2,1,1
08/06/2013,20:45,3,1,2
08/06/2013,21:00,0,0,0
08/06/2013,21:15,0,0,0
08/06/2013,21:30,0,0,0
08/06/2013,21:45,0,0,0
08/06/2013,22:00,0,0,0
08/06/2013,22:15,0,0,0
08/06/2013,22:30,0,0,0
08/06/2013,22:45,2,2,0
08/06/2013,23:00,1,1,0
08/06/2013,23:15,0,0,0
08/06/2013,23:30,0,0,0
08/06/2013,23:45,0,0,0
09/06/2013,00:00,0,0,0
09/06/2013,00:15,0,0,0
09/06/2013,00:30,0,0,0
09/06/2013,00:45,0,0,0
09/06/2013,01:00,0,0,0
09/06/2013,01:15,0,0,0
09/06/2013,01:30,0,0,0
09/06/2013,01:45,0,0,0
09/06/2013,02:00,0,0,0
09/06/2013,02:15,0,0,0
09/06/2013,02:30,0,0,0
09/06/2013,02:45,0,0,0
09/06/2013,03:00,0,0,0
09/06/2013,03:15,0,0,0
09/06/2013,03:30,0,0,0
09/06/2013,03:45,0,0,0
09/06/2013,04:00,0,0,0
09/06/2013,04:15,0,0,0
09/06/2013,04:30,0,0,0
09/06/2013,04:45,1,1,0
09/06/2013,05:00,0,0,0
09/06/2013,05:15,0,0,0
09/06/2013,05:30,0,0,0
09/06/2013,05:45,0,0,0
09/06/2013,06:00,3,0,3
09/06/2013,06:15,2,1,1
09/06/2013,06:30,7,3,4
09/06/2013,06:45,4,4,0
09/06/2013,07:00,8,5,3
09/06/2013,07:15,4,2,2
09/06/2013,07:30,18,14,4
09/06/2013,07:45,12,10,2
09/06/2013,08:00,12,7,5
09/06/2013,08:15,20,13,7
09/06/2013,08:30,22,13,9
09/06/2013,08:45,49,37,12
09/06/2013,09:00,56,43,13
09/06/2013,09:15,34,21,13
09/06/2013,09:30,41,30,11
09/06/2013,09:45,63,51,12
09/06/2013,10:00,69,58,11
09/06/2013,10:15,53,39,14
09/06/2013,10:30,54,41,13
09/06/2013,10:45,65,45,20
09/06/2013,11:00,68,50,18
09/06/2013,11:15,77,63,14
09/06/2013,11:30,71,55,16
09/06/2013,11:45,68,53,15
09/06/2013,12:00,55,43,12
09/06/2013,12:15,80,66,14
09/06/2013,12:30,68,50,18
09/06/2013,12:45,49,36,13
09/06/2013,13:00,53,43,10
09/06/2013,13:15,72,58,14
09/06/2013,13:30,50,41,9
09/06/2013,13:45,44,32,12
09/06/2013,14:00,51,39,12
09/06/2013,14:15,56,46,10
09/06/2013,14:30,45,32,13
09/06/2013,14:45,40,33,7
09/06/2013,15:00,48,34,14
09/06/2013,15:15,36,23,13
09/06/2013,15:30,48,35,13
09/06/2013,15:45,29,23,6
09/06/2013,16:00,45,25,20
09/06/2013,16:15,20,12,8
09/06/2013,16:30,42,23,19
09/06/2013,16:45,26,15,11
09/06/2013,17:00,33,24,9
09/06/2013,17:15,25,15,10
09/06/2013,17:30,28,13,15
09/06/2013,17:45,21,10,11
09/06/2013,18:00,15,6,9
09/06/2013,18:15,18,11,7
09/06/2013,18:30,6,3,3
09/06/2013,18:45,10,5,5
09/06/2013,19:00,9,4,5
09/06/2013,19:15,9,6,3
09/06/2013,19:30,5,2,3
09/06/2013,19:45,6,2,4
09/06/2013,20:00,2,0,2
09/06/2013,20:15,1,1,0
09/06/2013,20:30,2,0,2
09/06/2013,20:45,0,0,0
09/06/2013,21:00,0,0,0
09/06/2013,21:15,1,1,0
09/06/2013,21:30,2,2,0
09/06/2013,21:45,0,0,0
09/06/2013,22:00,1,0,1
09/06/2013,22:15,2,1,1
09/06/2013,22:30,0,0,0
09/06/2013,22:45,0,0,0
09/06/2013,23:00,0,0,0
09/06/2013,23:15,2,1,1
09/06/2013,23:30,0,0,0
09/06/2013,23:45,0,0,0
10/06/2013,00:00,0,0,0
10/06/2013,00:15,0,0,0
10/06/2013,00:30,0,0,0
10/06/2013,00:45,0,0,0
10/06/2013,01:00,0,0,0
10/06/2013,01:15,0,0,0
10/06/2013,01:30,0,0,0
10/06/2013,01:45,0,0,0
10/06/2013,02:00,0,0,0
10/06/2013,02:15,0,0,0
10/06/2013,02:30,0,0,0
10/06/2013,02:45,1,1,0
10/06/2013,03:00,0,0,0
10/06/2013,03:15,1,1,0
10/06/2013,03:30,0,0,0
10/06/2013,03:45,0,0,0
10/06/2013,04:00,0,0,0
10/06/2013,04:15,0,0,0
10/06/2013,04:30,3,3,0
10/06/2013,04:45,0,0,0
10/06/2013,05:00,3,3,0
10/06/2013,05:15,4,3,1
10/06/2013,05:30,4,4,0
10/06/2013,05:45,4,1,3
10/06/2013,06:00,9,6,3
10/06/2013,06:15,14,8,6
10/06/2013,06:30,14,7,7
10/06/2013,06:45,8,5,3
10/06/2013,07:00,12,8,4
10/06/2013,07:15,12,9,3
10/06/2013,07:30,15,10,5
10/06/2013,07:45,30,24,6
10/06/2013,08:00,35,29,6
10/06/2013,08:15,6,5,1
10/06/2013,08:30,12,2,10
10/06/2013,08:45,16,9,7
10/06/2013,09:00,17,7,10
10/06/2013,09:15,10,5,5
10/06/2013,09:30,10,4,6
10/06/2013,09:45,12,8,4
10/06/2013,10:00,18,10,8
10/06/2013,10:15,16,9,7
10/06/2013,10:30,14,6,8
10/06/2013,10:45,16,8,8
10/06/2013,11:00,20,7,13
10/06/2013,11:15,15,8,7
10/06/2013,11:30,24,13,11
10/06/2013,11:45,32,16,16
10/06/2013,12:00,25,15,10
10/06/2013,12:15,13,7,6
10/06/2013,12:30,19,13,6
10/06/2013,12:45,24,17,7
10/06/2013,13:00,21,10,11
10/06/2013,13:15,12,8,4
10/06/2013,13:30,32,15,17
10/06/2013,13:45,19,12,7
10/06/2013,14:00,17,12,5
10/06/2013,14:15,32,24,8
10/06/2013,14:30,41,28,13
10/06/2013,14:45,22,17,5
10/06/2013,15:00,28,19,9
10/06/2013,15:15,28,18,10
10/06/2013,15:30,24,12,12
10/06/2013,15:45,19,10,9
10/06/2013,16:00,35,23,12
10/06/2013,16:15,35,19,16
10/06/2013,16:30,37,20,17
10/06/2013,16:45,20,12,8
10/06/2013,17:00,19,13,6
10/06/2013,17:15,40,18,22
10/06/2013,17:30,41,25,16
10/06/2013,17:45,23,12,11
10/06/2013,18:00,41,28,13
10/06/2013,18:15,32,19,13
10/06/2013,18:30,34,16,18
10/06/2013,18:45,39,12,27
10/06/2013,19:00,21,12,9
10/06/2013,19:15,25,16,9
10/06/2013,19:30,15,10,5
10/06/2013,19:45,10,9,1
10/06/2013,20:00,3,0,3
10/06/2013,20:15,5,2,3
10/06/2013,20:30,6,1,5
10/06/2013,20:45,2,2,0
10/06/2013,21:00,6,5,1
10/06/2013,21:15,0,0,0
10/06/2013,21:30,2,1,1
10/06/2013,21:45,4,2,2
10/06/2013,22:00,2,0,2
10/06/2013,22:15,0,0,0
10/06/2013,22:30,0,0,0
10/06/2013,22:45,0,0,0
10/06/2013,23:00,2,2,0
10/06/2013,23:15,0,0,0
10/06/2013,23:30,0,0,0
10/06/2013,23:45,0,0,0
11/06/2013,00:00,0,0,0
11/06/2013,00:15,1,1,0
11/06/2013,00:30,0,0,0
11/06/2013,00:45,0,0,0
11/06/2013,01:00,0,0,0
11/06/2013,01:15,0,0,0
11/06/2013,01:30,0,0,0
11/06/2013,01:45,0,0,0
11/06/2013,02:00,0,0,0
11/06/2013,02:15,0,0,0
11/06/2013,02:30,0,0,0
11/06/2013,02:45,0,0,0
11/06/2013,03:00,0,0,0
11/06/2013,03:15,0,0,0
11/06/2013,03:30,0,0,0
11/06/2013,03:45,0,0,0
11/06/2013,04:00,0,0,0
11/06/2013,04:15,1,0,1
11/06/2013,04:30,2,1,1
11/06/2013,04:45,2,1,1
11/06/2013,05:00,2,2,0
11/06/2013,05:15,5,3,2
11/06/2013,05:30,4,3,1
11/06/2013,05:45,8,3,5
11/06/2013,06:00,23,15,8
11/06/2013,06:15,20,12,8
11/06/2013,06:30,31,13,18
11/06/2013,06:45,31,18,13
11/06/2013,07:00,30,18,12
11/06/2013,07:15,21,10,11
11/06/2013,07:30,37,27,10
11/06/2013,07:45,49,40,9
11/06/2013,08:00,73,54,19
11/06/2013,08:15,26,18,8
11/06/2013,08:30,22,10,12
11/06/2013,08:45,38,13,25
11/06/2013,09:00,23,9,14
11/06/2013,09:15,26,13,13
11/06/2013,09:30,25,9,16
11/06/2013,09:45,35,17,18
11/06/2013,10:00,41,14,27
11/06/2013,10:15,21,10,11
11/06/2013,10:30,33,21,12
11/06/2013,10:45,15,8,7
11/06/2013,11:00,18,9,9
11/06/2013,11:15,43,30,13
11/06/2013,11:30,28,14,14
11/06/2013,11:45,29,12,17
11/06/2013,12:00,18,10,8
11/06/2013,12:15,46,31,15
11/06/2013,12:30,16,6,10
11/06/2013,12:45,21,10,11
11/06/2013,13:00,26,13,13
11/06/2013,13:15,28,16,12
11/06/2013,13:30,20,13,7
11/06/2013,13:45,22,13,9
11/06/2013,14:00,25,18,7
11/06/2013,14:15,19,8,11
11/06/2013,14:30,34,19,15
11/06/2013,14:45,31,23,8
11/06/2013,15:00,55,43,12
11/06/2013,15:15,34,26,8
11/06/2013,15:30,22,12,10
11/06/2013,15:45,30,22,8
11/06/2013,16:00,46,30,16
11/06/2013,16:15,28,13,15
11/06/2013,16:30,28,14,14
11/06/2013,16:45,26,16,10
11/06/2013,17:00,28,19,9
11/06/2013,17:15,43,23,20
11/06/2013,17:30,45,17,28
11/06/2013,17:45,44,32,12
11/06/2013,18:00,42,16,26
11/06/2013,18:15,66,34,32
11/06/2013,18:30,59,23,36
11/06/2013,18:45,30,17,13
11/06/2013,19:00,44,31,13
11/06/2013,19:15,34,25,9
11/06/2013,19:30,16,10,6
11/06/2013,19:45,16,7,9
11/06/2013,20:00,15,7,8
11/06/2013,20:15,10,8,2
11/06/2013,20:30,6,2,4
11/06/2013,20:45,5,3,2
11/06/2013,21:00,5,3,2
11/06/2013,21:15,3,3,0
11/06/2013,21:30,3,3,0
11/06/2013,21:45,0,0,0
11/06/2013,22:00,1,1,0
11/06/2013,22:15,2,1,1
11/06/2013,22:30,1,1,0
11/06/2013,22:45,1,1,0
11/06/2013,23:00,1,1,0
11/06/2013,23:15,0,0,0
11/06/2013,23:30,0,0,0
11/06/2013,23:45,0,0,0
12/06/2013,00:00,0,0,0
12/06/2013,00:15,0,0,0
12/06/2013,00:30,0,0,0
12/06/2013,00:45,0,0,0
12/06/2013,01:00,0,0,0
12/06/2013,01:15,0,0,0
12/06/2013,01:30,0,0,0
12/06/2013,01:45,0,0,0
12/06/2013,02:00,0,0,0
12/06/2013,02:15,1,1,0
12/06/2013,02:30,0,0,0
12/06/2013,02:45,0,0,0
12/06/2013,03:00,0,0,0
12/06/2013,03:15,0,0,0
12/06/2013,03:30,0,0,0
12/06/2013,03:45,0,0,0
12/06/2013,04:00,0,0,0
12/06/2013,04:15,1,1,0
12/06/2013,04:30,0,0,0
12/06/2013,04:45,4,3,1
12/06/2013,05:00,1,0,1
12/06/2013,05:15,4,3,1
12/06/2013,05:30,5,3,2
12/06/2013,05:45,12,7,5
12/06/2013,06:00,9,8,1
12/06/2013,06:15,24,14,10
12/06/2013,06:30,21,10,11
12/06/2013,06:45,18,11,7
12/06/2013,07:00,28,17,11
12/06/2013,07:15,24,10,14
12/06/2013,07:30,32,22,10
12/06/2013,07:45,58,44,14
12/06/2013,08:00,57,47,10
12/06/2013,08:15,23,14,9
12/06/2013,08:30,25,13,12
12/06/2013,08:45,26,10,16
12/06/2013,09:00,25,14,11
12/06/2013,09:15,19,7,12
12/06/2013,09:30,15,6,9
12/06/2013,09:45,32,15,17
12/06/2013,10:00,25,15,10
12/06/2013,10:15,28,17,11
12/06/2013,10:30,31,23,8
12/06/2013,10:45,16,7,9
12/06/2013,11:00,26,16,10
12/06/2013,11:15,17,8,9
12/06/2013,11:30,21,16,5
12/06/2013,11:45,26,14,12
12/06/2013,12:00,28,21,7
12/06/2013,12:15,21,9,12
12/06/2013,12:30,29,23,6
12/06/2013,12:45,22,13,9
12/06/2013,13:00,30,16,14
12/06/2013,13:15,50,39,11
12/06/2013,13:30,48,40,8
12/06/2013,13:45,18,9,9
12/06/2013,14:00,40,28,12
12/06/2013,14:15,22,15,7
12/06/2013,14:30,41,30,11
12/06/2013,14:45,27,20,7
12/06/2013,15:00,25,19,6
12/06/2013,15:15,35,29,6
12/06/2013,15:30,40,24,16
12/06/2013,15:45,42,20,22
12/06/2013,16:00,60,29,31
12/06/2013,16:15,62,35,27
12/06/2013,16:30,42,24,18
12/06/2013,16:45,34,20,14
12/06/2013,17:00,46,27,19
12/06/2013,17:15,53,34,19
12/06/2013,17:30,61,31,30
12/06/2013,17:45,50,31,19
12/06/2013,18:00,52,25,27
12/06/2013,18:15,53,28,25
12/06/2013,18:30,55,23,32
12/06/2013,18:45,33,18,15
12/06/2013,19:00,61,22,39
12/06/2013,19:15,30,7,23
12/06/2013,19:30,25,9,16
12/06/2013,19:45,8,2,6
12/06/2013,20:00,23,5,18
12/06/2013,20:15,13,5,8
12/06/2013,20:30,9,5,4
12/06/2013,20:45,15,4,11
12/06/2013,21:00,0,0,0
12/06/2013,21:15,6,4,2
12/06/2013,21:30,4,3,1
12/06/2013,21:45,0,0,0
12/06/2013,22:00,0,0,0
12/06/2013,22:15,3,2,1
12/06/2013,22:30,2,0,2
12/06/2013,22:45,1,1,0
12/06/2013,23:00,1,1,0
12/06/2013,23:15,0,0,0
12/06/2013,23:30,0,0,0
12/06/2013,23:45,0,0,0
13/06/2013,00:00,0,0,0
13/06/2013,00:15,0,0,0
13/06/2013,00:30,0,0,0
13/06/2013,00:45,0,0,0
13/06/2013,01:00,0,0,0
13/06/2013,01:15,0,0,0
13/06/2013,01:30,1,0,1
13/06/2013,01:45,0,0,0
13/06/2013,02:00,0,0,0
13/06/2013,02:15,0,0,0
13/06/2013,02:30,0,0,0
13/06/2013,02:45,0,0,0
13/06/2013,03:00,0,0,0
13/06/2013,03:15,0,0,0
13/06/2013,03:30,1,1,0
13/06/2013,03:45,0,0,0
13/06/2013,04:00,0,0,0
13/06/2013,04:15,0,0,0
13/06/2013,04:30,0,0,0
13/06/2013,04:45,1,0,1
13/06/2013,05:00,1,1,0
13/06/2013,05:15,0,0,0
13/06/2013,05:30,6,4,2
13/06/2013,05:45,8,5,3
13/06/2013,06:00,24,17,7
13/06/2013,06:15,35,31,4
13/06/2013,06:30,18,9,9
13/06/2013,06:45,26,17,9
13/06/2013,07:00,30,14,16
13/06/2013,07:15,27,18,9
13/06/2013,07:30,30,24,6
13/06/2013,07:45,45,35,10
13/06/2013,08:00,78,68,10
13/06/2013,08:15,20,10,10
13/06/2013,08:30,38,18,20
13/06/2013,08:45,25,15,10
13/06/2013,09:00,28,17,11
13/06/2013,09:15,24,6,18
13/06/2013,09:30,15,8,7
13/06/2013,09:45,14,9,5
13/06/2013,10:00,29,19,10
13/06/2013,10:15,25,21,4
13/06/2013,10:30,19,12,7
13/06/2013,10:45,34,23,11
13/06/2013,11:00,24,12,12
13/06/2013,11:15,24,16,8
13/06/2013,11:30,25,10,15
13/06/2013,11:45,20,10,10
13/06/2013,12:00,31,27,4
13/06/2013,12:15,24,18,6
13/06/2013,12:30,19,12,7
13/06/2013,12:45,25,16,9
13/06/2013,13:00,24,14,10
13/06/2013,13:15,30,23,7
13/06/2013,13:30,23,16,7
13/06/2013,13:45,25,19,6
13/06/2013,14:00,33,22,11
13/06/2013,14:15,24,15,9
13/06/2013,14:30,19,14,5
13/06/2013,14:45,19,12,7
13/06/2013,15:00,60,48,12
13/06/2013,15:15,37,27,10
13/06/2013,15:30,32,23,9
13/06/2013,15:45,23,11,12
13/06/2013,16:00,44,31,13
13/06/2013,16:15,61,39,22
13/06/2013,16:30,42,25,17
13/06/2013,16:45,31,19,12
13/06/2013,17:00,56,27,29
13/06/2013,17:15,61,39,22
13/06/2013,17:30,73,16,57
13/06/2013,17:45,60,35,25
13/06/2013,18:00,78,41,37
13/06/2013,18:15,57,28,29
13/06/2013,18:30,37,18,19
13/06/2013,18:45,50,30,20
13/06/2013,19:00,33,14,19
13/06/2013,19:15,18,13,5
13/06/2013,19:30,19,11,8
13/06/2013,19:45,28,5,23
13/06/2013,20:00,11,4,7
13/06/2013,20:15,14,7,7
13/06/2013,20:30,24,9,15
13/06/2013,20:45,2,1,1
13/06/2013,21:00,4,4,0
13/06/2013,21:15,4,3,1
13/06/2013,21:30,2,0,2
13/06/2013,21:45,1,0,1
13/06/2013,22:00,5,1,4
13/06/2013,22:15,1,0,1
13/06/2013,22:30,1,0,1
13/06/2013,22:45,0,0,0
13/06/2013,23:00,0,0,0
13/06/2013,23:15,1,1,0
13/06/2013,23:30,0,0,0
13/06/2013,23:45,1,1,0
14/06/2013,00:00,1,0,1
14/06/2013,00:15,1,1,0
14/06/2013,00:30,0,0,0
14/06/2013,00:45,0,0,0
14/06/2013,01:00,0,0,0
14/06/2013,01:15,0,0,0
14/06/2013,01:30,0,0,0
14/06/2013,01:45,0,0,0
14/06/2013,02:00,0,0,0
14/06/2013,02:15,0,0,0
14/06/2013,02:30,0,0,0
14/06/2013,02:45,0,0,0
14/06/2013,03:00,0,0,0
14/06/2013,03:15,0,0,0
14/06/2013,03:30,0,0,0
14/06/2013,03:45,0,0,0
14/06/2013,04:00,1,1,0
14/06/2013,04:15,2,2,0
14/06/2013,04:30,0,0,0
14/06/2013,04:45,3,3,0
14/06/2013,05:00,1,1,0
14/06/2013,05:15,4,3,1
14/06/2013,05:30,8,5,3
14/06/2013,05:45,13,7,6
14/06/2013,06:00,10,4,6
14/06/2013,06:15,19,10,9
14/06/2013,06:30,24,15,9
14/06/2013,06:45,32,18,14
14/06/2013,07:00,32,22,10
14/06/2013,07:15,26,15,11
14/06/2013,07:30,35,26,9
14/06/2013,07:45,43,38,5
14/06/2013,08:00,57,49,8
14/06/2013,08:15,19,16,3
14/06/2013,08:30,35,20,15
14/06/2013,08:45,38,21,17
14/06/2013,09:00,33,18,15
14/06/2013,09:15,22,15,7
14/06/2013,09:30,27,11,16
14/06/2013,09:45,24,15,9
14/06/2013,10:00,24,9,15
14/06/2013,10:15,26,14,12
14/06/2013,10:30,25,19,6
14/06/2013,10:45,36,24,12
14/06/2013,11:00,18,13,5
14/06/2013,11:15,30,24,6
14/06/2013,11:30,32,25,7
14/06/2013,11:45,29,15,14
14/06/2013,12:00,29,20,9
14/06/2013,12:15,18,15,3
14/06/2013,12:30,24,19,5
14/06/2013,12:45,15,11,4
14/06/2013,13:00,26,22,4
14/06/2013,13:15,30,27,3
14/06/2013,13:30,21,20,1
14/06/2013,13:45,31,22,9
14/06/2013,14:00,40,32,8
14/06/2013,14:15,41,32,9
14/06/2013,14:30,62,52,10
14/06/2013,14:45,35,21,14
14/06/2013,15:00,28,23,5
14/06/2013,15:15,40,28,12
14/06/2013,15:30,49,27,22
14/06/2013,15:45,37,25,12
14/06/2013,16:00,40,31,9
14/06/2013,16:15,32,26,6
14/06/2013,16:30,73,41,32
14/06/2013,16:45,32,22,10
14/06/2013,17:00,45,29,16
14/06/2013,17:15,52,23,29
14/06/2013,17:30,99,32,67
14/06/2013,17:45,60,28,32
14/06/2013,18:00,55,32,23
14/06/2013,18:15,52,23,29
14/06/2013,18:30,40,18,22
14/06/2013,18:45,28,17,11
14/06/2013,19:00,21,6,15
14/06/2013,19:15,23,9,14
14/06/2013,19:30,15,8,7
14/06/2013,19:45,11,3,8
14/06/2013,20:00,5,3,2
14/06/2013,20:15,5,3,2
14/06/2013,20:30,6,5,1
14/06/2013,20:45,3,3,0
14/06/2013,21:00,5,3,2
14/06/2013,21:15,1,0,1
14/06/2013,21:30,2,1,1
14/06/2013,21:45,1,0,1
14/06/2013,22:00,5,4,1
14/06/2013,22:15,2,1,1
14/06/2013,22:30,3,1,2
14/06/2013,22:45,0,0,0
14/06/2013,23:00,2,1,1
14/06/2013,23:15,0,0,0
14/06/2013,23:30,0,0,0
14/06/2013,23:45,0,0,0
15/06/2013,00:00,0,0,0
15/06/2013,00:15,2,0,2
15/06/2013,00:30,0,0,0
15/06/2013,00:45,0,0,0
15/06/2013,01:00,0,0,0
15/06/2013,01:15,0,0,0
15/06/2013,01:30,0,0,0
15/06/2013,01:45,0,0,0
15/06/2013,02:00,1,1,0
15/06/2013,02:15,0,0,0
15/06/2013,02:30,1,0,1
15/06/2013,02:45,0,0,0
15/06/2013,03:00,0,0,0
15/06/2013,03:15,0,0,0
15/06/2013,03:30,0,0,0
15/06/2013,03:45,0,0,0
15/06/2013,04:00,0,0,0
15/06/2013,04:15,0,0,0
15/06/2013,04:30,0,0,0
15/06/2013,04:45,1,1,0
15/06/2013,05:00,0,0,0
15/06/2013,05:15,1,0,1
15/06/2013,05:30,2,0,2
15/06/2013,05:45,2,1,1
15/06/2013,06:00,2,1,1
15/06/2013,06:15,5,2,3
15/06/2013,06:30,3,1,2
15/06/2013,06:45,9,2,7
15/06/2013,07:00,11,7,4
15/06/2013,07:15,16,12,4
15/06/2013,07:30,25,12,13
15/06/2013,07:45,28,19,9
15/06/2013,08:00,39,16,23
15/06/2013,08:15,40,27,13
15/06/2013,08:30,53,40,13
15/06/2013,08:45,65,50,15
15/06/2013,09:00,88,73,15
15/06/2013,09:15,80,63,17
15/06/2013,09:30,94,79,15
15/06/2013,09:45,89,70,19
15/06/2013,10:00,97,86,11
15/06/2013,10:15,81,61,20
15/06/2013,10:30,74,60,14
15/06/2013,10:45,65,45,20
15/06/2013,11:00,114,99,15
15/06/2013,11:15,112,88,24
15/06/2013,11:30,105,87,18
15/06/2013,11:45,85,64,21
15/06/2013,12:00,97,74,23
15/06/2013,12:15,81,69,12
15/06/2013,12:30,63,52,11
15/06/2013,12:45,91,79,12
15/06/2013,13:00,102,89,13
15/06/2013,13:15,80,71,9
15/06/2013,13:30,73,55,18
15/06/2013,13:45,44,36,8
15/06/2013,14:00,100,88,12
15/06/2013,14:15,60,49,11
15/06/2013,14:30,53,42,11
15/06/2013,14:45,55,42,13
15/06/2013,15:00,50,40,10
15/06/2013,15:15,73,60,13
15/06/2013,15:30,52,43,9
15/06/2013,15:45,50,37,13
15/06/2013,16:00,40,28,12
15/06/2013,16:15,58,41,17
15/06/2013,16:30,41,24,17
15/06/2013,16:45,38,23,15
15/06/2013,17:00,21,10,11
15/06/2013,17:15,36,26,10
15/06/2013,17:30,38,28,10
15/06/2013,17:45,30,26,4
15/06/2013,18:00,30,18,12
15/06/2013,18:15,10,2,8
15/06/2013,18:30,17,9,8
15/06/2013,18:45,22,14,8
15/06/2013,19:00,13,8,5
15/06/2013,19:15,19,18,1
15/06/2013,19:30,8,6,2
15/06/2013,19:45,6,5,1
15/06/2013,20:00,2,1,1
15/06/2013,20:15,6,1,5
15/06/2013,20:30,4,1,3
15/06/2013,20:45,2,2,0
15/06/2013,21:00,1,0,1
15/06/2013,21:15,0,0,0
15/06/2013,21:30,1,0,1
15/06/2013,21:45,0,0,0
15/06/2013,22:00,0,0,0
15/06/2013,22:15,1,1,0
15/06/2013,22:30,0,0,0
15/06/2013,22:45,1,1,0
15/06/2013,23:00,1,0,1
15/06/2013,23:15,0,0,0
15/06/2013,23:30,0,0,0
15/06/2013,23:45,1,1,0
16/06/2013,00:00,0,0,0
16/06/2013,00:15,0,0,0
16/06/2013,00:30,0,0,0
16/06/2013,00:45,0,0,0
16/06/2013,01:00,0,0,0
16/06/2013,01:15,0,0,0
16/06/2013,01:30,0,0,0
16/06/2013,01:45,0,0,0
16/06/2013,02:00,0,0,0
16/06/2013,02:15,0,0,0
16/06/2013,02:30,0,0,0
16/06/2013,02:45,0,0,0
16/06/2013,03:00,0,0,0
16/06/2013,03:15,0,0,0
16/06/2013,03:30,0,0,0
16/06/2013,03:45,0,0,0
16/06/2013,04:00,1,1,0
16/06/2013,04:15,0,0,0
16/06/2013,04:30,0,0,0
16/06/2013,04:45,0,0,0
16/06/2013,05:00,0,0,0
16/06/2013,05:15,0,0,0
16/06/2013,05:30,0,0,0
16/06/2013,05:45,0,0,0
16/06/2013,06:00,1,0,1
16/06/2013,06:15,4,2,2
16/06/2013,06:30,12,6,6
16/06/2013,06:45,13,5,8
16/06/2013,07:00,9,3,6
16/06/2013,07:15,17,5,12
16/06/2013,07:30,15,11,4
16/06/2013,07:45,22,14,8
16/06/2013,08:00,34,23,11
16/06/2013,08:15,24,12,12
16/06/2013,08:30,55,45,10
16/06/2013,08:45,50,34,16
16/06/2013,09:00,55,45,10
16/06/2013,09:15,53,39,14
16/06/2013,09:30,50,37,13
16/06/2013,09:45,63,47,16
16/06/2013,10:00,74,52,22
16/06/2013,10:15,87,72,15
16/06/2013,10:30,78,61,17
16/06/2013,10:45,111,89,22
16/06/2013,11:00,88,70,18
16/06/2013,11:15,77,64,13
16/06/2013,11:30,70,42,28
16/06/2013,11:45,101,84,17
16/06/2013,12:00,95,69,26
16/06/2013,12:15,79,64,15
16/06/2013,12:30,96,85,11
16/06/2013,12:45,73,54,19
16/06/2013,13:00,68,58,10
16/06/2013,13:15,128,85,43
16/06/2013,13:30,92,88,4
16/06/2013,13:45,63,50,13
16/06/2013,14:00,94,84,10
16/06/2013,14:15,62,47,15
16/06/2013,14:30,61,53,8
16/06/2013,14:45,63,52,11
16/06/2013,15:00,77,63,14
16/06/2013,15:15,76,68,8
16/06/2013,15:30,74,65,9
16/06/2013,15:45,75,58,17
16/06/2013,16:00,41,27,14
16/06/2013,16:15,49,31,18
16/06/2013,16:30,73,50,23
16/06/2013,16:45,73,29,44
16/06/2013,17:00,67,40,27
16/06/2013,17:15,40,27,13
16/06/2013,17:30,57,45,12
16/06/2013,17:45,47,24,23
16/06/2013,18:00,49,26,23
16/06/2013,18:15,54,35,19
16/06/2013,18:30,43,17,26
16/06/2013,18:45,29,10,19
16/06/2013,19:00,47,10,37
16/06/2013,19:15,11,8,3
16/06/2013,19:30,33,3,30
16/06/2013,19:45,51,3,48
16/06/2013,20:00,22,7,15
16/06/2013,20:15,10,6,4
16/06/2013,20:30,20,4,16
16/06/2013,20:45,9,0,9
16/06/2013,21:00,3,2,1
16/06/2013,21:15,3,0,3
16/06/2013,21:30,1,0,1
16/06/2013,21:45,3,2,1
16/06/2013,22:00,2,2,0
16/06/2013,22:15,3,1,2
16/06/2013,22:30,0,0,0
16/06/2013,22:45,0,0,0
16/06/2013,23:00,2,2,0
16/06/2013,23:15,1,1,0
16/06/2013,23:30,0,0,0
16/06/2013,23:45,0,0,0
17/06/2013,00:00,0,0,0
17/06/2013,00:15,0,0,0
17/06/2013,00:30,0,0,0
17/06/2013,00:45,0,0,0
17/06/2013,01:00,0,0,0
17/06/2013,01:15,0,0,0
17/06/2013,01:30,0,0,0
17/06/2013,01:45,0,0,0
17/06/2013,02:00,0,0,0
17/06/2013,02:15,0,0,0
17/06/2013,02:30,0,0,0
17/06/2013,02:45,0,0,0
17/06/2013,03:00,0,0,0
17/06/2013,03:15,0,0,0
17/06/2013,03:30,1,1,0
17/06/2013,03:45,0,0,0
17/06/2013,04:00,0,0,0
17/06/2013,04:15,1,1,0
17/06/2013,04:30,0,0,0
17/06/2013,04:45,2,1,1
17/06/2013,05:00,4,4,0
17/06/2013,05:15,3,1,2
17/06/2013,05:30,2,1,1
17/06/2013,05:45,7,2,5
17/06/2013,06:00,16,11,5
17/06/2013,06:15,20,14,6
17/06/2013,06:30,21,12,9
17/06/2013,06:45,18,11,7
17/06/2013,07:00,26,17,9
17/06/2013,07:15,16,10,6
17/06/2013,07:30,23,15,8
17/06/2013,07:45,47,43,4
17/06/2013,08:00,74,62,12
17/06/2013,08:15,23,16,7
17/06/2013,08:30,24,18,6
17/06/2013,08:45,21,8,13
17/06/2013,09:00,28,9,19
17/06/2013,09:15,27,8,19
17/06/2013,09:30,23,18,5
17/06/2013,09:45,16,12,4
17/06/2013,10:00,17,9,8
17/06/2013,10:15,30,23,7
17/06/2013,10:30,30,22,8
17/06/2013,10:45,21,14,7
17/06/2013,11:00,29,18,11
17/06/2013,11:15,21,13,8
17/06/2013,11:30,27,15,12
17/06/2013,11:45,30,19,11
17/06/2013,12:00,18,9,9
17/06/2013,12:15,28,17,11
17/06/2013,12:30,28,19,9
17/06/2013,12:45,29,20,9
17/06/2013,13:00,17,12,5
17/06/2013,13:15,21,10,11
17/06/2013,13:30,33,29,4
17/06/2013,13:45,22,15,7
17/06/2013,14:00,30,23,7
17/06/2013,14:15,38,33,5
17/06/2013,14:30,59,41,18
17/06/2013,14:45,24,17,7
17/06/2013,15:00,35,27,8
17/06/2013,15:15,27,18,9
17/06/2013,15:30,43,29,14
17/06/2013,15:45,44,22,22
17/06/2013,16:00,20,6,14
17/06/2013,16:15,41,25,16
17/06/2013,16:30,30,11,19
17/06/2013,16:45,42,27,15
17/06/2013,17:00,39,16,23
17/06/2013,17:15,38,24,14
17/06/2013,17:30,28,15,13
17/06/2013,17:45,28,14,14
17/06/2013,18:00,52,39,13
17/06/2013,18:15,31,20,11
17/06/2013,18:30,31,16,15
17/06/2013,18:45,30,15,15
17/06/2013,19:00,37,19,18
17/06/2013,19:15,22,10,12
17/06/2013,19:30,19,5,14
17/06/2013,19:45,9,4,5
17/06/2013,20:00,11,5,6
17/06/2013,20:15,11,9,2
17/06/2013,20:30,6,2,4
17/06/2013,20:45,10,7,3
17/06/2013,21:00,1,0,1
17/06/2013,21:15,4,2,2
17/06/2013,21:30,5,1,4
17/06/2013,21:45,2,0,2
17/06/2013,22:00,1,0,1
17/06/2013,22:15,2,1,1
17/06/2013,22:30,0,0,0
17/06/2013,22:45,1,0,1
17/06/2013,23:00,2,2,0
17/06/2013,23:15,2,1,1
17/06/2013,23:30,0,0,0
17/06/2013,23:45,0,0,0
18/06/2013,00:00,0,0,0
18/06/2013,00:15,0,0,0
18/06/2013,00:30,0,0,0
18/06/2013,00:45,0,0,0
18/06/2013,01:00,0,0,0
18/06/2013,01:15,0,0,0
18/06/2013,01:30,0,0,0
18/06/2013,01:45,0,0,0
18/06/2013,02:00,0,0,0
18/06/2013,02:15,0,0,0
18/06/2013,02:30,0,0,0
18/06/2013,02:45,0,0,0
18/06/2013,03:00,0,0,0
18/06/2013,03:15,0,0,0
18/06/2013,03:30,0,0,0
18/06/2013,03:45,0,0,0
18/06/2013,04:00,0,0,0
18/06/2013,04:15,0,0,0
18/06/2013,04:30,0,0,0
18/06/2013,04:45,4,2,2
18/06/2013,05:00,4,3,1
18/06/2013,05:15,5,4,1
18/06/2013,05:30,9,2,7
18/06/2013,05:45,5,3,2
18/06/2013,06:00,25,16,9
18/06/2013,06:15,24,12,12
18/06/2013,06:30,23,14,9
18/06/2013,06:45,24,17,7
18/06/2013,07:00,22,16,6
18/06/2013,07:15,24,20,4
18/06/2013,07:30,24,20,4
18/06/2013,07:45,43,34,9
18/06/2013,08:00,69,59,10
18/06/2013,08:15,23,11,12
18/06/2013,08:30,44,32,12
18/06/2013,08:45,21,15,6
18/06/2013,09:00,26,15,11
18/06/2013,09:15,12,8,4
18/06/2013,09:30,20,12,8
18/06/2013,09:45,17,8,9
18/06/2013,10:00,16,9,7
18/06/2013,10:15,29,19,10
18/06/2013,10:30,20,12,8
18/06/2013,10:45,22,10,12
18/06/2013,11:00,15,13,2
18/06/2013,11:15,25,16,9
18/06/2013,11:30,25,15,10
18/06/2013,11:45,21,16,5
18/06/2013,12:00,8,4,4
18/06/2013,12:15,14,9,5
18/06/2013,12:30,20,14,6
18/06/2013,12:45,13,10,3
18/06/2013,13:00,21,17,4
18/06/2013,13:15,21,14,7
18/06/2013,13:30,14,10,4
18/06/2013,13:45,14,11,3
18/06/2013,14:00,21,10,11
18/06/2013,14:15,25,15,10
18/06/2013,14:30,23,13,10
18/06/2013,14:45,25,20,5
18/06/2013,15:00,42,33,9
18/06/2013,15:15,29,24,5
18/06/2013,15:30,33,20,13
18/06/2013,15:45,24,16,8
18/06/2013,16:00,19,11,8
18/06/2013,16:15,23,19,4
18/06/2013,16:30,29,16,13
18/06/2013,16:45,39,25,14
18/06/2013,17:00,48,22,26
18/06/2013,17:15,37,23,14
18/06/2013,17:30,42,29,13
18/06/2013,17:45,31,16,15
18/06/2013,18:00,52,27,25
18/06/2013,18:15,45,26,19
18/06/2013,18:30,60,23,37
18/06/2013,18:45,36,18,18
18/06/2013,19:00,36,16,20
18/06/2013,19:15,47,19,28
18/06/2013,19:30,31,9,22
18/06/2013,19:45,23,9,14
18/06/2013,20:00,21,16,5
18/06/2013,20:15,10,7,3
18/06/2013,20:30,6,3,3
18/06/2013,20:45,1,0,1
18/06/2013,21:00,2,2,0
18/06/2013,21:15,2,2,0
18/06/2013,21:30,1,1,0
18/06/2013,21:45,0,0,0
18/06/2013,22:00,1,1,0
18/06/2013,22:15,1,1,0
18/06/2013,22:30,0,0,0
18/06/2013,22:45,2,1,1
18/06/2013,23:00,0,0,0
18/06/2013,23:15,1,1,0
18/06/2013,23:30,0,0,0
18/06/2013,23:45,1,0,1
19/06/2013,00:00,0,0,0
19/06/2013,00:15,0,0,0
19/06/2013,00:30,0,0,0
19/06/2013,00:45,0,0,0
19/06/2013,01:00,0,0,0
19/06/2013,01:15,0,0,0
19/06/2013,01:30,0,0,0
19/06/2013,01:45,0,0,0
19/06/2013,02:00,0,0,0
19/06/2013,02:15,0,0,0
19/06/2013,02:30,0,0,0
19/06/2013,02:45,0,0,0
19/06/2013,03:00,2,2,0
19/06/2013,03:15,0,0,0
19/06/2013,03:30,0,0,0
19/06/2013,03:45,0,0,0
19/06/2013,04:00,0,0,0
19/06/2013,04:15,1,1,0
19/06/2013,04:30,0,0,0
19/06/2013,04:45,1,1,0
19/06/2013,05:00,5,5,0
19/06/2013,05:15,7,7,0
19/06/2013,05:30,10,8,2
19/06/2013,05:45,13,7,6
19/06/2013,06:00,21,15,6
19/06/2013,06:15,21,9,12
19/06/2013,06:30,25,20,5
19/06/2013,06:45,23,16,7
19/06/2013,07:00,27,17,10
19/06/2013,07:15,19,13,6
19/06/2013,07:30,28,25,3
19/06/2013,07:45,36,33,3
19/06/2013,08:00,61,50,11
19/06/2013,08:15,23,16,7
19/06/2013,08:30,18,13,5
19/06/2013,08:45,23,10,13
19/06/2013,09:00,25,14,11
19/06/2013,09:15,22,10,12
19/06/2013,09:30,24,15,9
19/06/2013,09:45,22,11,11
19/06/2013,10:00,24,14,10
19/06/2013,10:15,22,10,12
19/06/2013,10:30,38,18,20
19/06/2013,10:45,47,31,16
19/06/2013,11:00,18,9,9
19/06/2013,11:15,26,21,5
19/06/2013,11:30,36,20,16
19/06/2013,11:45,31,22,9
19/06/2013,12:00,23,16,7
19/06/2013,12:15,41,26,15
19/06/2013,12:30,28,16,12
19/06/2013,12:45,13,8,5
19/06/2013,13:00,18,15,3
19/06/2013,13:15,35,25,10
19/06/2013,13:30,61,35,26
19/06/2013,13:45,36,26,10
19/06/2013,14:00,44,32,12
19/06/2013,14:15,19,11,8
19/06/2013,14:30,25,16,9
19/06/2013,14:45,25,18,7
19/06/2013,15:00,18,15,3
19/06/2013,15:15,29,25,4
19/06/2013,15:30,37,26,11
19/06/2013,15:45,28,18,10
19/06/2013,16:00,34,21,13
19/06/2013,16:15,30,15,15
19/06/2013,16:30,47,28,19
19/06/2013,16:45,29,14,15
19/06/2013,17:00,38,22,16
19/06/2013,17:15,47,32,15
19/06/2013,17:30,58,32,26
19/06/2013,17:45,46,34,12
19/06/2013,18:00,54,32,22
19/06/2013,18:15,70,41,29
19/06/2013,18:30,53,34,19
19/06/2013,18:45,57,27,30
19/06/2013,19:00,61,20,41
19/06/2013,19:15,30,16,14
19/06/2013,19:30,21,13,8
19/06/2013,19:45,18,11,7
19/06/2013,20:00,6,1,5
19/06/2013,20:15,30,10,20
19/06/2013,20:30,11,6,5
19/06/2013,20:45,13,9,4
19/06/2013,21:00,5,2,3
19/06/2013,21:15,3,3,0
19/06/2013,21:30,1,1,0
19/06/2013,21:45,0,0,0
19/06/2013,22:00,0,0,0
19/06/2013,22:15,2,2,0
19/06/2013,22:30,0,0,0
19/06/2013,22:45,1,0,1
19/06/2013,23:00,0,0,0
19/06/2013,23:15,0,0,0
19/06/2013,23:30,2,2,0
19/06/2013,23:45,0,0,0
20/06/2013,00:00,0,0,0
20/06/2013,00:15,0,0,0
20/06/2013,00:30,0,0,0
20/06/2013,00:45,0,0,0
20/06/2013,01:00,0,0,0
20/06/2013,01:15,0,0,0
20/06/2013,01:30,0,0,0
20/06/2013,01:45,0,0,0
20/06/2013,02:00,0,0,0
20/06/2013,02:15,0,0,0
20/06/2013,02:30,0,0,0
20/06/2013,02:45,0,0,0
20/06/2013,03:00,0,0,0
20/06/2013,03:15,0,0,0
20/06/2013,03:30,0,0,0
20/06/2013,03:45,0,0,0
20/06/2013,04:00,0,0,0
20/06/2013,04:15,2,1,1
20/06/2013,04:30,2,0,2
20/06/2013,04:45,4,3,1
20/06/2013,05:00,2,2,0
20/06/2013,05:15,1,0,1
20/06/2013,05:30,11,8,3
20/06/2013,05:45,7,6,1
20/06/2013,06:00,18,12,6
20/06/2013,06:15,17,11,6
20/06/2013,06:30,22,12,10
20/06/2013,06:45,20,17,3
20/06/2013,07:00,24,13,11
20/06/2013,07:15,29,25,4
20/06/2013,07:30,38,27,11
20/06/2013,07:45,41,26,15
20/06/2013,08:00,70,61,9
20/06/2013,08:15,32,24,8
20/06/2013,08:30,23,14,9
20/06/2013,08:45,28,15,13
20/06/2013,09:00,27,14,13
20/06/2013,09:15,28,17,11
20/06/2013,09:30,14,7,7
20/06/2013,09:45,16,11,5
20/06/2013,10:00,19,12,7
20/06/2013,10:15,24,15,9
20/06/2013,10:30,31,21,10
20/06/2013,10:45,37,20,17
20/06/2013,11:00,21,13,8
20/06/2013,11:15,21,12,9
20/06/2013,11:30,13,9,4
20/06/2013,11:45,21,14,7
20/06/2013,12:00,20,17,3
20/06/2013,12:15,25,16,9
20/06/2013,12:30,22,18,4
20/06/2013,12:45,25,23,2
20/06/2013,13:00,28,21,7
20/06/2013,13:15,28,19,9
20/06/2013,13:30,28,18,10
20/06/2013,13:45,27,24,3
20/06/2013,14:00,23,19,4
20/06/2013,14:15,20,14,6
20/06/2013,14:30,32,30,2
20/06/2013,14:45,35,28,7
20/06/2013,15:00,63,51,12
20/06/2013,15:15,40,34,6
20/06/2013,15:30,20,13,7
20/06/2013,15:45,32,20,12
20/06/2013,16:00,23,16,7
20/06/2013,16:15,47,35,12
20/06/2013,16:30,45,32,13
20/06/2013,16:45,63,25,38
20/06/2013,17:00,101,23,78
20/06/2013,17:15,100,34,66
20/06/2013,17:30,64,14,50
20/06/2013,17:45,86,17,69
20/06/2013,18:00,100,39,61
20/06/2013,18:15,85,23,62
20/06/2013,18:30,137,36,101
20/06/2013,18:45,35,18,17
20/06/2013,19:00,45,16,29
20/06/2013,19:15,35,20,15
20/06/2013,19:30,26,16,10
20/06/2013,19:45,18,13,5
20/06/2013,20:00,8,7,1
20/06/2013,20:15,36,13,23
20/06/2013,20:30,25,9,16
20/06/2013,20:45,4,2,2
20/06/2013,21:00,7,6,1
20/06/2013,21:15,1,1,0
20/06/2013,21:30,4,2,2
20/06/2013,21:45,0,0,0
20/06/2013,22:00,0,0,0
20/06/2013,22:15,8,6,2
20/06/2013,22:30,1,0,1
20/06/2013,22:45,1,0,1
20/06/2013,23:00,1,1,0
20/06/2013,23:15,0,0,0
20/06/2013,23:30,0,0,0
20/06/2013,23:45,2,2,0
21/06/2013,00:00,2,1,1
21/06/2013,00:15,0,0,0
21/06/2013,00:30,1,0,1
21/06/2013,00:45,2,1,1
21/06/2013,01:00,2,0,2
21/06/2013,01:15,0,0,0
21/06/2013,01:30,0,0,0
21/06/2013,01:45,0,0,0
21/06/2013,02:00,0,0,0
21/06/2013,02:15,0,0,0
21/06/2013,02:30,0,0,0
21/06/2013,02:45,0,0,0
21/06/2013,03:00,0,0,0
21/06/2013,03:15,1,0,1
21/06/2013,03:30,0,0,0
21/06/2013,03:45,1,1,0
21/06/2013,04:00,0,0,0
21/06/2013,04:15,2,2,0
21/06/2013,04:30,0,0,0
21/06/2013,04:45,1,1,0
21/06/2013,05:00,2,2,0
21/06/2013,05:15,5,2,3
21/06/2013,05:30,1,1,0
21/06/2013,05:45,5,0,5
21/06/2013,06:00,28,21,7
21/06/2013,06:15,16,6,10
21/06/2013,06:30,22,17,5
21/06/2013,06:45,23,13,10
21/06/2013,07:00,38,26,12
21/06/2013,07:15,30,22,8
21/06/2013,07:30,28,22,6
21/06/2013,07:45,44,38,6
21/06/2013,08:00,42,40,2
21/06/2013,08:15,29,22,7
21/06/2013,08:30,34,23,11
21/06/2013,08:45,31,15,16
21/06/2013,09:00,30,20,10
21/06/2013,09:15,24,15,9
21/06/2013,09:30,32,19,13
21/06/2013,09:45,20,10,10
21/06/2013,10:00,30,22,8
21/06/2013,10:15,40,21,19
21/06/2013,10:30,53,29,24
21/06/2013,10:45,48,20,28
21/06/2013,11:00,74,40,34
21/06/2013,11:15,93,43,50
21/06/2013,11:30,58,27,31
21/06/2013,11:45,50,26,24
21/06/2013,12:00,36,22,14
21/06/2013,12:15,34,30,4
21/06/2013,12:30,26,22,4
21/06/2013,12:45,38,33,5
21/06/2013,13:00,30,19,11
21/06/2013,13:15,30,26,4
21/06/2013,13:30,31,27,4
21/06/2013,13:45,42,34,8
21/06/2013,14:00,40,28,12
21/06/2013,14:15,36,34,2
21/06/2013,14:30,31,25,6
21/06/2013,14:45,28,20,8
21/06/2013,15:00,50,48,2
21/06/2013,15:15,27,26,1
21/06/2013,15:30,36,29,7
21/06/2013,15:45,45,34,11
21/06/2013,16:00,36,27,9
21/06/2013,16:15,46,29,17
21/06/2013,16:30,29,19,10
21/06/2013,16:45,65,29,36
21/06/2013,17:00,83,26,57
21/06/2013,17:15,52,25,27
21/06/2013,17:30,64,27,37
21/06/2013,17:45,129,31,98
21/06/2013,18:00,111,19,92
21/06/2013,18:15,76,31,45
21/06/2013,18:30,64,19,45
21/06/2013,18:45,16,7,9
21/06/2013,19:00,50,21,29
21/06/2013,19:15,30,18,12
21/06/2013,19:30,34,9,25
21/06/2013,19:45,13,4,9
21/06/2013,20:00,11,6,5
21/06/2013,20:15,9,6,3
21/06/2013,20:30,39,3,36
21/06/2013,20:45,12,2,10
21/06/2013,21:00,6,2,4
21/06/2013,21:15,6,4,2
21/06/2013,21:30,2,1,1
21/06/2013,21:45,9,8,1
21/06/2013,22:00,2,0,2
21/06/2013,22:15,4,2,2
21/06/2013,22:30,1,1,0
21/06/2013,22:45,1,0,1
21/06/2013,23:00,0,0,0
21/06/2013,23:15,1,1,0
21/06/2013,23:30,1,1,0
21/06/2013,23:45,2,2,0
22/06/2013,00:00,1,0,1
22/06/2013,00:15,0,0,0
22/06/2013,00:30,2,2,0
22/06/2013,00:45,0,0,0
22/06/2013,01:00,1,0,1
22/06/2013,01:15,0,0,0
22/06/2013,01:30,0,0,0
22/06/2013,01:45,0,0,0
22/06/2013,02:00,0,0,0
22/06/2013,02:15,0,0,0
22/06/2013,02:30,0,0,0
22/06/2013,02:45,0,0,0
22/06/2013,03:00,0,0,0
22/06/2013,03:15,0,0,0
22/06/2013,03:30,0,0,0
22/06/2013,03:45,0,0,0
22/06/2013,04:00,0,0,0
22/06/2013,04:15,0,0,0
22/06/2013,04:30,0,0,0
22/06/2013,04:45,0,0,0
22/06/2013,05:00,0,0,0
22/06/2013,05:15,0,0,0
22/06/2013,05:30,2,1,1
22/06/2013,05:45,3,3,0
22/06/2013,06:00,2,1,1
22/06/2013,06:15,3,2,1
22/06/2013,06:30,6,4,2
22/06/2013,06:45,12,7,5
22/06/2013,07:00,10,7,3
22/06/2013,07:15,42,38,4
22/06/2013,07:30,84,77,7
22/06/2013,07:45,29,20,9
22/06/2013,08:00,50,37,13
22/06/2013,08:15,37,29,8
22/06/2013,08:30,67,55,12
22/06/2013,08:45,62,46,16
22/06/2013,09:00,101,82,19
22/06/2013,09:15,67,56,11
22/06/2013,09:30,71,62,9
22/06/2013,09:45,111,95,16
22/06/2013,10:00,122,115,7
22/06/2013,10:15,100,93,7
22/06/2013,10:30,77,66,11
22/06/2013,10:45,89,78,11
22/06/2013,11:00,124,109,15
22/06/2013,11:15,101,89,12
22/06/2013,11:30,103,86,17
22/06/2013,11:45,94,87,7
22/06/2013,12:00,102,91,11
22/06/2013,12:15,103,99,4
22/06/2013,12:30,94,82,12
22/06/2013,12:45,90,84,6
22/06/2013,13:00,103,94,9
22/06/2013,13:15,66,53,13
22/06/2013,13:30,61,54,7
22/06/2013,13:45,76,73,3
22/06/2013,14:00,104,100,4
22/06/2013,14:15,51,48,3
22/06/2013,14:30,64,49,15
22/06/2013,14:45,84,72,12
22/06/2013,15:00,49,41,8
22/06/2013,15:15,51,44,7
22/06/2013,15:30,62,48,14
22/06/2013,15:45,58,42,16
22/06/2013,16:00,71,63,8
22/06/2013,16:15,55,38,17
22/06/2013,16:30,38,23,15
22/06/2013,16:45,82,55,27
22/06/2013,17:00,33,30,3
22/06/2013,17:15,39,27,12
22/06/2013,17:30,44,28,16
22/06/2013,17:45,54,34,20
22/06/2013,18:00,32,22,10
22/06/2013,18:15,24,14,10
22/06/2013,18:30,20,14,6
22/06/2013,18:45,20,8,12
22/06/2013,19:00,21,6,15
22/06/2013,19:15,77,9,68
22/06/2013,19:30,14,4,10
22/06/2013,19:45,46,7,39
22/06/2013,20:00,4,3,1
22/06/2013,20:15,14,8,6
22/06/2013,20:30,8,6,2
22/06/2013,20:45,3,2,1
22/06/2013,21:00,2,0,2
22/06/2013,21:15,3,1,2
22/06/2013,21:30,0,0,0
22/06/2013,21:45,1,0,1
22/06/2013,22:00,0,0,0
22/06/2013,22:15,1,0,1
22/06/2013,22:30,0,0,0
22/06/2013,22:45,2,2,0
22/06/2013,23:00,0,0,0
22/06/2013,23:15,0,0,0
22/06/2013,23:30,1,1,0
22/06/2013,23:45,0,0,0
23/06/2013,00:00,0,0,0
23/06/2013,00:15,0,0,0
23/06/2013,00:30,1,1,0
23/06/2013,00:45,0,0,0
23/06/2013,01:00,0,0,0
23/06/2013,01:15,0,0,0
23/06/2013,01:30,0,0,0
23/06/2013,01:45,0,0,0
23/06/2013,02:00,0,0,0
23/06/2013,02:15,0,0,0
23/06/2013,02:30,0,0,0
23/06/2013,02:45,0,0,0
23/06/2013,03:00,0,0,0
23/06/2013,03:15,0,0,0
23/06/2013,03:30,0,0,0
23/06/2013,03:45,0,0,0
23/06/2013,04:00,0,0,0
23/06/2013,04:15,0,0,0
23/06/2013,04:30,0,0,0
23/06/2013,04:45,1,0,1
23/06/2013,05:00,0,0,0
23/06/2013,05:15,0,0,0
23/06/2013,05:30,2,2,0
23/06/2013,05:45,1,0,1
23/06/2013,06:00,3,1,2
23/06/2013,06:15,4,1,3
23/06/2013,06:30,7,3,4
23/06/2013,06:45,5,0,5
23/06/2013,07:00,9,4,5
23/06/2013,07:15,10,4,6
23/06/2013,07:30,18,13,5
23/06/2013,07:45,23,12,11
23/06/2013,08:00,15,4,11
23/06/2013,08:15,28,22,6
23/06/2013,08:30,38,22,16
23/06/2013,08:45,64,47,17
23/06/2013,09:00,43,33,10
23/06/2013,09:15,56,42,14
23/06/2013,09:30,64,54,10
23/06/2013,09:45,62,43,19
23/06/2013,10:00,88,74,14
23/06/2013,10:15,66,57,9
23/06/2013,10:30,61,46,15
23/06/2013,10:45,55,36,19
23/06/2013,11:00,53,41,12
23/06/2013,11:15,77,63,14
23/06/2013,11:30,86,63,23
23/06/2013,11:45,61,47,14
23/06/2013,12:00,45,34,11
23/06/2013,12:15,35,27,8
23/06/2013,12:30,55,45,10
23/06/2013,12:45,40,30,10
23/06/2013,13:00,39,29,10
23/06/2013,13:15,41,35,6
23/06/2013,13:30,28,21,7
23/06/2013,13:45,50,45,5
23/06/2013,14:00,20,14,6
23/06/2013,14:15,26,18,8
23/06/2013,14:30,27,19,8
23/06/2013,14:45,30,25,5
23/06/2013,15:00,21,14,7
23/06/2013,15:15,26,20,6
23/06/2013,15:30,9,5,4
23/06/2013,15:45,21,13,8
23/06/2013,16:00,17,9,8
23/06/2013,16:15,17,9,8
23/06/2013,16:30,15,10,5
23/06/2013,16:45,20,12,8
23/06/2013,17:00,12,4,8
23/06/2013,17:15,17,5,12
23/06/2013,17:30,11,3,8
23/06/2013,17:45,25,14,11
23/06/2013,18:00,11,6,5
23/06/2013,18:15,10,4,6
23/06/2013,18:30,15,10,5
23/06/2013,18:45,8,3,5
23/06/2013,19:00,5,3,2
23/06/2013,19:15,3,2,1
23/06/2013,19:30,5,2,3
23/06/2013,19:45,13,4,9
23/06/2013,20:00,1,1,0
23/06/2013,20:15,3,1,2
23/06/2013,20:30,2,2,0
23/06/2013,20:45,1,1,0
23/06/2013,21:00,0,0,0
23/06/2013,21:15,1,1,0
23/06/2013,21:30,1,1,0
23/06/2013,21:45,1,0,1
23/06/2013,22:00,0,0,0
23/06/2013,22:15,1,0,1
23/06/2013,22:30,4,1,3
23/06/2013,22:45,0,0,0
23/06/2013,23:00,0,0,0
23/06/2013,23:15,0,0,0
23/06/2013,23:30,0,0,0
23/06/2013,23:45,0,0,0
24/06/2013,00:00,0,0,0
24/06/2013,00:15,0,0,0
24/06/2013,00:30,0,0,0
24/06/2013,00:45,1,1,0
24/06/2013,01:00,0,0,0
24/06/2013,01:15,0,0,0
24/06/2013,01:30,0,0,0
24/06/2013,01:45,0,0,0
24/06/2013,02:00,0,0,0
24/06/2013,02:15,0,0,0
24/06/2013,02:30,0,0,0
24/06/2013,02:45,0,0,0
24/06/2013,03:00,0,0,0
24/06/2013,03:15,0,0,0
24/06/2013,03:30,1,1,0
24/06/2013,03:45,2,2,0
24/06/2013,04:00,0,0,0
24/06/2013,04:15,0,0,0
24/06/2013,04:30,1,1,0
24/06/2013,04:45,0,0,0
24/06/2013,05:00,2,2,0
24/06/2013,05:15,2,1,1
24/06/2013,05:30,3,0,3
24/06/2013,05:45,4,0,4
24/06/2013,06:00,4,0,4
24/06/2013,06:15,11,8,3
24/06/2013,06:30,30,11,19
24/06/2013,06:45,16,7,9
24/06/2013,07:00,12,7,5
24/06/2013,07:15,9,6,3
24/06/2013,07:30,13,9,4
24/06/2013,07:45,16,7,9
24/06/2013,08:00,15,5,10
24/06/2013,08:15,11,4,7
24/06/2013,08:30,9,4,5
24/06/2013,08:45,16,6,10
24/06/2013,09:00,18,7,11
24/06/2013,09:15,18,6,12
24/06/2013,09:30,16,3,13
24/06/2013,09:45,17,6,11
24/06/2013,10:00,22,6,16
24/06/2013,10:15,10,3,7
24/06/2013,10:30,21,7,14
24/06/2013,10:45,14,2,12
24/06/2013,11:00,8,4,4
24/06/2013,11:15,13,6,7
24/06/2013,11:30,16,9,7
24/06/2013,11:45,16,6,10
24/06/2013,12:00,19,9,10
24/06/2013,12:15,19,3,16
24/06/2013,12:30,19,14,5
24/06/2013,12:45,17,13,4
24/06/2013,13:00,16,12,4
24/06/2013,13:15,18,12,6
24/06/2013,13:30,8,3,5
24/06/2013,13:45,8,5,3
24/06/2013,14:00,10,8,2
24/06/2013,14:15,16,9,7
24/06/2013,14:30,9,5,4
24/06/2013,14:45,6,2,4
24/06/2013,15:00,3,3,0
24/06/2013,15:15,6,1,5
24/06/2013,15:30,9,4,5
24/06/2013,15:45,12,8,4
24/06/2013,16:00,5,4,1
24/06/2013,16:15,8,2,6
24/06/2013,16:30,15,8,7
24/06/2013,16:45,9,2,7
24/06/2013,17:00,16,6,10
24/06/2013,17:15,9,4,5
24/06/2013,17:30,14,7,7
24/06/2013,17:45,12,4,8
24/06/2013,18:00,14,8,6
24/06/2013,18:15,15,9,6
24/06/2013,18:30,14,11,3
24/06/2013,18:45,9,6,3
24/06/2013,19:00,6,5,1
24/06/2013,19:15,11,4,7
24/06/2013,19:30,8,2,6
24/06/2013,19:45,4,2,2
24/06/2013,20:00,6,3,3
24/06/2013,20:15,2,0,2
24/06/2013,20:30,3,0,3
24/06/2013,20:45,1,0,1
24/06/2013,21:00,1,0,1
24/06/2013,21:15,3,3,0
24/06/2013,21:30,0,0,0
24/06/2013,21:45,1,0,1
24/06/2013,22:00,0,0,0
24/06/2013,22:15,1,1,0
24/06/2013,22:30,0,0,0
24/06/2013,22:45,0,0,0
24/06/2013,23:00,2,2,0
24/06/2013,23:15,0,0,0
24/06/2013,23:30,0,0,0
24/06/2013,23:45,1,0,1
25/06/2013,00:00,0,0,0
25/06/2013,00:15,0,0,0
25/06/2013,00:30,0,0,0
25/06/2013,00:45,2,0,2
25/06/2013,01:00,0,0,0
25/06/2013,01:15,0,0,0
25/06/2013,01:30,0,0,0
25/06/2013,01:45,0,0,0
25/06/2013,02:00,0,0,0
25/06/2013,02:15,0,0,0
25/06/2013,02:30,0,0,0
25/06/2013,02:45,0,0,0
25/06/2013,03:00,0,0,0
25/06/2013,03:15,0,0,0
25/06/2013,03:30,0,0,0
25/06/2013,03:45,0,0,0
25/06/2013,04:00,0,0,0
25/06/2013,04:15,0,0,0
25/06/2013,04:30,0,0,0
25/06/2013,04:45,0,0,0
25/06/2013,05:00,0,0,0
25/06/2013,05:15,0,0,0
25/06/2013,05:30,1,0,1
25/06/2013,05:45,2,1,1
25/06/2013,06:00,1,1,0
25/06/2013,06:15,3,1,2
25/06/2013,06:30,1,1,0
25/06/2013,06:45,3,1,2
25/06/2013,07:00,2,1,1
25/06/2013,07:15,3,1,2
25/06/2013,07:30,0,0,0
25/06/2013,07:45,5,2,3
25/06/2013,08:00,2,2,0
25/06/2013,08:15,4,2,2
25/06/2013,08:30,4,2,2
25/06/2013,08:45,5,1,4
25/06/2013,09:00,2,0,2
25/06/2013,09:15,3,2,1
25/06/2013,09:30,3,2,1
25/06/2013,09:45,5,0,5
25/06/2013,10:00,9,7,2
25/06/2013,10:15,5,4,1
25/06/2013,10:30,10,7,3
25/06/2013,10:45,2,1,1
25/06/2013,11:00,0,0,0
25/06/2013,11:15,0,0,0
25/06/2013,11:30,6,4,2
25/06/2013,11:45,3,1,2
25/06/2013,12:00,7,3,4
25/06/2013,12:15,3,0,3
25/06/2013,12:30,6,2,4
25/06/2013,12:45,2,1,1
25/06/2013,13:00,8,4,4
25/06/2013,13:15,4,3,1
25/06/2013,13:30,6,4,2
25/06/2013,13:45,7,3,4
25/06/2013,14:00,4,1,3
25/06/2013,14:15,12,6,6
25/06/2013,14:30,25,18,7
25/06/2013,14:45,12,6,6
25/06/2013,15:00,20,18,2
25/06/2013,15:15,8,3,5
25/06/2013,15:30,7,1,6
25/06/2013,15:45,16,6,10
25/06/2013,16:00,12,2,10
25/06/2013,16:15,22,6,16
25/06/2013,16:30,15,8,7
25/06/2013,16:45,31,11,20
25/06/2013,17:00,28,14,14
25/06/2013,17:15,31,14,17
25/06/2013,17:30,19,11,8
25/06/2013,17:45,18,7,11
25/06/2013,18:00,17,10,7
25/06/2013,18:15,23,16,7
25/06/2013,18:30,23,11,12
25/06/2013,18:45,13,9,4
25/06/2013,19:00,11,9,2
25/06/2013,19:15,19,12,7
25/06/2013,19:30,8,5,3
25/06/2013,19:45,13,5,8
25/06/2013,20:00,9,6,3
25/06/2013,20:15,5,5,0
25/06/2013,20:30,3,3,0
25/06/2013,20:45,6,2,4
25/06/2013,21:00,2,0,2
25/06/2013,21:15,0,0,0
25/06/2013,21:30,1,1,0
25/06/2013,21:45,2,0,2
25/06/2013,22:00,0,0,0
25/06/2013,22:15,2,1,1
25/06/2013,22:30,1,0,1
25/06/2013,22:45,0,0,0
25/06/2013,23:00,0,0,0
25/06/2013,23:15,0,0,0
25/06/2013,23:30,0,0,0
25/06/2013,23:45,0,0,0
26/06/2013,00:00,0,0,0
26/06/2013,00:15,0,0,0
26/06/2013,00:30,0,0,0
26/06/2013,00:45,0,0,0
26/06/2013,01:00,0,0,0
26/06/2013,01:15,0,0,0
26/06/2013,01:30,1,0,1
26/06/2013,01:45,0,0,0
26/06/2013,02:00,0,0,0
26/06/2013,02:15,0,0,0
26/06/2013,02:30,0,0,0
26/06/2013,02:45,0,0,0
26/06/2013,03:00,0,0,0
26/06/2013,03:15,0,0,0
26/06/2013,03:30,0,0,0
26/06/2013,03:45,0,0,0
26/06/2013,04:00,1,1,0
26/06/2013,04:15,0,0,0
26/06/2013,04:30,0,0,0
26/06/2013,04:45,0,0,0
26/06/2013,05:00,1,1,0
26/06/2013,05:15,0,0,0
26/06/2013,05:30,4,2,2
26/06/2013,05:45,12,6,6
26/06/2013,06:00,20,8,12
26/06/2013,06:15,15,11,4
26/06/2013,06:30,22,14,8
26/06/2013,06:45,26,14,12
26/06/2013,07:00,26,18,8
26/06/2013,07:15,19,16,3
26/06/2013,07:30,26,17,9
26/06/2013,07:45,28,18,10
26/06/2013,08:00,31,21,10
26/06/2013,08:15,18,12,6
26/06/2013,08:30,19,11,8
26/06/2013,08:45,22,11,11
26/06/2013,09:00,22,15,7
26/06/2013,09:15,26,11,15
26/06/2013,09:30,21,9,12
26/06/2013,09:45,23,15,8
26/06/2013,10:00,25,16,9
26/06/2013,10:15,51,34,17
26/06/2013,10:30,29,13,16
26/06/2013,10:45,29,8,21
26/06/2013,11:00,36,20,16
26/06/2013,11:15,27,19,8
26/06/2013,11:30,33,22,11
26/06/2013,11:45,42,31,11
26/06/2013,12:00,43,25,18
26/06/2013,12:15,27,16,11
26/06/2013,12:30,36,22,14
26/06/2013,12:45,39,25,14
26/06/2013,13:00,39,28,11
26/06/2013,13:15,23,10,13
26/06/2013,13:30,29,20,9
26/06/2013,13:45,22,16,6
26/06/2013,14:00,49,39,10
26/06/2013,14:15,39,32,7
26/06/2013,14:30,27,17,10
26/06/2013,14:45,27,16,11
26/06/2013,15:00,36,30,6
26/06/2013,15:15,35,22,13
26/06/2013,15:30,27,19,8
26/06/2013,15:45,27,18,9
26/06/2013,16:00,39,30,9
26/06/2013,16:15,35,23,12
26/06/2013,16:30,40,31,9
26/06/2013,16:45,52,27,25
26/06/2013,17:00,40,24,16
26/06/2013,17:15,58,45,13
26/06/2013,17:30,54,38,16
26/06/2013,17:45,51,36,15
26/06/2013,18:00,45,37,8
26/06/2013,18:15,53,35,18
26/06/2013,18:30,61,35,26
26/06/2013,18:45,36,25,11
26/06/2013,19:00,41,27,14
26/06/2013,19:15,43,28,15
26/06/2013,19:30,28,17,11
26/06/2013,19:45,17,12,5
26/06/2013,20:00,23,13,10
26/06/2013,20:15,19,15,4
26/06/2013,20:30,20,14,6
26/06/2013,20:45,14,5,9
26/06/2013,21:00,14,8,6
26/06/2013,21:15,2,2,0
26/06/2013,21:30,6,2,4
26/06/2013,21:45,2,1,1
26/06/2013,22:00,0,0,0
26/06/2013,22:15,1,1,0
26/06/2013,22:30,2,2,0
26/06/2013,22:45,1,1,0
26/06/2013,23:00,0,0,0
26/06/2013,23:15,0,0,0
26/06/2013,23:30,2,2,0
26/06/2013,23:45,0,0,0
27/06/2013,00:00,0,0,0
27/06/2013,00:15,0,0,0
27/06/2013,00:30,0,0,0
27/06/2013,00:45,0,0,0
27/06/2013,01:00,0,0,0
27/06/2013,01:15,0,0,0
27/06/2013,01:30,0,0,0
27/06/2013,01:45,0,0,0
27/06/2013,02:00,0,0,0
27/06/2013,02:15,0,0,0
27/06/2013,02:30,0,0,0
27/06/2013,02:45,0,0,0
27/06/2013,03:00,0,0,0
27/06/2013,03:15,0,0,0
27/06/2013,03:30,0,0,0
27/06/2013,03:45,1,1,0
27/06/2013,04:00,0,0,0
27/06/2013,04:15,0,0,0
27/06/2013,04:30,0,0,0
27/06/2013,04:45,1,1,0
27/06/2013,05:00,4,3,1
27/06/2013,05:15,0,0,0
27/06/2013,05:30,7,4,3
27/06/2013,05:45,7,4,3
27/06/2013,06:00,19,15,4
27/06/2013,06:15,9,7,2
27/06/2013,06:30,18,12,6
27/06/2013,06:45,18,14,4
27/06/2013,07:00,21,16,5
27/06/2013,07:15,19,13,6
27/06/2013,07:30,26,19,7
27/06/2013,07:45,30,23,7
27/06/2013,08:00,33,21,12
27/06/2013,08:15,27,19,8
27/06/2013,08:30,21,13,8
27/06/2013,08:45,27,22,5
27/06/2013,09:00,30,18,12
27/06/2013,09:15,39,24,15
27/06/2013,09:30,47,36,11
27/06/2013,09:45,27,11,16
27/06/2013,10:00,46,35,11
27/06/2013,10:15,25,13,12
27/06/2013,10:30,36,19,17
27/06/2013,10:45,27,19,8
27/06/2013,11:00,50,32,18
27/06/2013,11:15,38,28,10
27/06/2013,11:30,22,12,10
27/06/2013,11:45,30,22,8
27/06/2013,12:00,32,24,8
27/06/2013,12:15,27,17,10
27/06/2013,12:30,36,26,10
27/06/2013,12:45,48,45,3
27/06/2013,13:00,23,19,4
27/06/2013,13:15,30,16,14
27/06/2013,13:30,27,13,14
27/06/2013,13:45,21,18,3
27/06/2013,14:00,31,24,7
27/06/2013,14:15,28,12,16
27/06/2013,14:30,43,36,7
27/06/2013,14:45,34,22,12
27/06/2013,15:00,20,11,9
27/06/2013,15:15,31,24,7
27/06/2013,15:30,31,22,9
27/06/2013,15:45,25,19,6
27/06/2013,16:00,18,15,3
27/06/2013,16:15,42,35,7
27/06/2013,16:30,35,27,8
27/06/2013,16:45,36,28,8
27/06/2013,17:00,37,23,14
27/06/2013,17:15,30,26,4
27/06/2013,17:30,37,23,14
27/06/2013,17:45,46,34,12
27/06/2013,18:00,34,29,5
27/06/2013,18:15,43,27,16
27/06/2013,18:30,50,36,14
27/06/2013,18:45,63,19,44
27/06/2013,19:00,33,23,10
27/06/2013,19:15,50,26,24
27/06/2013,19:30,41,15,26
27/06/2013,19:45,23,16,7
27/06/2013,20:00,14,10,4
27/06/2013,20:15,20,8,12
27/06/2013,20:30,19,7,12
27/06/2013,20:45,9,3,6
27/06/2013,21:00,11,6,5
27/06/2013,21:15,4,1,3
27/06/2013,21:30,2,1,1
27/06/2013,21:45,1,1,0
27/06/2013,22:00,2,1,1
27/06/2013,22:15,1,1,0
27/06/2013,22:30,0,0,0
27/06/2013,22:45,0,0,0
27/06/2013,23:00,0,0,0
27/06/2013,23:15,0,0,0
27/06/2013,23:30,1,0,1
27/06/2013,23:45,1,1,0
28/06/2013,00:00,0,0,0
28/06/2013,00:15,1,1,0
28/06/2013,00:30,0,0,0
28/06/2013,00:45,0,0,0
28/06/2013,01:00,0,0,0
28/06/2013,01:15,0,0,0
28/06/2013,01:30,2,1,1
28/06/2013,01:45,0,0,0
28/06/2013,02:00,0,0,0
28/06/2013,02:15,0,0,0
28/06/2013,02:30,0,0,0
28/06/2013,02:45,0,0,0
28/06/2013,03:00,0,0,0
28/06/2013,03:15,0,0,0
28/06/2013,03:30,0,0,0
28/06/2013,03:45,0,0,0
28/06/2013,04:00,0,0,0
28/06/2013,04:15,0,0,0
28/06/2013,04:30,1,1,0
28/06/2013,04:45,3,3,0
28/06/2013,05:00,1,0,1
28/06/2013,05:15,4,4,0
28/06/2013,05:30,2,1,1
28/06/2013,05:45,14,12,2
28/06/2013,06:00,26,18,8
28/06/2013,06:15,22,11,11
28/06/2013,06:30,22,14,8
28/06/2013,06:45,26,10,16
28/06/2013,07:00,35,25,10
28/06/2013,07:15,27,15,12
28/06/2013,07:30,40,25,15
28/06/2013,07:45,28,17,11
28/06/2013,08:00,35,21,14
28/06/2013,08:15,25,18,7
28/06/2013,08:30,30,23,7
28/06/2013,08:45,24,16,8
28/06/2013,09:00,18,8,10
28/06/2013,09:15,26,15,11
28/06/2013,09:30,31,14,17
28/06/2013,09:45,26,16,10
28/06/2013,10:00,32,14,18
28/06/2013,10:15,35,29,6
28/06/2013,10:30,41,28,13
28/06/2013,10:45,23,12,11
28/06/2013,11:00,29,22,7
28/06/2013,11:15,17,15,2
28/06/2013,11:30,42,29,13
28/06/2013,11:45,37,28,9
28/06/2013,12:00,23,18,5
28/06/2013,12:15,71,35,36
28/06/2013,12:30,41,21,20
28/06/2013,12:45,49,33,16
28/06/2013,13:00,41,18,23
28/06/2013,13:15,36,19,17
28/06/2013,13:30,40,26,14
28/06/2013,13:45,45,25,20
28/06/2013,14:00,43,25,18
28/06/2013,14:15,38,32,6
28/06/2013,14:30,34,31,3
28/06/2013,14:45,22,19,3
28/06/2013,15:00,32,20,12
28/06/2013,15:15,24,18,6
28/06/2013,15:30,22,17,5
28/06/2013,15:45,29,21,8
28/06/2013,16:00,31,24,7
28/06/2013,16:15,31,18,13
28/06/2013,16:30,39,31,8
28/06/2013,16:45,33,24,9
28/06/2013,17:00,36,23,13
28/06/2013,17:15,50,41,9
28/06/2013,17:30,28,15,13
28/06/2013,17:45,35,25,10
28/06/2013,18:00,32,24,8
28/06/2013,18:15,31,17,14
28/06/2013,18:30,40,31,9
28/06/2013,18:45,17,12,5
28/06/2013,19:00,30,19,11
28/06/2013,19:15,38,13,25
28/06/2013,19:30,20,15,5
28/06/2013,19:45,20,13,7
28/06/2013,20:00,15,4,11
28/06/2013,20:15,23,15,8
28/06/2013,20:30,16,5,11
28/06/2013,20:45,12,5,7
28/06/2013,21:00,1,1,0
28/06/2013,21:15,7,4,3
28/06/2013,21:30,1,1,0
28/06/2013,21:45,3,0,3
28/06/2013,22:00,0,0,0
28/06/2013,22:15,2,1,1
28/06/2013,22:30,3,3,0
28/06/2013,22:45,1,1,0
28/06/2013,23:00,0,0,0
28/06/2013,23:15,0,0,0
28/06/2013,23:30,0,0,0
28/06/2013,23:45,1,1,0
29/06/2013,00:00,1,1,0
29/06/2013,00:15,0,0,0
29/06/2013,00:30,1,1,0
29/06/2013,00:45,1,1,0
29/06/2013,01:00,0,0,0
29/06/2013,01:15,1,0,1
29/06/2013,01:30,0,0,0
29/06/2013,01:45,0,0,0
29/06/2013,02:00,0,0,0
29/06/2013,02:15,0,0,0
29/06/2013,02:30,0,0,0
29/06/2013,02:45,0,0,0
29/06/2013,03:00,2,2,0
29/06/2013,03:15,1,1,0
29/06/2013,03:30,0,0,0
29/06/2013,03:45,1,1,0
29/06/2013,04:00,0,0,0
29/06/2013,04:15,0,0,0
29/06/2013,04:30,0,0,0
29/06/2013,04:45,1,1,0
29/06/2013,05:00,0,0,0
29/06/2013,05:15,1,0,1
29/06/2013,05:30,3,3,0
29/06/2013,05:45,2,1,1
29/06/2013,06:00,11,3,8
29/06/2013,06:15,3,1,2
29/06/2013,06:30,4,1,3
29/06/2013,06:45,13,7,6
29/06/2013,07:00,14,9,5
29/06/2013,07:15,26,19,7
29/06/2013,07:30,39,22,17
29/06/2013,07:45,51,49,2
29/06/2013,08:00,39,33,6
29/06/2013,08:15,65,55,10
29/06/2013,08:30,69,58,11
29/06/2013,08:45,72,60,12
29/06/2013,09:00,163,150,13
29/06/2013,09:15,84,72,12
29/06/2013,09:30,100,80,20
29/06/2013,09:45,128,112,16
29/06/2013,10:00,122,109,13
29/06/2013,10:15,127,112,15
29/06/2013,10:30,106,88,18
29/06/2013,10:45,133,123,10
29/06/2013,11:00,93,82,11
29/06/2013,11:15,126,117,9
29/06/2013,11:30,121,110,11
29/06/2013,11:45,110,98,12
29/06/2013,12:00,84,76,8
29/06/2013,12:15,87,80,7
29/06/2013,12:30,100,95,5
29/06/2013,12:45,108,101,7
29/06/2013,13:00,96,92,4
29/06/2013,13:15,97,82,15
29/06/2013,13:30,65,58,7
29/06/2013,13:45,93,83,10
29/06/2013,14:00,87,51,36
29/06/2013,14:15,87,78,9
29/06/2013,14:30,69,56,13
29/06/2013,14:45,57,53,4
29/06/2013,15:00,78,70,8
29/06/2013,15:15,59,39,20
29/06/2013,15:30,39,31,8
29/06/2013,15:45,62,54,8
29/06/2013,16:00,34,30,4
29/06/2013,16:15,47,37,10
29/06/2013,16:30,44,33,11
29/06/2013,16:45,44,30,14
29/06/2013,17:00,46,32,14
29/06/2013,17:15,33,24,9
29/06/2013,17:30,50,38,12
29/06/2013,17:45,41,23,18
29/06/2013,18:00,49,18,31
29/06/2013,18:15,28,16,12
29/06/2013,18:30,14,8,6
29/06/2013,18:45,16,13,3
29/06/2013,19:00,14,11,3
29/06/2013,19:15,10,6,4
29/06/2013,19:30,23,17,6
29/06/2013,19:45,10,6,4
29/06/2013,20:00,13,4,9
29/06/2013,20:15,20,6,14
29/06/2013,20:30,15,11,4
29/06/2013,20:45,11,3,8
29/06/2013,21:00,5,2,3
29/06/2013,21:15,12,8,4
29/06/2013,21:30,1,0,1
29/06/2013,21:45,3,0,3
29/06/2013,22:00,1,1,0
29/06/2013,22:15,0,0,0
29/06/2013,22:30,1,1,0
29/06/2013,22:45,0,0,0
29/06/2013,23:00,4,4,0
29/06/2013,23:15,0,0,0
29/06/2013,23:30,0,0,0
29/06/2013,23:45,7,7,0
30/06/2013,00:00,1,1,0
30/06/2013,00:15,0,0,0
30/06/2013,00:30,0,0,0
30/06/2013,00:45,0,0,0
30/06/2013,01:00,0,0,0
30/06/2013,01:15,0,0,0
30/06/2013,01:30,0,0,0
30/06/2013,01:45,0,0,0
30/06/2013,02:00,0,0,0
30/06/2013,02:15,0,0,0
30/06/2013,02:30,0,0,0
30/06/2013,02:45,0,0,0
30/06/2013,03:00,0,0,0
30/06/2013,03:15,0,0,0
30/06/2013,03:30,0,0,0
30/06/2013,03:45,0,0,0
30/06/2013,04:00,0,0,0
30/06/2013,04:15,0,0,0
30/06/2013,04:30,0,0,0
30/06/2013,04:45,0,0,0
30/06/2013,05:00,0,0,0
30/06/2013,05:15,0,0,0
30/06/2013,05:30,2,1,1
30/06/2013,05:45,2,0,2
30/06/2013,06:00,5,1,4
30/06/2013,06:15,3,2,1
30/06/2013,06:30,18,5,13
30/06/2013,06:45,19,12,7
30/06/2013,07:00,12,6,6
30/06/2013,07:15,20,17,3
30/06/2013,07:30,26,11,15
30/06/2013,07:45,38,21,17
30/06/2013,08:00,56,39,17
30/06/2013,08:15,42,25,17
30/06/2013,08:30,50,39,11
30/06/2013,08:45,54,43,11
30/06/2013,09:00,67,58,9
30/06/2013,09:15,78,65,13
30/06/2013,09:30,85,74,11
30/06/2013,09:45,78,62,16
30/06/2013,10:00,82,74,8
30/06/2013,10:15,106,93,13
30/06/2013,10:30,104,88,16
30/06/2013,10:45,106,94,12
30/06/2013,11:00,97,85,12
30/06/2013,11:15,81,69,12
30/06/2013,11:30,99,89,10
30/06/2013,11:45,93,86,7
30/06/2013,12:00,82,71,11
30/06/2013,12:15,74,61,13
30/06/2013,12:30,71,64,7
30/06/2013,12:45,90,80,10
30/06/2013,13:00,60,55,5
30/06/2013,13:15,58,54,4
30/06/2013,13:30,70,62,8
30/06/2013,13:45,67,59,8
30/06/2013,14:00,53,46,7
30/06/2013,14:15,53,45,8
30/06/2013,14:30,67,62,5
30/06/2013,14:45,52,44,8
30/06/2013,15:00,62,53,9
30/06/2013,15:15,40,30,10
30/06/2013,15:30,64,47,17
30/06/2013,15:45,68,36,32
30/06/2013,16:00,70,23,47
30/06/2013,16:15,67,31,36
30/06/2013,16:30,78,53,25
30/06/2013,16:45,55,41,14
30/06/2013,17:00,38,22,16
30/06/2013,17:15,62,29,33
30/06/2013,17:30,59,11,48
30/06/2013,17:45,54,28,26
30/06/2013,18:00,38,27,11
30/06/2013,18:15,35,20,15
30/06/2013,18:30,57,14,43
30/06/2013,18:45,40,15,25
30/06/2013,19:00,22,10,12
30/06/2013,19:15,17,6,11
30/06/2013,19:30,19,6,13
30/06/2013,19:45,16,4,12
30/06/2013,20:00,13,6,7
30/06/2013,20:15,15,6,9
30/06/2013,20:30,5,2,3
30/06/2013,20:45,14,8,6
30/06/2013,21:00,4,2,2
30/06/2013,21:15,1,0,1
30/06/2013,21:30,0,0,0
30/06/2013,21:45,0,0,0
30/06/2013,22:00,3,3,0
30/06/2013,22:15,4,0,4
30/06/2013,22:30,2,2,0
30/06/2013,22:45,1,1,0
30/06/2013,23:00,0,0,0
30/06/2013,23:15,0,0,0
30/06/2013,23:30,0,0,0
30/06/2013,23:45,2,2,0
01/07/2013,00:00,0,0,0
01/07/2013,00:15,0,0,0
01/07/2013,00:30,0,0,0
01/07/2013,00:45,2,2,0
01/07/2013,01:00,0,0,0
01/07/2013,01:15,0,0,0
01/07/2013,01:30,0,0,0
01/07/2013,01:45,0,0,0
01/07/2013,02:00,0,0,0
01/07/2013,02:15,0,0,0
01/07/2013,02:30,0,0,0
01/07/2013,02:45,0,0,0
01/07/2013,03:00,0,0,0
01/07/2013,03:15,0,0,0
01/07/2013,03:30,1,1,0
01/07/2013,03:45,1,1,0
01/07/2013,04:00,0,0,0
01/07/2013,04:15,1,1,0
01/07/2013,04:30,0,0,0
01/07/2013,04:45,3,2,1
01/07/2013,05:00,4,4,0
01/07/2013,05:15,1,1,0
01/07/2013,05:30,4,2,2
01/07/2013,05:45,2,2,0
01/07/2013,06:00,12,4,8
01/07/2013,06:15,26,19,7
01/07/2013,06:30,23,17,6
01/07/2013,06:45,23,17,6
01/07/2013,07:00,25,19,6
01/07/2013,07:15,19,9,10
01/07/2013,07:30,37,26,11
01/07/2013,07:45,51,38,13
01/07/2013,08:00,24,14,10
01/07/2013,08:15,35,25,10
01/07/2013,08:30,23,16,7
01/07/2013,08:45,31,24,7
01/07/2013,09:00,25,16,9
01/07/2013,09:15,29,14,15
01/07/2013,09:30,34,24,10
01/07/2013,09:45,27,12,15
01/07/2013,10:00,19,10,9
01/07/2013,10:15,29,24,5
01/07/2013,10:30,35,18,17
01/07/2013,10:45,37,30,7
01/07/2013,11:00,28,15,13
01/07/2013,11:15,23,12,11
01/07/2013,11:30,25,10,15
01/07/2013,11:45,36,27,9
01/07/2013,12:00,23,18,5
01/07/2013,12:15,12,9,3
01/07/2013,12:30,23,15,8
01/07/2013,12:45,11,3,8
01/07/2013,13:00,25,15,10
01/07/2013,13:15,27,19,8
01/07/2013,13:30,21,16,5
01/07/2013,13:45,32,24,8
01/07/2013,14:00,30,19,11
01/07/2013,14:15,27,18,9
01/07/2013,14:30,56,33,23
01/07/2013,14:45,51,21,30
01/07/2013,15:00,18,11,7
01/07/2013,15:15,26,19,7
01/07/2013,15:30,22,19,3
01/07/2013,15:45,30,21,9
01/07/2013,16:00,32,22,10
01/07/2013,16:15,28,20,8
01/07/2013,16:30,30,21,9
01/07/2013,16:45,27,14,13
01/07/2013,17:00,51,37,14
01/07/2013,17:15,29,22,7
01/07/2013,17:30,36,23,13
01/07/2013,17:45,48,30,18
01/07/2013,18:00,48,32,16
01/07/2013,18:15,55,41,14
01/07/2013,18:30,38,23,15
01/07/2013,18:45,40,30,10
01/07/2013,19:00,27,16,11
01/07/2013,19:15,28,14,14
01/07/2013,19:30,14,8,6
01/07/2013,19:45,21,13,8
01/07/2013,20:00,21,14,7
01/07/2013,20:15,18,4,14
01/07/2013,20:30,11,1,10
01/07/2013,20:45,8,5,3
01/07/2013,21:00,6,3,3
01/07/2013,21:15,1,0,1
01/07/2013,21:30,4,0,4
01/07/2013,21:45,2,0,2
01/07/2013,22:00,0,0,0
01/07/2013,22:15,0,0,0
01/07/2013,22:30,1,1,0
01/07/2013,22:45,0,0,0
01/07/2013,23:00,3,2,1
01/07/2013,23:15,0,0,0
01/07/2013,23:30,0,0,0
01/07/2013,23:45,0,0,0
02/07/2013,00:00,1,0,1
02/07/2013,00:15,0,0,0
02/07/2013,00:30,0,0,0
02/07/2013,00:45,0,0,0
02/07/2013,01:00,0,0,0
02/07/2013,01:15,0,0,0
02/07/2013,01:30,0,0,0
02/07/2013,01:45,0,0,0
02/07/2013,02:00,0,0,0
02/07/2013,02:15,0,0,0
02/07/2013,02:30,0,0,0
02/07/2013,02:45,0,0,0
02/07/2013,03:00,0,0,0
02/07/2013,03:15,0,0,0
02/07/2013,03:30,0,0,0
02/07/2013,03:45,0,0,0
02/07/2013,04:00,0,0,0
02/07/2013,04:15,0,0,0
02/07/2013,04:30,0,0,0
02/07/2013,04:45,2,1,1
02/07/2013,05:00,3,1,2
02/07/2013,05:15,4,2,2
02/07/2013,05:30,6,3,3
02/07/2013,05:45,8,4,4
02/07/2013,06:00,14,7,7
02/07/2013,06:15,19,16,3
02/07/2013,06:30,31,17,14
02/07/2013,06:45,26,14,12
02/07/2013,07:00,26,18,8
02/07/2013,07:15,37,21,16
02/07/2013,07:30,29,26,3
02/07/2013,07:45,41,29,12
02/07/2013,08:00,28,16,12
02/07/2013,08:15,33,29,4
02/07/2013,08:30,27,19,8
02/07/2013,08:45,20,10,10
02/07/2013,09:00,28,20,8
02/07/2013,09:15,32,15,17
02/07/2013,09:30,33,23,10
02/07/2013,09:45,40,21,19
02/07/2013,10:00,23,12,11
02/07/2013,10:15,30,13,17
02/07/2013,10:30,31,18,13
02/07/2013,10:45,41,25,16
02/07/2013,11:00,29,13,16
02/07/2013,11:15,32,11,21
02/07/2013,11:30,32,15,17
02/07/2013,11:45,22,15,7
02/07/2013,12:00,27,15,12
02/07/2013,12:15,27,21,6
02/07/2013,12:30,31,22,9
02/07/2013,12:45,33,21,12
02/07/2013,13:00,48,30,18
02/07/2013,13:15,21,9,12
02/07/2013,13:30,30,21,9
02/07/2013,13:45,22,15,7
02/07/2013,14:00,31,25,6
02/07/2013,14:15,23,19,4
02/07/2013,14:30,26,17,9
02/07/2013,14:45,32,21,11
02/07/2013,15:00,27,17,10
02/07/2013,15:15,26,13,13
02/07/2013,15:30,21,18,3
02/07/2013,15:45,32,17,15
02/07/2013,16:00,45,22,23
02/07/2013,16:15,35,27,8
02/07/2013,16:30,23,12,11
02/07/2013,16:45,34,22,12
02/07/2013,17:00,21,14,7
02/07/2013,17:15,48,29,19
02/07/2013,17:30,31,14,17
02/07/2013,17:45,43,23,20
02/07/2013,18:00,46,28,18
02/07/2013,18:15,48,34,14
02/07/2013,18:30,35,18,17
02/07/2013,18:45,38,17,21
02/07/2013,19:00,33,29,4
02/07/2013,19:15,20,8,12
02/07/2013,19:30,15,8,7
02/07/2013,19:45,16,11,5
02/07/2013,20:00,15,8,7
02/07/2013,20:15,11,6,5
02/07/2013,20:30,8,5,3
02/07/2013,20:45,10,7,3
02/07/2013,21:00,2,1,1
02/07/2013,21:15,6,1,5
02/07/2013,21:30,1,0,1
02/07/2013,21:45,5,3,2
02/07/2013,22:00,2,2,0
02/07/2013,22:15,2,1,1
02/07/2013,22:30,1,0,1
02/07/2013,22:45,1,1,0
02/07/2013,23:00,0,0,0
02/07/2013,23:15,0,0,0
02/07/2013,23:30,0,0,0
02/07/2013,23:45,0,0,0
03/07/2013,00:00,0,0,0
03/07/2013,00:15,0,0,0
03/07/2013,00:30,0,0,0
03/07/2013,00:45,0,0,0
03/07/2013,01:00,0,0,0
03/07/2013,01:15,0,0,0
03/07/2013,01:30,0,0,0
03/07/2013,01:45,1,0,1
03/07/2013,02:00,1,1,0
03/07/2013,02:15,0,0,0
03/07/2013,02:30,0,0,0
03/07/2013,02:45,0,0,0
03/07/2013,03:00,0,0,0
03/07/2013,03:15,0,0,0
03/07/2013,03:30,0,0,0
03/07/2013,03:45,0,0,0
03/07/2013,04:00,0,0,0
03/07/2013,04:15,0,0,0
03/07/2013,04:30,2,2,0
03/07/2013,04:45,1,1,0
03/07/2013,05:00,2,2,0
03/07/2013,05:15,6,6,0
03/07/2013,05:30,1,0,1
03/07/2013,05:45,5,3,2
03/07/2013,06:00,17,14,3
03/07/2013,06:15,14,8,6
03/07/2013,06:30,29,16,13
03/07/2013,06:45,30,24,6
03/07/2013,07:00,27,21,6
03/07/2013,07:15,29,18,11
03/07/2013,07:30,29,22,7
03/07/2013,07:45,41,28,13
03/07/2013,08:00,35,20,15
03/07/2013,08:15,29,22,7
03/07/2013,08:30,31,28,3
03/07/2013,08:45,29,17,12
03/07/2013,09:00,27,15,12
03/07/2013,09:15,20,13,7
03/07/2013,09:30,22,16,6
03/07/2013,09:45,26,16,10
03/07/2013,10:00,49,22,27
03/07/2013,10:15,23,14,9
03/07/2013,10:30,20,12,8
03/07/2013,10:45,33,23,10
03/07/2013,11:00,33,21,12
03/07/2013,11:15,36,24,12
03/07/2013,11:30,31,20,11
03/07/2013,11:45,39,35,4
03/07/2013,12:00,31,23,8
03/07/2013,12:15,32,22,10
03/07/2013,12:30,28,21,7
03/07/2013,12:45,41,37,4
03/07/2013,13:00,36,28,8
03/07/2013,13:15,32,25,7
03/07/2013,13:30,47,39,8
03/07/2013,13:45,30,23,7
03/07/2013,14:00,44,37,7
03/07/2013,14:15,48,44,4
03/07/2013,14:30,24,16,8
03/07/2013,14:45,38,36,2
03/07/2013,15:00,41,37,4
03/07/2013,15:15,54,45,9
03/07/2013,15:30,32,25,7
03/07/2013,15:45,33,23,10
03/07/2013,16:00,40,30,10
03/07/2013,16:15,29,22,7
03/07/2013,16:30,50,43,7
03/07/2013,16:45,48,35,13
03/07/2013,17:00,40,30,10
03/07/2013,17:15,61,53,8
03/07/2013,17:30,42,29,13
03/07/2013,17:45,49,35,14
03/07/2013,18:00,66,42,24
03/07/2013,18:15,46,20,26
03/07/2013,18:30,75,24,51
03/07/2013,18:45,56,20,36
03/07/2013,19:00,25,19,6
03/07/2013,19:15,23,14,9
03/07/2013,19:30,25,16,9
03/07/2013,19:45,12,4,8
03/07/2013,20:00,20,12,8
03/07/2013,20:15,7,6,1
03/07/2013,20:30,11,4,7
03/07/2013,20:45,9,5,4
03/07/2013,21:00,4,1,3
03/07/2013,21:15,4,2,2
03/07/2013,21:30,2,1,1
03/07/2013,21:45,2,1,1
03/07/2013,22:00,1,0,1
03/07/2013,22:15,2,2,0
03/07/2013,22:30,0,0,0
03/07/2013,22:45,2,1,1
03/07/2013,23:00,0,0,0
03/07/2013,23:15,0,0,0
03/07/2013,23:30,1,1,0
03/07/2013,23:45,1,0,1
04/07/2013,00:00,0,0,0
04/07/2013,00:15,0,0,0
04/07/2013,00:30,0,0,0
04/07/2013,00:45,0,0,0
04/07/2013,01:00,2,2,0
04/07/2013,01:15,0,0,0
04/07/2013,01:30,0,0,0
04/07/2013,01:45,0,0,0
04/07/2013,02:00,0,0,0
04/07/2013,02:15,0,0,0
04/07/2013,02:30,0,0,0
04/07/2013,02:45,0,0,0
04/07/2013,03:00,0,0,0
04/07/2013,03:15,0,0,0
04/07/2013,03:30,0,0,0
04/07/2013,03:45,0,0,0
04/07/2013,04:00,0,0,0
04/07/2013,04:15,0,0,0
04/07/2013,04:30,0,0,0
04/07/2013,04:45,0,0,0
04/07/2013,05:00,2,2,0
04/07/2013,05:15,0,0,0
04/07/2013,05:30,1,1,0
04/07/2013,05:45,3,1,2
04/07/2013,06:00,6,5,1
04/07/2013,06:15,6,3,3
04/07/2013,06:30,14,9,5
04/07/2013,06:45,5,3,2
04/07/2013,07:00,16,10,6
04/07/2013,07:15,16,9,7
04/07/2013,07:30,26,18,8
04/07/2013,07:45,28,17,11
04/07/2013,08:00,33,16,17
04/07/2013,08:15,33,24,9
04/07/2013,08:30,71,58,13
04/07/2013,08:45,54,39,15
04/07/2013,09:00,67,50,17
04/07/2013,09:15,77,65,12
04/07/2013,09:30,99,87,12
04/07/2013,09:45,93,79,14
04/07/2013,10:00,70,55,15
04/07/2013,10:15,91,79,12
04/07/2013,10:30,70,56,14
04/07/2013,10:45,72,55,17
04/07/2013,11:00,96,78,18
04/07/2013,11:15,74,60,14
04/07/2013,11:30,84,76,8
04/07/2013,11:45,96,86,10
04/07/2013,12:00,102,85,17
04/07/2013,12:15,70,58,12
04/07/2013,12:30,85,74,11
04/07/2013,12:45,85,78,7
04/07/2013,13:00,72,64,8
04/07/2013,13:15,69,55,14
04/07/2013,13:30,74,56,18
04/07/2013,13:45,64,55,9
04/07/2013,14:00,68,55,13
04/07/2013,14:15,84,72,12
04/07/2013,14:30,61,54,7
04/07/2013,14:45,76,66,10
04/07/2013,15:00,74,67,7
04/07/2013,15:15,60,51,9
04/07/2013,15:30,62,56,6
04/07/2013,15:45,56,45,11
04/07/2013,16:00,46,38,8
04/07/2013,16:15,42,32,10
04/07/2013,16:30,54,40,14
04/07/2013,16:45,54,45,9
04/07/2013,17:00,18,14,4
04/07/2013,17:15,22,16,6
04/07/2013,17:30,33,28,5
04/07/2013,17:45,41,36,5
04/07/2013,18:00,22,16,6
04/07/2013,18:15,13,8,5
04/07/2013,18:30,33,24,9
04/07/2013,18:45,23,17,6
04/07/2013,19:00,19,14,5
04/07/2013,19:15,12,5,7
04/07/2013,19:30,11,5,6
04/07/2013,19:45,13,7,6
04/07/2013,20:00,13,7,6
04/07/2013,20:15,7,3,4
04/07/2013,20:30,8,8,0
04/07/2013,20:45,7,2,5
04/07/2013,21:00,3,2,1
04/07/2013,21:15,10,8,2
04/07/2013,21:30,1,1,0
04/07/2013,21:45,3,2,1
04/07/2013,22:00,8,6,2
04/07/2013,22:15,19,18,1
04/07/2013,22:30,6,5,1
04/07/2013,22:45,9,8,1
04/07/2013,23:00,8,8,0
04/07/2013,23:15,0,0,0
04/07/2013,23:30,0,0,0
04/07/2013,23:45,1,0,1
05/07/2013,00:00,1,1,0
05/07/2013,00:15,2,2,0
05/07/2013,00:30,1,1,0
05/07/2013,00:45,0,0,0
05/07/2013,01:00,3,3,0
05/07/2013,01:15,0,0,0
05/07/2013,01:30,0,0,0
05/07/2013,01:45,0,0,0
05/07/2013,02:00,0,0,0
05/07/2013,02:15,0,0,0
05/07/2013,02:30,0,0,0
05/07/2013,02:45,1,1,0
05/07/2013,03:00,0,0,0
05/07/2013,03:15,0,0,0
05/07/2013,03:30,0,0,0
05/07/2013,03:45,2,2,0
05/07/2013,04:00,0,0,0
05/07/2013,04:15,0,0,0
05/07/2013,04:30,3,3,0
05/07/2013,04:45,0,0,0
05/07/2013,05:00,0,0,0
05/07/2013,05:15,3,1,2
05/07/2013,05:30,1,0,1
05/07/2013,05:45,0,0,0
05/07/2013,06:00,3,2,1
05/07/2013,06:15,4,3,1
05/07/2013,06:30,12,6,6
05/07/2013,06:45,15,8,7
05/07/2013,07:00,16,12,4
05/07/2013,07:15,17,9,8
05/07/2013,07:30,20,14,6
05/07/2013,07:45,33,24,9
05/07/2013,08:00,18,10,8
05/07/2013,08:15,39,22,17
05/07/2013,08:30,30,20,10
05/07/2013,08:45,27,18,9
05/07/2013,09:00,27,18,9
05/07/2013,09:15,27,12,15
05/07/2013,09:30,40,31,9
05/07/2013,09:45,38,33,5
05/07/2013,10:00,46,29,17
05/07/2013,10:15,31,22,9
05/07/2013,10:30,33,27,6
05/07/2013,10:45,40,29,11
05/07/2013,11:00,37,26,11
05/07/2013,11:15,52,39,13
05/07/2013,11:30,38,32,6
05/07/2013,11:45,45,34,11
05/07/2013,12:00,54,41,13
05/07/2013,12:15,45,38,7
05/07/2013,12:30,27,22,5
05/07/2013,12:45,36,29,7
05/07/2013,13:00,45,41,4
05/07/2013,13:15,50,41,9
05/07/2013,13:30,49,41,8
05/07/2013,13:45,61,49,12
05/07/2013,14:00,35,21,14
05/07/2013,14:15,30,19,11
05/07/2013,14:30,57,42,15
05/07/2013,14:45,49,39,10
05/07/2013,15:00,52,46,6
05/07/2013,15:15,25,22,3
05/07/2013,15:30,33,23,10
05/07/2013,15:45,33,24,9
05/07/2013,16:00,31,22,9
05/07/2013,16:15,44,31,13
05/07/2013,16:30,53,39,14
05/07/2013,16:45,48,33,15
05/07/2013,17:00,27,17,10
05/07/2013,17:15,37,22,15
05/07/2013,17:30,51,26,25
05/07/2013,17:45,53,33,20
05/07/2013,18:00,19,9,10
05/07/2013,18:15,23,6,17
05/07/2013,18:30,24,14,10
05/07/2013,18:45,13,8,5
05/07/2013,19:00,29,6,23
05/07/2013,19:15,22,1,21
05/07/2013,19:30,11,6,5
05/07/2013,19:45,12,5,7
05/07/2013,20:00,11,3,8
05/07/2013,20:15,10,4,6
05/07/2013,20:30,3,2,1
05/07/2013,20:45,4,2,2
05/07/2013,21:00,4,0,4
05/07/2013,21:15,0,0,0
05/07/2013,21:30,3,3,0
05/07/2013,21:45,0,0,0
05/07/2013,22:00,1,1,0
05/07/2013,22:15,0,0,0
05/07/2013,22:30,0,0,0
05/07/2013,22:45,0,0,0
05/07/2013,23:00,0,0,0
05/07/2013,23:15,1,1,0
05/07/2013,23:30,0,0,0
05/07/2013,23:45,0,0,0
06/07/2013,00:00,0,0,0
06/07/2013,00:15,1,1,0
06/07/2013,00:30,0,0,0
06/07/2013,00:45,0,0,0
06/07/2013,01:00,0,0,0
06/07/2013,01:15,0,0,0
06/07/2013,01:30,1,1,0
06/07/2013,01:45,1,1,0
06/07/2013,02:00,0,0,0
06/07/2013,02:15,0,0,0
06/07/2013,02:30,0,0,0
06/07/2013,02:45,2,2,0
06/07/2013,03:00,0,0,0
06/07/2013,03:15,0,0,0
06/07/2013,03:30,0,0,0
06/07/2013,03:45,0,0,0
06/07/2013,04:00,0,0,0
06/07/2013,04:15,2,2,0
06/07/2013,04:30,0,0,0
06/07/2013,04:45,0,0,0
06/07/2013,05:00,0,0,0
06/07/2013,05:15,1,1,0
06/07/2013,05:30,0,0,0
06/07/2013,05:45,0,0,0
06/07/2013,06:00,3,1,2
06/07/2013,06:15,2,1,1
06/07/2013,06:30,5,0,5
06/07/2013,06:45,3,0,3
06/07/2013,07:00,6,4,2
06/07/2013,07:15,22,16,6
06/07/2013,07:30,14,10,4
06/07/2013,07:45,18,12,6
06/07/2013,08:00,34,24,10
06/07/2013,08:15,34,23,11
06/07/2013,08:30,39,28,11
06/07/2013,08:45,45,38,7
06/07/2013,09:00,70,55,15
06/07/2013,09:15,74,55,19
06/07/2013,09:30,71,60,11
06/07/2013,09:45,54,46,8
06/07/2013,10:00,58,42,16
06/07/2013,10:15,93,82,11
06/07/2013,10:30,71,53,18
06/07/2013,10:45,85,67,18
06/07/2013,11:00,83,66,17
06/07/2013,11:15,65,45,20
06/07/2013,11:30,95,79,16
06/07/2013,11:45,74,58,16
06/07/2013,12:00,94,80,14
06/07/2013,12:15,113,89,24
06/07/2013,12:30,66,52,14
06/07/2013,12:45,66,51,15
06/07/2013,13:00,65,54,11
06/07/2013,13:15,56,45,11
06/07/2013,13:30,48,41,7
06/07/2013,13:45,51,42,9
06/07/2013,14:00,37,29,8
06/07/2013,14:15,58,46,12
06/07/2013,14:30,57,50,7
06/07/2013,14:45,67,53,14
06/07/2013,15:00,45,30,15
06/07/2013,15:15,50,41,9
06/07/2013,15:30,68,56,12
06/07/2013,15:45,33,18,15
06/07/2013,16:00,25,21,4
06/07/2013,16:15,46,37,9
06/07/2013,16:30,30,18,12
06/07/2013,16:45,27,15,12
06/07/2013,17:00,38,30,8
06/07/2013,17:15,30,23,7
06/07/2013,17:30,30,17,13
06/07/2013,17:45,33,28,5
06/07/2013,18:00,29,20,9
06/07/2013,18:15,14,5,9
06/07/2013,18:30,17,12,5
06/07/2013,18:45,18,10,8
06/07/2013,19:00,13,7,6
06/07/2013,19:15,11,7,4
06/07/2013,19:30,9,7,2
06/07/2013,19:45,8,4,4
06/07/2013,20:00,2,1,1
06/07/2013,20:15,5,3,2
06/07/2013,20:30,2,1,1
06/07/2013,20:45,0,0,0
06/07/2013,21:00,1,1,0
06/07/2013,21:15,0,0,0
06/07/2013,21:30,0,0,0
06/07/2013,21:45,0,0,0
06/07/2013,22:00,0,0,0
06/07/2013,22:15,1,1,0
06/07/2013,22:30,1,1,0
06/07/2013,22:45,0,0,0
06/07/2013,23:00,3,2,1
06/07/2013,23:15,0,0,0
06/07/2013,23:30,0,0,0
06/07/2013,23:45,1,1,0
07/07/2013,00:00,3,2,1
07/07/2013,00:15,0,0,0
07/07/2013,00:30,0,0,0
07/07/2013,00:45,1,0,1
07/07/2013,01:00,0,0,0
07/07/2013,01:15,0,0,0
07/07/2013,01:30,0,0,0
07/07/2013,01:45,0,0,0
07/07/2013,02:00,1,1,0
07/07/2013,02:15,0,0,0
07/07/2013,02:30,0,0,0
07/07/2013,02:45,0,0,0
07/07/2013,03:00,0,0,0
07/07/2013,03:15,0,0,0
07/07/2013,03:30,0,0,0
07/07/2013,03:45,0,0,0
07/07/2013,04:00,0,0,0
07/07/2013,04:15,0,0,0
07/07/2013,04:30,0,0,0
07/07/2013,04:45,0,0,0
07/07/2013,05:00,0,0,0
07/07/2013,05:15,0,0,0
07/07/2013,05:30,1,1,0
07/07/2013,05:45,0,0,0
07/07/2013,06:00,2,0,2
07/07/2013,06:15,4,1,3
07/07/2013,06:30,3,2,1
07/07/2013,06:45,6,3,3
07/07/2013,07:00,6,1,5
07/07/2013,07:15,9,6,3
07/07/2013,07:30,24,18,6
07/07/2013,07:45,18,9,9
07/07/2013,08:00,19,13,6
07/07/2013,08:15,28,16,12
07/07/2013,08:30,22,14,8
07/07/2013,08:45,51,39,12
07/07/2013,09:00,55,41,14
07/07/2013,09:15,51,36,15
07/07/2013,09:30,50,39,11
07/07/2013,09:45,54,43,11
07/07/2013,10:00,93,85,8
07/07/2013,10:15,75,63,12
07/07/2013,10:30,74,57,17
07/07/2013,10:45,62,55,7
07/07/2013,11:00,86,71,15
07/07/2013,11:15,67,44,23
07/07/2013,11:30,72,54,18
07/07/2013,11:45,82,72,10
07/07/2013,12:00,61,46,15
07/07/2013,12:15,86,74,12
07/07/2013,12:30,66,56,10
07/07/2013,12:45,71,59,12
07/07/2013,13:00,69,58,11
07/07/2013,13:15,69,56,13
07/07/2013,13:30,77,65,12
07/07/2013,13:45,75,63,12
07/07/2013,14:00,68,56,12
07/07/2013,14:15,61,39,22
07/07/2013,14:30,79,63,16
07/07/2013,14:45,93,79,14
07/07/2013,15:00,54,39,15
07/07/2013,15:15,56,42,14
07/07/2013,15:30,80,57,23
07/07/2013,15:45,55,41,14
07/07/2013,16:00,56,38,18
07/07/2013,16:15,64,48,16
07/07/2013,16:30,48,31,17
07/07/2013,16:45,57,31,26
07/07/2013,17:00,48,28,20
07/07/2013,17:15,62,27,35
07/07/2013,17:30,39,20,19
07/07/2013,17:45,39,22,17
07/07/2013,18:00,55,21,34
07/07/2013,18:15,49,10,39
07/07/2013,18:30,40,11,29
07/07/2013,18:45,30,9,21
07/07/2013,19:00,51,6,45
07/07/2013,19:15,36,3,33
07/07/2013,19:30,16,2,14
07/07/2013,19:45,18,6,12
07/07/2013,20:00,11,3,8
07/07/2013,20:15,9,6,3
07/07/2013,20:30,5,3,2
07/07/2013,20:45,1,1,0
07/07/2013,21:00,0,0,0
07/07/2013,21:15,1,1,0
07/07/2013,21:30,1,0,1
07/07/2013,21:45,1,0,1
07/07/2013,22:00,2,1,1
07/07/2013,22:15,2,1,1
07/07/2013,22:30,1,1,0
07/07/2013,22:45,1,1,0
07/07/2013,23:00,1,1,0
07/07/2013,23:15,0,0,0
07/07/2013,23:30,1,1,0
07/07/2013,23:45,1,1,0
08/07/2013,00:00,1,1,0
08/07/2013,00:15,0,0,0
08/07/2013,00:30,0,0,0
08/07/2013,00:45,0,0,0
08/07/2013,01:00,0,0,0
08/07/2013,01:15,0,0,0
08/07/2013,01:30,0,0,0
08/07/2013,01:45,0,0,0
08/07/2013,02:00,0,0,0
08/07/2013,02:15,0,0,0
08/07/2013,02:30,0,0,0
08/07/2013,02:45,0,0,0
08/07/2013,03:00,0,0,0
08/07/2013,03:15,0,0,0
08/07/2013,03:30,0,0,0
08/07/2013,03:45,0,0,0
08/07/2013,04:00,0,0,0
08/07/2013,04:15,0,0,0
08/07/2013,04:30,1,1,0
08/07/2013,04:45,0,0,0
08/07/2013,05:00,4,2,2
08/07/2013,05:15,6,5,1
08/07/2013,05:30,1,0,1
08/07/2013,05:45,4,4,0
08/07/2013,06:00,12,11,1
08/07/2013,06:15,12,9,3
08/07/2013,06:30,13,9,4
08/07/2013,06:45,23,16,7
08/07/2013,07:00,20,11,9
08/07/2013,07:15,18,10,8
08/07/2013,07:30,26,16,10
08/07/2013,07:45,18,10,8
08/07/2013,08:00,19,10,9
08/07/2013,08:15,16,8,8
08/07/2013,08:30,13,9,4
08/07/2013,08:45,15,10,5
08/07/2013,09:00,15,12,3
08/07/2013,09:15,25,8,17
08/07/2013,09:30,17,7,10
08/07/2013,09:45,39,14,25
08/07/2013,10:00,22,8,14
08/07/2013,10:15,16,11,5
08/07/2013,10:30,20,9,11
08/07/2013,10:45,23,12,11
08/07/2013,11:00,20,8,12
08/07/2013,11:15,27,17,10
08/07/2013,11:30,19,11,8
08/07/2013,11:45,24,11,13
08/07/2013,12:00,16,6,10
08/07/2013,12:15,27,17,10
08/07/2013,12:30,28,18,10
08/07/2013,12:45,29,16,13
08/07/2013,13:00,34,20,14
08/07/2013,13:15,22,12,10
08/07/2013,13:30,25,18,7
08/07/2013,13:45,28,24,4
08/07/2013,14:00,27,17,10
08/07/2013,14:15,27,19,8
08/07/2013,14:30,31,19,12
08/07/2013,14:45,31,23,8
08/07/2013,15:00,20,14,6
08/07/2013,15:15,21,11,10
08/07/2013,15:30,21,15,6
08/07/2013,15:45,31,17,14
08/07/2013,16:00,28,18,10
08/07/2013,16:15,44,22,22
08/07/2013,16:30,41,17,24
08/07/2013,16:45,30,12,18
08/07/2013,17:00,57,20,37
08/07/2013,17:15,46,20,26
08/07/2013,17:30,61,26,35
08/07/2013,17:45,70,30,40
08/07/2013,18:00,49,25,24
08/07/2013,18:15,42,27,15
08/07/2013,18:30,51,27,24
08/07/2013,18:45,45,19,26
08/07/2013,19:00,28,12,16
08/07/2013,19:15,34,14,20
08/07/2013,19:30,40,13,27
08/07/2013,19:45,37,15,22
08/07/2013,20:00,15,8,7
08/07/2013,20:15,16,11,5
08/07/2013,20:30,6,2,4
08/07/2013,20:45,2,0,2
08/07/2013,21:00,7,6,1
08/07/2013,21:15,0,0,0
08/07/2013,21:30,2,1,1
08/07/2013,21:45,1,1,0
08/07/2013,22:00,5,3,2
08/07/2013,22:15,0,0,0
08/07/2013,22:30,1,0,1
08/07/2013,22:45,2,0,2
08/07/2013,23:00,1,1,0
08/07/2013,23:15,0,0,0
08/07/2013,23:30,0,0,0
08/07/2013,23:45,1,0,1
09/07/2013,00:00,0,0,0
09/07/2013,00:15,0,0,0
09/07/2013,00:30,0,0,0
09/07/2013,00:45,0,0,0
09/07/2013,01:00,0,0,0
09/07/2013,01:15,0,0,0
09/07/2013,01:30,0,0,0
09/07/2013,01:45,0,0,0
09/07/2013,02:00,0,0,0
09/07/2013,02:15,0,0,0
09/07/2013,02:30,0,0,0
09/07/2013,02:45,0,0,0
09/07/2013,03:00,0,0,0
09/07/2013,03:15,0,0,0
09/07/2013,03:30,0,0,0
09/07/2013,03:45,0,0,0
09/07/2013,04:00,0,0,0
09/07/2013,04:15,0,0,0
09/07/2013,04:30,1,1,0
09/07/2013,04:45,0,0,0
09/07/2013,05:00,0,0,0
09/07/2013,05:15,3,3,0
09/07/2013,05:30,1,1,0
09/07/2013,05:45,12,3,9
09/07/2013,06:00,14,10,4
09/07/2013,06:15,14,8,6
09/07/2013,06:30,21,14,7
09/07/2013,06:45,22,13,9
09/07/2013,07:00,31,21,10
09/07/2013,07:15,26,13,13
09/07/2013,07:30,29,20,9
09/07/2013,07:45,25,19,6
09/07/2013,08:00,28,18,10
09/07/2013,08:15,21,15,6
09/07/2013,08:30,23,15,8
09/07/2013,08:45,31,22,9
09/07/2013,09:00,24,10,14
09/07/2013,09:15,22,12,10
09/07/2013,09:30,35,18,17
09/07/2013,09:45,30,19,11
09/07/2013,10:00,31,17,14
09/07/2013,10:15,38,20,18
09/07/2013,10:30,29,16,13
09/07/2013,10:45,42,19,23
09/07/2013,11:00,30,15,15
09/07/2013,11:15,26,17,9
09/07/2013,11:30,26,17,9
09/07/2013,11:45,30,20,10
09/07/2013,12:00,33,21,12
09/07/2013,12:15,25,18,7
09/07/2013,12:30,30,24,6
09/07/2013,12:45,21,11,10
09/07/2013,13:00,27,18,9
09/07/2013,13:15,31,23,8
09/07/2013,13:30,19,15,4
09/07/2013,13:45,33,24,9
09/07/2013,14:00,35,18,17
09/07/2013,14:15,35,24,11
09/07/2013,14:30,58,35,23
09/07/2013,14:45,32,17,15
09/07/2013,15:00,49,42,7
09/07/2013,15:15,43,30,13
09/07/2013,15:30,57,32,25
09/07/2013,15:45,66,38,28
09/07/2013,16:00,59,27,32
09/07/2013,16:15,61,21,40
09/07/2013,16:30,39,22,17
09/07/2013,16:45,32,18,14
09/07/2013,17:00,65,29,36
09/07/2013,17:15,61,37,24
09/07/2013,17:30,61,29,32
09/07/2013,17:45,58,34,24
09/07/2013,18:00,54,35,19
09/07/2013,18:15,51,31,20
09/07/2013,18:30,36,17,19
09/07/2013,18:45,63,31,32
09/07/2013,19:00,41,19,22
09/07/2013,19:15,22,10,12
09/07/2013,19:30,19,15,4
09/07/2013,19:45,11,7,4
09/07/2013,20:00,18,7,11
09/07/2013,20:15,5,2,3
09/07/2013,20:30,19,7,12
09/07/2013,20:45,4,3,1
09/07/2013,21:00,2,1,1
09/07/2013,21:15,3,3,0
09/07/2013,21:30,5,4,1
09/07/2013,21:45,9,7,2
09/07/2013,22:00,2,2,0
09/07/2013,22:15,0,0,0
09/07/2013,22:30,0,0,0
09/07/2013,22:45,1,1,0
09/07/2013,23:00,0,0,0
09/07/2013,23:15,0,0,0
09/07/2013,23:30,0,0,0
09/07/2013,23:45,1,1,0
10/07/2013,00:00,0,0,0
10/07/2013,00:15,0,0,0
10/07/2013,00:30,0,0,0
10/07/2013,00:45,0,0,0
10/07/2013,01:00,0,0,0
10/07/2013,01:15,0,0,0
10/07/2013,01:30,0,0,0
10/07/2013,01:45,0,0,0
10/07/2013,02:00,0,0,0
10/07/2013,02:15,0,0,0
10/07/2013,02:30,0,0,0
10/07/2013,02:45,1,1,0
10/07/2013,03:00,0,0,0
10/07/2013,03:15,0,0,0
10/07/2013,03:30,0,0,0
10/07/2013,03:45,1,1,0
10/07/2013,04:00,0,0,0
10/07/2013,04:15,0,0,0
10/07/2013,04:30,1,1,0
10/07/2013,04:45,1,1,0
10/07/2013,05:00,3,3,0
10/07/2013,05:15,3,1,2
10/07/2013,05:30,8,6,2
10/07/2013,05:45,8,2,6
10/07/2013,06:00,11,8,3
10/07/2013,06:15,20,17,3
10/07/2013,06:30,14,9,5
10/07/2013,06:45,21,12,9
10/07/2013,07:00,19,14,5
10/07/2013,07:15,30,19,11
10/07/2013,07:30,28,18,10
10/07/2013,07:45,36,24,12
10/07/2013,08:00,32,16,16
10/07/2013,08:15,24,13,11
10/07/2013,08:30,26,18,8
10/07/2013,08:45,32,16,16
10/07/2013,09:00,23,11,12
10/07/2013,09:15,17,8,9
10/07/2013,09:30,20,12,8
10/07/2013,09:45,15,6,9
10/07/2013,10:00,18,12,6
10/07/2013,10:15,27,21,6
10/07/2013,10:30,26,16,10
10/07/2013,10:45,26,18,8
10/07/2013,11:00,27,16,11
10/07/2013,11:15,21,12,9
10/07/2013,11:30,28,18,10
10/07/2013,11:45,29,17,12
10/07/2013,12:00,26,17,9
10/07/2013,12:15,12,8,4
10/07/2013,12:30,18,12,6
10/07/2013,12:45,19,12,7
10/07/2013,13:00,17,8,9
10/07/2013,13:15,26,14,12
10/07/2013,13:30,21,14,7
10/07/2013,13:45,22,14,8
10/07/2013,14:00,28,22,6
10/07/2013,14:15,18,16,2
10/07/2013,14:30,25,20,5
10/07/2013,14:45,23,17,6
10/07/2013,15:00,15,8,7
10/07/2013,15:15,40,25,15
10/07/2013,15:30,35,23,12
10/07/2013,15:45,31,15,16
10/07/2013,16:00,36,14,22
10/07/2013,16:15,40,17,23
10/07/2013,16:30,59,22,37
10/07/2013,16:45,63,16,47
10/07/2013,17:00,55,15,40
10/07/2013,17:15,75,15,60
10/07/2013,17:30,79,36,43
10/07/2013,17:45,61,20,41
10/07/2013,18:00,80,31,49
10/07/2013,18:15,103,25,78
10/07/2013,18:30,75,25,50
10/07/2013,18:45,46,20,26
10/07/2013,19:00,24,12,12
10/07/2013,19:15,37,16,21
10/07/2013,19:30,28,5,23
10/07/2013,19:45,23,14,9
10/07/2013,20:00,14,9,5
10/07/2013,20:15,4,2,2
10/07/2013,20:30,12,10,2
10/07/2013,20:45,11,7,4
10/07/2013,21:00,4,3,1
10/07/2013,21:15,2,2,0
10/07/2013,21:30,1,0,1
10/07/2013,21:45,2,1,1
10/07/2013,22:00,1,1,0
10/07/2013,22:15,3,2,1
10/07/2013,22:30,0,0,0
10/07/2013,22:45,0,0,0
10/07/2013,23:00,0,0,0
10/07/2013,23:15,0,0,0
10/07/2013,23:30,0,0,0
10/07/2013,23:45,0,0,0
11/07/2013,00:00,0,0,0
11/07/2013,00:15,0,0,0
11/07/2013,00:30,0,0,0
11/07/2013,00:45,0,0,0
11/07/2013,01:00,0,0,0
11/07/2013,01:15,1,1,0
11/07/2013,01:30,0,0,0
11/07/2013,01:45,0,0,0
11/07/2013,02:00,0,0,0
11/07/2013,02:15,0,0,0
11/07/2013,02:30,0,0,0
11/07/2013,02:45,0,0,0
11/07/2013,03:00,0,0,0
11/07/2013,03:15,0,0,0
11/07/2013,03:30,0,0,0
11/07/2013,03:45,0,0,0
11/07/2013,04:00,0,0,0
11/07/2013,04:15,1,0,1
11/07/2013,04:30,2,1,1
11/07/2013,04:45,4,3,1
11/07/2013,05:00,7,6,1
11/07/2013,05:15,1,1,0
11/07/2013,05:30,2,1,1
11/07/2013,05:45,8,5,3
11/07/2013,06:00,11,10,1
11/07/2013,06:15,26,19,7
11/07/2013,06:30,23,16,7
11/07/2013,06:45,24,18,6
11/07/2013,07:00,28,12,16
11/07/2013,07:15,17,7,10
11/07/2013,07:30,78,69,9
11/07/2013,07:45,36,26,10
11/07/2013,08:00,38,23,15
11/07/2013,08:15,27,16,11
11/07/2013,08:30,33,16,17
11/07/2013,08:45,33,24,9
11/07/2013,09:00,19,8,11
11/07/2013,09:15,27,12,15
11/07/2013,09:30,27,13,14
11/07/2013,09:45,22,12,10
11/07/2013,10:00,22,15,7
11/07/2013,10:15,22,18,4
11/07/2013,10:30,11,5,6
11/07/2013,10:45,43,28,15
11/07/2013,11:00,24,12,12
11/07/2013,11:15,15,7,8
11/07/2013,11:30,21,4,17
11/07/2013,11:45,16,7,9
11/07/2013,12:00,29,15,14
11/07/2013,12:15,24,15,9
11/07/2013,12:30,15,7,8
11/07/2013,12:45,19,10,9
11/07/2013,13:00,16,6,10
11/07/2013,13:15,24,14,10
11/07/2013,13:30,12,3,9
11/07/2013,13:45,21,16,5
11/07/2013,14:00,12,9,3
11/07/2013,14:15,24,16,8
11/07/2013,14:30,37,25,12
11/07/2013,14:45,22,12,10
11/07/2013,15:00,26,12,14
11/07/2013,15:15,29,9,20
11/07/2013,15:30,41,35,6
11/07/2013,15:45,25,16,9
11/07/2013,16:00,49,20,29
11/07/2013,16:15,38,16,22
11/07/2013,16:30,23,11,12
11/07/2013,16:45,50,21,29
11/07/2013,17:00,49,17,32
11/07/2013,17:15,46,26,20
11/07/2013,17:30,42,14,28
11/07/2013,17:45,79,28,51
11/07/2013,18:00,67,20,47
11/07/2013,18:15,59,24,35
11/07/2013,18:30,47,28,19
11/07/2013,18:45,32,26,6
11/07/2013,19:00,16,8,8
11/07/2013,19:15,18,13,5
11/07/2013,19:30,16,13,3
11/07/2013,19:45,15,9,6
11/07/2013,20:00,9,7,2
11/07/2013,20:15,2,1,1
11/07/2013,20:30,7,4,3
11/07/2013,20:45,4,2,2
11/07/2013,21:00,5,3,2
11/07/2013,21:15,2,2,0
11/07/2013,21:30,3,0,3
11/07/2013,21:45,2,2,0
11/07/2013,22:00,3,1,2
11/07/2013,22:15,2,2,0
11/07/2013,22:30,1,1,0
11/07/2013,22:45,0,0,0
11/07/2013,23:00,0,0,0
11/07/2013,23:15,0,0,0
11/07/2013,23:30,0,0,0
11/07/2013,23:45,0,0,0
12/07/2013,00:00,0,0,0
12/07/2013,00:15,0,0,0
12/07/2013,00:30,0,0,0
12/07/2013,00:45,0,0,0
12/07/2013,01:00,0,0,0
12/07/2013,01:15,0,0,0
12/07/2013,01:30,0,0,0
12/07/2013,01:45,0,0,0
12/07/2013,02:00,0,0,0
12/07/2013,02:15,0,0,0
12/07/2013,02:30,0,0,0
12/07/2013,02:45,0,0,0
12/07/2013,03:00,0,0,0
12/07/2013,03:15,0,0,0
12/07/2013,03:30,0,0,0
12/07/2013,03:45,1,1,0
12/07/2013,04:00,0,0,0
12/07/2013,04:15,0,0,0
12/07/2013,04:30,1,1,0
12/07/2013,04:45,1,1,0
12/07/2013,05:00,0,0,0
12/07/2013,05:15,3,2,1
12/07/2013,05:30,1,1,0
12/07/2013,05:45,7,5,2
12/07/2013,06:00,8,4,4
12/07/2013,06:15,14,9,5
12/07/2013,06:30,20,12,8
12/07/2013,06:45,14,6,8
12/07/2013,07:00,30,25,5
12/07/2013,07:15,26,12,14
12/07/2013,07:30,20,12,8
12/07/2013,07:45,28,16,12
12/07/2013,08:00,28,20,8
12/07/2013,08:15,26,16,10
12/07/2013,08:30,20,13,7
12/07/2013,08:45,29,16,13
12/07/2013,09:00,30,13,17
12/07/2013,09:15,33,23,10
12/07/2013,09:30,25,13,12
12/07/2013,09:45,31,20,11
12/07/2013,10:00,20,5,15
12/07/2013,10:15,19,12,7
12/07/2013,10:30,35,14,21
12/07/2013,10:45,24,8,16
12/07/2013,11:00,25,18,7
12/07/2013,11:15,36,19,17
12/07/2013,11:30,38,27,11
12/07/2013,11:45,30,20,10
12/07/2013,12:00,18,8,10
12/07/2013,12:15,26,16,10
12/07/2013,12:30,23,18,5
12/07/2013,12:45,21,11,10
12/07/2013,13:00,31,29,2
12/07/2013,13:15,33,27,6
12/07/2013,13:30,18,13,5
12/07/2013,13:45,33,26,7
12/07/2013,14:00,29,24,5
12/07/2013,14:15,26,21,5
12/07/2013,14:30,40,31,9
12/07/2013,14:45,38,24,14
12/07/2013,15:00,47,32,15
12/07/2013,15:15,24,16,8
12/07/2013,15:30,31,24,7
12/07/2013,15:45,24,11,13
12/07/2013,16:00,42,23,19
12/07/2013,16:15,51,36,15
12/07/2013,16:30,27,14,13
12/07/2013,16:45,24,11,13
12/07/2013,17:00,43,28,15
12/07/2013,17:15,42,28,14
12/07/2013,17:30,33,22,11
12/07/2013,17:45,42,24,18
12/07/2013,18:00,47,29,18
12/07/2013,18:15,21,10,11
12/07/2013,18:30,33,17,16
12/07/2013,18:45,29,14,15
12/07/2013,19:00,18,12,6
12/07/2013,19:15,15,5,10
12/07/2013,19:30,6,3,3
12/07/2013,19:45,17,9,8
12/07/2013,20:00,15,11,4
12/07/2013,20:15,1,1,0
12/07/2013,20:30,6,4,2
12/07/2013,20:45,5,5,0
12/07/2013,21:00,6,5,1
12/07/2013,21:15,3,2,1
12/07/2013,21:30,0,0,0
12/07/2013,21:45,5,4,1
12/07/2013,22:00,0,0,0
12/07/2013,22:15,2,2,0
12/07/2013,22:30,1,1,0
12/07/2013,22:45,2,2,0
12/07/2013,23:00,1,0,1
12/07/2013,23:15,0,0,0
12/07/2013,23:30,1,0,1
12/07/2013,23:45,1,1,0
13/07/2013,00:00,0,0,0
13/07/2013,00:15,0,0,0
13/07/2013,00:30,0,0,0
13/07/2013,00:45,0,0,0
13/07/2013,01:00,0,0,0
13/07/2013,01:15,0,0,0
13/07/2013,01:30,0,0,0
13/07/2013,01:45,0,0,0
13/07/2013,02:00,0,0,0
13/07/2013,02:15,0,0,0
13/07/2013,02:30,0,0,0
13/07/2013,02:45,0,0,0
13/07/2013,03:00,0,0,0
13/07/2013,03:15,1,1,0
13/07/2013,03:30,0,0,0
13/07/2013,03:45,2,2,0
13/07/2013,04:00,0,0,0
13/07/2013,04:15,0,0,0
13/07/2013,04:30,0,0,0
13/07/2013,04:45,0,0,0
13/07/2013,05:00,3,2,1
13/07/2013,05:15,3,3,0
13/07/2013,05:30,4,4,0
13/07/2013,05:45,1,0,1
13/07/2013,06:00,2,0,2
13/07/2013,06:15,4,2,2
13/07/2013,06:30,39,38,1
13/07/2013,06:45,22,21,1
13/07/2013,07:00,15,9,6
13/07/2013,07:15,26,16,10
13/07/2013,07:30,12,7,5
13/07/2013,07:45,32,18,14
13/07/2013,08:00,32,20,12
13/07/2013,08:15,49,32,17
13/07/2013,08:30,45,35,10
13/07/2013,08:45,71,58,13
13/07/2013,09:00,80,61,19
13/07/2013,09:15,123,68,55
13/07/2013,09:30,89,56,33
13/07/2013,09:45,88,56,32
13/07/2013,10:00,97,59,38
13/07/2013,10:15,107,93,14
13/07/2013,10:30,97,79,18
13/07/2013,10:45,113,96,17
13/07/2013,11:00,109,99,10
13/07/2013,11:15,111,95,16
13/07/2013,11:30,86,72,14
13/07/2013,11:45,91,75,16
13/07/2013,12:00,103,89,14
13/07/2013,12:15,77,67,10
13/07/2013,12:30,113,103,10
13/07/2013,12:45,85,76,9
13/07/2013,13:00,95,82,13
13/07/2013,13:15,82,67,15
13/07/2013,13:30,75,59,16
13/07/2013,13:45,94,81,13
13/07/2013,14:00,73,61,12
13/07/2013,14:15,99,79,20
13/07/2013,14:30,126,104,22
13/07/2013,14:45,83,69,14
13/07/2013,15:00,52,37,15
13/07/2013,15:15,85,73,12
13/07/2013,15:30,62,49,13
13/07/2013,15:45,67,53,14
13/07/2013,16:00,67,48,19
13/07/2013,16:15,58,41,17
13/07/2013,16:30,46,30,16
13/07/2013,16:45,47,27,20
13/07/2013,17:00,55,29,26
13/07/2013,17:15,45,32,13
13/07/2013,17:30,48,37,11
13/07/2013,17:45,29,14,15
13/07/2013,18:00,39,26,13
13/07/2013,18:15,15,9,6
13/07/2013,18:30,28,17,11
13/07/2013,18:45,22,12,10
13/07/2013,19:00,7,4,3
13/07/2013,19:15,15,6,9
13/07/2013,19:30,6,2,4
13/07/2013,19:45,9,3,6
13/07/2013,20:00,6,0,6
13/07/2013,20:15,6,3,3
13/07/2013,20:30,7,0,7
13/07/2013,20:45,4,0,4
13/07/2013,21:00,4,0,4
13/07/2013,21:15,3,1,2
13/07/2013,21:30,3,2,1
13/07/2013,21:45,1,0,1
13/07/2013,22:00,2,2,0
13/07/2013,22:15,2,2,0
13/07/2013,22:30,0,0,0
13/07/2013,22:45,0,0,0
13/07/2013,23:00,0,0,0
13/07/2013,23:15,0,0,0
13/07/2013,23:30,0,0,0
13/07/2013,23:45,0,0,0
14/07/2013,00:00,1,1,0
14/07/2013,00:15,0,0,0
14/07/2013,00:30,0,0,0
14/07/2013,00:45,0,0,0
14/07/2013,01:00,0,0,0
14/07/2013,01:15,0,0,0
14/07/2013,01:30,0,0,0
14/07/2013,01:45,0,0,0
14/07/2013,02:00,0,0,0
14/07/2013,02:15,0,0,0
14/07/2013,02:30,0,0,0
14/07/2013,02:45,0,0,0
14/07/2013,03:00,0,0,0
14/07/2013,03:15,0,0,0
14/07/2013,03:30,0,0,0
14/07/2013,03:45,0,0,0
14/07/2013,04:00,0,0,0
14/07/2013,04:15,0,0,0
14/07/2013,04:30,0,0,0
14/07/2013,04:45,0,0,0
14/07/2013,05:00,0,0,0
14/07/2013,05:15,0,0,0
14/07/2013,05:30,0,0,0
14/07/2013,05:45,0,0,0
14/07/2013,06:00,1,0,1
14/07/2013,06:15,2,1,1
14/07/2013,06:30,2,1,1
14/07/2013,06:45,14,7,7
14/07/2013,07:00,9,6,3
14/07/2013,07:15,18,12,6
14/07/2013,07:30,20,12,8
14/07/2013,07:45,22,16,6
14/07/2013,08:00,22,12,10
14/07/2013,08:15,32,24,8
14/07/2013,08:30,39,21,18
14/07/2013,08:45,40,26,14
14/07/2013,09:00,51,30,21
14/07/2013,09:15,49,39,10
14/07/2013,09:30,69,59,10
14/07/2013,09:45,63,50,13
14/07/2013,10:00,58,46,12
14/07/2013,10:15,81,66,15
14/07/2013,10:30,66,56,10
14/07/2013,10:45,74,58,16
14/07/2013,11:00,97,81,16
14/07/2013,11:15,51,41,10
14/07/2013,11:30,95,82,13
14/07/2013,11:45,98,81,17
14/07/2013,12:00,98,84,14
14/07/2013,12:15,79,61,18
14/07/2013,12:30,105,90,15
14/07/2013,12:45,51,37,14
14/07/2013,13:00,74,60,14
14/07/2013,13:15,80,71,9
14/07/2013,13:30,98,87,11
14/07/2013,13:45,74,57,17
14/07/2013,14:00,83,53,30
14/07/2013,14:15,75,66,9
14/07/2013,14:30,67,58,9
14/07/2013,14:45,38,24,14
14/07/2013,15:00,63,48,15
14/07/2013,15:15,61,39,22
14/07/2013,15:30,78,57,21
14/07/2013,15:45,70,55,15
14/07/2013,16:00,70,51,19
14/07/2013,16:15,53,26,27
14/07/2013,16:30,62,44,18
14/07/2013,16:45,68,51,17
14/07/2013,17:00,44,30,14
14/07/2013,17:15,77,58,19
14/07/2013,17:30,50,42,8
14/07/2013,17:45,54,33,21
14/07/2013,18:00,37,27,10
14/07/2013,18:15,33,21,12
14/07/2013,18:30,17,4,13
14/07/2013,18:45,20,14,6
14/07/2013,19:00,32,8,24
14/07/2013,19:15,16,4,12
14/07/2013,19:30,11,1,10
14/07/2013,19:45,10,5,5
14/07/2013,20:00,3,2,1
14/07/2013,20:15,5,3,2
14/07/2013,20:30,3,2,1
14/07/2013,20:45,9,7,2
14/07/2013,21:00,3,2,1
14/07/2013,21:15,0,0,0
14/07/2013,21:30,0,0,0
14/07/2013,21:45,1,0,1
14/07/2013,22:00,3,2,1
14/07/2013,22:15,0,0,0
14/07/2013,22:30,2,2,0
14/07/2013,22:45,0,0,0
14/07/2013,23:00,0,0,0
14/07/2013,23:15,0,0,0
14/07/2013,23:30,0,0,0
14/07/2013,23:45,0,0,0
15/07/2013,00:00,0,0,0
15/07/2013,00:15,0,0,0
15/07/2013,00:30,0,0,0
15/07/2013,00:45,0,0,0
15/07/2013,01:00,0,0,0
15/07/2013,01:15,0,0,0
15/07/2013,01:30,1,1,0
15/07/2013,01:45,0,0,0
15/07/2013,02:00,0,0,0
15/07/2013,02:15,0,0,0
15/07/2013,02:30,0,0,0
15/07/2013,02:45,0,0,0
15/07/2013,03:00,0,0,0
15/07/2013,03:15,0,0,0
15/07/2013,03:30,1,1,0
15/07/2013,03:45,2,1,1
15/07/2013,04:00,0,0,0
15/07/2013,04:15,0,0,0
15/07/2013,04:30,2,1,1
15/07/2013,04:45,3,2,1
15/07/2013,05:00,6,6,0
15/07/2013,05:15,2,1,1
15/07/2013,05:30,1,0,1
15/07/2013,05:45,5,4,1
15/07/2013,06:00,5,3,2
15/07/2013,06:15,23,18,5
15/07/2013,06:30,15,14,1
15/07/2013,06:45,22,13,9
15/07/2013,07:00,13,9,4
15/07/2013,07:15,19,13,6
15/07/2013,07:30,19,11,8
15/07/2013,07:45,35,26,9
15/07/2013,08:00,25,13,12
15/07/2013,08:15,15,7,8
15/07/2013,08:30,23,11,12
15/07/2013,08:45,18,9,9
15/07/2013,09:00,15,6,9
15/07/2013,09:15,35,21,14
15/07/2013,09:30,22,11,11
15/07/2013,09:45,21,8,13
15/07/2013,10:00,19,9,10
15/07/2013,10:15,23,10,13
15/07/2013,10:30,13,9,4
15/07/2013,10:45,24,10,14
15/07/2013,11:00,15,3,12
15/07/2013,11:15,19,10,9
15/07/2013,11:30,28,19,9
15/07/2013,11:45,13,9,4
15/07/2013,12:00,23,15,8
15/07/2013,12:15,36,26,10
15/07/2013,12:30,28,14,14
15/07/2013,12:45,16,9,7
15/07/2013,13:00,10,3,7
15/07/2013,13:15,17,11,6
15/07/2013,13:30,34,28,6
15/07/2013,13:45,43,29,14
15/07/2013,14:00,28,23,5
15/07/2013,14:15,32,25,7
15/07/2013,14:30,18,11,7
15/07/2013,14:45,26,16,10
15/07/2013,15:00,35,29,6
15/07/2013,15:15,26,17,9
15/07/2013,15:30,37,26,11
15/07/2013,15:45,30,13,17
15/07/2013,16:00,25,19,6
15/07/2013,16:15,30,22,8
15/07/2013,16:30,29,17,12
15/07/2013,16:45,31,12,19
15/07/2013,17:00,48,31,17
15/07/2013,17:15,33,23,10
15/07/2013,17:30,31,19,12
15/07/2013,17:45,36,19,17
15/07/2013,18:00,48,31,17
15/07/2013,18:15,36,25,11
15/07/2013,18:30,51,31,20
15/07/2013,18:45,36,22,14
15/07/2013,19:00,27,16,11
15/07/2013,19:15,20,12,8
15/07/2013,19:30,22,20,2
15/07/2013,19:45,22,17,5
15/07/2013,20:00,12,6,6
15/07/2013,20:15,4,3,1
15/07/2013,20:30,2,0,2
15/07/2013,20:45,5,2,3
15/07/2013,21:00,3,3,0
15/07/2013,21:15,2,0,2
15/07/2013,21:30,2,0,2
15/07/2013,21:45,0,0,0
15/07/2013,22:00,1,0,1
15/07/2013,22:15,1,1,0
15/07/2013,22:30,1,1,0
15/07/2013,22:45,1,0,1
15/07/2013,23:00,2,2,0
15/07/2013,23:15,0,0,0
15/07/2013,23:30,0,0,0
15/07/2013,23:45,0,0,0
16/07/2013,00:00,0,0,0
16/07/2013,00:15,1,0,1
16/07/2013,00:30,0,0,0
16/07/2013,00:45,0,0,0
16/07/2013,01:00,0,0,0
16/07/2013,01:15,0,0,0
16/07/2013,01:30,0,0,0
16/07/2013,01:45,0,0,0
16/07/2013,02:00,0,0,0
16/07/2013,02:15,0,0,0
16/07/2013,02:30,0,0,0
16/07/2013,02:45,0,0,0
16/07/2013,03:00,0,0,0
16/07/2013,03:15,0,0,0
16/07/2013,03:30,0,0,0
16/07/2013,03:45,0,0,0
16/07/2013,04:00,0,0,0
16/07/2013,04:15,0,0,0
16/07/2013,04:30,1,0,1
16/07/2013,04:45,1,0,1
16/07/2013,05:00,2,2,0
16/07/2013,05:15,3,3,0
16/07/2013,05:30,3,2,1
16/07/2013,05:45,4,3,1
16/07/2013,06:00,14,9,5
16/07/2013,06:15,18,9,9
16/07/2013,06:30,17,11,6
16/07/2013,06:45,26,13,13
16/07/2013,07:00,17,11,6
16/07/2013,07:15,19,11,8
16/07/2013,07:30,22,16,6
16/07/2013,07:45,38,23,15
16/07/2013,08:00,24,14,10
16/07/2013,08:15,31,23,8
16/07/2013,08:30,21,14,7
16/07/2013,08:45,20,7,13
16/07/2013,09:00,13,4,9
16/07/2013,09:15,23,14,9
16/07/2013,09:30,16,5,11
16/07/2013,09:45,26,13,13
16/07/2013,10:00,24,10,14
16/07/2013,10:15,20,7,13
16/07/2013,10:30,29,14,15
16/07/2013,10:45,21,7,14
16/07/2013,11:00,14,6,8
16/07/2013,11:15,25,10,15
16/07/2013,11:30,18,10,8
16/07/2013,11:45,26,11,15
16/07/2013,12:00,26,16,10
16/07/2013,12:15,23,18,5
16/07/2013,12:30,12,5,7
16/07/2013,12:45,33,25,8
16/07/2013,13:00,16,14,2
16/07/2013,13:15,31,25,6
16/07/2013,13:30,22,10,12
16/07/2013,13:45,22,17,5
16/07/2013,14:00,12,6,6
16/07/2013,14:15,24,18,6
16/07/2013,14:30,18,8,10
16/07/2013,14:45,36,28,8
16/07/2013,15:00,24,15,9
16/07/2013,15:15,18,8,10
16/07/2013,15:30,31,28,3
16/07/2013,15:45,29,20,9
16/07/2013,16:00,33,19,14
16/07/2013,16:15,24,18,6
16/07/2013,16:30,33,27,6
16/07/2013,16:45,29,16,13
16/07/2013,17:00,22,9,13
16/07/2013,17:15,48,32,16
16/07/2013,17:30,23,14,9
16/07/2013,17:45,29,19,10
16/07/2013,18:00,44,31,13
16/07/2013,18:15,41,30,11
16/07/2013,18:30,25,16,9
16/07/2013,18:45,27,21,6
16/07/2013,19:00,19,13,6
16/07/2013,19:15,17,13,4
16/07/2013,19:30,12,9,3
16/07/2013,19:45,16,9,7
16/07/2013,20:00,9,5,4
16/07/2013,20:15,13,4,9
16/07/2013,20:30,7,2,5
16/07/2013,20:45,3,2,1
16/07/2013,21:00,2,2,0
16/07/2013,21:15,1,1,0
16/07/2013,21:30,1,0,1
16/07/2013,21:45,0,0,0
16/07/2013,22:00,4,1,3
16/07/2013,22:15,3,2,1
16/07/2013,22:30,2,1,1
16/07/2013,22:45,0,0,0
16/07/2013,23:00,0,0,0
16/07/2013,23:15,1,1,0
16/07/2013,23:30,0,0,0
16/07/2013,23:45,1,1,0
17/07/2013,00:00,0,0,0
17/07/2013,00:15,1,1,0
17/07/2013,00:30,0,0,0
17/07/2013,00:45,0,0,0
17/07/2013,01:00,0,0,0
17/07/2013,01:15,0,0,0
17/07/2013,01:30,0,0,0
17/07/2013,01:45,0,0,0
17/07/2013,02:00,0,0,0
17/07/2013,02:15,0,0,0
17/07/2013,02:30,0,0,0
17/07/2013,02:45,1,0,1
17/07/2013,03:00,0,0,0
17/07/2013,03:15,0,0,0
17/07/2013,03:30,0,0,0
17/07/2013,03:45,0,0,0
17/07/2013,04:00,0,0,0
17/07/2013,04:15,0,0,0
17/07/2013,04:30,1,1,0
17/07/2013,04:45,0,0,0
17/07/2013,05:00,4,2,2
17/07/2013,05:15,2,1,1
17/07/2013,05:30,3,2,1
17/07/2013,05:45,3,1,2
17/07/2013,06:00,14,9,5
17/07/2013,06:15,14,8,6
17/07/2013,06:30,21,15,6
17/07/2013,06:45,26,14,12
17/07/2013,07:00,23,16,7
17/07/2013,07:15,25,16,9
17/07/2013,07:30,21,12,9
17/07/2013,07:45,29,17,12
17/07/2013,08:00,25,18,7
17/07/2013,08:15,17,7,10
17/07/2013,08:30,15,11,4
17/07/2013,08:45,25,16,9
17/07/2013,09:00,20,10,10
17/07/2013,09:15,26,8,18
17/07/2013,09:30,22,10,12
17/07/2013,09:45,32,13,19
17/07/2013,10:00,23,7,16
17/07/2013,10:15,30,13,17
17/07/2013,10:30,18,5,13
17/07/2013,10:45,22,12,10
17/07/2013,11:00,18,12,6
17/07/2013,11:15,17,12,5
17/07/2013,11:30,27,12,15
17/07/2013,11:45,22,19,3
17/07/2013,12:00,32,20,12
17/07/2013,12:15,39,21,18
17/07/2013,12:30,26,20,6
17/07/2013,12:45,41,29,12
17/07/2013,13:00,10,2,8
17/07/2013,13:15,39,31,8
17/07/2013,13:30,27,16,11
17/07/2013,13:45,24,17,7
17/07/2013,14:00,25,15,10
17/07/2013,14:15,28,18,10
17/07/2013,14:30,36,30,6
17/07/2013,14:45,44,32,12
17/07/2013,15:00,35,27,8
17/07/2013,15:15,32,23,9
17/07/2013,15:30,35,27,8
17/07/2013,15:45,20,12,8
17/07/2013,16:00,38,23,15
17/07/2013,16:15,33,25,8
17/07/2013,16:30,28,20,8
17/07/2013,16:45,49,32,17
17/07/2013,17:00,40,29,11
17/07/2013,17:15,44,32,12
17/07/2013,17:30,42,23,19
17/07/2013,17:45,42,25,17
17/07/2013,18:00,49,31,18
17/07/2013,18:15,40,24,16
17/07/2013,18:30,51,26,25
17/07/2013,18:45,43,29,14
17/07/2013,19:00,39,18,21
17/07/2013,19:15,28,14,14
17/07/2013,19:30,28,20,8
17/07/2013,19:45,19,13,6
17/07/2013,20:00,20,11,9
17/07/2013,20:15,11,6,5
17/07/2013,20:30,11,6,5
17/07/2013,20:45,2,1,1
17/07/2013,21:00,4,0,4
17/07/2013,21:15,2,0,2
17/07/2013,21:30,2,0,2
17/07/2013,21:45,1,1,0
17/07/2013,22:00,2,0,2
17/07/2013,22:15,3,2,1
17/07/2013,22:30,1,1,0
17/07/2013,22:45,0,0,0
17/07/2013,23:00,0,0,0
17/07/2013,23:15,1,0,1
17/07/2013,23:30,0,0,0
17/07/2013,23:45,0,0,0
18/07/2013,00:00,0,0,0
18/07/2013,00:15,1,0,1
18/07/2013,00:30,0,0,0
18/07/2013,00:45,0,0,0
18/07/2013,01:00,0,0,0
18/07/2013,01:15,0,0,0
18/07/2013,01:30,0,0,0
18/07/2013,01:45,0,0,0
18/07/2013,02:00,0,0,0
18/07/2013,02:15,0,0,0
18/07/2013,02:30,0,0,0
18/07/2013,02:45,0,0,0
18/07/2013,03:00,0,0,0
18/07/2013,03:15,0,0,0
18/07/2013,03:30,0,0,0
18/07/2013,03:45,0,0,0
18/07/2013,04:00,0,0,0
18/07/2013,04:15,1,0,1
18/07/2013,04:30,1,0,1
18/07/2013,04:45,0,0,0
18/07/2013,05:00,4,3,1
18/07/2013,05:15,5,3,2
18/07/2013,05:30,4,2,2
18/07/2013,05:45,4,1,3
18/07/2013,06:00,7,4,3
18/07/2013,06:15,16,9,7
18/07/2013,06:30,24,16,8
18/07/2013,06:45,26,19,7
18/07/2013,07:00,24,15,9
18/07/2013,07:15,24,17,7
18/07/2013,07:30,18,10,8
18/07/2013,07:45,25,19,6
18/07/2013,08:00,25,12,13
18/07/2013,08:15,13,8,5
18/07/2013,08:30,22,11,11
18/07/2013,08:45,20,14,6
18/07/2013,09:00,18,8,10
18/07/2013,09:15,25,10,15
18/07/2013,09:30,19,6,13
18/07/2013,09:45,23,12,11
18/07/2013,10:00,27,16,11
18/07/2013,10:15,26,14,12
18/07/2013,10:30,37,23,14
18/07/2013,10:45,16,8,8
18/07/2013,11:00,25,10,15
18/07/2013,11:15,22,17,5
18/07/2013,11:30,25,15,10
18/07/2013,11:45,19,15,4
18/07/2013,12:00,21,13,8
18/07/2013,12:15,14,8,6
18/07/2013,12:30,19,7,12
18/07/2013,12:45,27,14,13
18/07/2013,13:00,21,16,5
18/07/2013,13:15,27,17,10
18/07/2013,13:30,17,11,6
18/07/2013,13:45,26,21,5
18/07/2013,14:00,28,23,5
18/07/2013,14:15,34,24,10
18/07/2013,14:30,57,49,8
18/07/2013,14:45,25,17,8
18/07/2013,15:00,42,37,5
18/07/2013,15:15,26,17,9
18/07/2013,15:30,41,33,8
18/07/2013,15:45,33,26,7
18/07/2013,16:00,34,27,7
18/07/2013,16:15,25,11,14
18/07/2013,16:30,50,28,22
18/07/2013,16:45,42,23,19
18/07/2013,17:00,44,24,20
18/07/2013,17:15,35,19,16
18/07/2013,17:30,39,23,16
18/07/2013,17:45,29,15,14
18/07/2013,18:00,47,23,24
18/07/2013,18:15,30,14,16
18/07/2013,18:30,38,23,15
18/07/2013,18:45,29,11,18
18/07/2013,19:00,32,17,15
18/07/2013,19:15,15,8,7
18/07/2013,19:30,24,15,9
18/07/2013,19:45,24,16,8
18/07/2013,20:00,7,2,5
18/07/2013,20:15,12,5,7
18/07/2013,20:30,7,3,4
18/07/2013,20:45,1,1,0
18/07/2013,21:00,3,2,1
18/07/2013,21:15,1,1,0
18/07/2013,21:30,1,0,1
18/07/2013,21:45,4,4,0
18/07/2013,22:00,0,0,0
18/07/2013,22:15,2,1,1
18/07/2013,22:30,0,0,0
18/07/2013,22:45,1,0,1
18/07/2013,23:00,2,2,0
18/07/2013,23:15,0,0,0
18/07/2013,23:30,0,0,0
18/07/2013,23:45,0,0,0
19/07/2013,00:00,0,0,0
19/07/2013,00:15,0,0,0
19/07/2013,00:30,0,0,0
19/07/2013,00:45,0,0,0
19/07/2013,01:00,0,0,0
19/07/2013,01:15,0,0,0
19/07/2013,01:30,1,1,0
19/07/2013,01:45,0,0,0
19/07/2013,02:00,2,2,0
19/07/2013,02:15,0,0,0
19/07/2013,02:30,0,0,0
19/07/2013,02:45,1,0,1
19/07/2013,03:00,0,0,0
19/07/2013,03:15,0,0,0
19/07/2013,03:30,0,0,0
19/07/2013,03:45,0,0,0
19/07/2013,04:00,0,0,0
19/07/2013,04:15,0,0,0
19/07/2013,04:30,2,2,0
19/07/2013,04:45,1,0,1
19/07/2013,05:00,2,2,0
19/07/2013,05:15,3,2,1
19/07/2013,05:30,2,1,1
19/07/2013,05:45,4,2,2
19/07/2013,06:00,11,7,4
19/07/2013,06:15,9,7,2
19/07/2013,06:30,13,11,2
19/07/2013,06:45,16,6,10
19/07/2013,07:00,35,28,7
19/07/2013,07:15,21,13,8
19/07/2013,07:30,26,17,9
19/07/2013,07:45,20,10,10
19/07/2013,08:00,24,14,10
19/07/2013,08:15,20,14,6
19/07/2013,08:30,18,7,11
19/07/2013,08:45,22,12,10
19/07/2013,09:00,22,9,13
19/07/2013,09:15,23,16,7
19/07/2013,09:30,19,8,11
19/07/2013,09:45,25,13,12
19/07/2013,10:00,17,7,10
19/07/2013,10:15,30,6,24
19/07/2013,10:30,23,12,11
19/07/2013,10:45,28,15,13
19/07/2013,11:00,27,18,9
19/07/2013,11:15,24,16,8
19/07/2013,11:30,38,24,14
19/07/2013,11:45,27,19,8
19/07/2013,12:00,39,30,9
19/07/2013,12:15,35,24,11
19/07/2013,12:30,23,15,8
19/07/2013,12:45,27,15,12
19/07/2013,13:00,14,10,4
19/07/2013,13:15,21,13,8
19/07/2013,13:30,34,25,9
19/07/2013,13:45,20,13,7
19/07/2013,14:00,38,28,10
19/07/2013,14:15,48,32,16
19/07/2013,14:30,44,24,20
19/07/2013,14:45,37,30,7
19/07/2013,15:00,58,42,16
19/07/2013,15:15,28,21,7
19/07/2013,15:30,35,20,15
19/07/2013,15:45,35,25,10
19/07/2013,16:00,39,32,7
19/07/2013,16:15,33,25,8
19/07/2013,16:30,29,15,14
19/07/2013,16:45,35,18,17
19/07/2013,17:00,45,28,17
19/07/2013,17:15,44,19,25
19/07/2013,17:30,33,18,15
19/07/2013,17:45,39,21,18
19/07/2013,18:00,48,31,17
19/07/2013,18:15,36,19,17
19/07/2013,18:30,33,16,17
19/07/2013,18:45,38,10,28
19/07/2013,19:00,29,18,11
19/07/2013,19:15,18,9,9
19/07/2013,19:30,16,13,3
19/07/2013,19:45,11,7,4
19/07/2013,20:00,7,4,3
19/07/2013,20:15,9,5,4
19/07/2013,20:30,3,0,3
19/07/2013,20:45,6,5,1
19/07/2013,21:00,1,1,0
19/07/2013,21:15,0,0,0
19/07/2013,21:30,2,2,0
19/07/2013,21:45,1,1,0
19/07/2013,22:00,0,0,0
19/07/2013,22:15,3,3,0
19/07/2013,22:30,1,1,0
19/07/2013,22:45,0,0,0
19/07/2013,23:00,0,0,0
19/07/2013,23:15,2,2,0
19/07/2013,23:30,1,1,0
19/07/2013,23:45,0,0,0
20/07/2013,00:00,2,2,0
20/07/2013,00:15,0,0,0
20/07/2013,00:30,0,0,0
20/07/2013,00:45,0,0,0
20/07/2013,01:00,1,1,0
20/07/2013,01:15,0,0,0
20/07/2013,01:30,0,0,0
20/07/2013,01:45,0,0,0
20/07/2013,02:00,0,0,0
20/07/2013,02:15,0,0,0
20/07/2013,02:30,0,0,0
20/07/2013,02:45,0,0,0
20/07/2013,03:00,0,0,0
20/07/2013,03:15,1,1,0
20/07/2013,03:30,2,2,0
20/07/2013,03:45,1,1,0
20/07/2013,04:00,0,0,0
20/07/2013,04:15,0,0,0
20/07/2013,04:30,0,0,0
20/07/2013,04:45,0,0,0
20/07/2013,05:00,1,0,1
20/07/2013,05:15,0,0,0
20/07/2013,05:30,0,0,0
20/07/2013,05:45,0,0,0
20/07/2013,06:00,1,0,1
20/07/2013,06:15,5,4,1
20/07/2013,06:30,4,4,0
20/07/2013,06:45,8,7,1
20/07/2013,07:00,9,7,2
20/07/2013,07:15,15,9,6
20/07/2013,07:30,29,22,7
20/07/2013,07:45,27,19,8
20/07/2013,08:00,30,27,3
20/07/2013,08:15,49,36,13
20/07/2013,08:30,61,50,11
20/07/2013,08:45,42,31,11
20/07/2013,09:00,74,57,17
20/07/2013,09:15,74,59,15
20/07/2013,09:30,104,78,26
20/07/2013,09:45,103,84,19
20/07/2013,10:00,77,63,14
20/07/2013,10:15,103,90,13
20/07/2013,10:30,101,77,24
20/07/2013,10:45,78,62,16
20/07/2013,11:00,88,68,20
20/07/2013,11:15,110,94,16
20/07/2013,11:30,85,74,11
20/07/2013,11:45,116,99,17
20/07/2013,12:00,99,83,16
20/07/2013,12:15,109,83,26
20/07/2013,12:30,128,108,20
20/07/2013,12:45,63,55,8
20/07/2013,13:00,62,46,16
20/07/2013,13:15,60,42,18
20/07/2013,13:30,73,58,15
20/07/2013,13:45,82,69,13
20/07/2013,14:00,117,103,14
20/07/2013,14:15,91,71,20
20/07/2013,14:30,89,78,11
20/07/2013,14:45,61,53,8
20/07/2013,15:00,86,68,18
20/07/2013,15:15,94,79,15
20/07/2013,15:30,76,62,14
20/07/2013,15:45,67,50,17
20/07/2013,16:00,60,43,17
20/07/2013,16:15,63,51,12
20/07/2013,16:30,56,40,16
20/07/2013,16:45,53,34,19
20/07/2013,17:00,41,29,12
20/07/2013,17:15,39,29,10
20/07/2013,17:30,54,10,44
20/07/2013,17:45,51,27,24
20/07/2013,18:00,55,21,34
20/07/2013,18:15,32,10,22
20/07/2013,18:30,34,19,15
20/07/2013,18:45,23,10,13
20/07/2013,19:00,17,3,14
20/07/2013,19:15,7,1,6
20/07/2013,19:30,20,10,10
20/07/2013,19:45,12,5,7
20/07/2013,20:00,7,5,2
20/07/2013,20:15,3,3,0
20/07/2013,20:30,2,1,1
20/07/2013,20:45,2,2,0
20/07/2013,21:00,2,2,0
20/07/2013,21:15,0,0,0
20/07/2013,21:30,0,0,0
20/07/2013,21:45,0,0,0
20/07/2013,22:00,1,1,0
20/07/2013,22:15,0,0,0
20/07/2013,22:30,2,2,0
20/07/2013,22:45,0,0,0
20/07/2013,23:00,0,0,0
20/07/2013,23:15,2,2,0
20/07/2013,23:30,0,0,0
20/07/2013,23:45,0,0,0
21/07/2013,00:00,0,0,0
21/07/2013,00:15,0,0,0
21/07/2013,00:30,0,0,0
21/07/2013,00:45,0,0,0
21/07/2013,01:00,0,0,0
21/07/2013,01:15,0,0,0
21/07/2013,01:30,0,0,0
21/07/2013,01:45,0,0,0
21/07/2013,02:00,0,0,0
21/07/2013,02:15,1,1,0
21/07/2013,02:30,0,0,0
21/07/2013,02:45,0,0,0
21/07/2013,03:00,0,0,0
21/07/2013,03:15,0,0,0
21/07/2013,03:30,0,0,0
21/07/2013,03:45,0,0,0
21/07/2013,04:00,0,0,0
21/07/2013,04:15,0,0,0
21/07/2013,04:30,0,0,0
21/07/2013,04:45,0,0,0
21/07/2013,05:00,0,0,0
21/07/2013,05:15,3,3,0
21/07/2013,05:30,1,0,1
21/07/2013,05:45,2,1,1
21/07/2013,06:00,4,3,1
21/07/2013,06:15,2,1,1
21/07/2013,06:30,2,0,2
21/07/2013,06:45,7,2,5
21/07/2013,07:00,8,4,4
21/07/2013,07:15,11,8,3
21/07/2013,07:30,23,18,5
21/07/2013,07:45,14,7,7
21/07/2013,08:00,19,14,5
21/07/2013,08:15,20,16,4
21/07/2013,08:30,36,28,8
21/07/2013,08:45,43,32,11
21/07/2013,09:00,35,25,10
21/07/2013,09:15,56,42,14
21/07/2013,09:30,55,40,15
21/07/2013,09:45,69,54,15
21/07/2013,10:00,44,37,7
21/07/2013,10:15,95,80,15
21/07/2013,10:30,59,41,18
21/07/2013,10:45,80,59,21
21/07/2013,11:00,86,68,18
21/07/2013,11:15,90,65,25
21/07/2013,11:30,61,54,7
21/07/2013,11:45,68,46,22
21/07/2013,12:00,61,41,20
21/07/2013,12:15,100,83,17
21/07/2013,12:30,73,62,11
21/07/2013,12:45,61,47,14
21/07/2013,13:00,67,50,17
21/07/2013,13:15,66,58,8
21/07/2013,13:30,67,51,16
21/07/2013,13:45,69,59,10
21/07/2013,14:00,90,67,23
21/07/2013,14:15,63,54,9
21/07/2013,14:30,63,41,22
21/07/2013,14:45,77,62,15
21/07/2013,15:00,61,42,19
21/07/2013,15:15,80,59,21
21/07/2013,15:30,62,49,13
21/07/2013,15:45,56,43,13
21/07/2013,16:00,61,41,20
21/07/2013,16:15,53,40,13
21/07/2013,16:30,41,29,12
21/07/2013,16:45,65,48,17
21/07/2013,17:00,63,38,25
21/07/2013,17:15,41,20,21
21/07/2013,17:30,36,23,13
21/07/2013,17:45,35,19,16
21/07/2013,18:00,23,8,15
21/07/2013,18:15,26,10,16
21/07/2013,18:30,40,20,20
21/07/2013,18:45,20,8,12
21/07/2013,19:00,24,8,16
21/07/2013,19:15,9,3,6
21/07/2013,19:30,19,9,10
21/07/2013,19:45,6,2,4
21/07/2013,20:00,8,4,4
21/07/2013,20:15,8,4,4
21/07/2013,20:30,3,0,3
21/07/2013,20:45,1,0,1
21/07/2013,21:00,1,0,1
21/07/2013,21:15,0,0,0
21/07/2013,21:30,2,1,1
21/07/2013,21:45,1,1,0
21/07/2013,22:00,2,2,0
21/07/2013,22:15,1,1,0
21/07/2013,22:30,0,0,0
21/07/2013,22:45,0,0,0
21/07/2013,23:00,0,0,0
21/07/2013,23:15,0,0,0
21/07/2013,23:30,0,0,0
21/07/2013,23:45,0,0,0
22/07/2013,00:00,0,0,0
22/07/2013,00:15,0,0,0
22/07/2013,00:30,0,0,0
22/07/2013,00:45,0,0,0
22/07/2013,01:00,0,0,0
22/07/2013,01:15,0,0,0
22/07/2013,01:30,0,0,0
22/07/2013,01:45,0,0,0
22/07/2013,02:00,0,0,0
22/07/2013,02:15,0,0,0
22/07/2013,02:30,0,0,0
22/07/2013,02:45,1,1,0
22/07/2013,03:00,0,0,0
22/07/2013,03:15,0,0,0
22/07/2013,03:30,0,0,0
22/07/2013,03:45,1,1,0
22/07/2013,04:00,0,0,0
22/07/2013,04:15,0,0,0
22/07/2013,04:30,1,1,0
22/07/2013,04:45,2,1,1
22/07/2013,05:00,2,2,0
22/07/2013,05:15,3,2,1
22/07/2013,05:30,2,1,1
22/07/2013,05:45,5,4,1
22/07/2013,06:00,12,6,6
22/07/2013,06:15,21,12,9
22/07/2013,06:30,16,10,6
22/07/2013,06:45,21,13,8
22/07/2013,07:00,22,14,8
22/07/2013,07:15,16,7,9
22/07/2013,07:30,53,12,41
22/07/2013,07:45,20,11,9
22/07/2013,08:00,21,16,5
22/07/2013,08:15,21,15,6
22/07/2013,08:30,14,6,8
22/07/2013,08:45,13,7,6
22/07/2013,09:00,20,9,11
22/07/2013,09:15,22,8,14
22/07/2013,09:30,20,5,15
22/07/2013,09:45,26,8,18
22/07/2013,10:00,20,6,14
22/07/2013,10:15,19,11,8
22/07/2013,10:30,15,7,8
22/07/2013,10:45,26,13,13
22/07/2013,11:00,26,12,14
22/07/2013,11:15,36,14,22
22/07/2013,11:30,32,20,12
22/07/2013,11:45,37,23,14
22/07/2013,12:00,19,9,10
22/07/2013,12:15,38,29,9
22/07/2013,12:30,34,25,9
22/07/2013,12:45,27,17,10
22/07/2013,13:00,28,9,19
22/07/2013,13:15,40,27,13
22/07/2013,13:30,37,24,13
22/07/2013,13:45,33,25,8
22/07/2013,14:00,38,29,9
22/07/2013,14:15,41,34,7
22/07/2013,14:30,20,12,8
22/07/2013,14:45,34,24,10
22/07/2013,15:00,37,22,15
22/07/2013,15:15,23,10,13
22/07/2013,15:30,33,23,10
22/07/2013,15:45,25,20,5
22/07/2013,16:00,29,23,6
22/07/2013,16:15,33,24,9
22/07/2013,16:30,22,14,8
22/07/2013,16:45,42,31,11
22/07/2013,17:00,48,36,12
22/07/2013,17:15,47,31,16
22/07/2013,17:30,37,23,14
22/07/2013,17:45,35,21,14
22/07/2013,18:00,39,23,16
22/07/2013,18:15,34,22,12
22/07/2013,18:30,27,22,5
22/07/2013,18:45,36,26,10
22/07/2013,19:00,22,16,6
22/07/2013,19:15,18,12,6
22/07/2013,19:30,12,7,5
22/07/2013,19:45,7,4,3
22/07/2013,20:00,6,6,0
22/07/2013,20:15,9,5,4
22/07/2013,20:30,7,3,4
22/07/2013,20:45,3,1,2
22/07/2013,21:00,1,1,0
22/07/2013,21:15,1,0,1
22/07/2013,21:30,1,1,0
22/07/2013,21:45,2,2,0
22/07/2013,22:00,1,1,0
22/07/2013,22:15,0,0,0
22/07/2013,22:30,0,0,0
22/07/2013,22:45,0,0,0
22/07/2013,23:00,3,2,1
22/07/2013,23:15,0,0,0
22/07/2013,23:30,0,0,0
22/07/2013,23:45,1,1,0
23/07/2013,00:00,0,0,0
23/07/2013,00:15,0,0,0
23/07/2013,00:30,0,0,0
23/07/2013,00:45,0,0,0
23/07/2013,01:00,0,0,0
23/07/2013,01:15,0,0,0
23/07/2013,01:30,0,0,0
23/07/2013,01:45,0,0,0
23/07/2013,02:00,0,0,0
23/07/2013,02:15,0,0,0
23/07/2013,02:30,1,1,0
23/07/2013,02:45,0,0,0
23/07/2013,03:00,1,0,1
23/07/2013,03:15,0,0,0
23/07/2013,03:30,0,0,0
23/07/2013,03:45,1,0,1
23/07/2013,04:00,0,0,0
23/07/2013,04:15,0,0,0
23/07/2013,04:30,1,1,0
23/07/2013,04:45,1,1,0
23/07/2013,05:00,2,2,0
23/07/2013,05:15,2,2,0
23/07/2013,05:30,1,0,1
23/07/2013,05:45,7,3,4
23/07/2013,06:00,14,8,6
23/07/2013,06:15,34,24,10
23/07/2013,06:30,22,13,9
23/07/2013,06:45,29,13,16
23/07/2013,07:00,23,14,9
23/07/2013,07:15,16,11,5
23/07/2013,07:30,34,22,12
23/07/2013,07:45,26,15,11
23/07/2013,08:00,33,19,14
23/07/2013,08:15,29,12,17
23/07/2013,08:30,28,13,15
23/07/2013,08:45,20,6,14
23/07/2013,09:00,28,14,14
23/07/2013,09:15,27,13,14
23/07/2013,09:30,25,10,15
23/07/2013,09:45,31,12,19
23/07/2013,10:00,35,18,17
23/07/2013,10:15,30,19,11
23/07/2013,10:30,38,18,20
23/07/2013,10:45,24,13,11
23/07/2013,11:00,26,9,17
23/07/2013,11:15,22,10,12
23/07/2013,11:30,24,13,11
23/07/2013,11:45,30,20,10
23/07/2013,12:00,40,25,15
23/07/2013,12:15,36,29,7
23/07/2013,12:30,19,11,8
23/07/2013,12:45,21,9,12
23/07/2013,13:00,28,19,9
23/07/2013,13:15,30,14,16
23/07/2013,13:30,27,12,15
23/07/2013,13:45,22,7,15
23/07/2013,14:00,28,18,10
23/07/2013,14:15,34,25,9
23/07/2013,14:30,34,30,4
23/07/2013,14:45,28,24,4
23/07/2013,15:00,30,21,9
23/07/2013,15:15,33,24,9
23/07/2013,15:30,34,17,17
23/07/2013,15:45,33,23,10
23/07/2013,16:00,31,19,12
23/07/2013,16:15,35,23,12
23/07/2013,16:30,25,13,12
23/07/2013,16:45,26,11,15
23/07/2013,17:00,31,15,16
23/07/2013,17:15,35,17,18
23/07/2013,17:30,41,27,14
23/07/2013,17:45,34,20,14
23/07/2013,18:00,32,21,11
23/07/2013,18:15,43,20,23
23/07/2013,18:30,35,22,13
23/07/2013,18:45,48,27,21
23/07/2013,19:00,37,19,18
23/07/2013,19:15,21,11,10
23/07/2013,19:30,16,12,4
23/07/2013,19:45,14,11,3
23/07/2013,20:00,10,3,7
23/07/2013,20:15,10,8,2
23/07/2013,20:30,3,2,1
23/07/2013,20:45,2,0,2
23/07/2013,21:00,3,0,3
23/07/2013,21:15,7,4,3
23/07/2013,21:30,2,2,0
23/07/2013,21:45,1,0,1
23/07/2013,22:00,2,2,0
23/07/2013,22:15,1,1,0
23/07/2013,22:30,0,0,0
23/07/2013,22:45,0,0,0
23/07/2013,23:00,4,3,1
23/07/2013,23:15,1,1,0
23/07/2013,23:30,1,1,0
23/07/2013,23:45,0,0,0
24/07/2013,00:00,1,1,0
24/07/2013,00:15,1,1,0
24/07/2013,00:30,0,0,0
24/07/2013,00:45,0,0,0
24/07/2013,01:00,0,0,0
24/07/2013,01:15,0,0,0
24/07/2013,01:30,0,0,0
24/07/2013,01:45,0,0,0
24/07/2013,02:00,0,0,0
24/07/2013,02:15,0,0,0
24/07/2013,02:30,0,0,0
24/07/2013,02:45,0,0,0
24/07/2013,03:00,0,0,0
24/07/2013,03:15,0,0,0
24/07/2013,03:30,0,0,0
24/07/2013,03:45,1,1,0
24/07/2013,04:00,0,0,0
24/07/2013,04:15,1,1,0
24/07/2013,04:30,2,2,0
24/07/2013,04:45,1,0,1
24/07/2013,05:00,2,2,0
24/07/2013,05:15,0,0,0
24/07/2013,05:30,10,7,3
24/07/2013,05:45,4,2,2
24/07/2013,06:00,16,9,7
24/07/2013,06:15,22,11,11
24/07/2013,06:30,23,15,8
24/07/2013,06:45,23,13,10
24/07/2013,07:00,18,11,7
24/07/2013,07:15,21,14,7
24/07/2013,07:30,29,23,6
24/07/2013,07:45,29,15,14
24/07/2013,08:00,24,15,9
24/07/2013,08:15,21,13,8
24/07/2013,08:30,27,19,8
24/07/2013,08:45,26,17,9
24/07/2013,09:00,23,11,12
24/07/2013,09:15,38,20,18
24/07/2013,09:30,28,21,7
24/07/2013,09:45,38,18,20
24/07/2013,10:00,25,14,11
24/07/2013,10:15,22,14,8
24/07/2013,10:30,17,11,6
24/07/2013,10:45,25,13,12
24/07/2013,11:00,35,23,12
24/07/2013,11:15,30,22,8
24/07/2013,11:30,21,15,6
24/07/2013,11:45,41,32,9
24/07/2013,12:00,37,24,13
24/07/2013,12:15,28,22,6
24/07/2013,12:30,36,31,5
24/07/2013,12:45,32,22,10
24/07/2013,13:00,39,31,8
24/07/2013,13:15,45,35,10
24/07/2013,13:30,27,18,9
24/07/2013,13:45,33,28,5
24/07/2013,14:00,28,19,9
24/07/2013,14:15,26,15,11
24/07/2013,14:30,35,24,11
24/07/2013,14:45,25,17,8
24/07/2013,15:00,37,28,9
24/07/2013,15:15,67,57,10
24/07/2013,15:30,66,54,12
24/07/2013,15:45,32,28,4
24/07/2013,16:00,48,29,19
24/07/2013,16:15,44,32,12
24/07/2013,16:30,45,36,9
24/07/2013,16:45,41,29,12
24/07/2013,17:00,38,19,19
24/07/2013,17:15,34,16,18
24/07/2013,17:30,43,27,16
24/07/2013,17:45,44,26,18
24/07/2013,18:00,60,40,20
24/07/2013,18:15,60,32,28
24/07/2013,18:30,57,33,24
24/07/2013,18:45,37,26,11
24/07/2013,19:00,35,22,13
24/07/2013,19:15,21,9,12
24/07/2013,19:30,18,14,4
24/07/2013,19:45,20,12,8
24/07/2013,20:00,19,9,10
24/07/2013,20:15,17,12,5
24/07/2013,20:30,8,1,7
24/07/2013,20:45,3,2,1
24/07/2013,21:00,2,0,2
24/07/2013,21:15,5,2,3
24/07/2013,21:30,1,0,1
24/07/2013,21:45,3,3,0
24/07/2013,22:00,1,0,1
24/07/2013,22:15,2,2,0
24/07/2013,22:30,3,1,2
24/07/2013,22:45,2,1,1
24/07/2013,23:00,0,0,0
24/07/2013,23:15,0,0,0
24/07/2013,23:30,0,0,0
24/07/2013,23:45,0,0,0
25/07/2013,00:00,1,1,0
25/07/2013,00:15,0,0,0
25/07/2013,00:30,0,0,0
25/07/2013,00:45,0,0,0
25/07/2013,01:00,0,0,0
25/07/2013,01:15,0,0,0
25/07/2013,01:30,0,0,0
25/07/2013,01:45,0,0,0
25/07/2013,02:00,0,0,0
25/07/2013,02:15,0,0,0
25/07/2013,02:30,0,0,0
25/07/2013,02:45,0,0,0
25/07/2013,03:00,0,0,0
25/07/2013,03:15,0,0,0
25/07/2013,03:30,0,0,0
25/07/2013,03:45,0,0,0
25/07/2013,04:00,0,0,0
25/07/2013,04:15,1,0,1
25/07/2013,04:30,1,0,1
25/07/2013,04:45,2,0,2
25/07/2013,05:00,2,1,1
25/07/2013,05:15,3,3,0
25/07/2013,05:30,0,0,0
25/07/2013,05:45,3,2,1
25/07/2013,06:00,7,3,4
25/07/2013,06:15,10,7,3
25/07/2013,06:30,32,19,13
25/07/2013,06:45,22,11,11
25/07/2013,07:00,23,15,8
25/07/2013,07:15,58,46,12
25/07/2013,07:30,32,17,15
25/07/2013,07:45,28,16,12
25/07/2013,08:00,36,26,10
25/07/2013,08:15,39,29,10
25/07/2013,08:30,21,13,8
25/07/2013,08:45,20,9,11
25/07/2013,09:00,40,30,10
25/07/2013,09:15,27,13,14
25/07/2013,09:30,24,14,10
25/07/2013,09:45,31,14,17
25/07/2013,10:00,24,12,12
25/07/2013,10:15,21,9,12
25/07/2013,10:30,28,13,15
25/07/2013,10:45,44,33,11
25/07/2013,11:00,22,11,11
25/07/2013,11:15,19,15,4
25/07/2013,11:30,29,16,13
25/07/2013,11:45,15,13,2
25/07/2013,12:00,19,10,9
25/07/2013,12:15,19,10,9
25/07/2013,12:30,29,20,9
25/07/2013,12:45,23,12,11
25/07/2013,13:00,19,15,4
25/07/2013,13:15,18,9,9
25/07/2013,13:30,25,19,6
25/07/2013,13:45,12,7,5
25/07/2013,14:00,38,29,9
25/07/2013,14:15,26,19,7
25/07/2013,14:30,20,16,4
25/07/2013,14:45,29,21,8
25/07/2013,15:00,40,32,8
25/07/2013,15:15,37,26,11
25/07/2013,15:30,47,39,8
25/07/2013,15:45,20,13,7
25/07/2013,16:00,40,32,8
25/07/2013,16:15,32,22,10
25/07/2013,16:30,28,13,15
25/07/2013,16:45,42,17,25
25/07/2013,17:00,41,26,15
25/07/2013,17:15,30,16,14
25/07/2013,17:30,38,18,20
25/07/2013,17:45,59,41,18
25/07/2013,18:00,47,34,13
25/07/2013,18:15,34,18,16
25/07/2013,18:30,49,27,22
25/07/2013,18:45,35,22,13
25/07/2013,19:00,28,20,8
25/07/2013,19:15,34,17,17
25/07/2013,19:30,13,9,4
25/07/2013,19:45,14,9,5
25/07/2013,20:00,11,8,3
25/07/2013,20:15,7,2,5
25/07/2013,20:30,3,1,2
25/07/2013,20:45,2,2,0
25/07/2013,21:00,2,2,0
25/07/2013,21:15,1,1,0
25/07/2013,21:30,2,2,0
25/07/2013,21:45,2,1,1
25/07/2013,22:00,0,0,0
25/07/2013,22:15,2,0,2
25/07/2013,22:30,7,7,0
25/07/2013,22:45,1,0,1
25/07/2013,23:00,1,0,1
25/07/2013,23:15,0,0,0
25/07/2013,23:30,1,0,1
25/07/2013,23:45,1,0,1
26/07/2013,00:00,0,0,0
26/07/2013,00:15,0,0,0
26/07/2013,00:30,0,0,0
26/07/2013,00:45,1,0,1
26/07/2013,01:00,0,0,0
26/07/2013,01:15,0,0,0
26/07/2013,01:30,1,0,1
26/07/2013,01:45,0,0,0
26/07/2013,02:00,0,0,0
26/07/2013,02:15,0,0,0
26/07/2013,02:30,0,0,0
26/07/2013,02:45,0,0,0
26/07/2013,03:00,0,0,0
26/07/2013,03:15,0,0,0
26/07/2013,03:30,0,0,0
26/07/2013,03:45,1,1,0
26/07/2013,04:00,0,0,0
26/07/2013,04:15,0,0,0
26/07/2013,04:30,1,1,0
26/07/2013,04:45,0,0,0
26/07/2013,05:00,1,1,0
26/07/2013,05:15,3,3,0
26/07/2013,05:30,2,2,0
26/07/2013,05:45,6,5,1
26/07/2013,06:00,10,9,1
26/07/2013,06:15,20,13,7
26/07/2013,06:30,15,12,3
26/07/2013,06:45,29,17,12
26/07/2013,07:00,16,13,3
26/07/2013,07:15,26,20,6
26/07/2013,07:30,25,19,6
26/07/2013,07:45,27,14,13
26/07/2013,08:00,19,10,9
26/07/2013,08:15,19,10,9
26/07/2013,08:30,15,12,3
26/07/2013,08:45,22,11,11
26/07/2013,09:00,25,10,15
26/07/2013,09:15,17,8,9
26/07/2013,09:30,22,13,9
26/07/2013,09:45,21,9,12
26/07/2013,10:00,25,13,12
26/07/2013,10:15,27,17,10
26/07/2013,10:30,37,24,13
26/07/2013,10:45,32,24,8
26/07/2013,11:00,17,7,10
26/07/2013,11:15,23,13,10
26/07/2013,11:30,14,10,4
26/07/2013,11:45,22,17,5
26/07/2013,12:00,22,15,7
26/07/2013,12:15,32,24,8
26/07/2013,12:30,28,12,16
26/07/2013,12:45,30,26,4
26/07/2013,13:00,24,15,9
26/07/2013,13:15,28,18,10
26/07/2013,13:30,31,21,10
26/07/2013,13:45,40,25,15
26/07/2013,14:00,31,20,11
26/07/2013,14:15,22,14,8
26/07/2013,14:30,30,22,8
26/07/2013,14:45,32,25,7
26/07/2013,15:00,43,38,5
26/07/2013,15:15,45,33,12
26/07/2013,15:30,40,23,17
26/07/2013,15:45,36,20,16
26/07/2013,16:00,30,17,13
26/07/2013,16:15,72,52,20
26/07/2013,16:30,47,30,17
26/07/2013,16:45,41,23,18
26/07/2013,17:00,35,22,13
26/07/2013,17:15,30,21,9
26/07/2013,17:30,42,18,24
26/07/2013,17:45,45,22,23
26/07/2013,18:00,44,23,21
26/07/2013,18:15,28,18,10
26/07/2013,18:30,36,23,13
26/07/2013,18:45,27,17,10
26/07/2013,19:00,22,12,10
26/07/2013,19:15,10,4,6
26/07/2013,19:30,18,8,10
26/07/2013,19:45,10,5,5
26/07/2013,20:00,6,3,3
26/07/2013,20:15,6,3,3
26/07/2013,20:30,6,4,2
26/07/2013,20:45,6,4,2
26/07/2013,21:00,0,0,0
26/07/2013,21:15,1,1,0
26/07/2013,21:30,2,1,1
26/07/2013,21:45,0,0,0
26/07/2013,22:00,1,1,0
26/07/2013,22:15,3,2,1
26/07/2013,22:30,1,1,0
26/07/2013,22:45,0,0,0
26/07/2013,23:00,0,0,0
26/07/2013,23:15,2,2,0
26/07/2013,23:30,0,0,0
26/07/2013,23:45,0,0,0
27/07/2013,00:00,0,0,0
27/07/2013,00:15,0,0,0
27/07/2013,00:30,2,2,0
27/07/2013,00:45,0,0,0
27/07/2013,01:00,0,0,0
27/07/2013,01:15,0,0,0
27/07/2013,01:30,0,0,0
27/07/2013,01:45,0,0,0
27/07/2013,02:00,1,1,0
27/07/2013,02:15,0,0,0
27/07/2013,02:30,0,0,0
27/07/2013,02:45,0,0,0
27/07/2013,03:00,0,0,0
27/07/2013,03:15,0,0,0
27/07/2013,03:30,0,0,0
27/07/2013,03:45,0,0,0
27/07/2013,04:00,0,0,0
27/07/2013,04:15,0,0,0
27/07/2013,04:30,0,0,0
27/07/2013,04:45,1,1,0
27/07/2013,05:00,0,0,0
27/07/2013,05:15,3,3,0
27/07/2013,05:30,1,0,1
27/07/2013,05:45,1,0,1
27/07/2013,06:00,2,1,1
27/07/2013,06:15,6,1,5
27/07/2013,06:30,9,5,4
27/07/2013,06:45,7,3,4
27/07/2013,07:00,10,4,6
27/07/2013,07:15,18,11,7
27/07/2013,07:30,17,12,5
27/07/2013,07:45,30,25,5
27/07/2013,08:00,45,28,17
27/07/2013,08:15,43,33,10
27/07/2013,08:30,54,44,10
27/07/2013,08:45,55,46,9
27/07/2013,09:00,73,59,14
27/07/2013,09:15,92,77,15
27/07/2013,09:30,80,63,17
27/07/2013,09:45,69,50,19
27/07/2013,10:00,94,75,19
27/07/2013,10:15,85,71,14
27/07/2013,10:30,68,44,24
27/07/2013,10:45,103,79,24
27/07/2013,11:00,76,55,21
27/07/2013,11:15,94,83,11
27/07/2013,11:30,105,86,19
27/07/2013,11:45,86,70,16
27/07/2013,12:00,75,62,13
27/07/2013,12:15,63,46,17
27/07/2013,12:30,75,60,15
27/07/2013,12:45,87,68,19
27/07/2013,13:00,71,61,10
27/07/2013,13:15,87,74,13
27/07/2013,13:30,65,55,10
27/07/2013,13:45,79,62,17
27/07/2013,14:00,64,53,11
27/07/2013,14:15,64,49,15
27/07/2013,14:30,77,65,12
27/07/2013,14:45,55,43,12
27/07/2013,15:00,69,57,12
27/07/2013,15:15,67,54,13
27/07/2013,15:30,51,30,21
27/07/2013,15:45,84,63,21
27/07/2013,16:00,71,48,23
27/07/2013,16:15,54,34,20
27/07/2013,16:30,55,33,22
27/07/2013,16:45,49,27,22
27/07/2013,17:00,56,33,23
27/07/2013,17:15,60,38,22
27/07/2013,17:30,48,28,20
27/07/2013,17:45,39,26,13
27/07/2013,18:00,27,8,19
27/07/2013,18:15,39,17,22
27/07/2013,18:30,22,9,13
27/07/2013,18:45,33,25,8
27/07/2013,19:00,16,9,7
27/07/2013,19:15,6,4,2
27/07/2013,19:30,10,8,2
27/07/2013,19:45,4,2,2
27/07/2013,20:00,7,5,2
27/07/2013,20:15,2,1,1
27/07/2013,20:30,3,2,1
27/07/2013,20:45,2,2,0
27/07/2013,21:00,0,0,0
27/07/2013,21:15,5,1,4
27/07/2013,21:30,1,1,0
27/07/2013,21:45,1,0,1
27/07/2013,22:00,1,1,0
27/07/2013,22:15,1,1,0
27/07/2013,22:30,0,0,0
27/07/2013,22:45,1,1,0
27/07/2013,23:00,3,2,1
27/07/2013,23:15,0,0,0
27/07/2013,23:30,0,0,0
27/07/2013,23:45,0,0,0
28/07/2013,00:00,1,1,0
28/07/2013,00:15,0,0,0
28/07/2013,00:30,0,0,0
28/07/2013,00:45,0,0,0
28/07/2013,01:00,0,0,0
28/07/2013,01:15,0,0,0
28/07/2013,01:30,0,0,0
28/07/2013,01:45,2,2,0
28/07/2013,02:00,0,0,0
28/07/2013,02:15,0,0,0
28/07/2013,02:30,0,0,0
28/07/2013,02:45,0,0,0
28/07/2013,03:00,0,0,0
28/07/2013,03:15,0,0,0
28/07/2013,03:30,0,0,0
28/07/2013,03:45,0,0,0
28/07/2013,04:00,0,0,0
28/07/2013,04:15,1,0,1
28/07/2013,04:30,0,0,0
28/07/2013,04:45,0,0,0
28/07/2013,05:00,0,0,0
28/07/2013,05:15,1,0,1
28/07/2013,05:30,2,2,0
28/07/2013,05:45,0,0,0
28/07/2013,06:00,4,1,3
28/07/2013,06:15,4,2,2
28/07/2013,06:30,4,0,4
28/07/2013,06:45,8,6,2
28/07/2013,07:00,5,1,4
28/07/2013,07:15,6,3,3
28/07/2013,07:30,12,6,6
28/07/2013,07:45,17,8,9
28/07/2013,08:00,29,19,10
28/07/2013,08:15,21,18,3
28/07/2013,08:30,34,21,13
28/07/2013,08:45,43,29,14
28/07/2013,09:00,33,25,8
28/07/2013,09:15,51,35,16
28/07/2013,09:30,74,58,16
28/07/2013,09:45,84,71,13
28/07/2013,10:00,80,68,12
28/07/2013,10:15,77,66,11
28/07/2013,10:30,42,26,16
28/07/2013,10:45,79,56,23
28/07/2013,11:00,55,39,16
28/07/2013,11:15,116,95,21
28/07/2013,11:30,83,65,18
28/07/2013,11:45,57,45,12
28/07/2013,12:00,79,66,13
28/07/2013,12:15,83,60,23
28/07/2013,12:30,90,84,6
28/07/2013,12:45,70,51,19
28/07/2013,13:00,70,61,9
28/07/2013,13:15,69,62,7
28/07/2013,13:30,68,57,11
28/07/2013,13:45,91,77,14
28/07/2013,14:00,62,53,9
28/07/2013,14:15,77,62,15
28/07/2013,14:30,67,54,13
28/07/2013,14:45,65,51,14
28/07/2013,15:00,59,41,18
28/07/2013,15:15,67,54,13
28/07/2013,15:30,33,30,3
28/07/2013,15:45,50,38,12
28/07/2013,16:00,44,32,12
28/07/2013,16:15,60,44,16
28/07/2013,16:30,46,33,13
28/07/2013,16:45,38,27,11
28/07/2013,17:00,41,23,18
28/07/2013,17:15,57,44,13
28/07/2013,17:30,33,21,12
28/07/2013,17:45,36,24,12
28/07/2013,18:00,19,12,7
28/07/2013,18:15,23,16,7
28/07/2013,18:30,11,5,6
28/07/2013,18:45,14,3,11
28/07/2013,19:00,9,0,9
28/07/2013,19:15,10,3,7
28/07/2013,19:30,3,2,1
28/07/2013,19:45,6,4,2
28/07/2013,20:00,4,1,3
28/07/2013,20:15,3,2,1
28/07/2013,20:30,4,1,3
28/07/2013,20:45,2,1,1
28/07/2013,21:00,1,0,1
28/07/2013,21:15,2,0,2
28/07/2013,21:30,1,1,0
28/07/2013,21:45,1,1,0
28/07/2013,22:00,0,0,0
28/07/2013,22:15,2,0,2
28/07/2013,22:30,0,0,0
28/07/2013,22:45,1,1,0
28/07/2013,23:00,0,0,0
28/07/2013,23:15,2,1,1
28/07/2013,23:30,0,0,0
28/07/2013,23:45,0,0,0
29/07/2013,00:00,0,0,0
29/07/2013,00:15,0,0,0
29/07/2013,00:30,0,0,0
29/07/2013,00:45,0,0,0
29/07/2013,01:00,0,0,0
29/07/2013,01:15,0,0,0
29/07/2013,01:30,1,1,0
29/07/2013,01:45,0,0,0
29/07/2013,02:00,0,0,0
29/07/2013,02:15,0,0,0
29/07/2013,02:30,0,0,0
29/07/2013,02:45,0,0,0
29/07/2013,03:00,1,0,1
29/07/2013,03:15,0,0,0
29/07/2013,03:30,0,0,0
29/07/2013,03:45,0,0,0
29/07/2013,04:00,0,0,0
29/07/2013,04:15,0,0,0
29/07/2013,04:30,1,1,0
29/07/2013,04:45,0,0,0
29/07/2013,05:00,0,0,0
29/07/2013,05:15,0,0,0
29/07/2013,05:30,3,2,1
29/07/2013,05:45,1,1,0
29/07/2013,06:00,4,3,1
29/07/2013,06:15,13,9,4
29/07/2013,06:30,8,5,3
29/07/2013,06:45,25,18,7
29/07/2013,07:00,21,16,5
29/07/2013,07:15,20,12,8
29/07/2013,07:30,17,8,9
29/07/2013,07:45,23,19,4
29/07/2013,08:00,13,10,3
29/07/2013,08:15,23,14,9
29/07/2013,08:30,17,11,6
29/07/2013,08:45,11,6,5
29/07/2013,09:00,16,7,9
29/07/2013,09:15,13,7,6
29/07/2013,09:30,13,5,8
29/07/2013,09:45,17,8,9
29/07/2013,10:00,17,10,7
29/07/2013,10:15,13,6,7
29/07/2013,10:30,16,8,8
29/07/2013,10:45,11,3,8
29/07/2013,11:00,12,4,8
29/07/2013,11:15,12,7,5
29/07/2013,11:30,16,9,7
29/07/2013,11:45,9,7,2
29/07/2013,12:00,14,10,4
29/07/2013,12:15,28,20,8
29/07/2013,12:30,20,9,11
29/07/2013,12:45,16,7,9
29/07/2013,13:00,27,14,13
29/07/2013,13:15,23,15,8
29/07/2013,13:30,22,15,7
29/07/2013,13:45,12,7,5
29/07/2013,14:00,31,18,13
29/07/2013,14:15,18,15,3
29/07/2013,14:30,37,31,6
29/07/2013,14:45,19,14,5
29/07/2013,15:00,35,25,10
29/07/2013,15:15,26,24,2
29/07/2013,15:30,14,13,1
29/07/2013,15:45,30,22,8
29/07/2013,16:00,22,11,11
29/07/2013,16:15,37,23,14
29/07/2013,16:30,20,15,5
29/07/2013,16:45,36,14,22
29/07/2013,17:00,28,16,12
29/07/2013,17:15,32,16,16
29/07/2013,17:30,44,26,18
29/07/2013,17:45,50,28,22
29/07/2013,18:00,43,33,10
29/07/2013,18:15,35,17,18
29/07/2013,18:30,38,21,17
29/07/2013,18:45,31,17,14
29/07/2013,19:00,21,13,8
29/07/2013,19:15,22,13,9
29/07/2013,19:30,15,11,4
29/07/2013,19:45,5,4,1
29/07/2013,20:00,10,7,3
29/07/2013,20:15,5,3,2
29/07/2013,20:30,1,1,0
29/07/2013,20:45,2,2,0
29/07/2013,21:00,2,2,0
29/07/2013,21:15,0,0,0
29/07/2013,21:30,0,0,0
29/07/2013,21:45,1,0,1
29/07/2013,22:00,3,2,1
29/07/2013,22:15,2,1,1
29/07/2013,22:30,1,1,0
29/07/2013,22:45,2,2,0
29/07/2013,23:00,0,0,0
29/07/2013,23:15,0,0,0
29/07/2013,23:30,0,0,0
29/07/2013,23:45,1,0,1
30/07/2013,00:00,1,0,1
30/07/2013,00:15,0,0,0
30/07/2013,00:30,0,0,0
30/07/2013,00:45,0,0,0
30/07/2013,01:00,0,0,0
30/07/2013,01:15,0,0,0
30/07/2013,01:30,1,0,1
30/07/2013,01:45,1,0,1
30/07/2013,02:00,0,0,0
30/07/2013,02:15,0,0,0
30/07/2013,02:30,0,0,0
30/07/2013,02:45,0,0,0
30/07/2013,03:00,0,0,0
30/07/2013,03:15,0,0,0
30/07/2013,03:30,0,0,0
30/07/2013,03:45,0,0,0
30/07/2013,04:00,0,0,0
30/07/2013,04:15,0,0,0
30/07/2013,04:30,1,1,0
30/07/2013,04:45,0,0,0
30/07/2013,05:00,2,0,2
30/07/2013,05:15,2,2,0
30/07/2013,05:30,5,5,0
30/07/2013,05:45,5,4,1
30/07/2013,06:00,8,5,3
30/07/2013,06:15,22,10,12
30/07/2013,06:30,22,15,7
30/07/2013,06:45,19,15,4
30/07/2013,07:00,20,18,2
30/07/2013,07:15,19,12,7
30/07/2013,07:30,32,22,10
30/07/2013,07:45,24,16,8
30/07/2013,08:00,19,11,8
30/07/2013,08:15,20,14,6
30/07/2013,08:30,20,12,8
30/07/2013,08:45,28,11,17
30/07/2013,09:00,34,25,9
30/07/2013,09:15,28,11,17
30/07/2013,09:30,28,15,13
30/07/2013,09:45,24,10,14
30/07/2013,10:00,15,8,7
30/07/2013,10:15,22,11,11
30/07/2013,10:30,16,7,9
30/07/2013,10:45,15,9,6
30/07/2013,11:00,23,17,6
30/07/2013,11:15,16,8,8
30/07/2013,11:30,26,17,9
30/07/2013,11:45,24,17,7
30/07/2013,12:00,24,12,12
30/07/2013,12:15,32,20,12
30/07/2013,12:30,26,19,7
30/07/2013,12:45,28,12,16
30/07/2013,13:00,30,15,15
30/07/2013,13:15,35,26,9
30/07/2013,13:30,18,7,11
30/07/2013,13:45,33,22,11
30/07/2013,14:00,28,20,8
30/07/2013,14:15,41,26,15
30/07/2013,14:30,24,16,8
30/07/2013,14:45,47,33,14
30/07/2013,15:00,42,31,11
30/07/2013,15:15,42,34,8
30/07/2013,15:30,41,30,11
30/07/2013,15:45,42,19,23
30/07/2013,16:00,49,32,17
30/07/2013,16:15,51,17,34
30/07/2013,16:30,27,15,12
30/07/2013,16:45,32,16,16
30/07/2013,17:00,62,32,30
30/07/2013,17:15,52,25,27
30/07/2013,17:30,43,25,18
30/07/2013,17:45,37,20,17
30/07/2013,18:00,50,29,21
30/07/2013,18:15,35,21,14
30/07/2013,18:30,29,17,12
30/07/2013,18:45,26,18,8
30/07/2013,19:00,26,13,13
30/07/2013,19:15,18,9,9
30/07/2013,19:30,20,13,7
30/07/2013,19:45,15,12,3
30/07/2013,20:00,15,8,7
30/07/2013,20:15,6,3,3
30/07/2013,20:30,3,1,2
30/07/2013,20:45,6,4,2
30/07/2013,21:00,2,2,0
30/07/2013,21:15,3,3,0
30/07/2013,21:30,2,2,0
30/07/2013,21:45,2,2,0
30/07/2013,22:00,2,0,2
30/07/2013,22:15,3,1,2
30/07/2013,22:30,0,0,0
30/07/2013,22:45,1,0,1
30/07/2013,23:00,4,1,3
30/07/2013,23:15,1,1,0
30/07/2013,23:30,0,0,0
30/07/2013,23:45,0,0,0
31/07/2013,00:00,0,0,0
31/07/2013,00:15,0,0,0
31/07/2013,00:30,0,0,0
31/07/2013,00:45,0,0,0
31/07/2013,01:00,0,0,0
31/07/2013,01:15,0,0,0
31/07/2013,01:30,0,0,0
31/07/2013,01:45,0,0,0
31/07/2013,02:00,0,0,0
31/07/2013,02:15,0,0,0
31/07/2013,02:30,0,0,0
31/07/2013,02:45,0,0,0
31/07/2013,03:00,0,0,0
31/07/2013,03:15,0,0,0
31/07/2013,03:30,1,1,0
31/07/2013,03:45,0,0,0
31/07/2013,04:00,1,0,1
31/07/2013,04:15,3,3,0
31/07/2013,04:30,2,2,0
31/07/2013,04:45,0,0,0
31/07/2013,05:00,0,0,0
31/07/2013,05:15,2,1,1
31/07/2013,05:30,7,5,2
31/07/2013,05:45,7,3,4
31/07/2013,06:00,7,4,3
31/07/2013,06:15,23,14,9
31/07/2013,06:30,20,14,6
31/07/2013,06:45,23,13,10
31/07/2013,07:00,25,20,5
31/07/2013,07:15,28,19,9
31/07/2013,07:30,20,14,6
31/07/2013,07:45,25,18,7
31/07/2013,08:00,21,13,8
31/07/2013,08:15,18,10,8
31/07/2013,08:30,21,13,8
31/07/2013,08:45,23,13,10
31/07/2013,09:00,19,15,4
31/07/2013,09:15,25,16,9
31/07/2013,09:30,28,15,13
31/07/2013,09:45,26,15,11
31/07/2013,10:00,22,9,13
31/07/2013,10:15,37,19,18
31/07/2013,10:30,28,8,20
31/07/2013,10:45,21,8,13
31/07/2013,11:00,19,10,9
31/07/2013,11:15,17,9,8
31/07/2013,11:30,18,10,8
31/07/2013,11:45,26,16,10
31/07/2013,12:00,26,15,11
31/07/2013,12:15,16,9,7
31/07/2013,12:30,24,8,16
31/07/2013,12:45,26,19,7
31/07/2013,13:00,32,22,10
31/07/2013,13:15,20,15,5
31/07/2013,13:30,22,15,7
31/07/2013,13:45,31,19,12
31/07/2013,14:00,15,5,10
31/07/2013,14:15,20,15,5
31/07/2013,14:30,26,20,6
31/07/2013,14:45,36,26,10
31/07/2013,15:00,29,18,11
31/07/2013,15:15,44,28,16
31/07/2013,15:30,26,16,10
31/07/2013,15:45,27,18,9
31/07/2013,16:00,32,20,12
31/07/2013,16:15,30,16,14
31/07/2013,16:30,40,29,11
31/07/2013,16:45,43,28,15
31/07/2013,17:00,46,28,18
31/07/2013,17:15,50,32,18
31/07/2013,17:30,48,30,18
31/07/2013,17:45,56,32,24
31/07/2013,18:00,59,38,21
31/07/2013,18:15,55,36,19
31/07/2013,18:30,55,27,28
31/07/2013,18:45,33,20,13
31/07/2013,19:00,35,20,15
31/07/2013,19:15,24,16,8
31/07/2013,19:30,27,13,14
31/07/2013,19:45,16,9,7
31/07/2013,20:00,17,10,7
31/07/2013,20:15,10,7,3
31/07/2013,20:30,14,9,5
31/07/2013,20:45,3,1,2
31/07/2013,21:00,5,4,1
31/07/2013,21:15,2,2,0
31/07/2013,21:30,2,1,1
31/07/2013,21:45,1,0,1
31/07/2013,22:00,1,0,1
31/07/2013,22:15,0,0,0
31/07/2013,22:30,1,0,1
31/07/2013,22:45,1,0,1
31/07/2013,23:00,2,0,2
31/07/2013,23:15,0,0,0
31/07/2013,23:30,2,2,0
31/07/2013,23:45,0,0,0
01/08/2013,00:00,0,0,0
01/08/2013,00:15,1,0,1
01/08/2013,00:30,0,0,0
01/08/2013,00:45,0,0,0
01/08/2013,01:00,0,0,0
01/08/2013,01:15,0,0,0
01/08/2013,01:30,0,0,0
01/08/2013,01:45,0,0,0
01/08/2013,02:00,0,0,0
01/08/2013,02:15,0,0,0
01/08/2013,02:30,0,0,0
01/08/2013,02:45,0,0,0
01/08/2013,03:00,0,0,0
01/08/2013,03:15,0,0,0
01/08/2013,03:30,0,0,0
01/08/2013,03:45,0,0,0
01/08/2013,04:00,0,0,0
01/08/2013,04:15,0,0,0
01/08/2013,04:30,1,1,0
01/08/2013,04:45,0,0,0
01/08/2013,05:00,0,0,0
01/08/2013,05:15,2,2,0
01/08/2013,05:30,0,0,0
01/08/2013,05:45,4,3,1
01/08/2013,06:00,13,8,5
01/08/2013,06:15,25,16,9
01/08/2013,06:30,13,8,5
01/08/2013,06:45,21,12,9
01/08/2013,07:00,25,18,7
01/08/2013,07:15,22,14,8
01/08/2013,07:30,33,21,12
01/08/2013,07:45,39,19,20
01/08/2013,08:00,31,23,8
01/08/2013,08:15,18,9,9
01/08/2013,08:30,29,20,9
01/08/2013,08:45,21,14,7
01/08/2013,09:00,19,11,8
01/08/2013,09:15,23,14,9
01/08/2013,09:30,34,23,11
01/08/2013,09:45,23,9,14
01/08/2013,10:00,30,20,10
01/08/2013,10:15,23,13,10
01/08/2013,10:30,21,11,10
01/08/2013,10:45,22,16,6
01/08/2013,11:00,20,6,14
01/08/2013,11:15,27,13,14
01/08/2013,11:30,29,20,9
01/08/2013,11:45,15,12,3
01/08/2013,12:00,26,16,10
01/08/2013,12:15,18,12,6
01/08/2013,12:30,21,6,15
01/08/2013,12:45,22,12,10
01/08/2013,13:00,31,19,12
01/08/2013,13:15,18,11,7
01/08/2013,13:30,14,5,9
01/08/2013,13:45,20,15,5
01/08/2013,14:00,26,20,6
01/08/2013,14:15,35,24,11
01/08/2013,14:30,40,30,10
01/08/2013,14:45,34,20,14
01/08/2013,15:00,42,32,10
01/08/2013,15:15,38,21,17
01/08/2013,15:30,27,22,5
01/08/2013,15:45,31,23,8
01/08/2013,16:00,24,18,6
01/08/2013,16:15,23,9,14
01/08/2013,16:30,29,24,5
01/08/2013,16:45,40,24,16
01/08/2013,17:00,60,49,11
01/08/2013,17:15,50,38,12
01/08/2013,17:30,37,19,18
01/08/2013,17:45,46,32,14
01/08/2013,18:00,62,32,30
01/08/2013,18:15,75,43,32
01/08/2013,18:30,52,28,24
01/08/2013,18:45,51,31,20
01/08/2013,19:00,47,20,27
01/08/2013,19:15,32,19,13
01/08/2013,19:30,27,13,14
01/08/2013,19:45,12,4,8
01/08/2013,20:00,11,4,7
01/08/2013,20:15,17,8,9
01/08/2013,20:30,5,3,2
01/08/2013,20:45,7,2,5
01/08/2013,21:00,10,8,2
01/08/2013,21:15,1,0,1
01/08/2013,21:30,0,0,0
01/08/2013,21:45,1,1,0
01/08/2013,22:00,1,1,0
01/08/2013,22:15,3,3,0
01/08/2013,22:30,1,0,1
01/08/2013,22:45,2,1,1
01/08/2013,23:00,2,2,0
01/08/2013,23:15,0,0,0
01/08/2013,23:30,3,3,0
01/08/2013,23:45,1,1,0
02/08/2013,00:00,0,0,0
02/08/2013,00:15,0,0,0
02/08/2013,00:30,0,0,0
02/08/2013,00:45,0,0,0
02/08/2013,01:00,0,0,0
02/08/2013,01:15,0,0,0
02/08/2013,01:30,0,0,0
02/08/2013,01:45,0,0,0
02/08/2013,02:00,0,0,0
02/08/2013,02:15,1,1,0
02/08/2013,02:30,0,0,0
02/08/2013,02:45,0,0,0
02/08/2013,03:00,0,0,0
02/08/2013,03:15,0,0,0
02/08/2013,03:30,0,0,0
02/08/2013,03:45,0,0,0
02/08/2013,04:00,0,0,0
02/08/2013,04:15,0,0,0
02/08/2013,04:30,1,1,0
02/08/2013,04:45,0,0,0
02/08/2013,05:00,0,0,0
02/08/2013,05:15,3,1,2
02/08/2013,05:30,2,2,0
02/08/2013,05:45,5,4,1
02/08/2013,06:00,3,2,1
02/08/2013,06:15,16,10,6
02/08/2013,06:30,11,6,5
02/08/2013,06:45,17,11,6
02/08/2013,07:00,33,20,13
02/08/2013,07:15,21,17,4
02/08/2013,07:30,27,18,9
02/08/2013,07:45,36,23,13
02/08/2013,08:00,25,20,5
02/08/2013,08:15,17,10,7
02/08/2013,08:30,27,15,12
02/08/2013,08:45,31,18,13
02/08/2013,09:00,29,10,19
02/08/2013,09:15,20,8,12
02/08/2013,09:30,24,15,9
02/08/2013,09:45,25,12,13
02/08/2013,10:00,17,14,3
02/08/2013,10:15,21,15,6
02/08/2013,10:30,30,14,16
02/08/2013,10:45,21,9,12
02/08/2013,11:00,23,15,8
02/08/2013,11:15,29,19,10
02/08/2013,11:30,31,16,15
02/08/2013,11:45,32,26,6
02/08/2013,12:00,34,26,8
02/08/2013,12:15,37,24,13
02/08/2013,12:30,31,22,9
02/08/2013,12:45,32,19,13
02/08/2013,13:00,44,20,24
02/08/2013,13:15,26,14,12
02/08/2013,13:30,50,37,13
02/08/2013,13:45,46,38,8
02/08/2013,14:00,45,40,5
02/08/2013,14:15,57,52,5
02/08/2013,14:30,66,56,10
02/08/2013,14:45,28,23,5
02/08/2013,15:00,43,35,8
02/08/2013,15:15,56,43,13
02/08/2013,15:30,29,26,3
02/08/2013,15:45,58,35,23
02/08/2013,16:00,70,51,19
02/08/2013,16:15,58,34,24
02/08/2013,16:30,55,37,18
02/08/2013,16:45,54,23,31
02/08/2013,17:00,46,20,26
02/08/2013,17:15,54,21,33
02/08/2013,17:30,45,24,21
02/08/2013,17:45,63,25,38
02/08/2013,18:00,66,33,33
02/08/2013,18:15,48,16,32
02/08/2013,18:30,67,23,44
02/08/2013,18:45,123,12,111
02/08/2013,19:00,51,10,41
02/08/2013,19:15,53,7,46
02/08/2013,19:30,36,12,24
02/08/2013,19:45,19,11,8
02/08/2013,20:00,7,4,3
02/08/2013,20:15,6,4,2
02/08/2013,20:30,15,10,5
02/08/2013,20:45,2,2,0
02/08/2013,21:00,3,2,1
02/08/2013,21:15,4,4,0
02/08/2013,21:30,1,1,0
02/08/2013,21:45,2,1,1
02/08/2013,22:00,2,2,0
02/08/2013,22:15,2,2,0
02/08/2013,22:30,1,0,1
02/08/2013,22:45,1,1,0
02/08/2013,23:00,0,0,0
02/08/2013,23:15,1,0,1
02/08/2013,23:30,2,2,0
02/08/2013,23:45,0,0,0
03/08/2013,00:00,0,0,0
03/08/2013,00:15,1,1,0
03/08/2013,00:30,0,0,0
03/08/2013,00:45,0,0,0
03/08/2013,01:00,0,0,0
03/08/2013,01:15,0,0,0
03/08/2013,01:30,0,0,0
03/08/2013,01:45,0,0,0
03/08/2013,02:00,0,0,0
03/08/2013,02:15,0,0,0
03/08/2013,02:30,0,0,0
03/08/2013,02:45,0,0,0
03/08/2013,03:00,0,0,0
03/08/2013,03:15,0,0,0
03/08/2013,03:30,0,0,0
03/08/2013,03:45,1,1,0
03/08/2013,04:00,0,0,0
03/08/2013,04:15,0,0,0
03/08/2013,04:30,0,0,0
03/08/2013,04:45,0,0,0
03/08/2013,05:00,3,3,0
03/08/2013,05:15,2,0,2
03/08/2013,05:30,4,4,0
03/08/2013,05:45,1,1,0
03/08/2013,06:00,5,3,2
03/08/2013,06:15,5,2,3
03/08/2013,06:30,3,2,1
03/08/2013,06:45,9,7,2
03/08/2013,07:00,4,2,2
03/08/2013,07:15,13,3,10
03/08/2013,07:30,13,7,6
03/08/2013,07:45,27,16,11
03/08/2013,08:00,12,3,9
03/08/2013,08:15,33,22,11
03/08/2013,08:30,41,20,21
03/08/2013,08:45,42,30,12
03/08/2013,09:00,64,40,24
03/08/2013,09:15,57,39,18
03/08/2013,09:30,81,58,23
03/08/2013,09:45,51,41,10
03/08/2013,10:00,48,31,17
03/08/2013,10:15,68,61,7
03/08/2013,10:30,60,49,11
03/08/2013,10:45,75,67,8
03/08/2013,11:00,69,52,17
03/08/2013,11:15,78,63,15
03/08/2013,11:30,81,58,23
03/08/2013,11:45,93,73,20
03/08/2013,12:00,81,68,13
03/08/2013,12:15,68,60,8
03/08/2013,12:30,79,72,7
03/08/2013,12:45,62,53,9
03/08/2013,13:00,68,50,18
03/08/2013,13:15,69,57,12
03/08/2013,13:30,78,61,17
03/08/2013,13:45,75,57,18
03/08/2013,14:00,80,68,12
03/08/2013,14:15,79,65,14
03/08/2013,14:30,53,43,10
03/08/2013,14:45,59,52,7
03/08/2013,15:00,50,42,8
03/08/2013,15:15,49,38,11
03/08/2013,15:30,78,65,13
03/08/2013,15:45,52,40,12
03/08/2013,16:00,58,51,7
03/08/2013,16:15,39,31,8
03/08/2013,16:30,47,30,17
03/08/2013,16:45,39,32,7
03/08/2013,17:00,43,27,16
03/08/2013,17:15,41,25,16
03/08/2013,17:30,49,28,21
03/08/2013,17:45,25,18,7
03/08/2013,18:00,33,14,19
03/08/2013,18:15,38,15,23
03/08/2013,18:30,23,7,16
03/08/2013,18:45,16,10,6
03/08/2013,19:00,11,6,5
03/08/2013,19:15,15,8,7
03/08/2013,19:30,9,4,5
03/08/2013,19:45,6,2,4
03/08/2013,20:00,8,6,2
03/08/2013,20:15,4,4,0
03/08/2013,20:30,5,4,1
03/08/2013,20:45,1,1,0
03/08/2013,21:00,2,2,0
03/08/2013,21:15,0,0,0
03/08/2013,21:30,0,0,0
03/08/2013,21:45,1,0,1
03/08/2013,22:00,1,0,1
03/08/2013,22:15,1,1,0
03/08/2013,22:30,1,0,1
03/08/2013,22:45,0,0,0
03/08/2013,23:00,0,0,0
03/08/2013,23:15,0,0,0
03/08/2013,23:30,2,2,0
03/08/2013,23:45,0,0,0
04/08/2013,00:00,0,0,0
04/08/2013,00:15,0,0,0
04/08/2013,00:30,2,2,0
04/08/2013,00:45,0,0,0
04/08/2013,01:00,0,0,0
04/08/2013,01:15,0,0,0
04/08/2013,01:30,0,0,0
04/08/2013,01:45,0,0,0
04/08/2013,02:00,0,0,0
04/08/2013,02:15,0,0,0
04/08/2013,02:30,0,0,0
04/08/2013,02:45,0,0,0
04/08/2013,03:00,0,0,0
04/08/2013,03:15,0,0,0
04/08/2013,03:30,0,0,0
04/08/2013,03:45,0,0,0
04/08/2013,04:00,0,0,0
04/08/2013,04:15,0,0,0
04/08/2013,04:30,1,1,0
04/08/2013,04:45,1,0,1
04/08/2013,05:00,0,0,0
04/08/2013,05:15,0,0,0
04/08/2013,05:30,3,3,0
04/08/2013,05:45,1,0,1
04/08/2013,06:00,0,0,0
04/08/2013,06:15,1,1,0
04/08/2013,06:30,1,0,1
04/08/2013,06:45,6,3,3
04/08/2013,07:00,7,4,3
04/08/2013,07:15,7,5,2
04/08/2013,07:30,10,7,3
04/08/2013,07:45,16,12,4
04/08/2013,08:00,26,19,7
04/08/2013,08:15,9,6,3
04/08/2013,08:30,21,12,9
04/08/2013,08:45,35,19,16
04/08/2013,09:00,34,19,15
04/08/2013,09:15,38,29,9
04/08/2013,09:30,62,45,17
04/08/2013,09:45,78,59,19
04/08/2013,10:00,66,53,13
04/08/2013,10:15,71,51,20
04/08/2013,10:30,52,35,17
04/08/2013,10:45,73,55,18
04/08/2013,11:00,87,61,26
04/08/2013,11:15,85,71,14
04/08/2013,11:30,81,57,24
04/08/2013,11:45,64,54,10
04/08/2013,12:00,92,69,23
04/08/2013,12:15,93,78,15
04/08/2013,12:30,75,61,14
04/08/2013,12:45,65,54,11
04/08/2013,13:00,63,44,19
04/08/2013,13:15,59,47,12
04/08/2013,13:30,78,58,20
04/08/2013,13:45,93,81,12
04/08/2013,14:00,60,43,17
04/08/2013,14:15,69,53,16
04/08/2013,14:30,73,59,14
04/08/2013,14:45,62,43,19
04/08/2013,15:00,50,29,21
04/08/2013,15:15,91,66,25
04/08/2013,15:30,57,42,15
04/08/2013,15:45,46,32,14
04/08/2013,16:00,45,27,18
04/08/2013,16:15,39,22,17
04/08/2013,16:30,41,25,16
04/08/2013,16:45,34,16,18
04/08/2013,17:00,38,24,14
04/08/2013,17:15,40,32,8
04/08/2013,17:30,47,38,9
04/08/2013,17:45,51,37,14
04/08/2013,18:00,24,13,11
04/08/2013,18:15,21,18,3
04/08/2013,18:30,15,9,6
04/08/2013,18:45,19,11,8
04/08/2013,19:00,17,10,7
04/08/2013,19:15,8,2,6
04/08/2013,19:30,11,3,8
04/08/2013,19:45,5,4,1
04/08/2013,20:00,6,4,2
04/08/2013,20:15,5,1,4
04/08/2013,20:30,3,3,0
04/08/2013,20:45,2,0,2
04/08/2013,21:00,1,1,0
04/08/2013,21:15,1,1,0
04/08/2013,21:30,2,2,0
04/08/2013,21:45,0,0,0
04/08/2013,22:00,0,0,0
04/08/2013,22:15,0,0,0
04/08/2013,22:30,3,1,2
04/08/2013,22:45,2,2,0
04/08/2013,23:00,2,2,0
04/08/2013,23:15,2,0,2
04/08/2013,23:30,0,0,0
04/08/2013,23:45,0,0,0
05/08/2013,00:00,3,2,1
05/08/2013,00:15,0,0,0
05/08/2013,00:30,1,1,0
05/08/2013,00:45,0,0,0
05/08/2013,01:00,0,0,0
05/08/2013,01:15,0,0,0
05/08/2013,01:30,0,0,0
05/08/2013,01:45,0,0,0
05/08/2013,02:00,0,0,0
05/08/2013,02:15,0,0,0
05/08/2013,02:30,0,0,0
05/08/2013,02:45,0,0,0
05/08/2013,03:00,0,0,0
05/08/2013,03:15,0,0,0
05/08/2013,03:30,1,1,0
05/08/2013,03:45,0,0,0
05/08/2013,04:00,0,0,0
05/08/2013,04:15,1,1,0
05/08/2013,04:30,1,1,0
05/08/2013,04:45,1,1,0
05/08/2013,05:00,4,4,0
05/08/2013,05:15,1,1,0
05/08/2013,05:30,0,0,0
05/08/2013,05:45,4,2,2
05/08/2013,06:00,4,3,1
05/08/2013,06:15,16,10,6
05/08/2013,06:30,13,11,2
05/08/2013,06:45,20,14,6
05/08/2013,07:00,21,13,8
05/08/2013,07:15,22,15,7
05/08/2013,07:30,12,7,5
05/08/2013,07:45,30,20,10
05/08/2013,08:00,21,16,5
05/08/2013,08:15,16,11,5
05/08/2013,08:30,19,12,7
05/08/2013,08:45,16,6,10
05/08/2013,09:00,14,5,9
05/08/2013,09:15,20,8,12
05/08/2013,09:30,22,12,10
05/08/2013,09:45,16,5,11
05/08/2013,10:00,21,11,10
05/08/2013,10:15,17,10,7
05/08/2013,10:30,24,14,10
05/08/2013,10:45,17,9,8
05/08/2013,11:00,12,6,6
05/08/2013,11:15,7,5,2
05/08/2013,11:30,20,12,8
05/08/2013,11:45,20,17,3
05/08/2013,12:00,34,17,17
05/08/2013,12:15,18,12,6
05/08/2013,12:30,36,21,15
05/08/2013,12:45,32,23,9
05/08/2013,13:00,28,17,11
05/08/2013,13:15,24,12,12
05/08/2013,13:30,33,21,12
05/08/2013,13:45,29,19,10
05/08/2013,14:00,39,26,13
05/08/2013,14:15,20,10,10
05/08/2013,14:30,39,26,13
05/08/2013,14:45,35,20,15
05/08/2013,15:00,47,37,10
05/08/2013,15:15,51,27,24
05/08/2013,15:30,43,27,16
05/08/2013,15:45,43,22,21
05/08/2013,16:00,41,29,12
05/08/2013,16:15,48,24,24
05/08/2013,16:30,36,19,17
05/08/2013,16:45,46,20,26
05/08/2013,17:00,42,23,19
05/08/2013,17:15,31,18,13
05/08/2013,17:30,56,35,21
05/08/2013,17:45,48,28,20
05/08/2013,18:00,68,34,34
05/08/2013,18:15,65,25,40
05/08/2013,18:30,66,20,46
05/08/2013,18:45,56,21,35
05/08/2013,19:00,40,15,25
05/08/2013,19:15,25,8,17
05/08/2013,19:30,16,6,10
05/08/2013,19:45,13,4,9
05/08/2013,20:00,11,6,5
05/08/2013,20:15,6,3,3
05/08/2013,20:30,6,0,6
05/08/2013,20:45,11,3,8
05/08/2013,21:00,1,1,0
05/08/2013,21:15,2,2,0
05/08/2013,21:30,2,1,1
05/08/2013,21:45,0,0,0
05/08/2013,22:00,2,0,2
05/08/2013,22:15,1,1,0
05/08/2013,22:30,0,0,0
05/08/2013,22:45,1,0,1
05/08/2013,23:00,1,1,0
05/08/2013,23:15,1,0,1
05/08/2013,23:30,0,0,0
05/08/2013,23:45,0,0,0
06/08/2013,00:00,0,0,0
06/08/2013,00:15,0,0,0
06/08/2013,00:30,0,0,0
06/08/2013,00:45,0,0,0
06/08/2013,01:00,0,0,0
06/08/2013,01:15,0,0,0
06/08/2013,01:30,0,0,0
06/08/2013,01:45,0,0,0
06/08/2013,02:00,1,1,0
06/08/2013,02:15,0,0,0
06/08/2013,02:30,0,0,0
06/08/2013,02:45,0,0,0
06/08/2013,03:00,0,0,0
06/08/2013,03:15,0,0,0
06/08/2013,03:30,0,0,0
06/08/2013,03:45,1,1,0
06/08/2013,04:00,0,0,0
06/08/2013,04:15,0,0,0
06/08/2013,04:30,2,1,1
06/08/2013,04:45,3,1,2
06/08/2013,05:00,2,1,1
06/08/2013,05:15,2,1,1
06/08/2013,05:30,8,8,0
06/08/2013,05:45,6,4,2
06/08/2013,06:00,7,3,4
06/08/2013,06:15,16,6,10
06/08/2013,06:30,20,17,3
06/08/2013,06:45,24,18,6
06/08/2013,07:00,31,27,4
06/08/2013,07:15,22,13,9
06/08/2013,07:30,36,17,19
06/08/2013,07:45,29,16,13
06/08/2013,08:00,37,19,18
06/08/2013,08:15,19,14,5
06/08/2013,08:30,26,13,13
06/08/2013,08:45,28,15,13
06/08/2013,09:00,20,13,7
06/08/2013,09:15,33,15,18
06/08/2013,09:30,25,13,12
06/08/2013,09:45,29,13,16
06/08/2013,10:00,24,14,10
06/08/2013,10:15,28,13,15
06/08/2013,10:30,17,8,9
06/08/2013,10:45,16,8,8
06/08/2013,11:00,19,14,5
06/08/2013,11:15,19,13,6
06/08/2013,11:30,19,12,7
06/08/2013,11:45,28,18,10
06/08/2013,12:00,17,7,10
06/08/2013,12:15,30,19,11
06/08/2013,12:30,24,15,9
06/08/2013,12:45,17,14,3
06/08/2013,13:00,32,21,11
06/08/2013,13:15,26,11,15
06/08/2013,13:30,22,16,6
06/08/2013,13:45,42,29,13
06/08/2013,14:00,34,25,9
06/08/2013,14:15,30,23,7
06/08/2013,14:30,26,12,14
06/08/2013,14:45,41,34,7
06/08/2013,15:00,36,20,16
06/08/2013,15:15,46,39,7
06/08/2013,15:30,48,34,14
06/08/2013,15:45,36,21,15
06/08/2013,16:00,59,36,23
06/08/2013,16:15,33,22,11
06/08/2013,16:30,38,25,13
06/08/2013,16:45,31,16,15
06/08/2013,17:00,32,20,12
06/08/2013,17:15,26,13,13
06/08/2013,17:30,57,24,33
06/08/2013,17:45,35,24,11
06/08/2013,18:00,38,31,7
06/08/2013,18:15,43,28,15
06/08/2013,18:30,40,27,13
06/08/2013,18:45,48,30,18
06/08/2013,19:00,38,17,21
06/08/2013,19:15,40,25,15
06/08/2013,19:30,16,8,8
06/08/2013,19:45,19,13,6
06/08/2013,20:00,7,3,4
06/08/2013,20:15,16,9,7
06/08/2013,20:30,4,0,4
06/08/2013,20:45,7,1,6
06/08/2013,21:00,3,0,3
06/08/2013,21:15,5,3,2
06/08/2013,21:30,2,2,0
06/08/2013,21:45,1,0,1
06/08/2013,22:00,0,0,0
06/08/2013,22:15,2,2,0
06/08/2013,22:30,1,0,1
06/08/2013,22:45,0,0,0
06/08/2013,23:00,1,1,0
06/08/2013,23:15,2,2,0
06/08/2013,23:30,0,0,0
06/08/2013,23:45,0,0,0
07/08/2013,00:00,1,0,1
07/08/2013,00:15,0,0,0
07/08/2013,00:30,0,0,0
07/08/2013,00:45,0,0,0
07/08/2013,01:00,0,0,0
07/08/2013,01:15,0,0,0
07/08/2013,01:30,0,0,0
07/08/2013,01:45,0,0,0
07/08/2013,02:00,0,0,0
07/08/2013,02:15,0,0,0
07/08/2013,02:30,0,0,0
07/08/2013,02:45,1,0,1
07/08/2013,03:00,0,0,0
07/08/2013,03:15,0,0,0
07/08/2013,03:30,0,0,0
07/08/2013,03:45,1,1,0
07/08/2013,04:00,0,0,0
07/08/2013,04:15,0,0,0
07/08/2013,04:30,2,2,0
07/08/2013,04:45,0,0,0
07/08/2013,05:00,1,0,1
07/08/2013,05:15,3,1,2
07/08/2013,05:30,3,2,1
07/08/2013,05:45,4,2,2
07/08/2013,06:00,10,7,3
07/08/2013,06:15,12,10,2
07/08/2013,06:30,8,6,2
07/08/2013,06:45,15,8,7
07/08/2013,07:00,21,16,5
07/08/2013,07:15,30,20,10
07/08/2013,07:30,29,17,12
07/08/2013,07:45,20,15,5
07/08/2013,08:00,22,16,6
07/08/2013,08:15,31,24,7
07/08/2013,08:30,14,6,8
07/08/2013,08:45,17,10,7
07/08/2013,09:00,25,11,14
07/08/2013,09:15,24,16,8
07/08/2013,09:30,22,11,11
07/08/2013,09:45,11,8,3
07/08/2013,10:00,15,7,8
07/08/2013,10:15,15,9,6
07/08/2013,10:30,15,8,7
07/08/2013,10:45,18,9,9
07/08/2013,11:00,24,10,14
07/08/2013,11:15,22,16,6
07/08/2013,11:30,30,15,15
07/08/2013,11:45,27,14,13
07/08/2013,12:00,19,12,7
07/08/2013,12:15,28,19,9
07/08/2013,12:30,22,11,11
07/08/2013,12:45,16,8,8
07/08/2013,13:00,16,12,4
07/08/2013,13:15,33,27,6
07/08/2013,13:30,21,14,7
07/08/2013,13:45,24,21,3
07/08/2013,14:00,20,8,12
07/08/2013,14:15,35,19,16
07/08/2013,14:30,29,21,8
07/08/2013,14:45,22,9,13
07/08/2013,15:00,50,39,11
07/08/2013,15:15,28,23,5
07/08/2013,15:30,32,21,11
07/08/2013,15:45,35,17,18
07/08/2013,16:00,35,27,8
07/08/2013,16:15,35,12,23
07/08/2013,16:30,24,18,6
07/08/2013,16:45,25,12,13
07/08/2013,17:00,28,23,5
07/08/2013,17:15,27,16,11
07/08/2013,17:30,30,18,12
07/08/2013,17:45,35,23,12
07/08/2013,18:00,34,17,17
07/08/2013,18:15,43,20,23
07/08/2013,18:30,44,31,13
07/08/2013,18:45,37,23,14
07/08/2013,19:00,40,13,27
07/08/2013,19:15,21,12,9
07/08/2013,19:30,21,18,3
07/08/2013,19:45,16,13,3
07/08/2013,20:00,5,3,2
07/08/2013,20:15,3,2,1
07/08/2013,20:30,4,4,0
07/08/2013,20:45,5,4,1
07/08/2013,21:00,0,0,0
07/08/2013,21:15,0,0,0
07/08/2013,21:30,0,0,0
07/08/2013,21:45,5,3,2
07/08/2013,22:00,0,0,0
07/08/2013,22:15,4,4,0
07/08/2013,22:30,0,0,0
07/08/2013,22:45,0,0,0
07/08/2013,23:00,0,0,0
07/08/2013,23:15,0,0,0
07/08/2013,23:30,0,0,0
07/08/2013,23:45,0,0,0
08/08/2013,00:00,0,0,0
08/08/2013,00:15,1,1,0
08/08/2013,00:30,0,0,0
08/08/2013,00:45,0,0,0
08/08/2013,01:00,0,0,0
08/08/2013,01:15,0,0,0
08/08/2013,01:30,0,0,0
08/08/2013,01:45,0,0,0
08/08/2013,02:00,0,0,0
08/08/2013,02:15,0,0,0
08/08/2013,02:30,0,0,0
08/08/2013,02:45,0,0,0
08/08/2013,03:00,0,0,0
08/08/2013,03:15,0,0,0
08/08/2013,03:30,0,0,0
08/08/2013,03:45,0,0,0
08/08/2013,04:00,0,0,0
08/08/2013,04:15,1,0,1
08/08/2013,04:30,3,1,2
08/08/2013,04:45,0,0,0
08/08/2013,05:00,3,2,1
08/08/2013,05:15,1,1,0
08/08/2013,05:30,1,1,0
08/08/2013,05:45,3,3,0
08/08/2013,06:00,5,4,1
08/08/2013,06:15,24,20,4
08/08/2013,06:30,10,5,5
08/08/2013,06:45,25,15,10
08/08/2013,07:00,19,11,8
08/08/2013,07:15,21,13,8
08/08/2013,07:30,28,15,13
08/08/2013,07:45,34,27,7
08/08/2013,08:00,27,11,16
08/08/2013,08:15,31,21,10
08/08/2013,08:30,21,13,8
08/08/2013,08:45,17,9,8
08/08/2013,09:00,22,12,10
08/08/2013,09:15,16,7,9
08/08/2013,09:30,14,6,8
08/08/2013,09:45,23,12,11
08/08/2013,10:00,27,13,14
08/08/2013,10:15,15,5,10
08/08/2013,10:30,31,25,6
08/08/2013,10:45,41,22,19
08/08/2013,11:00,18,11,7
08/08/2013,11:15,29,19,10
08/08/2013,11:30,12,7,5
08/08/2013,11:45,17,15,2
08/08/2013,12:00,23,18,5
08/08/2013,12:15,21,13,8
08/08/2013,12:30,29,7,22
08/08/2013,12:45,18,11,7
08/08/2013,13:00,29,19,10
08/08/2013,13:15,29,22,7
08/08/2013,13:30,19,11,8
08/08/2013,13:45,29,25,4
08/08/2013,14:00,28,16,12
08/08/2013,14:15,39,29,10
08/08/2013,14:30,37,21,16
08/08/2013,14:45,27,15,12
08/08/2013,15:00,33,21,12
08/08/2013,15:15,46,34,12
08/08/2013,15:30,59,43,16
08/08/2013,15:45,40,32,8
08/08/2013,16:00,46,22,24
08/08/2013,16:15,36,25,11
08/08/2013,16:30,43,26,17
08/08/2013,16:45,36,23,13
08/08/2013,17:00,40,26,14
08/08/2013,17:15,41,25,16
08/08/2013,17:30,46,26,20
08/08/2013,17:45,48,26,22
08/08/2013,18:00,32,15,17
08/08/2013,18:15,43,22,21
08/08/2013,18:30,46,30,16
08/08/2013,18:45,47,32,15
08/08/2013,19:00,43,15,28
08/08/2013,19:15,39,22,17
08/08/2013,19:30,27,21,6
08/08/2013,19:45,19,6,13
08/08/2013,20:00,13,7,6
08/08/2013,20:15,23,2,21
08/08/2013,20:30,13,11,2
08/08/2013,20:45,5,2,3
08/08/2013,21:00,2,0,2
08/08/2013,21:15,0,0,0
08/08/2013,21:30,0,0,0
08/08/2013,21:45,0,0,0
08/08/2013,22:00,2,1,1
08/08/2013,22:15,3,3,0
08/08/2013,22:30,0,0,0
08/08/2013,22:45,0,0,0
08/08/2013,23:00,1,1,0
08/08/2013,23:15,0,0,0
08/08/2013,23:30,0,0,0
08/08/2013,23:45,0,0,0
09/08/2013,00:00,0,0,0
09/08/2013,00:15,0,0,0
09/08/2013,00:30,0,0,0
09/08/2013,00:45,0,0,0
09/08/2013,01:00,0,0,0
09/08/2013,01:15,0,0,0
09/08/2013,01:30,0,0,0
09/08/2013,01:45,0,0,0
09/08/2013,02:00,0,0,0
09/08/2013,02:15,0,0,0
09/08/2013,02:30,0,0,0
09/08/2013,02:45,0,0,0
09/08/2013,03:00,0,0,0
09/08/2013,03:15,0,0,0
09/08/2013,03:30,0,0,0
09/08/2013,03:45,1,1,0
09/08/2013,04:00,0,0,0
09/08/2013,04:15,2,2,0
09/08/2013,04:30,3,3,0
09/08/2013,04:45,1,1,0
09/08/2013,05:00,2,2,0
09/08/2013,05:15,1,1,0
09/08/2013,05:30,2,2,0
09/08/2013,05:45,8,6,2
09/08/2013,06:00,11,10,1
09/08/2013,06:15,9,6,3
09/08/2013,06:30,9,5,4
09/08/2013,06:45,20,11,9
09/08/2013,07:00,33,27,6
09/08/2013,07:15,25,13,12
09/08/2013,07:30,38,25,13
09/08/2013,07:45,34,22,12
09/08/2013,08:00,26,15,11
09/08/2013,08:15,20,14,6
09/08/2013,08:30,37,20,17
09/08/2013,08:45,13,9,4
09/08/2013,09:00,26,17,9
09/08/2013,09:15,25,14,11
09/08/2013,09:30,22,13,9
09/08/2013,09:45,14,7,7
09/08/2013,10:00,15,7,8
09/08/2013,10:15,12,6,6
09/08/2013,10:30,39,17,22
09/08/2013,10:45,31,20,11
09/08/2013,11:00,23,10,13
09/08/2013,11:15,19,10,9
09/08/2013,11:30,22,14,8
09/08/2013,11:45,35,23,12
09/08/2013,12:00,13,7,6
09/08/2013,12:15,39,23,16
09/08/2013,12:30,19,12,7
09/08/2013,12:45,23,14,9
09/08/2013,13:00,30,24,6
09/08/2013,13:15,26,12,14
09/08/2013,13:30,27,20,7
09/08/2013,13:45,23,12,11
09/08/2013,14:00,25,19,6
09/08/2013,14:15,27,18,9
09/08/2013,14:30,30,23,7
09/08/2013,14:45,28,21,7
09/08/2013,15:00,22,16,6
09/08/2013,15:15,39,27,12
09/08/2013,15:30,33,16,17
09/08/2013,15:45,35,25,10
09/08/2013,16:00,48,31,17
09/08/2013,16:15,44,33,11
09/08/2013,16:30,42,29,13
09/08/2013,16:45,36,23,13
09/08/2013,17:00,31,10,21
09/08/2013,17:15,42,24,18
09/08/2013,17:30,62,36,26
09/08/2013,17:45,34,19,15
09/08/2013,18:00,38,22,16
09/08/2013,18:15,45,29,16
09/08/2013,18:30,32,27,5
09/08/2013,18:45,28,14,14
09/08/2013,19:00,29,11,18
09/08/2013,19:15,17,12,5
09/08/2013,19:30,12,4,8
09/08/2013,19:45,12,7,5
09/08/2013,20:00,11,4,7
09/08/2013,20:15,5,3,2
09/08/2013,20:30,8,3,5
09/08/2013,20:45,0,0,0
09/08/2013,21:00,0,0,0
09/08/2013,21:15,1,0,1
09/08/2013,21:30,0,0,0
09/08/2013,21:45,0,0,0
09/08/2013,22:00,10,9,1
09/08/2013,22:15,0,0,0
09/08/2013,22:30,0,0,0
09/08/2013,22:45,2,0,2
09/08/2013,23:00,0,0,0
09/08/2013,23:15,1,1,0
09/08/2013,23:30,2,2,0
09/08/2013,23:45,0,0,0
10/08/2013,00:00,0,0,0
10/08/2013,00:15,0,0,0
10/08/2013,00:30,0,0,0
10/08/2013,00:45,0,0,0
10/08/2013,01:00,2,2,0
10/08/2013,01:15,0,0,0
10/08/2013,01:30,0,0,0
10/08/2013,01:45,0,0,0
10/08/2013,02:00,0,0,0
10/08/2013,02:15,0,0,0
10/08/2013,02:30,0,0,0
10/08/2013,02:45,0,0,0
10/08/2013,03:00,1,0,1
10/08/2013,03:15,0,0,0
10/08/2013,03:30,0,0,0
10/08/2013,03:45,1,1,0
10/08/2013,04:00,0,0,0
10/08/2013,04:15,0,0,0
10/08/2013,04:30,0,0,0
10/08/2013,04:45,0,0,0
10/08/2013,05:00,1,0,1
10/08/2013,05:15,2,2,0
10/08/2013,05:30,1,1,0
10/08/2013,05:45,0,0,0
10/08/2013,06:00,4,1,3
10/08/2013,06:15,2,2,0
10/08/2013,06:30,2,1,1
10/08/2013,06:45,12,5,7
10/08/2013,07:00,12,6,6
10/08/2013,07:15,14,4,10
10/08/2013,07:30,20,9,11
10/08/2013,07:45,17,10,7
10/08/2013,08:00,19,12,7
10/08/2013,08:15,32,20,12
10/08/2013,08:30,43,31,12
10/08/2013,08:45,73,57,16
10/08/2013,09:00,76,56,20
10/08/2013,09:15,80,58,22
10/08/2013,09:30,66,57,9
10/08/2013,09:45,51,40,11
10/08/2013,10:00,75,64,11
10/08/2013,10:15,94,77,17
10/08/2013,10:30,94,83,11
10/08/2013,10:45,80,70,10
10/08/2013,11:00,81,60,21
10/08/2013,11:15,83,74,9
10/08/2013,11:30,72,62,10
10/08/2013,11:45,71,59,12
10/08/2013,12:00,92,75,17
10/08/2013,12:15,62,50,12
10/08/2013,12:30,71,64,7
10/08/2013,12:45,92,75,17
10/08/2013,13:00,58,50,8
10/08/2013,13:15,62,49,13
10/08/2013,13:30,90,78,12
10/08/2013,13:45,56,44,12
10/08/2013,14:00,81,72,9
10/08/2013,14:15,63,54,9
10/08/2013,14:30,73,59,14
10/08/2013,14:45,66,56,10
10/08/2013,15:00,61,50,11
10/08/2013,15:15,57,43,14
10/08/2013,15:30,98,82,16
10/08/2013,15:45,69,60,9
10/08/2013,16:00,65,48,17
10/08/2013,16:15,46,36,10
10/08/2013,16:30,64,44,20
10/08/2013,16:45,37,25,12
10/08/2013,17:00,42,35,7
10/08/2013,17:15,48,36,12
10/08/2013,17:30,28,20,8
10/08/2013,17:45,29,16,13
10/08/2013,18:00,32,17,15
10/08/2013,18:15,30,16,14
10/08/2013,18:30,19,16,3
10/08/2013,18:45,16,8,8
10/08/2013,19:00,14,8,6
10/08/2013,19:15,14,10,4
10/08/2013,19:30,7,2,5
10/08/2013,19:45,13,9,4
10/08/2013,20:00,9,9,0
10/08/2013,20:15,3,2,1
10/08/2013,20:30,1,1,0
10/08/2013,20:45,5,4,1
10/08/2013,21:00,3,2,1
10/08/2013,21:15,2,1,1
10/08/2013,21:30,0,0,0
10/08/2013,21:45,0,0,0
10/08/2013,22:00,3,2,1
10/08/2013,22:15,0,0,0
10/08/2013,22:30,1,1,0
10/08/2013,22:45,0,0,0
10/08/2013,23:00,0,0,0
10/08/2013,23:15,0,0,0
10/08/2013,23:30,0,0,0
10/08/2013,23:45,1,0,1
11/08/2013,00:00,0,0,0
11/08/2013,00:15,0,0,0
11/08/2013,00:30,3,2,1
11/08/2013,00:45,0,0,0
11/08/2013,01:00,0,0,0
11/08/2013,01:15,0,0,0
11/08/2013,01:30,0,0,0
11/08/2013,01:45,0,0,0
11/08/2013,02:00,0,0,0
11/08/2013,02:15,0,0,0
11/08/2013,02:30,0,0,0
11/08/2013,02:45,0,0,0
11/08/2013,03:00,0,0,0
11/08/2013,03:15,0,0,0
11/08/2013,03:30,0,0,0
11/08/2013,03:45,1,0,1
11/08/2013,04:00,0,0,0
11/08/2013,04:15,0,0,0
11/08/2013,04:30,2,2,0
11/08/2013,04:45,0,0,0
11/08/2013,05:00,0,0,0
11/08/2013,05:15,0,0,0
11/08/2013,05:30,0,0,0
11/08/2013,05:45,0,0,0
11/08/2013,06:00,0,0,0
11/08/2013,06:15,6,4,2
11/08/2013,06:30,8,6,2
11/08/2013,06:45,6,2,4
11/08/2013,07:00,9,4,5
11/08/2013,07:15,7,6,1
11/08/2013,07:30,13,8,5
11/08/2013,07:45,19,12,7
11/08/2013,08:00,25,17,8
11/08/2013,08:15,21,16,5
11/08/2013,08:30,43,34,9
11/08/2013,08:45,48,37,11
11/08/2013,09:00,24,14,10
11/08/2013,09:15,48,34,14
11/08/2013,09:30,111,91,20
11/08/2013,09:45,61,48,13
11/08/2013,10:00,86,68,18
11/08/2013,10:15,61,45,16
11/08/2013,10:30,96,81,15
11/08/2013,10:45,50,36,14
11/08/2013,11:00,58,44,14
11/08/2013,11:15,68,51,17
11/08/2013,11:30,63,50,13
11/08/2013,11:45,54,44,10
11/08/2013,12:00,80,69,11
11/08/2013,12:15,66,56,10
11/08/2013,12:30,93,71,22
11/08/2013,12:45,74,56,18
11/08/2013,13:00,57,47,10
11/08/2013,13:15,92,80,12
11/08/2013,13:30,72,52,20
11/08/2013,13:45,84,71,13
11/08/2013,14:00,63,46,17
11/08/2013,14:15,61,49,12
11/08/2013,14:30,71,53,18
11/08/2013,14:45,73,66,7
11/08/2013,15:00,79,67,12
11/08/2013,15:15,53,40,13
11/08/2013,15:30,63,46,17
11/08/2013,15:45,60,48,12
11/08/2013,16:00,65,48,17
11/08/2013,16:15,78,56,22
11/08/2013,16:30,50,33,17
11/08/2013,16:45,47,39,8
11/08/2013,17:00,64,44,20
11/08/2013,17:15,41,29,12
11/08/2013,17:30,50,33,17
11/08/2013,17:45,43,24,19
11/08/2013,18:00,36,26,10
11/08/2013,18:15,34,23,11
11/08/2013,18:30,31,10,21
11/08/2013,18:45,35,19,16
11/08/2013,19:00,14,5,9
11/08/2013,19:15,13,8,5
11/08/2013,19:30,9,4,5
11/08/2013,19:45,4,1,3
11/08/2013,20:00,7,3,4
11/08/2013,20:15,2,0,2
11/08/2013,20:30,8,3,5
11/08/2013,20:45,4,2,2
11/08/2013,21:00,0,0,0
11/08/2013,21:15,2,1,1
11/08/2013,21:30,1,1,0
11/08/2013,21:45,1,1,0
11/08/2013,22:00,1,0,1
11/08/2013,22:15,1,1,0
11/08/2013,22:30,3,2,1
11/08/2013,22:45,2,2,0
11/08/2013,23:00,0,0,0
11/08/2013,23:15,0,0,0
11/08/2013,23:30,0,0,0
11/08/2013,23:45,1,1,0
12/08/2013,00:00,0,0,0
12/08/2013,00:15,0,0,0
12/08/2013,00:30,0,0,0
12/08/2013,00:45,0,0,0
12/08/2013,01:00,0,0,0
12/08/2013,01:15,0,0,0
12/08/2013,01:30,0,0,0
12/08/2013,01:45,0,0,0
12/08/2013,02:00,0,0,0
12/08/2013,02:15,0,0,0
12/08/2013,02:30,0,0,0
12/08/2013,02:45,2,2,0
12/08/2013,03:00,1,1,0
12/08/2013,03:15,0,0,0
12/08/2013,03:30,0,0,0
12/08/2013,03:45,0,0,0
12/08/2013,04:00,0,0,0
12/08/2013,04:15,1,1,0
12/08/2013,04:30,0,0,0
12/08/2013,04:45,1,1,0
12/08/2013,05:00,2,2,0
12/08/2013,05:15,0,0,0
12/08/2013,05:30,4,3,1
12/08/2013,05:45,5,3,2
12/08/2013,06:00,8,1,7
12/08/2013,06:15,22,14,8
12/08/2013,06:30,10,8,2
12/08/2013,06:45,18,11,7
12/08/2013,07:00,18,13,5
12/08/2013,07:15,17,10,7
12/08/2013,07:30,15,9,6
12/08/2013,07:45,18,15,3
12/08/2013,08:00,24,14,10
12/08/2013,08:15,28,18,10
12/08/2013,08:30,18,5,13
12/08/2013,08:45,20,4,16
12/08/2013,09:00,23,13,10
12/08/2013,09:15,19,7,12
12/08/2013,09:30,18,8,10
12/08/2013,09:45,14,3,11
12/08/2013,10:00,20,6,14
12/08/2013,10:15,19,12,7
12/08/2013,10:30,35,15,20
12/08/2013,10:45,22,15,7
12/08/2013,11:00,16,13,3
12/08/2013,11:15,17,6,11
12/08/2013,11:30,22,10,12
12/08/2013,11:45,20,13,7
12/08/2013,12:00,16,6,10
12/08/2013,12:15,18,10,8
12/08/2013,12:30,22,13,9
12/08/2013,12:45,33,24,9
12/08/2013,13:00,16,7,9
12/08/2013,13:15,19,12,7
12/08/2013,13:30,24,14,10
12/08/2013,13:45,33,22,11
12/08/2013,14:00,11,6,5
12/08/2013,14:15,38,31,7
12/08/2013,14:30,29,18,11
12/08/2013,14:45,31,26,5
12/08/2013,15:00,32,24,8
12/08/2013,15:15,45,31,14
12/08/2013,15:30,48,37,11
12/08/2013,15:45,34,26,8
12/08/2013,16:00,47,35,12
12/08/2013,16:15,56,46,10
12/08/2013,16:30,48,29,19
12/08/2013,16:45,83,61,22
12/08/2013,17:00,44,29,15
12/08/2013,17:15,42,24,18
12/08/2013,17:30,67,46,21
12/08/2013,17:45,36,25,11
12/08/2013,18:00,44,27,17
12/08/2013,18:15,57,33,24
12/08/2013,18:30,60,32,28
12/08/2013,18:45,35,19,16
12/08/2013,19:00,34,10,24
12/08/2013,19:15,21,8,13
12/08/2013,19:30,24,7,17
12/08/2013,19:45,24,7,17
12/08/2013,20:00,13,5,8
12/08/2013,20:15,12,6,6
12/08/2013,20:30,8,6,2
12/08/2013,20:45,2,0,2
12/08/2013,21:00,2,2,0
12/08/2013,21:15,3,2,1
12/08/2013,21:30,0,0,0
12/08/2013,21:45,0,0,0
12/08/2013,22:00,1,0,1
12/08/2013,22:15,0,0,0
12/08/2013,22:30,1,1,0
12/08/2013,22:45,2,2,0
12/08/2013,23:00,1,0,1
12/08/2013,23:15,0,0,0
12/08/2013,23:30,0,0,0
12/08/2013,23:45,0,0,0
13/08/2013,00:00,0,0,0
13/08/2013,00:15,0,0,0
13/08/2013,00:30,2,2,0
13/08/2013,00:45,0,0,0
13/08/2013,01:00,0,0,0
13/08/2013,01:15,0,0,0
13/08/2013,01:30,0,0,0
13/08/2013,01:45,0,0,0
13/08/2013,02:00,0,0,0
13/08/2013,02:15,0,0,0
13/08/2013,02:30,0,0,0
13/08/2013,02:45,0,0,0
13/08/2013,03:00,0,0,0
13/08/2013,03:15,1,0,1
13/08/2013,03:30,0,0,0
13/08/2013,03:45,0,0,0
13/08/2013,04:00,0,0,0
13/08/2013,04:15,1,0,1
13/08/2013,04:30,1,0,1
13/08/2013,04:45,0,0,0
13/08/2013,05:00,4,4,0
13/08/2013,05:15,1,0,1
13/08/2013,05:30,2,1,1
13/08/2013,05:45,8,4,4
13/08/2013,06:00,9,6,3
13/08/2013,06:15,32,17,15
13/08/2013,06:30,17,10,7
13/08/2013,06:45,31,23,8
13/08/2013,07:00,21,16,5
13/08/2013,07:15,34,21,13
13/08/2013,07:30,22,16,6
13/08/2013,07:45,25,19,6
13/08/2013,08:00,27,13,14
13/08/2013,08:15,31,18,13
13/08/2013,08:30,24,19,5
13/08/2013,08:45,17,8,9
13/08/2013,09:00,23,13,10
13/08/2013,09:15,26,17,9
13/08/2013,09:30,20,11,9
13/08/2013,09:45,25,10,15
13/08/2013,10:00,21,11,10
13/08/2013,10:15,31,13,18
13/08/2013,10:30,21,15,6
13/08/2013,10:45,26,18,8
13/08/2013,11:00,29,18,11
13/08/2013,11:15,33,23,10
13/08/2013,11:30,24,15,9
13/08/2013,11:45,37,23,14
13/08/2013,12:00,34,33,1
13/08/2013,12:15,27,21,6
13/08/2013,12:30,28,16,12
13/08/2013,12:45,29,13,16
13/08/2013,13:00,29,20,9
13/08/2013,13:15,41,27,14
13/08/2013,13:30,34,29,5
13/08/2013,13:45,47,39,8
13/08/2013,14:00,44,27,17
13/08/2013,14:15,32,23,9
13/08/2013,14:30,46,37,9
13/08/2013,14:45,46,36,10
13/08/2013,15:00,60,48,12
13/08/2013,15:15,45,26,19
13/08/2013,15:30,35,25,10
13/08/2013,15:45,57,31,26
13/08/2013,16:00,49,28,21
13/08/2013,16:15,74,25,49
13/08/2013,16:30,50,27,23
13/08/2013,16:45,39,21,18
13/08/2013,17:00,46,20,26
13/08/2013,17:15,49,32,17
13/08/2013,17:30,42,28,14
13/08/2013,17:45,51,36,15
13/08/2013,18:00,63,49,14
13/08/2013,18:15,74,42,32
13/08/2013,18:30,55,35,20
13/08/2013,18:45,41,26,15
13/08/2013,19:00,42,27,15
13/08/2013,19:15,20,14,6
13/08/2013,19:30,18,9,9
13/08/2013,19:45,21,12,9
13/08/2013,20:00,8,6,2
13/08/2013,20:15,12,7,5
13/08/2013,20:30,8,3,5
13/08/2013,20:45,2,1,1
13/08/2013,21:00,2,2,0
13/08/2013,21:15,1,1,0
13/08/2013,21:30,1,0,1
13/08/2013,21:45,4,3,1
13/08/2013,22:00,0,0,0
13/08/2013,22:15,1,1,0
13/08/2013,22:30,2,2,0
13/08/2013,22:45,1,0,1
13/08/2013,23:00,0,0,0
13/08/2013,23:15,0,0,0
13/08/2013,23:30,0,0,0
13/08/2013,23:45,0,0,0
14/08/2013,00:00,0,0,0
14/08/2013,00:15,0,0,0
14/08/2013,00:30,0,0,0
14/08/2013,00:45,0,0,0
14/08/2013,01:00,1,0,1
14/08/2013,01:15,0,0,0
14/08/2013,01:30,2,2,0
14/08/2013,01:45,1,0,1
14/08/2013,02:00,0,0,0
14/08/2013,02:15,0,0,0
14/08/2013,02:30,0,0,0
14/08/2013,02:45,0,0,0
14/08/2013,03:00,0,0,0
14/08/2013,03:15,0,0,0
14/08/2013,03:30,0,0,0
14/08/2013,03:45,0,0,0
14/08/2013,04:00,0,0,0
14/08/2013,04:15,2,2,0
14/08/2013,04:30,0,0,0
14/08/2013,04:45,0,0,0
14/08/2013,05:00,2,2,0
14/08/2013,05:15,4,3,1
14/08/2013,05:30,2,0,2
14/08/2013,05:45,7,4,3
14/08/2013,06:00,6,2,4
14/08/2013,06:15,20,11,9
14/08/2013,06:30,24,14,10
14/08/2013,06:45,34,19,15
14/08/2013,07:00,26,16,10
14/08/2013,07:15,30,19,11
14/08/2013,07:30,35,23,12
14/08/2013,07:45,18,15,3
14/08/2013,08:00,31,20,11
14/08/2013,08:15,38,29,9
14/08/2013,08:30,23,13,10
14/08/2013,08:45,15,10,5
14/08/2013,09:00,22,12,10
14/08/2013,09:15,25,13,12
14/08/2013,09:30,27,10,17
14/08/2013,09:45,45,13,32
14/08/2013,10:00,53,20,33
14/08/2013,10:15,27,14,13
14/08/2013,10:30,28,20,8
14/08/2013,10:45,26,19,7
14/08/2013,11:00,33,22,11
14/08/2013,11:15,31,21,10
14/08/2013,11:30,22,17,5
14/08/2013,11:45,18,9,9
14/08/2013,12:00,37,29,8
14/08/2013,12:15,25,18,7
14/08/2013,12:30,36,32,4
14/08/2013,12:45,24,16,8
14/08/2013,13:00,29,20,9
14/08/2013,13:15,40,27,13
14/08/2013,13:30,39,30,9
14/08/2013,13:45,37,25,12
14/08/2013,14:00,23,13,10
14/08/2013,14:15,30,20,10
14/08/2013,14:30,40,26,14
14/08/2013,14:45,31,23,8
14/08/2013,15:00,45,40,5
14/08/2013,15:15,37,30,7
14/08/2013,15:30,57,49,8
14/08/2013,15:45,35,27,8
14/08/2013,16:00,44,27,17
14/08/2013,16:15,55,41,14
14/08/2013,16:30,65,45,20
14/08/2013,16:45,45,26,19
14/08/2013,17:00,61,29,32
14/08/2013,17:15,50,26,24
14/08/2013,17:30,58,34,24
14/08/2013,17:45,76,24,52
14/08/2013,18:00,101,33,68
14/08/2013,18:15,76,32,44
14/08/2013,18:30,92,25,67
14/08/2013,18:45,67,34,33
14/08/2013,19:00,38,20,18
14/08/2013,19:15,27,13,14
14/08/2013,19:30,25,13,12
14/08/2013,19:45,27,17,10
14/08/2013,20:00,27,13,14
14/08/2013,20:15,19,11,8
14/08/2013,20:30,6,1,5
14/08/2013,20:45,6,5,1
14/08/2013,21:00,5,4,1
14/08/2013,21:15,0,0,0
14/08/2013,21:30,2,2,0
14/08/2013,21:45,0,0,0
14/08/2013,22:00,0,0,0
14/08/2013,22:15,0,0,0
14/08/2013,22:30,1,1,0
14/08/2013,22:45,1,0,1
14/08/2013,23:00,0,0,0
14/08/2013,23:15,1,0,1
14/08/2013,23:30,0,0,0
14/08/2013,23:45,0,0,0
15/08/2013,00:00,0,0,0
15/08/2013,00:15,0,0,0
15/08/2013,00:30,0,0,0
15/08/2013,00:45,0,0,0
15/08/2013,01:00,1,1,0
15/08/2013,01:15,0,0,0
15/08/2013,01:30,0,0,0
15/08/2013,01:45,0,0,0
15/08/2013,02:00,0,0,0
15/08/2013,02:15,0,0,0
15/08/2013,02:30,0,0,0
15/08/2013,02:45,0,0,0
15/08/2013,03:00,0,0,0
15/08/2013,03:15,0,0,0
15/08/2013,03:30,1,1,0
15/08/2013,03:45,1,1,0
15/08/2013,04:00,0,0,0
15/08/2013,04:15,0,0,0
15/08/2013,04:30,1,0,1
15/08/2013,04:45,1,0,1
15/08/2013,05:00,2,2,0
15/08/2013,05:15,3,1,2
15/08/2013,05:30,7,5,2
15/08/2013,05:45,4,3,1
15/08/2013,06:00,8,5,3
15/08/2013,06:15,23,15,8
15/08/2013,06:30,15,9,6
15/08/2013,06:45,24,18,6
15/08/2013,07:00,35,24,11
15/08/2013,07:15,23,17,6
15/08/2013,07:30,21,11,10
15/08/2013,07:45,21,12,9
15/08/2013,08:00,38,19,19
15/08/2013,08:15,23,16,7
15/08/2013,08:30,25,15,10
15/08/2013,08:45,24,14,10
15/08/2013,09:00,24,9,15
15/08/2013,09:15,23,11,12
15/08/2013,09:30,25,12,13
15/08/2013,09:45,18,11,7
15/08/2013,10:00,16,7,9
15/08/2013,10:15,22,10,12
15/08/2013,10:30,25,12,13
15/08/2013,10:45,27,15,12
15/08/2013,11:00,17,7,10
15/08/2013,11:15,22,10,12
15/08/2013,11:30,26,16,10
15/08/2013,11:45,25,13,12
15/08/2013,12:00,21,16,5
15/08/2013,12:15,29,22,7
15/08/2013,12:30,37,28,9
15/08/2013,12:45,22,15,7
15/08/2013,13:00,18,12,6
15/08/2013,13:15,25,17,8
15/08/2013,13:30,41,33,8
15/08/2013,13:45,30,19,11
15/08/2013,14:00,22,14,8
15/08/2013,14:15,31,18,13
15/08/2013,14:30,32,24,8
15/08/2013,14:45,18,15,3
15/08/2013,15:00,34,24,10
15/08/2013,15:15,30,20,10
15/08/2013,15:30,43,35,8
15/08/2013,15:45,29,21,8
15/08/2013,16:00,34,26,8
15/08/2013,16:15,38,25,13
15/08/2013,16:30,48,35,13
15/08/2013,16:45,55,37,18
15/08/2013,17:00,31,18,13
15/08/2013,17:15,61,39,22
15/08/2013,17:30,45,23,22
15/08/2013,17:45,34,20,14
15/08/2013,18:00,55,35,20
15/08/2013,18:15,56,31,25
15/08/2013,18:30,47,31,16
15/08/2013,18:45,55,31,24
15/08/2013,19:00,33,18,15
15/08/2013,19:15,34,19,15
15/08/2013,19:30,24,11,13
15/08/2013,19:45,31,14,17
15/08/2013,20:00,17,4,13
15/08/2013,20:15,4,4,0
15/08/2013,20:30,8,4,4
15/08/2013,20:45,8,7,1
15/08/2013,21:00,4,2,2
15/08/2013,21:15,2,0,2
15/08/2013,21:30,1,0,1
15/08/2013,21:45,2,1,1
15/08/2013,22:00,2,2,0
15/08/2013,22:15,2,1,1
15/08/2013,22:30,2,1,1
15/08/2013,22:45,0,0,0
15/08/2013,23:00,0,0,0
15/08/2013,23:15,1,0,1
15/08/2013,23:30,0,0,0
15/08/2013,23:45,1,1,0
16/08/2013,00:00,0,0,0
16/08/2013,00:15,0,0,0
16/08/2013,00:30,0,0,0
16/08/2013,00:45,2,0,2
16/08/2013,01:00,3,1,2
16/08/2013,01:15,0,0,0
16/08/2013,01:30,0,0,0
16/08/2013,01:45,1,1,0
16/08/2013,02:00,1,1,0
16/08/2013,02:15,0,0,0
16/08/2013,02:30,0,0,0
16/08/2013,02:45,0,0,0
16/08/2013,03:00,0,0,0
16/08/2013,03:15,0,0,0
16/08/2013,03:30,0,0,0
16/08/2013,03:45,2,2,0
16/08/2013,04:00,0,0,0
16/08/2013,04:15,1,1,0
16/08/2013,04:30,0,0,0
16/08/2013,04:45,0,0,0
16/08/2013,05:00,1,1,0
16/08/2013,05:15,3,1,2
16/08/2013,05:30,4,3,1
16/08/2013,05:45,8,3,5
16/08/2013,06:00,11,8,3
16/08/2013,06:15,10,5,5
16/08/2013,06:30,9,7,2
16/08/2013,06:45,15,12,3
16/08/2013,07:00,20,14,6
16/08/2013,07:15,27,18,9
16/08/2013,07:30,31,14,17
16/08/2013,07:45,24,19,5
16/08/2013,08:00,32,21,11
16/08/2013,08:15,37,23,14
16/08/2013,08:30,32,23,9
16/08/2013,08:45,34,21,13
16/08/2013,09:00,18,9,9
16/08/2013,09:15,23,14,9
16/08/2013,09:30,25,18,7
16/08/2013,09:45,20,10,10
16/08/2013,10:00,42,28,14
16/08/2013,10:15,18,11,7
16/08/2013,10:30,33,20,13
16/08/2013,10:45,35,18,17
16/08/2013,11:00,44,28,16
16/08/2013,11:15,42,16,26
16/08/2013,11:30,27,19,8
16/08/2013,11:45,22,17,5
16/08/2013,12:00,28,18,10
16/08/2013,12:15,17,14,3
16/08/2013,12:30,13,8,5
16/08/2013,12:45,25,13,12
16/08/2013,13:00,36,28,8
16/08/2013,13:15,27,13,14
16/08/2013,13:30,21,13,8
16/08/2013,13:45,17,11,6
16/08/2013,14:00,33,29,4
16/08/2013,14:15,28,21,7
16/08/2013,14:30,31,21,10
16/08/2013,14:45,22,18,4
16/08/2013,15:00,36,29,7
16/08/2013,15:15,62,53,9
16/08/2013,15:30,29,24,5
16/08/2013,15:45,45,35,10
16/08/2013,16:00,40,34,6
16/08/2013,16:15,51,31,20
16/08/2013,16:30,50,41,9
16/08/2013,16:45,36,25,11
16/08/2013,17:00,45,33,12
16/08/2013,17:15,57,40,17
16/08/2013,17:30,42,25,17
16/08/2013,17:45,31,24,7
16/08/2013,18:00,56,40,16
16/08/2013,18:15,58,37,21
16/08/2013,18:30,23,15,8
16/08/2013,18:45,42,29,13
16/08/2013,19:00,16,7,9
16/08/2013,19:15,14,8,6
16/08/2013,19:30,16,7,9
16/08/2013,19:45,16,5,11
16/08/2013,20:00,11,3,8
16/08/2013,20:15,14,7,7
16/08/2013,20:30,7,5,2
16/08/2013,20:45,7,7,0
16/08/2013,21:00,1,1,0
16/08/2013,21:15,1,1,0
16/08/2013,21:30,2,2,0
16/08/2013,21:45,0,0,0
16/08/2013,22:00,2,2,0
16/08/2013,22:15,3,3,0
16/08/2013,22:30,1,1,0
16/08/2013,22:45,1,1,0
16/08/2013,23:00,1,0,1
16/08/2013,23:15,0,0,0
16/08/2013,23:30,0,0,0
16/08/2013,23:45,0,0,0
17/08/2013,00:00,1,0,1
17/08/2013,00:15,1,1,0
17/08/2013,00:30,0,0,0
17/08/2013,00:45,0,0,0
17/08/2013,01:00,0,0,0
17/08/2013,01:15,1,0,1
17/08/2013,01:30,0,0,0
17/08/2013,01:45,2,2,0
17/08/2013,02:00,0,0,0
17/08/2013,02:15,0,0,0
17/08/2013,02:30,0,0,0
17/08/2013,02:45,0,0,0
17/08/2013,03:00,0,0,0
17/08/2013,03:15,0,0,0
17/08/2013,03:30,0,0,0
17/08/2013,03:45,0,0,0
17/08/2013,04:00,1,1,0
17/08/2013,04:15,0,0,0
17/08/2013,04:30,0,0,0
17/08/2013,04:45,2,2,0
17/08/2013,05:00,0,0,0
17/08/2013,05:15,2,1,1
17/08/2013,05:30,0,0,0
17/08/2013,05:45,2,2,0
17/08/2013,06:00,0,0,0
17/08/2013,06:15,3,3,0
17/08/2013,06:30,7,5,2
17/08/2013,06:45,8,4,4
17/08/2013,07:00,12,6,6
17/08/2013,07:15,14,9,5
17/08/2013,07:30,27,17,10
17/08/2013,07:45,77,71,6
17/08/2013,08:00,54,32,22
17/08/2013,08:15,54,42,12
17/08/2013,08:30,52,34,18
17/08/2013,08:45,42,33,9
17/08/2013,09:00,88,69,19
17/08/2013,09:15,62,40,22
17/08/2013,09:30,67,50,17
17/08/2013,09:45,87,70,17
17/08/2013,10:00,103,78,25
17/08/2013,10:15,88,70,18
17/08/2013,10:30,77,64,13
17/08/2013,10:45,71,53,18
17/08/2013,11:00,82,66,16
17/08/2013,11:15,91,77,14
17/08/2013,11:30,78,63,15
17/08/2013,11:45,92,70,22
17/08/2013,12:00,83,64,19
17/08/2013,12:15,71,56,15
17/08/2013,12:30,85,71,14
17/08/2013,12:45,95,79,16
17/08/2013,13:00,78,62,16
17/08/2013,13:15,70,53,17
17/08/2013,13:30,81,71,10
17/08/2013,13:45,87,58,29
17/08/2013,14:00,83,66,17
17/08/2013,14:15,68,52,16
17/08/2013,14:30,55,45,10
17/08/2013,14:45,61,49,12
17/08/2013,15:00,82,72,10
17/08/2013,15:15,64,51,13
17/08/2013,15:30,53,47,6
17/08/2013,15:45,79,68,11
17/08/2013,16:00,57,41,16
17/08/2013,16:15,57,44,13
17/08/2013,16:30,66,42,24
17/08/2013,16:45,57,32,25
17/08/2013,17:00,50,28,22
17/08/2013,17:15,44,31,13
17/08/2013,17:30,59,32,27
17/08/2013,17:45,62,29,33
17/08/2013,18:00,65,43,22
17/08/2013,18:15,29,20,9
17/08/2013,18:30,33,22,11
17/08/2013,18:45,26,13,13
17/08/2013,19:00,27,15,12
17/08/2013,19:15,14,4,10
17/08/2013,19:30,16,11,5
17/08/2013,19:45,5,0,5
17/08/2013,20:00,12,9,3
17/08/2013,20:15,2,1,1
17/08/2013,20:30,5,2,3
17/08/2013,20:45,0,0,0
17/08/2013,21:00,3,3,0
17/08/2013,21:15,0,0,0
17/08/2013,21:30,4,4,0
17/08/2013,21:45,2,0,2
17/08/2013,22:00,4,3,1
17/08/2013,22:15,0,0,0
17/08/2013,22:30,2,2,0
17/08/2013,22:45,0,0,0
17/08/2013,23:00,0,0,0
17/08/2013,23:15,1,1,0
17/08/2013,23:30,1,1,0
17/08/2013,23:45,3,2,1
18/08/2013,00:00,0,0,0
18/08/2013,00:15,0,0,0
18/08/2013,00:30,1,0,1
18/08/2013,00:45,1,0,1
18/08/2013,01:00,0,0,0
18/08/2013,01:15,0,0,0
18/08/2013,01:30,1,0,1
18/08/2013,01:45,0,0,0
18/08/2013,02:00,0,0,0
18/08/2013,02:15,0,0,0
18/08/2013,02:30,1,1,0
18/08/2013,02:45,0,0,0
18/08/2013,03:00,0,0,0
18/08/2013,03:15,0,0,0
18/08/2013,03:30,0,0,0
18/08/2013,03:45,0,0,0
18/08/2013,04:00,0,0,0
18/08/2013,04:15,0,0,0
18/08/2013,04:30,0,0,0
18/08/2013,04:45,0,0,0
18/08/2013,05:00,0,0,0
18/08/2013,05:15,0,0,0
18/08/2013,05:30,0,0,0
18/08/2013,05:45,1,1,0
18/08/2013,06:00,0,0,0
18/08/2013,06:15,1,0,1
18/08/2013,06:30,3,3,0
18/08/2013,06:45,5,2,3
18/08/2013,07:00,8,4,4
18/08/2013,07:15,11,6,5
18/08/2013,07:30,11,5,6
18/08/2013,07:45,22,11,11
18/08/2013,08:00,28,17,11
18/08/2013,08:15,33,16,17
18/08/2013,08:30,56,45,11
18/08/2013,08:45,49,34,15
18/08/2013,09:00,38,26,12
18/08/2013,09:15,55,42,13
18/08/2013,09:30,62,49,13
18/08/2013,09:45,77,61,16
18/08/2013,10:00,83,73,10
18/08/2013,10:15,78,66,12
18/08/2013,10:30,88,72,16
18/08/2013,10:45,92,74,18
18/08/2013,11:00,111,83,28
18/08/2013,11:15,114,98,16
18/08/2013,11:30,93,78,15
18/08/2013,11:45,113,91,22
18/08/2013,12:00,112,97,15
18/08/2013,12:15,95,85,10
18/08/2013,12:30,122,103,19
18/08/2013,12:45,109,90,19
18/08/2013,13:00,105,86,19
18/08/2013,13:15,81,69,12
18/08/2013,13:30,94,84,10
18/08/2013,13:45,108,94,14
18/08/2013,14:00,85,75,10
18/08/2013,14:15,71,67,4
18/08/2013,14:30,61,56,5
18/08/2013,14:45,105,88,17
18/08/2013,15:00,59,44,15
18/08/2013,15:15,106,84,22
18/08/2013,15:30,104,76,28
18/08/2013,15:45,84,56,28
18/08/2013,16:00,88,66,22
18/08/2013,16:15,67,51,16
18/08/2013,16:30,62,42,20
18/08/2013,16:45,77,35,42
18/08/2013,17:00,65,20,45
18/08/2013,17:15,68,38,30
18/08/2013,17:30,52,26,26
18/08/2013,17:45,50,26,24
18/08/2013,18:00,34,22,12
18/08/2013,18:15,31,23,8
18/08/2013,18:30,33,22,11
18/08/2013,18:45,28,21,7
18/08/2013,19:00,15,10,5
18/08/2013,19:15,13,7,6
18/08/2013,19:30,6,1,5
18/08/2013,19:45,14,5,9
18/08/2013,20:00,9,1,8
18/08/2013,20:15,5,2,3
18/08/2013,20:30,4,1,3
18/08/2013,20:45,2,1,1
18/08/2013,21:00,0,0,0
18/08/2013,21:15,1,0,1
18/08/2013,21:30,0,0,0
18/08/2013,21:45,0,0,0
18/08/2013,22:00,0,0,0
18/08/2013,22:15,3,3,0
18/08/2013,22:30,0,0,0
18/08/2013,22:45,1,0,1
18/08/2013,23:00,0,0,0
18/08/2013,23:15,2,1,1
18/08/2013,23:30,0,0,0
18/08/2013,23:45,1,0,1
19/08/2013,00:00,0,0,0
19/08/2013,00:15,1,0,1
19/08/2013,00:30,0,0,0
19/08/2013,00:45,1,0,1
19/08/2013,01:00,1,0,1
19/08/2013,01:15,0,0,0
19/08/2013,01:30,0,0,0
19/08/2013,01:45,0,0,0
19/08/2013,02:00,0,0,0
19/08/2013,02:15,1,0,1
19/08/2013,02:30,0,0,0
19/08/2013,02:45,0,0,0
19/08/2013,03:00,0,0,0
19/08/2013,03:15,0,0,0
19/08/2013,03:30,0,0,0
19/08/2013,03:45,0,0,0
19/08/2013,04:00,0,0,0
19/08/2013,04:15,1,1,0
19/08/2013,04:30,0,0,0
19/08/2013,04:45,1,1,0
19/08/2013,05:00,2,2,0
19/08/2013,05:15,3,3,0
19/08/2013,05:30,1,0,1
19/08/2013,05:45,3,2,1
19/08/2013,06:00,5,5,0
19/08/2013,06:15,18,13,5
19/08/2013,06:30,14,11,3
19/08/2013,06:45,16,12,4
19/08/2013,07:00,26,19,7
19/08/2013,07:15,24,12,12
19/08/2013,07:30,34,23,11
19/08/2013,07:45,13,9,4
19/08/2013,08:00,24,16,8
19/08/2013,08:15,24,15,9
19/08/2013,08:30,24,14,10
19/08/2013,08:45,15,7,8
19/08/2013,09:00,19,14,5
19/08/2013,09:15,27,21,6
19/08/2013,09:30,29,17,12
19/08/2013,09:45,28,12,16
19/08/2013,10:00,24,15,9
19/08/2013,10:15,29,18,11
19/08/2013,10:30,39,25,14
19/08/2013,10:45,22,10,12
19/08/2013,11:00,36,18,18
19/08/2013,11:15,20,11,9
19/08/2013,11:30,18,6,12
19/08/2013,11:45,26,15,11
19/08/2013,12:00,18,15,3
19/08/2013,12:15,32,22,10
19/08/2013,12:30,28,18,10
19/08/2013,12:45,35,21,14
19/08/2013,13:00,25,16,9
19/08/2013,13:15,28,21,7
19/08/2013,13:30,9,5,4
19/08/2013,13:45,20,17,3
19/08/2013,14:00,16,13,3
19/08/2013,14:15,12,5,7
19/08/2013,14:30,51,42,9
19/08/2013,14:45,32,20,12
19/08/2013,15:00,40,27,13
19/08/2013,15:15,34,25,9
19/08/2013,15:30,32,18,14
19/08/2013,15:45,30,14,16
19/08/2013,16:00,28,17,11
19/08/2013,16:15,33,19,14
19/08/2013,16:30,33,23,10
19/08/2013,16:45,51,31,20
19/08/2013,17:00,35,16,19
19/08/2013,17:15,51,37,14
19/08/2013,17:30,48,18,30
19/08/2013,17:45,47,29,18
19/08/2013,18:00,47,26,21
19/08/2013,18:15,66,37,29
19/08/2013,18:30,50,18,32
19/08/2013,18:45,56,22,34
19/08/2013,19:00,36,14,22
19/08/2013,19:15,27,13,14
19/08/2013,19:30,29,10,19
19/08/2013,19:45,13,6,7
19/08/2013,20:00,7,3,4
19/08/2013,20:15,5,2,3
19/08/2013,20:30,5,3,2
19/08/2013,20:45,4,4,0
19/08/2013,21:00,1,1,0
19/08/2013,21:15,3,3,0
19/08/2013,21:30,3,3,0
19/08/2013,21:45,1,1,0
19/08/2013,22:00,0,0,0
19/08/2013,22:15,0,0,0
19/08/2013,22:30,0,0,0
19/08/2013,22:45,0,0,0
19/08/2013,23:00,1,1,0
19/08/2013,23:15,0,0,0
19/08/2013,23:30,0,0,0
19/08/2013,23:45,0,0,0
20/08/2013,00:00,2,2,0
20/08/2013,00:15,0,0,0
20/08/2013,00:30,0,0,0
20/08/2013,00:45,0,0,0
20/08/2013,01:00,0,0,0
20/08/2013,01:15,0,0,0
20/08/2013,01:30,0,0,0
20/08/2013,01:45,0,0,0
20/08/2013,02:00,0,0,0
20/08/2013,02:15,0,0,0
20/08/2013,02:30,0,0,0
20/08/2013,02:45,0,0,0
20/08/2013,03:00,0,0,0
20/08/2013,03:15,0,0,0
20/08/2013,03:30,0,0,0
20/08/2013,03:45,0,0,0
20/08/2013,04:00,2,2,0
20/08/2013,04:15,0,0,0
20/08/2013,04:30,0,0,0
20/08/2013,04:45,2,2,0
20/08/2013,05:00,3,3,0
20/08/2013,05:15,3,2,1
20/08/2013,05:30,1,0,1
20/08/2013,05:45,2,0,2
20/08/2013,06:00,10,6,4
20/08/2013,06:15,12,9,3
20/08/2013,06:30,20,10,10
20/08/2013,06:45,33,22,11
20/08/2013,07:00,20,16,4
20/08/2013,07:15,30,23,7
20/08/2013,07:30,19,12,7
20/08/2013,07:45,24,12,12
20/08/2013,08:00,27,15,12
20/08/2013,08:15,29,17,12
20/08/2013,08:30,26,16,10
20/08/2013,08:45,14,6,8
20/08/2013,09:00,14,7,7
20/08/2013,09:15,11,4,7
20/08/2013,09:30,18,9,9
20/08/2013,09:45,18,10,8
20/08/2013,10:00,23,14,9
20/08/2013,10:15,46,16,30
20/08/2013,10:30,22,11,11
20/08/2013,10:45,26,14,12
20/08/2013,11:00,34,15,19
20/08/2013,11:15,27,11,16
20/08/2013,11:30,18,7,11
20/08/2013,11:45,26,15,11
20/08/2013,12:00,40,26,14
20/08/2013,12:15,22,8,14
20/08/2013,12:30,15,6,9
20/08/2013,12:45,11,8,3
20/08/2013,13:00,22,10,12
20/08/2013,13:15,28,23,5
20/08/2013,13:30,21,13,8
20/08/2013,13:45,22,17,5
20/08/2013,14:00,21,14,7
20/08/2013,14:15,23,13,10
20/08/2013,14:30,40,33,7
20/08/2013,14:45,39,28,11
20/08/2013,15:00,41,33,8
20/08/2013,15:15,28,20,8
20/08/2013,15:30,50,32,18
20/08/2013,15:45,43,35,8
20/08/2013,16:00,42,26,16
20/08/2013,16:15,33,21,12
20/08/2013,16:30,33,12,21
20/08/2013,16:45,42,29,13
20/08/2013,17:00,40,19,21
20/08/2013,17:15,44,19,25
20/08/2013,17:30,36,15,21
20/08/2013,17:45,36,25,11
20/08/2013,18:00,47,36,11
20/08/2013,18:15,50,38,12
20/08/2013,18:30,44,32,12
20/08/2013,18:45,28,18,10
20/08/2013,19:00,29,16,13
20/08/2013,19:15,36,13,23
20/08/2013,19:30,18,7,11
20/08/2013,19:45,21,10,11
20/08/2013,20:00,9,5,4
20/08/2013,20:15,6,1,5
20/08/2013,20:30,5,4,1
20/08/2013,20:45,0,0,0
20/08/2013,21:00,6,5,1
20/08/2013,21:15,3,3,0
20/08/2013,21:30,1,1,0
20/08/2013,21:45,1,1,0
20/08/2013,22:00,1,0,1
20/08/2013,22:15,1,0,1
20/08/2013,22:30,0,0,0
20/08/2013,22:45,1,0,1
20/08/2013,23:00,1,0,1
20/08/2013,23:15,0,0,0
20/08/2013,23:30,0,0,0
20/08/2013,23:45,1,1,0
21/08/2013,00:00,0,0,0
21/08/2013,00:15,0,0,0
21/08/2013,00:30,0,0,0
21/08/2013,00:45,0,0,0
21/08/2013,01:00,0,0,0
21/08/2013,01:15,0,0,0
21/08/2013,01:30,0,0,0
21/08/2013,01:45,0,0,0
21/08/2013,02:00,0,0,0
21/08/2013,02:15,0,0,0
21/08/2013,02:30,0,0,0
21/08/2013,02:45,0,0,0
21/08/2013,03:00,0,0,0
21/08/2013,03:15,0,0,0
21/08/2013,03:30,0,0,0
21/08/2013,03:45,0,0,0
21/08/2013,04:00,1,1,0
21/08/2013,04:15,2,2,0
21/08/2013,04:30,1,1,0
21/08/2013,04:45,1,1,0
21/08/2013,05:00,4,4,0
21/08/2013,05:15,4,3,1
21/08/2013,05:30,3,2,1
21/08/2013,05:45,3,3,0
21/08/2013,06:00,9,6,3
21/08/2013,06:15,16,7,9
21/08/2013,06:30,18,14,4
21/08/2013,06:45,21,15,6
21/08/2013,07:00,19,14,5
21/08/2013,07:15,34,20,14
21/08/2013,07:30,31,21,10
21/08/2013,07:45,21,12,9
21/08/2013,08:00,32,16,16
21/08/2013,08:15,24,13,11
21/08/2013,08:30,33,21,12
21/08/2013,08:45,16,9,7
21/08/2013,09:00,17,7,10
21/08/2013,09:15,31,13,18
21/08/2013,09:30,30,19,11
21/08/2013,09:45,24,10,14
21/08/2013,10:00,26,13,13
21/08/2013,10:15,31,10,21
21/08/2013,10:30,25,13,12
21/08/2013,10:45,17,6,11
21/08/2013,11:00,22,12,10
21/08/2013,11:15,37,23,14
21/08/2013,11:30,22,9,13
21/08/2013,11:45,33,21,12
21/08/2013,12:00,31,19,12
21/08/2013,12:15,26,13,13
21/08/2013,12:30,18,14,4
21/08/2013,12:45,21,16,5
21/08/2013,13:00,27,15,12
21/08/2013,13:15,19,9,10
21/08/2013,13:30,18,8,10
21/08/2013,13:45,25,16,9
21/08/2013,14:00,28,18,10
21/08/2013,14:15,33,27,6
21/08/2013,14:30,27,23,4
21/08/2013,14:45,31,21,10
21/08/2013,15:00,24,19,5
21/08/2013,15:15,29,14,15
21/08/2013,15:30,28,13,15
21/08/2013,15:45,34,19,15
21/08/2013,16:00,41,22,19
21/08/2013,16:15,39,28,11
21/08/2013,16:30,33,22,11
21/08/2013,16:45,42,20,22
21/08/2013,17:00,43,17,26
21/08/2013,17:15,41,17,24
21/08/2013,17:30,51,28,23
21/08/2013,17:45,54,32,22
21/08/2013,18:00,60,41,19
21/08/2013,18:15,36,18,18
21/08/2013,18:30,65,39,26
21/08/2013,18:45,55,24,31
21/08/2013,19:00,32,16,16
21/08/2013,19:15,23,12,11
21/08/2013,19:30,20,9,11
21/08/2013,19:45,22,10,12
21/08/2013,20:00,13,7,6
21/08/2013,20:15,7,2,5
21/08/2013,20:30,5,4,1
21/08/2013,20:45,4,4,0
21/08/2013,21:00,0,0,0
21/08/2013,21:15,3,1,2
21/08/2013,21:30,2,2,0
21/08/2013,21:45,2,2,0
21/08/2013,22:00,1,0,1
21/08/2013,22:15,5,0,5
21/08/2013,22:30,0,0,0
21/08/2013,22:45,0,0,0
21/08/2013,23:00,0,0,0
21/08/2013,23:15,0,0,0
21/08/2013,23:30,0,0,0
21/08/2013,23:45,0,0,0
22/08/2013,00:00,0,0,0
22/08/2013,00:15,0,0,0
22/08/2013,00:30,0,0,0
22/08/2013,00:45,0,0,0
22/08/2013,01:00,0,0,0
22/08/2013,01:15,0,0,0
22/08/2013,01:30,0,0,0
22/08/2013,01:45,0,0,0
22/08/2013,02:00,0,0,0
22/08/2013,02:15,0,0,0
22/08/2013,02:30,0,0,0
22/08/2013,02:45,0,0,0
22/08/2013,03:00,0,0,0
22/08/2013,03:15,0,0,0
22/08/2013,03:30,0,0,0
22/08/2013,03:45,0,0,0
22/08/2013,04:00,0,0,0
22/08/2013,04:15,0,0,0
22/08/2013,04:30,1,0,1
22/08/2013,04:45,3,1,2
22/08/2013,05:00,2,1,1
22/08/2013,05:15,3,3,0
22/08/2013,05:30,0,0,0
22/08/2013,05:45,5,4,1
22/08/2013,06:00,13,7,6
22/08/2013,06:15,30,22,8
22/08/2013,06:30,16,10,6
22/08/2013,06:45,33,26,7
22/08/2013,07:00,20,12,8
22/08/2013,07:15,24,13,11
22/08/2013,07:30,26,15,11
22/08/2013,07:45,29,15,14
22/08/2013,08:00,38,24,14
22/08/2013,08:15,41,21,20
22/08/2013,08:30,39,22,17
22/08/2013,08:45,23,11,12
22/08/2013,09:00,16,10,6
22/08/2013,09:15,18,8,10
22/08/2013,09:30,24,12,12
22/08/2013,09:45,25,12,13
22/08/2013,10:00,34,12,22
22/08/2013,10:15,23,14,9
22/08/2013,10:30,23,11,12
22/08/2013,10:45,34,18,16
22/08/2013,11:00,26,15,11
22/08/2013,11:15,21,6,15
22/08/2013,11:30,29,10,19
22/08/2013,11:45,16,6,10
22/08/2013,12:00,25,14,11
22/08/2013,12:15,20,14,6
22/08/2013,12:30,15,7,8
22/08/2013,12:45,13,5,8
22/08/2013,13:00,30,22,8
22/08/2013,13:15,45,36,9
22/08/2013,13:30,24,20,4
22/08/2013,13:45,29,18,11
22/08/2013,14:00,29,18,11
22/08/2013,14:15,22,17,5
22/08/2013,14:30,28,19,9
22/08/2013,14:45,33,19,14
22/08/2013,15:00,28,20,8
22/08/2013,15:15,40,29,11
22/08/2013,15:30,24,13,11
22/08/2013,15:45,31,18,13
22/08/2013,16:00,45,29,16
22/08/2013,16:15,38,25,13
22/08/2013,16:30,45,21,24
22/08/2013,16:45,57,34,23
22/08/2013,17:00,60,34,26
22/08/2013,17:15,57,26,31
22/08/2013,17:30,44,26,18
22/08/2013,17:45,36,17,19
22/08/2013,18:00,39,25,14
22/08/2013,18:15,45,34,11
22/08/2013,18:30,43,29,14
22/08/2013,18:45,32,19,13
22/08/2013,19:00,38,19,19
22/08/2013,19:15,37,10,27
22/08/2013,19:30,17,12,5
22/08/2013,19:45,18,6,12
22/08/2013,20:00,9,5,4
22/08/2013,20:15,12,7,5
22/08/2013,20:30,3,2,1
22/08/2013,20:45,6,5,1
22/08/2013,21:00,0,0,0
22/08/2013,21:15,1,0,1
22/08/2013,21:30,0,0,0
22/08/2013,21:45,5,0,5
22/08/2013,22:00,1,0,1
22/08/2013,22:15,2,2,0
22/08/2013,22:30,2,1,1
22/08/2013,22:45,1,0,1
22/08/2013,23:00,0,0,0
22/08/2013,23:15,0,0,0
22/08/2013,23:30,0,0,0
22/08/2013,23:45,0,0,0
23/08/2013,00:00,0,0,0
23/08/2013,00:15,0,0,0
23/08/2013,00:30,0,0,0
23/08/2013,00:45,0,0,0
23/08/2013,01:00,0,0,0
23/08/2013,01:15,0,0,0
23/08/2013,01:30,0,0,0
23/08/2013,01:45,0,0,0
23/08/2013,02:00,0,0,0
23/08/2013,02:15,0,0,0
23/08/2013,02:30,0,0,0
23/08/2013,02:45,0,0,0
23/08/2013,03:00,0,0,0
23/08/2013,03:15,0,0,0
23/08/2013,03:30,0,0,0
23/08/2013,03:45,0,0,0
23/08/2013,04:00,0,0,0
23/08/2013,04:15,0,0,0
23/08/2013,04:30,2,2,0
23/08/2013,04:45,1,1,0
23/08/2013,05:00,0,0,0
23/08/2013,05:15,1,1,0
23/08/2013,05:30,5,4,1
23/08/2013,05:45,2,2,0
23/08/2013,06:00,4,4,0
23/08/2013,06:15,10,8,2
23/08/2013,06:30,14,10,4
23/08/2013,06:45,22,14,8
23/08/2013,07:00,25,17,8
23/08/2013,07:15,26,22,4
23/08/2013,07:30,19,16,3
23/08/2013,07:45,33,22,11
23/08/2013,08:00,30,17,13
23/08/2013,08:15,31,17,14
23/08/2013,08:30,41,29,12
23/08/2013,08:45,51,32,19
23/08/2013,09:00,44,26,18
23/08/2013,09:15,26,12,14
23/08/2013,09:30,31,10,21
23/08/2013,09:45,17,7,10
23/08/2013,10:00,22,6,16
23/08/2013,10:15,17,10,7
23/08/2013,10:30,31,15,16
23/08/2013,10:45,20,10,10
23/08/2013,11:00,31,17,14
23/08/2013,11:15,28,13,15
23/08/2013,11:30,33,16,17
23/08/2013,11:45,33,20,13
23/08/2013,12:00,21,17,4
23/08/2013,12:15,26,19,7
23/08/2013,12:30,36,20,16
23/08/2013,12:45,61,47,14
23/08/2013,13:00,25,13,12
23/08/2013,13:15,15,7,8
23/08/2013,13:30,23,20,3
23/08/2013,13:45,29,23,6
23/08/2013,14:00,39,31,8
23/08/2013,14:15,32,23,9
23/08/2013,14:30,39,31,8
23/08/2013,14:45,31,24,7
23/08/2013,15:00,32,28,4
23/08/2013,15:15,22,16,6
23/08/2013,15:30,47,39,8
23/08/2013,15:45,28,22,6
23/08/2013,16:00,50,29,21
23/08/2013,16:15,42,30,12
23/08/2013,16:30,44,24,20
23/08/2013,16:45,56,41,15
23/08/2013,17:00,45,31,14
23/08/2013,17:15,56,37,19
23/08/2013,17:30,36,23,13
23/08/2013,17:45,43,26,17
23/08/2013,18:00,36,20,16
23/08/2013,18:15,42,24,18
23/08/2013,18:30,42,28,14
23/08/2013,18:45,55,27,28
23/08/2013,19:00,36,18,18
23/08/2013,19:15,28,13,15
23/08/2013,19:30,14,10,4
23/08/2013,19:45,21,14,7
23/08/2013,20:00,4,1,3
23/08/2013,20:15,6,3,3
23/08/2013,20:30,5,2,3
23/08/2013,20:45,10,8,2
23/08/2013,21:00,1,0,1
23/08/2013,21:15,1,1,0
23/08/2013,21:30,0,0,0
23/08/2013,21:45,1,0,1
23/08/2013,22:00,1,1,0
23/08/2013,22:15,1,1,0
23/08/2013,22:30,0,0,0
23/08/2013,22:45,1,1,0
23/08/2013,23:00,0,0,0
23/08/2013,23:15,0,0,0
23/08/2013,23:30,0,0,0
23/08/2013,23:45,1,1,0
24/08/2013,00:00,0,0,0
24/08/2013,00:15,0,0,0
24/08/2013,00:30,2,2,0
24/08/2013,00:45,0,0,0
24/08/2013,01:00,1,1,0
24/08/2013,01:15,0,0,0
24/08/2013,01:30,0,0,0
24/08/2013,01:45,1,1,0
24/08/2013,02:00,0,0,0
24/08/2013,02:15,0,0,0
24/08/2013,02:30,0,0,0
24/08/2013,02:45,0,0,0
24/08/2013,03:00,0,0,0
24/08/2013,03:15,0,0,0
24/08/2013,03:30,0,0,0
24/08/2013,03:45,2,2,0
24/08/2013,04:00,0,0,0
24/08/2013,04:15,0,0,0
24/08/2013,04:30,0,0,0
24/08/2013,04:45,0,0,0
24/08/2013,05:00,0,0,0
24/08/2013,05:15,0,0,0
24/08/2013,05:30,0,0,0
24/08/2013,05:45,0,0,0
24/08/2013,06:00,23,22,1
24/08/2013,06:15,4,2,2
24/08/2013,06:30,5,4,1
24/08/2013,06:45,7,4,3
24/08/2013,07:00,15,6,9
24/08/2013,07:15,16,6,10
24/08/2013,07:30,23,12,11
24/08/2013,07:45,37,28,9
24/08/2013,08:00,26,11,15
24/08/2013,08:15,56,43,13
24/08/2013,08:30,56,42,14
24/08/2013,08:45,85,61,24
24/08/2013,09:00,80,60,20
24/08/2013,09:15,110,90,20
24/08/2013,09:30,76,57,19
24/08/2013,09:45,98,83,15
24/08/2013,10:00,102,78,24
24/08/2013,10:15,86,70,16
24/08/2013,10:30,96,73,23
24/08/2013,10:45,121,92,29
24/08/2013,11:00,97,78,19
24/08/2013,11:15,123,103,20
24/08/2013,11:30,107,84,23
24/08/2013,11:45,91,73,18
24/08/2013,12:00,103,83,20
24/08/2013,12:15,88,72,16
24/08/2013,12:30,89,72,17
24/08/2013,12:45,90,76,14
24/08/2013,13:00,88,70,18
24/08/2013,13:15,69,53,16
24/08/2013,13:30,82,61,21
24/08/2013,13:45,61,54,7
24/08/2013,14:00,59,47,12
24/08/2013,14:15,64,51,13
24/08/2013,14:30,88,70,18
24/08/2013,14:45,89,72,17
24/08/2013,15:00,65,51,14
24/08/2013,15:15,83,69,14
24/08/2013,15:30,64,50,14
24/08/2013,15:45,55,45,10
24/08/2013,16:00,57,48,9
24/08/2013,16:15,68,47,21
24/08/2013,16:30,63,49,14
24/08/2013,16:45,56,37,19
24/08/2013,17:00,44,30,14
24/08/2013,17:15,41,22,19
24/08/2013,17:30,46,31,15
24/08/2013,17:45,31,24,7
24/08/2013,18:00,43,31,12
24/08/2013,18:15,21,16,5
24/08/2013,18:30,23,7,16
24/08/2013,18:45,16,8,8
24/08/2013,19:00,17,12,5
24/08/2013,19:15,13,10,3
24/08/2013,19:30,5,2,3
24/08/2013,19:45,5,2,3
24/08/2013,20:00,6,1,5
24/08/2013,20:15,3,1,2
24/08/2013,20:30,2,0,2
24/08/2013,20:45,2,0,2
24/08/2013,21:00,1,0,1
24/08/2013,21:15,1,1,0
24/08/2013,21:30,1,0,1
24/08/2013,21:45,0,0,0
24/08/2013,22:00,2,2,0
24/08/2013,22:15,1,0,1
24/08/2013,22:30,1,1,0
24/08/2013,22:45,0,0,0
24/08/2013,23:00,0,0,0
24/08/2013,23:15,0,0,0
24/08/2013,23:30,0,0,0
24/08/2013,23:45,0,0,0
25/08/2013,00:00,0,0,0
25/08/2013,00:15,0,0,0
25/08/2013,00:30,0,0,0
25/08/2013,00:45,0,0,0
25/08/2013,01:00,0,0,0
25/08/2013,01:15,0,0,0
25/08/2013,01:30,0,0,0
25/08/2013,01:45,0,0,0
25/08/2013,02:00,0,0,0
25/08/2013,02:15,0,0,0
25/08/2013,02:30,0,0,0
25/08/2013,02:45,0,0,0
25/08/2013,03:00,0,0,0
25/08/2013,03:15,0,0,0
25/08/2013,03:30,0,0,0
25/08/2013,03:45,0,0,0
25/08/2013,04:00,0,0,0
25/08/2013,04:15,0,0,0
25/08/2013,04:30,1,1,0
25/08/2013,04:45,0,0,0
25/08/2013,05:00,0,0,0
25/08/2013,05:15,0,0,0
25/08/2013,05:30,0,0,0
25/08/2013,05:45,0,0,0
25/08/2013,06:00,2,2,0
25/08/2013,06:15,1,1,0
25/08/2013,06:30,4,3,1
25/08/2013,06:45,8,1,7
25/08/2013,07:00,11,6,5
25/08/2013,07:15,15,5,10
25/08/2013,07:30,26,15,11
25/08/2013,07:45,23,18,5
25/08/2013,08:00,29,23,6
25/08/2013,08:15,47,38,9
25/08/2013,08:30,66,57,9
25/08/2013,08:45,61,48,13
25/08/2013,09:00,63,51,12
25/08/2013,09:15,45,32,13
25/08/2013,09:30,76,58,18
25/08/2013,09:45,65,47,18
25/08/2013,10:00,86,65,21
25/08/2013,10:15,94,75,19
25/08/2013,10:30,95,77,18
25/08/2013,10:45,94,77,17
25/08/2013,11:00,89,65,24
25/08/2013,11:15,94,79,15
25/08/2013,11:30,104,84,20
25/08/2013,11:45,98,79,19
25/08/2013,12:00,93,72,21
25/08/2013,12:15,93,80,13
25/08/2013,12:30,68,54,14
25/08/2013,12:45,86,70,16
25/08/2013,13:00,100,83,17
25/08/2013,13:15,79,69,10
25/08/2013,13:30,59,49,10
25/08/2013,13:45,72,60,12
25/08/2013,14:00,76,64,12
25/08/2013,14:15,82,73,9
25/08/2013,14:30,69,58,11
25/08/2013,14:45,81,62,19
25/08/2013,15:00,67,45,22
25/08/2013,15:15,54,40,14
25/08/2013,15:30,58,46,12
25/08/2013,15:45,59,47,12
25/08/2013,16:00,64,51,13
25/08/2013,16:15,48,31,17
25/08/2013,16:30,54,45,9
25/08/2013,16:45,39,26,13
25/08/2013,17:00,52,36,16
25/08/2013,17:15,60,26,34
25/08/2013,17:30,41,22,19
25/08/2013,17:45,39,19,20
25/08/2013,18:00,27,16,11
25/08/2013,18:15,31,11,20
25/08/2013,18:30,28,14,14
25/08/2013,18:45,23,5,18
25/08/2013,19:00,20,10,10
25/08/2013,19:15,20,11,9
25/08/2013,19:30,18,8,10
25/08/2013,19:45,10,4,6
25/08/2013,20:00,5,1,4
25/08/2013,20:15,10,9,1
25/08/2013,20:30,2,0,2
25/08/2013,20:45,0,0,0
25/08/2013,21:00,2,1,1
25/08/2013,21:15,0,0,0
25/08/2013,21:30,3,2,1
25/08/2013,21:45,4,1,3
25/08/2013,22:00,3,1,2
25/08/2013,22:15,0,0,0
25/08/2013,22:30,0,0,0
25/08/2013,22:45,0,0,0
25/08/2013,23:00,1,1,0
25/08/2013,23:15,1,1,0
25/08/2013,23:30,0,0,0
25/08/2013,23:45,0,0,0
26/08/2013,00:00,1,1,0
26/08/2013,00:15,0,0,0
26/08/2013,00:30,1,0,1
26/08/2013,00:45,0,0,0
26/08/2013,01:00,0,0,0
26/08/2013,01:15,0,0,0
26/08/2013,01:30,0,0,0
26/08/2013,01:45,0,0,0
26/08/2013,02:00,0,0,0
26/08/2013,02:15,0,0,0
26/08/2013,02:30,0,0,0
26/08/2013,02:45,0,0,0
26/08/2013,03:00,0,0,0
26/08/2013,03:15,1,1,0
26/08/2013,03:30,0,0,0
26/08/2013,03:45,1,1,0
26/08/2013,04:00,0,0,0
26/08/2013,04:15,1,1,0
26/08/2013,04:30,3,0,3
26/08/2013,04:45,2,2,0
26/08/2013,05:00,3,3,0
26/08/2013,05:15,3,3,0
26/08/2013,05:30,5,4,1
26/08/2013,05:45,3,2,1
26/08/2013,06:00,6,1,5
26/08/2013,06:15,16,11,5
26/08/2013,06:30,11,8,3
26/08/2013,06:45,22,11,11
26/08/2013,07:00,19,9,10
26/08/2013,07:15,33,16,17
26/08/2013,07:30,30,16,14
26/08/2013,07:45,33,15,18
26/08/2013,08:00,25,18,7
26/08/2013,08:15,28,20,8
26/08/2013,08:30,22,13,9
26/08/2013,08:45,25,9,16
26/08/2013,09:00,26,14,12
26/08/2013,09:15,18,7,11
26/08/2013,09:30,26,12,14
26/08/2013,09:45,19,6,13
26/08/2013,10:00,21,11,10
26/08/2013,10:15,24,8,16
26/08/2013,10:30,30,9,21
26/08/2013,10:45,33,17,16
26/08/2013,11:00,19,10,9
26/08/2013,11:15,22,16,6
26/08/2013,11:30,19,15,4
26/08/2013,11:45,16,9,7
26/08/2013,12:00,10,6,4
26/08/2013,12:15,33,18,15
26/08/2013,12:30,36,23,13
26/08/2013,12:45,20,11,9
26/08/2013,13:00,20,15,5
26/08/2013,13:15,27,19,8
26/08/2013,13:30,23,14,9
26/08/2013,13:45,21,17,4
26/08/2013,14:00,34,24,10
26/08/2013,14:15,33,27,6
26/08/2013,14:30,22,18,4
26/08/2013,14:45,24,17,7
26/08/2013,15:00,31,19,12
26/08/2013,15:15,35,22,13
26/08/2013,15:30,31,18,13
26/08/2013,15:45,45,27,18
26/08/2013,16:00,45,22,23
26/08/2013,16:15,18,9,9
26/08/2013,16:30,59,43,16
26/08/2013,16:45,40,21,19
26/08/2013,17:00,85,37,48
26/08/2013,17:15,78,38,40
26/08/2013,17:30,53,29,24
26/08/2013,17:45,53,32,21
26/08/2013,18:00,59,33,26
26/08/2013,18:15,73,46,27
26/08/2013,18:30,85,39,46
26/08/2013,18:45,79,29,50
26/08/2013,19:00,44,18,26
26/08/2013,19:15,40,24,16
26/08/2013,19:30,30,17,13
26/08/2013,19:45,23,11,12
26/08/2013,20:00,10,6,4
26/08/2013,20:15,19,8,11
26/08/2013,20:30,12,9,3
26/08/2013,20:45,4,2,2
26/08/2013,21:00,4,2,2
26/08/2013,21:15,2,1,1
26/08/2013,21:30,1,0,1
26/08/2013,21:45,1,0,1
26/08/2013,22:00,1,1,0
26/08/2013,22:15,4,4,0
26/08/2013,22:30,0,0,0
26/08/2013,22:45,0,0,0
26/08/2013,23:00,2,1,1
26/08/2013,23:15,0,0,0
26/08/2013,23:30,0,0,0
26/08/2013,23:45,0,0,0
27/08/2013,00:00,0,0,0
27/08/2013,00:15,2,2,0
27/08/2013,00:30,0,0,0
27/08/2013,00:45,0,0,0
27/08/2013,01:00,0,0,0
27/08/2013,01:15,0,0,0
27/08/2013,01:30,0,0,0
27/08/2013,01:45,0,0,0
27/08/2013,02:00,0,0,0
27/08/2013,02:15,0,0,0
27/08/2013,02:30,0,0,0
27/08/2013,02:45,0,0,0
27/08/2013,03:00,0,0,0
27/08/2013,03:15,0,0,0
27/08/2013,03:30,0,0,0
27/08/2013,03:45,0,0,0
27/08/2013,04:00,0,0,0
27/08/2013,04:15,0,0,0
27/08/2013,04:30,0,0,0
27/08/2013,04:45,1,1,0
27/08/2013,05:00,4,4,0
27/08/2013,05:15,3,3,0
27/08/2013,05:30,1,1,0
27/08/2013,05:45,4,1,3
27/08/2013,06:00,9,8,1
27/08/2013,06:15,19,10,9
27/08/2013,06:30,17,9,8
27/08/2013,06:45,34,22,12
27/08/2013,07:00,26,11,15
27/08/2013,07:15,43,33,10
27/08/2013,07:30,30,20,10
27/08/2013,07:45,28,14,14
27/08/2013,08:00,34,21,13
27/08/2013,08:15,44,25,19
27/08/2013,08:30,23,14,9
27/08/2013,08:45,35,19,16
27/08/2013,09:00,30,10,20
27/08/2013,09:15,37,24,13
27/08/2013,09:30,21,12,9
27/08/2013,09:45,39,20,19
27/08/2013,10:00,21,13,8
27/08/2013,10:15,25,10,15
27/08/2013,10:30,27,18,9
27/08/2013,10:45,22,14,8
27/08/2013,11:00,33,15,18
27/08/2013,11:15,31,21,10
27/08/2013,11:30,34,22,12
27/08/2013,11:45,22,16,6
27/08/2013,12:00,27,12,15
27/08/2013,12:15,26,15,11
27/08/2013,12:30,22,13,9
27/08/2013,12:45,13,10,3
27/08/2013,13:00,23,15,8
27/08/2013,13:15,24,16,8
27/08/2013,13:30,15,8,7
27/08/2013,13:45,40,33,7
27/08/2013,14:00,27,17,10
27/08/2013,14:15,41,27,14
27/08/2013,14:30,38,28,10
27/08/2013,14:45,23,15,8
27/08/2013,15:00,51,34,17
27/08/2013,15:15,41,36,5
27/08/2013,15:30,47,27,20
27/08/2013,15:45,42,24,18
27/08/2013,16:00,55,33,22
27/08/2013,16:15,37,16,21
27/08/2013,16:30,34,20,14
27/08/2013,16:45,49,25,24
27/08/2013,17:00,57,18,39
27/08/2013,17:15,64,31,33
27/08/2013,17:30,52,24,28
27/08/2013,17:45,73,33,40
27/08/2013,18:00,59,37,22
27/08/2013,18:15,62,41,21
27/08/2013,18:30,86,31,55
27/08/2013,18:45,54,30,24
27/08/2013,19:00,36,18,18
27/08/2013,19:15,31,24,7
27/08/2013,19:30,21,10,11
27/08/2013,19:45,15,8,7
27/08/2013,20:00,12,6,6
27/08/2013,20:15,8,4,4
27/08/2013,20:30,6,4,2
27/08/2013,20:45,2,2,0
27/08/2013,21:00,2,2,0
27/08/2013,21:15,0,0,0
27/08/2013,21:30,0,0,0
27/08/2013,21:45,2,1,1
27/08/2013,22:00,3,1,2
27/08/2013,22:15,3,1,2
27/08/2013,22:30,1,0,1
27/08/2013,22:45,0,0,0
27/08/2013,23:00,1,0,1
27/08/2013,23:15,0,0,0
27/08/2013,23:30,0,0,0
27/08/2013,23:45,0,0,0
28/08/2013,00:00,0,0,0
28/08/2013,00:15,0,0,0
28/08/2013,00:30,0,0,0
28/08/2013,00:45,0,0,0
28/08/2013,01:00,0,0,0
28/08/2013,01:15,0,0,0
28/08/2013,01:30,0,0,0
28/08/2013,01:45,1,1,0
28/08/2013,02:00,1,1,0
28/08/2013,02:15,0,0,0
28/08/2013,02:30,0,0,0
28/08/2013,02:45,0,0,0
28/08/2013,03:00,0,0,0
28/08/2013,03:15,0,0,0
28/08/2013,03:30,0,0,0
28/08/2013,03:45,0,0,0
28/08/2013,04:00,0,0,0
28/08/2013,04:15,0,0,0
28/08/2013,04:30,1,1,0
28/08/2013,04:45,0,0,0
28/08/2013,05:00,1,1,0
28/08/2013,05:15,6,3,3
28/08/2013,05:30,5,3,2
28/08/2013,05:45,5,4,1
28/08/2013,06:00,4,1,3
28/08/2013,06:15,24,17,7
28/08/2013,06:30,14,13,1
28/08/2013,06:45,32,23,9
28/08/2013,07:00,19,13,6
28/08/2013,07:15,37,21,16
28/08/2013,07:30,36,23,13
28/08/2013,07:45,26,15,11
28/08/2013,08:00,33,21,12
28/08/2013,08:15,37,29,8
28/08/2013,08:30,19,7,12
28/08/2013,08:45,14,8,6
28/08/2013,09:00,24,16,8
28/08/2013,09:15,39,21,18
28/08/2013,09:30,33,14,19
28/08/2013,09:45,36,13,23
28/08/2013,10:00,43,16,27
28/08/2013,10:15,29,14,15
28/08/2013,10:30,20,11,9
28/08/2013,10:45,31,20,11
28/08/2013,11:00,37,25,12
28/08/2013,11:15,28,17,11
28/08/2013,11:30,26,15,11
28/08/2013,11:45,25,21,4
28/08/2013,12:00,30,29,1
28/08/2013,12:15,36,32,4
28/08/2013,12:30,16,14,2
28/08/2013,12:45,42,35,7
28/08/2013,13:00,22,15,7
28/08/2013,13:15,34,31,3
28/08/2013,13:30,35,28,7
28/08/2013,13:45,28,22,6
28/08/2013,14:00,28,21,7
28/08/2013,14:15,35,27,8
28/08/2013,14:30,29,22,7
28/08/2013,14:45,40,28,12
28/08/2013,15:00,35,20,15
28/08/2013,15:15,34,20,14
28/08/2013,15:30,46,32,14
28/08/2013,15:45,32,20,12
28/08/2013,16:00,31,17,14
28/08/2013,16:15,64,49,15
28/08/2013,16:30,41,28,13
28/08/2013,16:45,59,28,31
28/08/2013,17:00,69,19,50
28/08/2013,17:15,53,28,25
28/08/2013,17:30,79,53,26
28/08/2013,17:45,68,35,33
28/08/2013,18:00,53,30,23
28/08/2013,18:15,52,26,26
28/08/2013,18:30,53,26,27
28/08/2013,18:45,59,24,35
28/08/2013,19:00,40,20,20
28/08/2013,19:15,40,22,18
28/08/2013,19:30,30,16,14
28/08/2013,19:45,26,12,14
28/08/2013,20:00,14,9,5
28/08/2013,20:15,12,7,5
28/08/2013,20:30,10,6,4
28/08/2013,20:45,6,6,0
28/08/2013,21:00,2,1,1
28/08/2013,21:15,2,2,0
28/08/2013,21:30,1,1,0
28/08/2013,21:45,2,2,0
28/08/2013,22:00,0,0,0
28/08/2013,22:15,1,1,0
28/08/2013,22:30,0,0,0
28/08/2013,22:45,1,1,0
28/08/2013,23:00,1,1,0
28/08/2013,23:15,5,5,0
28/08/2013,23:30,3,3,0
28/08/2013,23:45,0,0,0
29/08/2013,00:00,1,1,0
29/08/2013,00:15,0,0,0
29/08/2013,00:30,1,0,1
29/08/2013,00:45,0,0,0
29/08/2013,01:00,0,0,0
29/08/2013,01:15,0,0,0
29/08/2013,01:30,1,0,1
29/08/2013,01:45,1,1,0
29/08/2013,02:00,0,0,0
29/08/2013,02:15,0,0,0
29/08/2013,02:30,1,1,0
29/08/2013,02:45,0,0,0
29/08/2013,03:00,0,0,0
29/08/2013,03:15,0,0,0
29/08/2013,03:30,0,0,0
29/08/2013,03:45,1,0,1
29/08/2013,04:00,0,0,0
29/08/2013,04:15,0,0,0
29/08/2013,04:30,2,2,0
29/08/2013,04:45,1,1,0
29/08/2013,05:00,3,2,1
29/08/2013,05:15,3,3,0
29/08/2013,05:30,4,4,0
29/08/2013,05:45,6,3,3
29/08/2013,06:00,4,4,0
29/08/2013,06:15,27,21,6
29/08/2013,06:30,28,8,20
29/08/2013,06:45,35,21,14
29/08/2013,07:00,24,16,8
29/08/2013,07:15,28,24,4
29/08/2013,07:30,31,24,7
29/08/2013,07:45,63,54,9
29/08/2013,08:00,114,103,11
29/08/2013,08:15,33,18,15
29/08/2013,08:30,27,16,11
29/08/2013,08:45,30,15,15
29/08/2013,09:00,31,23,8
29/08/2013,09:15,19,11,8
29/08/2013,09:30,33,17,16
29/08/2013,09:45,21,11,10
29/08/2013,10:00,30,22,8
29/08/2013,10:15,22,14,8
29/08/2013,10:30,25,11,14
29/08/2013,10:45,21,10,11
29/08/2013,11:00,34,21,13
29/08/2013,11:15,33,25,8
29/08/2013,11:30,22,15,7
29/08/2013,11:45,17,13,4
29/08/2013,12:00,18,12,6
29/08/2013,12:15,27,20,7
29/08/2013,12:30,33,20,13
29/08/2013,12:45,26,20,6
29/08/2013,13:00,25,17,8
29/08/2013,13:15,28,21,7
29/08/2013,13:30,14,10,4
29/08/2013,13:45,17,11,6
29/08/2013,14:00,21,16,5
29/08/2013,14:15,27,20,7
29/08/2013,14:30,22,19,3
29/08/2013,14:45,30,21,9
29/08/2013,15:00,41,35,6
29/08/2013,15:15,78,57,21
29/08/2013,15:30,44,26,18
29/08/2013,15:45,26,13,13
29/08/2013,16:00,49,30,19
29/08/2013,16:15,37,15,22
29/08/2013,16:30,39,22,17
29/08/2013,16:45,67,40,27
29/08/2013,17:00,58,34,24
29/08/2013,17:15,89,50,39
29/08/2013,17:30,62,48,14
29/08/2013,17:45,51,32,19
29/08/2013,18:00,59,43,16
29/08/2013,18:15,56,39,17
29/08/2013,18:30,65,33,32
29/08/2013,18:45,74,51,23
29/08/2013,19:00,41,20,21
29/08/2013,19:15,44,35,9
29/08/2013,19:30,36,22,14
29/08/2013,19:45,30,17,13
29/08/2013,20:00,11,8,3
29/08/2013,20:15,10,5,5
29/08/2013,20:30,8,5,3
29/08/2013,20:45,10,7,3
29/08/2013,21:00,4,2,2
29/08/2013,21:15,2,1,1
29/08/2013,21:30,1,1,0
29/08/2013,21:45,0,0,0
29/08/2013,22:00,2,2,0
29/08/2013,22:15,3,3,0
29/08/2013,22:30,1,1,0
29/08/2013,22:45,0,0,0
29/08/2013,23:00,3,3,0
29/08/2013,23:15,0,0,0
29/08/2013,23:30,1,1,0
29/08/2013,23:45,0,0,0
30/08/2013,00:00,4,4,0
30/08/2013,00:15,1,0,1
30/08/2013,00:30,1,1,0
30/08/2013,00:45,1,0,1
30/08/2013,01:00,0,0,0
30/08/2013,01:15,0,0,0
30/08/2013,01:30,0,0,0
30/08/2013,01:45,0,0,0
30/08/2013,02:00,0,0,0
30/08/2013,02:15,0,0,0
30/08/2013,02:30,0,0,0
30/08/2013,02:45,0,0,0
30/08/2013,03:00,0,0,0
30/08/2013,03:15,0,0,0
30/08/2013,03:30,0,0,0
30/08/2013,03:45,0,0,0
30/08/2013,04:00,0,0,0
30/08/2013,04:15,2,2,0
30/08/2013,04:30,2,2,0
30/08/2013,04:45,1,1,0
30/08/2013,05:00,0,0,0
30/08/2013,05:15,2,2,0
30/08/2013,05:30,1,1,0
30/08/2013,05:45,5,4,1
30/08/2013,06:00,7,7,0
30/08/2013,06:15,12,10,2
30/08/2013,06:30,22,16,6
30/08/2013,06:45,26,19,7
30/08/2013,07:00,31,23,8
30/08/2013,07:15,28,16,12
30/08/2013,07:30,30,19,11
30/08/2013,07:45,71,59,12
30/08/2013,08:00,119,99,20
30/08/2013,08:15,43,30,13
30/08/2013,08:30,46,30,16
30/08/2013,08:45,42,22,20
30/08/2013,09:00,41,19,22
30/08/2013,09:15,31,19,12
30/08/2013,09:30,35,20,15
30/08/2013,09:45,28,20,8
30/08/2013,10:00,35,21,14
30/08/2013,10:15,24,11,13
30/08/2013,10:30,36,28,8
30/08/2013,10:45,42,27,15
30/08/2013,11:00,18,11,7
30/08/2013,11:15,39,25,14
30/08/2013,11:30,30,21,9
30/08/2013,11:45,29,26,3
30/08/2013,12:00,35,26,9
30/08/2013,12:15,32,21,11
30/08/2013,12:30,30,19,11
30/08/2013,12:45,33,23,10
30/08/2013,13:00,28,23,5
30/08/2013,13:15,40,34,6
30/08/2013,13:30,25,15,10
30/08/2013,13:45,30,27,3
30/08/2013,14:00,32,24,8
30/08/2013,14:15,41,30,11
30/08/2013,14:30,82,62,20
30/08/2013,14:45,58,49,9
30/08/2013,15:00,37,28,9
30/08/2013,15:15,39,29,10
30/08/2013,15:30,47,35,12
30/08/2013,15:45,51,33,18
30/08/2013,16:00,45,34,11
30/08/2013,16:15,57,47,10
30/08/2013,16:30,42,32,10
30/08/2013,16:45,88,61,27
30/08/2013,17:00,81,48,33
30/08/2013,17:15,71,48,23
30/08/2013,17:30,57,37,20
30/08/2013,17:45,47,31,16
30/08/2013,18:00,47,30,17
30/08/2013,18:15,42,28,14
30/08/2013,18:30,66,35,31
30/08/2013,18:45,54,26,28
30/08/2013,19:00,36,18,18
30/08/2013,19:15,28,22,6
30/08/2013,19:30,20,10,10
30/08/2013,19:45,23,15,8
30/08/2013,20:00,15,8,7
30/08/2013,20:15,6,3,3
30/08/2013,20:30,3,3,0
30/08/2013,20:45,5,2,3
30/08/2013,21:00,1,0,1
30/08/2013,21:15,4,2,2
30/08/2013,21:30,1,1,0
30/08/2013,21:45,2,1,1
30/08/2013,22:00,2,2,0
30/08/2013,22:15,4,2,2
30/08/2013,22:30,3,2,1
30/08/2013,22:45,2,2,0
30/08/2013,23:00,0,0,0
30/08/2013,23:15,1,1,0
30/08/2013,23:30,1,1,0
30/08/2013,23:45,0,0,0
31/08/2013,00:00,2,1,1
31/08/2013,00:15,3,1,2
31/08/2013,00:30,0,0,0
31/08/2013,00:45,0,0,0
31/08/2013,01:00,1,1,0
31/08/2013,01:15,0,0,0
31/08/2013,01:30,1,1,0
31/08/2013,01:45,0,0,0
31/08/2013,02:00,0,0,0
31/08/2013,02:15,1,0,1
31/08/2013,02:30,0,0,0
31/08/2013,02:45,3,2,1
31/08/2013,03:00,0,0,0
31/08/2013,03:15,0,0,0
31/08/2013,03:30,0,0,0
31/08/2013,03:45,0,0,0
31/08/2013,04:00,2,2,0
31/08/2013,04:15,0,0,0
31/08/2013,04:30,0,0,0
31/08/2013,04:45,0,0,0
31/08/2013,05:00,0,0,0
31/08/2013,05:15,0,0,0
31/08/2013,05:30,1,0,1
31/08/2013,05:45,0,0,0
31/08/2013,06:00,0,0,0
31/08/2013,06:15,0,0,0
31/08/2013,06:30,4,2,2
31/08/2013,06:45,6,4,2
31/08/2013,07:00,13,10,3
31/08/2013,07:15,11,8,3
31/08/2013,07:30,26,15,11
31/08/2013,07:45,41,27,14
31/08/2013,08:00,57,49,8
31/08/2013,08:15,52,39,13
31/08/2013,08:30,77,53,24
31/08/2013,08:45,87,68,19
31/08/2013,09:00,87,75,12
31/08/2013,09:15,149,122,27
31/08/2013,09:30,101,77,24
31/08/2013,09:45,92,71,21
31/08/2013,10:00,83,65,18
31/08/2013,10:15,85,73,12
31/08/2013,10:30,104,82,22
31/08/2013,10:45,95,75,20
31/08/2013,11:00,76,67,9
31/08/2013,11:15,79,65,14
31/08/2013,11:30,94,71,23
31/08/2013,11:45,116,95,21
31/08/2013,12:00,99,76,23
31/08/2013,12:15,86,76,10
31/08/2013,12:30,116,95,21
31/08/2013,12:45,87,76,11
31/08/2013,13:00,106,95,11
31/08/2013,13:15,114,98,16
31/08/2013,13:30,66,58,8
31/08/2013,13:45,69,57,12
31/08/2013,14:00,75,62,13
31/08/2013,14:15,96,83,13
31/08/2013,14:30,86,75,11
31/08/2013,14:45,55,46,9
31/08/2013,15:00,112,102,10
31/08/2013,15:15,62,53,9
31/08/2013,15:30,81,67,14
31/08/2013,15:45,82,74,8
31/08/2013,16:00,63,51,12
31/08/2013,16:15,65,58,7
31/08/2013,16:30,59,51,8
31/08/2013,16:45,77,58,19
31/08/2013,17:00,53,34,19
31/08/2013,17:15,56,37,19
31/08/2013,17:30,55,43,12
31/08/2013,17:45,50,32,18
31/08/2013,18:00,58,39,19
31/08/2013,18:15,33,21,12
31/08/2013,18:30,28,18,10
31/08/2013,18:45,40,22,18
31/08/2013,19:00,22,13,9
31/08/2013,19:15,24,15,9
31/08/2013,19:30,24,14,10
31/08/2013,19:45,21,12,9
31/08/2013,20:00,5,3,2
31/08/2013,20:15,7,3,4
31/08/2013,20:30,2,1,1
31/08/2013,20:45,1,1,0
31/08/2013,21:00,0,0,0
31/08/2013,21:15,3,1,2
31/08/2013,21:30,1,0,1
31/08/2013,21:45,4,3,1
31/08/2013,22:00,2,2,0
31/08/2013,22:15,0,0,0
31/08/2013,22:30,2,2,0
31/08/2013,22:45,1,1,0
31/08/2013,23:00,1,0,1
31/08/2013,23:15,0,0,0
31/08/2013,23:30,0,0,0
31/08/2013,23:45,2,2,0
01/09/2013,00:00,0,0,0
01/09/2013,00:15,0,0,0
01/09/2013,00:30,2,2,0
01/09/2013,00:45,1,1,0
01/09/2013,01:00,0,0,0
01/09/2013,01:15,0,0,0
01/09/2013,01:30,0,0,0
01/09/2013,01:45,0,0,0
01/09/2013,02:00,0,0,0
01/09/2013,02:15,0,0,0
01/09/2013,02:30,0,0,0
01/09/2013,02:45,0,0,0
01/09/2013,03:00,0,0,0
01/09/2013,03:15,0,0,0
01/09/2013,03:30,0,0,0
01/09/2013,03:45,0,0,0
01/09/2013,04:00,0,0,0
01/09/2013,04:15,1,1,0
01/09/2013,04:30,0,0,0
01/09/2013,04:45,0,0,0
01/09/2013,05:00,0,0,0
01/09/2013,05:15,0,0,0
01/09/2013,05:30,0,0,0
01/09/2013,05:45,1,0,1
01/09/2013,06:00,0,0,0
01/09/2013,06:15,2,2,0
01/09/2013,06:30,3,3,0
01/09/2013,06:45,6,3,3
01/09/2013,07:00,6,1,5
01/09/2013,07:15,10,4,6
01/09/2013,07:30,18,9,9
01/09/2013,07:45,18,10,8
01/09/2013,08:00,32,23,9
01/09/2013,08:15,30,21,9
01/09/2013,08:30,55,33,22
01/09/2013,08:45,50,39,11
01/09/2013,09:00,44,30,14
01/09/2013,09:15,61,41,20
01/09/2013,09:30,45,31,14
01/09/2013,09:45,80,61,19
01/09/2013,10:00,98,72,26
01/09/2013,10:15,77,59,18
01/09/2013,10:30,85,71,14
01/09/2013,10:45,114,96,18
01/09/2013,11:00,90,75,15
01/09/2013,11:15,84,65,19
01/09/2013,11:30,84,60,24
01/09/2013,11:45,71,57,14
01/09/2013,12:00,86,70,16
01/09/2013,12:15,99,80,19
01/09/2013,12:30,79,65,14
01/09/2013,12:45,94,79,15
01/09/2013,13:00,93,82,11
01/09/2013,13:15,59,51,8
01/09/2013,13:30,105,87,18
01/09/2013,13:45,82,67,15
01/09/2013,14:00,93,81,12
01/09/2013,14:15,90,81,9
01/09/2013,14:30,94,83,11
01/09/2013,14:45,73,59,14
01/09/2013,15:00,101,91,10
01/09/2013,15:15,85,76,9
01/09/2013,15:30,81,68,13
01/09/2013,15:45,80,72,8
01/09/2013,16:00,76,59,17
01/09/2013,16:15,65,51,14
01/09/2013,16:30,53,46,7
01/09/2013,16:45,67,49,18
01/09/2013,17:00,42,38,4
01/09/2013,17:15,48,31,17
01/09/2013,17:30,48,36,12
01/09/2013,17:45,48,37,11
01/09/2013,18:00,48,33,15
01/09/2013,18:15,32,24,8
01/09/2013,18:30,20,12,8
01/09/2013,18:45,32,19,13
01/09/2013,19:00,26,19,7
01/09/2013,19:15,13,8,5
01/09/2013,19:30,10,4,6
01/09/2013,19:45,11,6,5
01/09/2013,20:00,9,4,5
01/09/2013,20:15,5,1,4
01/09/2013,20:30,1,1,0
01/09/2013,20:45,2,2,0
01/09/2013,21:00,2,2,0
01/09/2013,21:15,2,2,0
01/09/2013,21:30,1,1,0
01/09/2013,21:45,3,0,3
01/09/2013,22:00,3,3,0
01/09/2013,22:15,3,3,0
01/09/2013,22:30,1,0,1
01/09/2013,22:45,0,0,0
01/09/2013,23:00,3,3,0
01/09/2013,23:15,1,1,0
01/09/2013,23:30,0,0,0
01/09/2013,23:45,0,0,0
02/09/2013,00:00,0,0,0
02/09/2013,00:15,0,0,0
02/09/2013,00:30,0,0,0
02/09/2013,00:45,0,0,0
02/09/2013,01:00,0,0,0
02/09/2013,01:15,0,0,0
02/09/2013,01:30,0,0,0
02/09/2013,01:45,0,0,0
02/09/2013,02:00,0,0,0
02/09/2013,02:15,0,0,0
02/09/2013,02:30,0,0,0
02/09/2013,02:45,1,1,0
02/09/2013,03:00,0,0,0
02/09/2013,03:15,0,0,0
02/09/2013,03:30,0,0,0
02/09/2013,03:45,0,0,0
02/09/2013,04:00,0,0,0
02/09/2013,04:15,0,0,0
02/09/2013,04:30,0,0,0
02/09/2013,04:45,0,0,0
02/09/2013,05:00,0,0,0
02/09/2013,05:15,0,0,0
02/09/2013,05:30,0,0,0
02/09/2013,05:45,1,1,0
02/09/2013,06:00,0,0,0
02/09/2013,06:15,1,1,0
02/09/2013,06:30,3,1,2
02/09/2013,06:45,6,2,4
02/09/2013,07:00,6,4,2
02/09/2013,07:15,12,8,4
02/09/2013,07:30,25,12,13
02/09/2013,07:45,19,10,9
02/09/2013,08:00,18,5,13
02/09/2013,08:15,25,15,10
02/09/2013,08:30,45,31,14
02/09/2013,08:45,49,30,19
02/09/2013,09:00,66,45,21
02/09/2013,09:15,58,40,18
02/09/2013,09:30,74,48,26
02/09/2013,09:45,92,69,23
02/09/2013,10:00,86,65,21
02/09/2013,10:15,79,63,16
02/09/2013,10:30,71,55,16
02/09/2013,10:45,87,75,12
02/09/2013,11:00,92,71,21
02/09/2013,11:15,88,74,14
02/09/2013,11:30,78,61,17
02/09/2013,11:45,94,77,17
02/09/2013,12:00,87,74,13
02/09/2013,12:15,113,93,20
02/09/2013,12:30,100,86,14
02/09/2013,12:45,109,83,26
02/09/2013,13:00,126,100,26
02/09/2013,13:15,79,69,10
02/09/2013,13:30,83,70,13
02/09/2013,13:45,110,92,18
02/09/2013,14:00,128,108,20
02/09/2013,14:15,89,73,16
02/09/2013,14:30,116,97,19
02/09/2013,14:45,92,75,17
02/09/2013,15:00,83,70,13
02/09/2013,15:15,85,71,14
02/09/2013,15:30,68,53,15
02/09/2013,15:45,75,59,16
02/09/2013,16:00,67,57,10
02/09/2013,16:15,89,59,30
02/09/2013,16:30,78,51,27
02/09/2013,16:45,66,45,21
02/09/2013,17:00,70,47,23
02/09/2013,17:15,65,49,16
02/09/2013,17:30,75,63,12
02/09/2013,17:45,60,45,15
02/09/2013,18:00,43,26,17
02/09/2013,18:15,41,25,16
02/09/2013,18:30,42,29,13
02/09/2013,18:45,23,16,7
02/09/2013,19:00,30,20,10
02/09/2013,19:15,17,12,5
02/09/2013,19:30,14,9,5
02/09/2013,19:45,14,3,11
02/09/2013,20:00,12,3,9
02/09/2013,20:15,3,1,2
02/09/2013,20:30,1,1,0
02/09/2013,20:45,3,3,0
02/09/2013,21:00,6,5,1
02/09/2013,21:15,0,0,0
02/09/2013,21:30,1,1,0
02/09/2013,21:45,0,0,0
02/09/2013,22:00,3,3,0
02/09/2013,22:15,2,2,0
02/09/2013,22:30,2,2,0
02/09/2013,22:45,1,1,0
02/09/2013,23:00,0,0,0
02/09/2013,23:15,0,0,0
02/09/2013,23:30,0,0,0
02/09/2013,23:45,0,0,0
03/09/2013,00:00,0,0,0
03/09/2013,00:15,0,0,0
03/09/2013,00:30,0,0,0
03/09/2013,00:45,0,0,0
03/09/2013,01:00,0,0,0
03/09/2013,01:15,0,0,0
03/09/2013,01:30,0,0,0
03/09/2013,01:45,0,0,0
03/09/2013,02:00,0,0,0
03/09/2013,02:15,0,0,0
03/09/2013,02:30,0,0,0
03/09/2013,02:45,0,0,0
03/09/2013,03:00,0,0,0
03/09/2013,03:15,0,0,0
03/09/2013,03:30,0,0,0
03/09/2013,03:45,0,0,0
03/09/2013,04:00,4,4,0
03/09/2013,04:15,0,0,0
03/09/2013,04:30,1,0,1
03/09/2013,04:45,2,1,1
03/09/2013,05:00,1,1,0
03/09/2013,05:15,2,2,0
03/09/2013,05:30,3,2,1
03/09/2013,05:45,3,2,1
03/09/2013,06:00,7,3,4
03/09/2013,06:15,13,7,6
03/09/2013,06:30,13,10,3
03/09/2013,06:45,17,9,8
03/09/2013,07:00,21,14,7
03/09/2013,07:15,26,19,7
03/09/2013,07:30,34,22,12
03/09/2013,07:45,39,29,10
03/09/2013,08:00,113,97,16
03/09/2013,08:15,47,32,15
03/09/2013,08:30,37,19,18
03/09/2013,08:45,40,25,15
03/09/2013,09:00,24,11,13
03/09/2013,09:15,21,7,14
03/09/2013,09:30,27,14,13
03/09/2013,09:45,22,11,11
03/09/2013,10:00,33,26,7
03/09/2013,10:15,19,10,9
03/09/2013,10:30,28,15,13
03/09/2013,10:45,26,15,11
03/09/2013,11:00,31,27,4
03/09/2013,11:15,26,14,12
03/09/2013,11:30,23,15,8
03/09/2013,11:45,18,11,7
03/09/2013,12:00,25,17,8
03/09/2013,12:15,24,15,9
03/09/2013,12:30,22,15,7
03/09/2013,12:45,25,18,7
03/09/2013,13:00,15,7,8
03/09/2013,13:15,29,17,12
03/09/2013,13:30,27,19,8
03/09/2013,13:45,32,24,8
03/09/2013,14:00,24,14,10
03/09/2013,14:15,36,25,11
03/09/2013,14:30,26,17,9
03/09/2013,14:45,20,9,11
03/09/2013,15:00,42,28,14
03/09/2013,15:15,75,54,21
03/09/2013,15:30,34,21,13
03/09/2013,15:45,41,21,20
03/09/2013,16:00,35,19,16
03/09/2013,16:15,52,14,38
03/09/2013,16:30,54,29,25
03/09/2013,16:45,65,28,37
03/09/2013,17:00,63,22,41
03/09/2013,17:15,51,22,29
03/09/2013,17:30,48,32,16
03/09/2013,17:45,40,19,21
03/09/2013,18:00,67,32,35
03/09/2013,18:15,58,31,27
03/09/2013,18:30,77,33,44
03/09/2013,18:45,39,21,18
03/09/2013,19:00,30,15,15
03/09/2013,19:15,24,10,14
03/09/2013,19:30,26,14,12
03/09/2013,19:45,15,7,8
03/09/2013,20:00,17,11,6
03/09/2013,20:15,9,2,7
03/09/2013,20:30,11,6,5
03/09/2013,20:45,4,1,3
03/09/2013,21:00,6,6,0
03/09/2013,21:15,0,0,0
03/09/2013,21:30,0,0,0
03/09/2013,21:45,0,0,0
03/09/2013,22:00,0,0,0
03/09/2013,22:15,1,1,0
03/09/2013,22:30,0,0,0
03/09/2013,22:45,1,1,0
03/09/2013,23:00,1,0,1
03/09/2013,23:15,0,0,0
03/09/2013,23:30,0,0,0
03/09/2013,23:45,0,0,0
04/09/2013,00:00,0,0,0
04/09/2013,00:15,0,0,0
04/09/2013,00:30,0,0,0
04/09/2013,00:45,0,0,0
04/09/2013,01:00,0,0,0
04/09/2013,01:15,0,0,0
04/09/2013,01:30,1,1,0
04/09/2013,01:45,0,0,0
04/09/2013,02:00,0,0,0
04/09/2013,02:15,0,0,0
04/09/2013,02:30,0,0,0
04/09/2013,02:45,0,0,0
04/09/2013,03:00,0,0,0
04/09/2013,03:15,0,0,0
04/09/2013,03:30,0,0,0
04/09/2013,03:45,0,0,0
04/09/2013,04:00,0,0,0
04/09/2013,04:15,0,0,0
04/09/2013,04:30,1,1,0
04/09/2013,04:45,3,3,0
04/09/2013,05:00,0,0,0
04/09/2013,05:15,3,3,0
04/09/2013,05:30,4,0,4
04/09/2013,05:45,4,0,4
04/09/2013,06:00,17,11,6
04/09/2013,06:15,13,10,3
04/09/2013,06:30,18,15,3
04/09/2013,06:45,26,16,10
04/09/2013,07:00,18,6,12
04/09/2013,07:15,28,15,13
04/09/2013,07:30,32,16,16
04/09/2013,07:45,52,40,12
04/09/2013,08:00,123,113,10
04/09/2013,08:15,49,38,11
04/09/2013,08:30,30,22,8
04/09/2013,08:45,42,30,12
04/09/2013,09:00,30,13,17
04/09/2013,09:15,39,22,17
04/09/2013,09:30,33,19,14
04/09/2013,09:45,43,15,28
04/09/2013,10:00,24,12,12
04/09/2013,10:15,25,18,7
04/09/2013,10:30,18,7,11
04/09/2013,10:45,26,19,7
04/09/2013,11:00,30,18,12
04/09/2013,11:15,25,16,9
04/09/2013,11:30,20,13,7
04/09/2013,11:45,28,19,9
04/09/2013,12:00,11,5,6
04/09/2013,12:15,20,11,9
04/09/2013,12:30,27,22,5
04/09/2013,12:45,19,14,5
04/09/2013,13:00,29,22,7
04/09/2013,13:15,28,24,4
04/09/2013,13:30,66,50,16
04/09/2013,13:45,40,29,11
04/09/2013,14:00,37,24,13
04/09/2013,14:15,20,17,3
04/09/2013,14:30,28,18,10
04/09/2013,14:45,27,20,7
04/09/2013,15:00,20,16,4
04/09/2013,15:15,24,17,7
04/09/2013,15:30,40,19,21
04/09/2013,15:45,39,21,18
04/09/2013,16:00,36,20,16
04/09/2013,16:15,36,19,17
04/09/2013,16:30,36,25,11
04/09/2013,16:45,57,29,28
04/09/2013,17:00,101,29,72
04/09/2013,17:15,42,28,14
04/09/2013,17:30,70,34,36
04/09/2013,17:45,50,25,25
04/09/2013,18:00,53,31,22
04/09/2013,18:15,70,43,27
04/09/2013,18:30,74,46,28
04/09/2013,18:45,58,22,36
04/09/2013,19:00,45,21,24
04/09/2013,19:15,39,18,21
04/09/2013,19:30,46,26,20
04/09/2013,19:45,18,8,10
04/09/2013,20:00,7,5,2
04/09/2013,20:15,9,3,6
04/09/2013,20:30,5,0,5
04/09/2013,20:45,6,4,2
04/09/2013,21:00,0,0,0
04/09/2013,21:15,0,0,0
04/09/2013,21:30,1,0,1
04/09/2013,21:45,0,0,0
04/09/2013,22:00,0,0,0
04/09/2013,22:15,0,0,0
04/09/2013,22:30,0,0,0
04/09/2013,22:45,0,0,0
04/09/2013,23:00,0,0,0
04/09/2013,23:15,0,0,0
04/09/2013,23:30,0,0,0
04/09/2013,23:45,2,2,0
05/09/2013,00:00,1,0,1
05/09/2013,00:15,0,0,0
05/09/2013,00:30,2,2,0
05/09/2013,00:45,0,0,0
05/09/2013,01:00,0,0,0
05/09/2013,01:15,0,0,0
05/09/2013,01:30,0,0,0
05/09/2013,01:45,0,0,0
05/09/2013,02:00,0,0,0
05/09/2013,02:15,0,0,0
05/09/2013,02:30,0,0,0
05/09/2013,02:45,0,0,0
05/09/2013,03:00,1,0,1
05/09/2013,03:15,0,0,0
05/09/2013,03:30,1,0,1
05/09/2013,03:45,0,0,0
05/09/2013,04:00,0,0,0
05/09/2013,04:15,0,0,0
05/09/2013,04:30,1,1,0
05/09/2013,04:45,3,2,1
05/09/2013,05:00,1,0,1
05/09/2013,05:15,2,2,0
05/09/2013,05:30,3,3,0
05/09/2013,05:45,7,6,1
05/09/2013,06:00,10,5,5
05/09/2013,06:15,23,12,11
05/09/2013,06:30,20,13,7
05/09/2013,06:45,26,21,5
05/09/2013,07:00,35,22,13
05/09/2013,07:15,26,19,7
05/09/2013,07:30,32,19,13
05/09/2013,07:45,44,33,11
05/09/2013,08:00,128,117,11
05/09/2013,08:15,39,31,8
05/09/2013,08:30,27,19,8
05/09/2013,08:45,51,30,21
05/09/2013,09:00,27,15,12
05/09/2013,09:15,32,16,16
05/09/2013,09:30,35,15,20
05/09/2013,09:45,31,20,11
05/09/2013,10:00,30,18,12
05/09/2013,10:15,28,18,10
05/09/2013,10:30,33,20,13
05/09/2013,10:45,29,17,12
05/09/2013,11:00,30,14,16
05/09/2013,11:15,29,19,10
05/09/2013,11:30,19,13,6
05/09/2013,11:45,24,19,5
05/09/2013,12:00,17,16,1
05/09/2013,12:15,25,22,3
05/09/2013,12:30,23,16,7
05/09/2013,12:45,21,15,6
05/09/2013,13:00,19,12,7
05/09/2013,13:15,20,9,11
05/09/2013,13:30,19,13,6
05/09/2013,13:45,28,25,3
05/09/2013,14:00,30,25,5
05/09/2013,14:15,28,17,11
05/09/2013,14:30,27,18,9
05/09/2013,14:45,36,25,11
05/09/2013,15:00,44,34,10
05/09/2013,15:15,58,48,10
05/09/2013,15:30,36,28,8
05/09/2013,15:45,34,17,17
05/09/2013,16:00,68,33,35
05/09/2013,16:15,24,14,10
05/09/2013,16:30,45,34,11
05/09/2013,16:45,63,26,37
05/09/2013,17:00,73,29,44
05/09/2013,17:15,52,32,20
05/09/2013,17:30,56,32,24
05/09/2013,17:45,45,21,24
05/09/2013,18:00,65,30,35
05/09/2013,18:15,70,38,32
05/09/2013,18:30,51,23,28
05/09/2013,18:45,65,30,35
05/09/2013,19:00,36,17,19
05/09/2013,19:15,33,17,16
05/09/2013,19:30,28,14,14
05/09/2013,19:45,21,17,4
05/09/2013,20:00,6,2,4
05/09/2013,20:15,10,5,5
05/09/2013,20:30,12,12,0
05/09/2013,20:45,7,5,2
05/09/2013,21:00,3,3,0
05/09/2013,21:15,1,1,0
05/09/2013,21:30,0,0,0
05/09/2013,21:45,0,0,0
05/09/2013,22:00,2,2,0
05/09/2013,22:15,0,0,0
05/09/2013,22:30,1,1,0
05/09/2013,22:45,0,0,0
05/09/2013,23:00,2,0,2
05/09/2013,23:15,0,0,0
05/09/2013,23:30,3,3,0
05/09/2013,23:45,3,3,0
06/09/2013,00:00,1,1,0
06/09/2013,00:15,0,0,0
06/09/2013,00:30,0,0,0
06/09/2013,00:45,0,0,0
06/09/2013,01:00,2,2,0
06/09/2013,01:15,0,0,0
06/09/2013,01:30,0,0,0
06/09/2013,01:45,0,0,0
06/09/2013,02:00,0,0,0
06/09/2013,02:15,0,0,0
06/09/2013,02:30,0,0,0
06/09/2013,02:45,0,0,0
06/09/2013,03:00,0,0,0
06/09/2013,03:15,0,0,0
06/09/2013,03:30,0,0,0
06/09/2013,03:45,0,0,0
06/09/2013,04:00,0,0,0
06/09/2013,04:15,0,0,0
06/09/2013,04:30,4,4,0
06/09/2013,04:45,0,0,0
06/09/2013,05:00,0,0,0
06/09/2013,05:15,0,0,0
06/09/2013,05:30,6,5,1
06/09/2013,05:45,3,1,2
06/09/2013,06:00,8,6,2
06/09/2013,06:15,17,10,7
06/09/2013,06:30,20,11,9
06/09/2013,06:45,30,16,14
06/09/2013,07:00,41,26,15
06/09/2013,07:15,25,18,7
06/09/2013,07:30,24,18,6
06/09/2013,07:45,45,28,17
06/09/2013,08:00,122,104,18
06/09/2013,08:15,42,28,14
06/09/2013,08:30,40,26,14
06/09/2013,08:45,38,17,21
06/09/2013,09:00,45,25,20
06/09/2013,09:15,29,11,18
06/09/2013,09:30,44,30,14
06/09/2013,09:45,30,22,8
06/09/2013,10:00,40,28,12
06/09/2013,10:15,45,24,21
06/09/2013,10:30,18,15,3
06/09/2013,10:45,30,24,6
06/09/2013,11:00,15,7,8
06/09/2013,11:15,30,22,8
06/09/2013,11:30,28,20,8
06/09/2013,11:45,20,16,4
06/09/2013,12:00,18,11,7
06/09/2013,12:15,29,26,3
06/09/2013,12:30,32,25,7
06/09/2013,12:45,36,25,11
06/09/2013,13:00,35,24,11
06/09/2013,13:15,32,27,5
06/09/2013,13:30,32,31,1
06/09/2013,13:45,32,28,4
06/09/2013,14:00,31,26,5
06/09/2013,14:15,24,20,4
06/09/2013,14:30,63,52,11
06/09/2013,14:45,30,25,5
06/09/2013,15:00,25,24,1
06/09/2013,15:15,48,34,14
06/09/2013,15:30,40,19,21
06/09/2013,15:45,31,21,10
06/09/2013,16:00,31,25,6
06/09/2013,16:15,51,22,29
06/09/2013,16:30,115,28,87
06/09/2013,16:45,105,33,72
06/09/2013,17:00,131,21,110
06/09/2013,17:15,85,30,55
06/09/2013,17:30,91,27,64
06/09/2013,17:45,71,22,49
06/09/2013,18:00,55,41,14
06/09/2013,18:15,32,26,6
06/09/2013,18:30,40,19,21
06/09/2013,18:45,51,18,33
06/09/2013,19:00,26,23,3
06/09/2013,19:15,28,19,9
06/09/2013,19:30,19,9,10
06/09/2013,19:45,11,4,7
06/09/2013,20:00,16,4,12
06/09/2013,20:15,12,4,8
06/09/2013,20:30,2,0,2
06/09/2013,20:45,1,0,1
06/09/2013,21:00,4,1,3
06/09/2013,21:15,4,3,1
06/09/2013,21:30,0,0,0
06/09/2013,21:45,2,2,0
06/09/2013,22:00,2,2,0
06/09/2013,22:15,3,2,1
06/09/2013,22:30,3,3,0
06/09/2013,22:45,0,0,0
06/09/2013,23:00,0,0,0
06/09/2013,23:15,3,3,0
06/09/2013,23:30,0,0,0
06/09/2013,23:45,1,0,1
07/09/2013,00:00,0,0,0
07/09/2013,00:15,1,0,1
07/09/2013,00:30,1,1,0
07/09/2013,00:45,0,0,0
07/09/2013,01:00,1,0,1
07/09/2013,01:15,0,0,0
07/09/2013,01:30,0,0,0
07/09/2013,01:45,0,0,0
07/09/2013,02:00,0,0,0
07/09/2013,02:15,0,0,0
07/09/2013,02:30,0,0,0
07/09/2013,02:45,0,0,0
07/09/2013,03:00,0,0,0
07/09/2013,03:15,0,0,0
07/09/2013,03:30,0,0,0
07/09/2013,03:45,0,0,0
07/09/2013,04:00,0,0,0
07/09/2013,04:15,0,0,0
07/09/2013,04:30,0,0,0
07/09/2013,04:45,0,0,0
07/09/2013,05:00,0,0,0
07/09/2013,05:15,0,0,0
07/09/2013,05:30,1,0,1
07/09/2013,05:45,4,4,0
07/09/2013,06:00,1,0,1
07/09/2013,06:15,1,1,0
07/09/2013,06:30,4,3,1
07/09/2013,06:45,9,5,4
07/09/2013,07:00,12,6,6
07/09/2013,07:15,20,10,10
07/09/2013,07:30,36,22,14
07/09/2013,07:45,31,18,13
07/09/2013,08:00,41,21,20
07/09/2013,08:15,65,47,18
07/09/2013,08:30,85,67,18
07/09/2013,08:45,110,80,30
07/09/2013,09:00,104,77,27
07/09/2013,09:15,112,100,12
07/09/2013,09:30,122,88,34
07/09/2013,09:45,142,104,38
07/09/2013,10:00,136,94,42
07/09/2013,10:15,126,87,39
07/09/2013,10:30,118,77,41
07/09/2013,10:45,125,99,26
07/09/2013,11:00,122,103,19
07/09/2013,11:15,123,98,25
07/09/2013,11:30,109,67,42
07/09/2013,11:45,124,100,24
07/09/2013,12:00,116,96,20
07/09/2013,12:15,124,100,24
07/09/2013,12:30,127,87,40
07/09/2013,12:45,94,76,18
07/09/2013,13:00,94,87,7
07/09/2013,13:15,82,75,7
07/09/2013,13:30,86,75,11
07/09/2013,13:45,71,52,19
07/09/2013,14:00,83,49,34
07/09/2013,14:15,88,71,17
07/09/2013,14:30,72,65,7
07/09/2013,14:45,83,61,22
07/09/2013,15:00,59,38,21
07/09/2013,15:15,95,54,41
07/09/2013,15:30,71,33,38
07/09/2013,15:45,72,50,22
07/09/2013,16:00,76,34,42
07/09/2013,16:15,83,48,35
07/09/2013,16:30,49,22,27
07/09/2013,16:45,63,50,13
07/09/2013,17:00,63,50,13
07/09/2013,17:15,33,18,15
07/09/2013,17:30,66,23,43
07/09/2013,17:45,99,19,80
07/09/2013,18:00,157,8,149
07/09/2013,18:15,81,20,61
07/09/2013,18:30,64,18,46
07/09/2013,18:45,31,19,12
07/09/2013,19:00,26,13,13
07/09/2013,19:15,29,23,6
07/09/2013,19:30,26,20,6
07/09/2013,19:45,16,10,6
07/09/2013,20:00,9,5,4
07/09/2013,20:15,6,1,5
07/09/2013,20:30,1,1,0
07/09/2013,20:45,7,6,1
07/09/2013,21:00,2,2,0
07/09/2013,21:15,1,0,1
07/09/2013,21:30,2,1,1
07/09/2013,21:45,3,2,1
07/09/2013,22:00,3,0,3
07/09/2013,22:15,4,3,1
07/09/2013,22:30,3,3,0
07/09/2013,22:45,3,3,0
07/09/2013,23:00,0,0,0
07/09/2013,23:15,0,0,0
07/09/2013,23:30,0,0,0
07/09/2013,23:45,0,0,0
08/09/2013,00:00,0,0,0
08/09/2013,00:15,0,0,0
08/09/2013,00:30,1,1,0
08/09/2013,00:45,0,0,0
08/09/2013,01:00,2,2,0
08/09/2013,01:15,0,0,0
08/09/2013,01:30,2,2,0
08/09/2013,01:45,0,0,0
08/09/2013,02:00,0,0,0
08/09/2013,02:15,0,0,0
08/09/2013,02:30,0,0,0
08/09/2013,02:45,0,0,0
08/09/2013,03:00,0,0,0
08/09/2013,03:15,0,0,0
08/09/2013,03:30,0,0,0
08/09/2013,03:45,0,0,0
08/09/2013,04:00,0,0,0
08/09/2013,04:15,0,0,0
08/09/2013,04:30,0,0,0
08/09/2013,04:45,0,0,0
08/09/2013,05:00,0,0,0
08/09/2013,05:15,0,0,0
08/09/2013,05:30,0,0,0
08/09/2013,05:45,0,0,0
08/09/2013,06:00,1,1,0
08/09/2013,06:15,2,1,1
08/09/2013,06:30,4,3,1
08/09/2013,06:45,6,3,3
08/09/2013,07:00,13,7,6
08/09/2013,07:15,16,9,7
08/09/2013,07:30,26,21,5
08/09/2013,07:45,34,19,15
08/09/2013,08:00,44,33,11
08/09/2013,08:15,60,37,23
08/09/2013,08:30,67,45,22
08/09/2013,08:45,74,45,29
08/09/2013,09:00,58,33,25
08/09/2013,09:15,87,67,20
08/09/2013,09:30,78,49,29
08/09/2013,09:45,104,79,25
08/09/2013,10:00,141,109,32
08/09/2013,10:15,149,93,56
08/09/2013,10:30,106,88,18
08/09/2013,10:45,95,77,18
08/09/2013,11:00,100,83,17
08/09/2013,11:15,103,82,21
08/09/2013,11:30,148,92,56
08/09/2013,11:45,104,82,22
08/09/2013,12:00,78,68,10
08/09/2013,12:15,113,93,20
08/09/2013,12:30,120,77,43
08/09/2013,12:45,59,43,16
08/09/2013,13:00,84,64,20
08/09/2013,13:15,92,80,12
08/09/2013,13:30,92,76,16
08/09/2013,13:45,61,43,18
08/09/2013,14:00,75,38,37
08/09/2013,14:15,82,69,13
08/09/2013,14:30,72,53,19
08/09/2013,14:45,78,62,16
08/09/2013,15:00,62,38,24
08/09/2013,15:15,74,50,24
08/09/2013,15:30,65,52,13
08/09/2013,15:45,73,51,22
08/09/2013,16:00,71,60,11
08/09/2013,16:15,51,35,16
08/09/2013,16:30,62,31,31
08/09/2013,16:45,58,22,36
08/09/2013,17:00,52,35,17
08/09/2013,17:15,68,26,42
08/09/2013,17:30,58,21,37
08/09/2013,17:45,63,38,25
08/09/2013,18:00,63,26,37
08/09/2013,18:15,37,12,25
08/09/2013,18:30,30,21,9
08/09/2013,18:45,20,12,8
08/09/2013,19:00,27,21,6
08/09/2013,19:15,22,11,11
08/09/2013,19:30,13,6,7
08/09/2013,19:45,7,2,5
08/09/2013,20:00,3,1,2
08/09/2013,20:15,3,0,3
08/09/2013,20:30,5,3,2
08/09/2013,20:45,2,1,1
08/09/2013,21:00,3,2,1
08/09/2013,21:15,1,1,0
08/09/2013,21:30,0,0,0
08/09/2013,21:45,1,1,0
08/09/2013,22:00,1,0,1
08/09/2013,22:15,0,0,0
08/09/2013,22:30,0,0,0
08/09/2013,22:45,0,0,0
08/09/2013,23:00,0,0,0
08/09/2013,23:15,0,0,0
08/09/2013,23:30,0,0,0
08/09/2013,23:45,0,0,0
09/09/2013,00:00,0,0,0
09/09/2013,00:15,0,0,0
09/09/2013,00:30,0,0,0
09/09/2013,00:45,1,1,0
09/09/2013,01:00,0,0,0
09/09/2013,01:15,0,0,0
09/09/2013,01:30,2,1,1
09/09/2013,01:45,0,0,0
09/09/2013,02:00,0,0,0
09/09/2013,02:15,0,0,0
09/09/2013,02:30,0,0,0
09/09/2013,02:45,0,0,0
09/09/2013,03:00,1,0,1
09/09/2013,03:15,0,0,0
09/09/2013,03:30,0,0,0
09/09/2013,03:45,0,0,0
09/09/2013,04:00,0,0,0
09/09/2013,04:15,0,0,0
09/09/2013,04:30,1,1,0
09/09/2013,04:45,2,2,0
09/09/2013,05:00,1,1,0
09/09/2013,05:15,4,3,1
09/09/2013,05:30,4,2,2
09/09/2013,05:45,2,1,1
09/09/2013,06:00,7,1,6
09/09/2013,06:15,19,14,5
09/09/2013,06:30,14,11,3
09/09/2013,06:45,29,20,9
09/09/2013,07:00,27,12,15
09/09/2013,07:15,26,17,9
09/09/2013,07:30,23,15,8
09/09/2013,07:45,39,28,11
09/09/2013,08:00,110,96,14
09/09/2013,08:15,59,47,12
09/09/2013,08:30,22,14,8
09/09/2013,08:45,32,16,16
09/09/2013,09:00,25,10,15
09/09/2013,09:15,35,10,25
09/09/2013,09:30,32,17,15
09/09/2013,09:45,27,8,19
09/09/2013,10:00,34,22,12
09/09/2013,10:15,24,12,12
09/09/2013,10:30,26,17,9
09/09/2013,10:45,26,13,13
09/09/2013,11:00,28,19,9
09/09/2013,11:15,23,14,9
09/09/2013,11:30,27,18,9
09/09/2013,11:45,20,12,8
09/09/2013,12:00,28,15,13
09/09/2013,12:15,22,12,10
09/09/2013,12:30,24,17,7
09/09/2013,12:45,25,14,11
09/09/2013,13:00,10,6,4
09/09/2013,13:15,23,10,13
09/09/2013,13:30,51,17,34
09/09/2013,13:45,73,21,52
09/09/2013,14:00,50,17,33
09/09/2013,14:15,70,28,42
09/09/2013,14:30,91,64,27
09/09/2013,14:45,43,34,9
09/09/2013,15:00,31,17,14
09/09/2013,15:15,43,27,16
09/09/2013,15:30,67,29,38
09/09/2013,15:45,38,28,10
09/09/2013,16:00,21,18,3
09/09/2013,16:15,31,21,10
09/09/2013,16:30,41,20,21
09/09/2013,16:45,61,33,28
09/09/2013,17:00,75,31,44
09/09/2013,17:15,75,38,37
09/09/2013,17:30,58,16,42
09/09/2013,17:45,63,25,38
09/09/2013,18:00,86,34,52
09/09/2013,18:15,76,38,38
09/09/2013,18:30,71,25,46
09/09/2013,18:45,56,24,32
09/09/2013,19:00,56,23,33
09/09/2013,19:15,24,10,14
09/09/2013,19:30,15,12,3
09/09/2013,19:45,10,5,5
09/09/2013,20:00,4,2,2
09/09/2013,20:15,5,2,3
09/09/2013,20:30,2,1,1
09/09/2013,20:45,1,1,0
09/09/2013,21:00,1,1,0
09/09/2013,21:15,1,1,0
09/09/2013,21:30,0,0,0
09/09/2013,21:45,0,0,0
09/09/2013,22:00,2,2,0
09/09/2013,22:15,0,0,0
09/09/2013,22:30,0,0,0
09/09/2013,22:45,0,0,0
09/09/2013,23:00,2,2,0
09/09/2013,23:15,0,0,0
09/09/2013,23:30,0,0,0
09/09/2013,23:45,0,0,0
10/09/2013,00:00,1,1,0
10/09/2013,00:15,0,0,0
10/09/2013,00:30,0,0,0
10/09/2013,00:45,0,0,0
10/09/2013,01:00,1,0,1
10/09/2013,01:15,0,0,0
10/09/2013,01:30,0,0,0
10/09/2013,01:45,0,0,0
10/09/2013,02:00,0,0,0
10/09/2013,02:15,0,0,0
10/09/2013,02:30,1,1,0
10/09/2013,02:45,1,1,0
10/09/2013,03:00,2,2,0
10/09/2013,03:15,1,1,0
10/09/2013,03:30,1,1,0
10/09/2013,03:45,0,0,0
10/09/2013,04:00,0,0,0
10/09/2013,04:15,0,0,0
10/09/2013,04:30,0,0,0
10/09/2013,04:45,0,0,0
10/09/2013,05:00,1,1,0
10/09/2013,05:15,2,2,0
10/09/2013,05:30,4,4,0
10/09/2013,05:45,4,2,2
10/09/2013,06:00,7,2,5
10/09/2013,06:15,27,19,8
10/09/2013,06:30,9,8,1
10/09/2013,06:45,38,24,14
10/09/2013,07:00,30,16,14
10/09/2013,07:15,38,26,12
10/09/2013,07:30,36,25,11
10/09/2013,07:45,61,47,14
10/09/2013,08:00,105,90,15
10/09/2013,08:15,61,49,12
10/09/2013,08:30,25,11,14
10/09/2013,08:45,34,22,12
10/09/2013,09:00,28,15,13
10/09/2013,09:15,14,4,10
10/09/2013,09:30,15,7,8
10/09/2013,09:45,13,9,4
10/09/2013,10:00,16,2,14
10/09/2013,10:15,17,8,9
10/09/2013,10:30,23,12,11
10/09/2013,10:45,21,8,13
10/09/2013,11:00,22,10,12
10/09/2013,11:15,16,12,4
10/09/2013,11:30,13,5,8
10/09/2013,11:45,8,3,5
10/09/2013,12:00,11,7,4
10/09/2013,12:15,12,5,7
10/09/2013,12:30,19,13,6
10/09/2013,12:45,17,12,5
10/09/2013,13:00,15,11,4
10/09/2013,13:15,26,17,9
10/09/2013,13:30,18,11,7
10/09/2013,13:45,25,11,14
10/09/2013,14:00,23,13,10
10/09/2013,14:15,16,8,8
10/09/2013,14:30,15,9,6
10/09/2013,14:45,20,9,11
10/09/2013,15:00,28,19,9
10/09/2013,15:15,73,58,15
10/09/2013,15:30,30,13,17
10/09/2013,15:45,19,7,12
10/09/2013,16:00,28,9,19
10/09/2013,16:15,32,18,14
10/09/2013,16:30,43,17,26
10/09/2013,16:45,48,16,32
10/09/2013,17:00,65,16,49
10/09/2013,17:15,66,36,30
10/09/2013,17:30,59,29,30
10/09/2013,17:45,32,16,16
10/09/2013,18:00,38,24,14
10/09/2013,18:15,51,33,18
10/09/2013,18:30,46,22,24
10/09/2013,18:45,39,14,25
10/09/2013,19:00,17,10,7
10/09/2013,19:15,14,8,6
10/09/2013,19:30,14,12,2
10/09/2013,19:45,12,6,6
10/09/2013,20:00,12,7,5
10/09/2013,20:15,1,1,0
10/09/2013,20:30,2,1,1
10/09/2013,20:45,0,0,0
10/09/2013,21:00,2,2,0
10/09/2013,21:15,1,1,0
10/09/2013,21:30,0,0,0
10/09/2013,21:45,1,1,0
10/09/2013,22:00,0,0,0
10/09/2013,22:15,1,1,0
10/09/2013,22:30,3,3,0
10/09/2013,22:45,0,0,0
10/09/2013,23:00,0,0,0
10/09/2013,23:15,1,1,0
10/09/2013,23:30,0,0,0
10/09/2013,23:45,0,0,0
11/09/2013,00:00,0,0,0
11/09/2013,00:15,0,0,0
11/09/2013,00:30,0,0,0
11/09/2013,00:45,0,0,0
11/09/2013,01:00,0,0,0
11/09/2013,01:15,0,0,0
11/09/2013,01:30,0,0,0
11/09/2013,01:45,0,0,0
11/09/2013,02:00,0,0,0
11/09/2013,02:15,0,0,0
11/09/2013,02:30,0,0,0
11/09/2013,02:45,0,0,0
11/09/2013,03:00,0,0,0
11/09/2013,03:15,0,0,0
11/09/2013,03:30,0,0,0
11/09/2013,03:45,0,0,0
11/09/2013,04:00,0,0,0
11/09/2013,04:15,0,0,0
11/09/2013,04:30,3,3,0
11/09/2013,04:45,1,1,0
11/09/2013,05:00,0,0,0
11/09/2013,05:15,4,4,0
11/09/2013,05:30,7,6,1
11/09/2013,05:45,7,4,3
11/09/2013,06:00,8,3,5
11/09/2013,06:15,16,10,6
11/09/2013,06:30,13,5,8
11/09/2013,06:45,18,12,6
11/09/2013,07:00,15,7,8
11/09/2013,07:15,15,13,2
11/09/2013,07:30,25,19,6
11/09/2013,07:45,34,25,9
11/09/2013,08:00,107,89,18
11/09/2013,08:15,43,35,8
11/09/2013,08:30,25,13,12
11/09/2013,08:45,33,19,14
11/09/2013,09:00,22,8,14
11/09/2013,09:15,39,11,28
11/09/2013,09:30,28,15,13
11/09/2013,09:45,51,13,38
11/09/2013,10:00,40,18,22
11/09/2013,10:15,32,13,19
11/09/2013,10:30,22,13,9
11/09/2013,10:45,28,16,12
11/09/2013,11:00,25,18,7
11/09/2013,11:15,19,6,13
11/09/2013,11:30,19,11,8
11/09/2013,11:45,23,17,6
11/09/2013,12:00,10,6,4
11/09/2013,12:15,34,23,11
11/09/2013,12:30,14,5,9
11/09/2013,12:45,14,10,4
11/09/2013,13:00,22,10,12
11/09/2013,13:15,25,19,6
11/09/2013,13:30,79,62,17
11/09/2013,13:45,34,23,11
11/09/2013,14:00,92,7,85
11/09/2013,14:15,55,22,33
11/09/2013,14:30,23,15,8
11/09/2013,14:45,36,29,7
11/09/2013,15:00,22,16,6
11/09/2013,15:15,25,10,15
11/09/2013,15:30,45,18,27
11/09/2013,15:45,31,20,11
11/09/2013,16:00,34,20,14
11/09/2013,16:15,26,17,9
11/09/2013,16:30,33,16,17
11/09/2013,16:45,44,16,28
11/09/2013,17:00,57,24,33
11/09/2013,17:15,51,22,29
11/09/2013,17:30,30,16,14
11/09/2013,17:45,31,18,13
11/09/2013,18:00,28,13,15
11/09/2013,18:15,57,40,17
11/09/2013,18:30,37,18,19
11/09/2013,18:45,50,12,38
11/09/2013,19:00,40,25,15
11/09/2013,19:15,23,15,8
11/09/2013,19:30,12,5,7
11/09/2013,19:45,11,4,7
11/09/2013,20:00,9,7,2
11/09/2013,20:15,5,4,1
11/09/2013,20:30,3,2,1
11/09/2013,20:45,5,4,1
11/09/2013,21:00,4,1,3
11/09/2013,21:15,5,4,1
11/09/2013,21:30,1,0,1
11/09/2013,21:45,3,3,0
11/09/2013,22:00,2,1,1
11/09/2013,22:15,2,2,0
11/09/2013,22:30,0,0,0
11/09/2013,22:45,2,1,1
11/09/2013,23:00,0,0,0
11/09/2013,23:15,1,1,0
11/09/2013,23:30,0,0,0
11/09/2013,23:45,0,0,0
12/09/2013,00:00,0,0,0
12/09/2013,00:15,0,0,0
12/09/2013,00:30,0,0,0
12/09/2013,00:45,0,0,0
12/09/2013,01:00,0,0,0
12/09/2013,01:15,0,0,0
12/09/2013,01:30,0,0,0
12/09/2013,01:45,0,0,0
12/09/2013,02:00,0,0,0
12/09/2013,02:15,0,0,0
12/09/2013,02:30,0,0,0
12/09/2013,02:45,0,0,0
12/09/2013,03:00,1,1,0
12/09/2013,03:15,0,0,0
12/09/2013,03:30,0,0,0
12/09/2013,03:45,0,0,0
12/09/2013,04:00,0,0,0
12/09/2013,04:15,0,0,0
12/09/2013,04:30,0,0,0
12/09/2013,04:45,0,0,0
12/09/2013,05:00,2,2,0
12/09/2013,05:15,0,0,0
12/09/2013,05:30,0,0,0
12/09/2013,05:45,6,4,2
12/09/2013,06:00,4,3,1
12/09/2013,06:15,16,12,4
12/09/2013,06:30,16,8,8
12/09/2013,06:45,23,13,10
12/09/2013,07:00,25,16,9
12/09/2013,07:15,24,15,9
12/09/2013,07:30,31,15,16
12/09/2013,07:45,37,27,10
12/09/2013,08:00,116,101,15
12/09/2013,08:15,44,37,7
12/09/2013,08:30,40,24,16
12/09/2013,08:45,34,12,22
12/09/2013,09:00,45,6,39
12/09/2013,09:15,26,8,18
12/09/2013,09:30,26,9,17
12/09/2013,09:45,38,21,17
12/09/2013,10:00,19,7,12
12/09/2013,10:15,24,13,11
12/09/2013,10:30,20,14,6
12/09/2013,10:45,12,4,8
12/09/2013,11:00,12,6,6
12/09/2013,11:15,18,10,8
12/09/2013,11:30,33,25,8
12/09/2013,11:45,17,6,11
12/09/2013,12:00,18,12,6
12/09/2013,12:15,21,10,11
12/09/2013,12:30,16,10,6
12/09/2013,12:45,33,21,12
12/09/2013,13:00,14,6,8
12/09/2013,13:15,20,10,10
12/09/2013,13:30,29,21,8
12/09/2013,13:45,18,6,12
12/09/2013,14:00,22,11,11
12/09/2013,14:15,20,11,9
12/09/2013,14:30,13,5,8
12/09/2013,14:45,22,14,8
12/09/2013,15:00,55,44,11
12/09/2013,15:15,64,50,14
12/09/2013,15:30,35,17,18
12/09/2013,15:45,36,21,15
12/09/2013,16:00,37,19,18
12/09/2013,16:15,27,20,7
12/09/2013,16:30,73,26,47
12/09/2013,16:45,70,30,40
12/09/2013,17:00,72,25,47
12/09/2013,17:15,69,34,35
12/09/2013,17:30,64,27,37
12/09/2013,17:45,58,23,35
12/09/2013,18:00,36,15,21
12/09/2013,18:15,54,35,19
12/09/2013,18:30,60,34,26
12/09/2013,18:45,49,23,26
12/09/2013,19:00,33,22,11
12/09/2013,19:15,26,15,11
12/09/2013,19:30,24,12,12
12/09/2013,19:45,14,7,7
12/09/2013,20:00,7,4,3
12/09/2013,20:15,7,1,6
12/09/2013,20:30,4,3,1
12/09/2013,20:45,4,4,0
12/09/2013,21:00,1,1,0
12/09/2013,21:15,3,3,0
12/09/2013,21:30,0,0,0
12/09/2013,21:45,0,0,0
12/09/2013,22:00,3,1,2
12/09/2013,22:15,1,1,0
12/09/2013,22:30,2,2,0
12/09/2013,22:45,1,1,0
12/09/2013,23:00,1,1,0
12/09/2013,23:15,0,0,0
12/09/2013,23:30,0,0,0
12/09/2013,23:45,0,0,0
13/09/2013,00:00,1,1,0
13/09/2013,00:15,0,0,0
13/09/2013,00:30,0,0,0
13/09/2013,00:45,0,0,0
13/09/2013,01:00,0,0,0
13/09/2013,01:15,0,0,0
13/09/2013,01:30,0,0,0
13/09/2013,01:45,0,0,0
13/09/2013,02:00,2,2,0
13/09/2013,02:15,0,0,0
13/09/2013,02:30,0,0,0
13/09/2013,02:45,0,0,0
13/09/2013,03:00,0,0,0
13/09/2013,03:15,0,0,0
13/09/2013,03:30,0,0,0
13/09/2013,03:45,0,0,0
13/09/2013,04:00,0,0,0
13/09/2013,04:15,0,0,0
13/09/2013,04:30,1,1,0
13/09/2013,04:45,1,1,0
13/09/2013,05:00,0,0,0
13/09/2013,05:15,0,0,0
13/09/2013,05:30,2,1,1
13/09/2013,05:45,4,3,1
13/09/2013,06:00,9,7,2
13/09/2013,06:15,11,8,3
13/09/2013,06:30,11,8,3
13/09/2013,06:45,18,10,8
13/09/2013,07:00,26,17,9
13/09/2013,07:15,37,22,15
13/09/2013,07:30,35,23,12
13/09/2013,07:45,42,34,8
13/09/2013,08:00,100,88,12
13/09/2013,08:15,55,42,13
13/09/2013,08:30,33,22,11
13/09/2013,08:45,27,12,15
13/09/2013,09:00,45,18,27
13/09/2013,09:15,39,17,22
13/09/2013,09:30,35,15,20
13/09/2013,09:45,19,9,10
13/09/2013,10:00,36,23,13
13/09/2013,10:15,24,14,10
13/09/2013,10:30,44,16,28
13/09/2013,10:45,29,23,6
13/09/2013,11:00,25,12,13
13/09/2013,11:15,32,19,13
13/09/2013,11:30,36,24,12
13/09/2013,11:45,27,15,12
13/09/2013,12:00,40,22,18
13/09/2013,12:15,32,22,10
13/09/2013,12:30,21,16,5
13/09/2013,12:45,17,11,6
13/09/2013,13:00,21,18,3
13/09/2013,13:15,21,13,8
13/09/2013,13:30,39,24,15
13/09/2013,13:45,36,19,17
13/09/2013,14:00,27,17,10
13/09/2013,14:15,47,39,8
13/09/2013,14:30,74,56,18
13/09/2013,14:45,63,46,17
13/09/2013,15:00,39,22,17
13/09/2013,15:15,29,20,9
13/09/2013,15:30,57,37,20
13/09/2013,15:45,31,16,15
13/09/2013,16:00,32,26,6
13/09/2013,16:15,54,31,23
13/09/2013,16:30,61,42,19
13/09/2013,16:45,54,33,21
13/09/2013,17:00,73,39,34
13/09/2013,17:15,65,30,35
13/09/2013,17:30,75,37,38
13/09/2013,17:45,72,36,36
13/09/2013,18:00,67,33,34
13/09/2013,18:15,42,27,15
13/09/2013,18:30,44,20,24
13/09/2013,18:45,55,33,22
13/09/2013,19:00,39,21,18
13/09/2013,19:15,21,13,8
13/09/2013,19:30,7,2,5
13/09/2013,19:45,16,10,6
13/09/2013,20:00,10,9,1
13/09/2013,20:15,2,0,2
13/09/2013,20:30,1,0,1
13/09/2013,20:45,3,1,2
13/09/2013,21:00,3,2,1
13/09/2013,21:15,0,0,0
13/09/2013,21:30,1,1,0
13/09/2013,21:45,1,1,0
13/09/2013,22:00,4,4,0
13/09/2013,22:15,3,3,0
13/09/2013,22:30,2,2,0
13/09/2013,22:45,0,0,0
13/09/2013,23:00,0,0,0
13/09/2013,23:15,0,0,0
13/09/2013,23:30,0,0,0
13/09/2013,23:45,0,0,0
14/09/2013,00:00,1,0,1
14/09/2013,00:15,0,0,0
14/09/2013,00:30,1,0,1
14/09/2013,00:45,0,0,0
14/09/2013,01:00,0,0,0
14/09/2013,01:15,0,0,0
14/09/2013,01:30,0,0,0
14/09/2013,01:45,0,0,0
14/09/2013,02:00,0,0,0
14/09/2013,02:15,0,0,0
14/09/2013,02:30,0,0,0
14/09/2013,02:45,0,0,0
14/09/2013,03:00,0,0,0
14/09/2013,03:15,0,0,0
14/09/2013,03:30,0,0,0
14/09/2013,03:45,0,0,0
14/09/2013,04:00,0,0,0
14/09/2013,04:15,0,0,0
14/09/2013,04:30,0,0,0
14/09/2013,04:45,0,0,0
14/09/2013,05:00,0,0,0
14/09/2013,05:15,1,0,1
14/09/2013,05:30,1,1,0
14/09/2013,05:45,0,0,0
14/09/2013,06:00,2,2,0
14/09/2013,06:15,1,1,0
14/09/2013,06:30,5,2,3
14/09/2013,06:45,5,3,2
14/09/2013,07:00,15,11,4
14/09/2013,07:15,15,8,7
14/09/2013,07:30,26,10,16
14/09/2013,07:45,49,21,28
14/09/2013,08:00,33,14,19
14/09/2013,08:15,65,37,28
14/09/2013,08:30,69,46,23
14/09/2013,08:45,130,101,29
14/09/2013,09:00,89,45,44
14/09/2013,09:15,107,62,45
14/09/2013,09:30,105,61,44
14/09/2013,09:45,111,69,42
14/09/2013,10:00,122,88,34
14/09/2013,10:15,110,68,42
14/09/2013,10:30,104,55,49
14/09/2013,10:45,87,52,35
14/09/2013,11:00,107,68,39
14/09/2013,11:15,102,76,26
14/09/2013,11:30,153,87,66
14/09/2013,11:45,95,81,14
14/09/2013,12:00,102,74,28
14/09/2013,12:15,108,67,41
14/09/2013,12:30,117,48,69
14/09/2013,12:45,109,82,27
14/09/2013,13:00,99,77,22
14/09/2013,13:15,95,69,26
14/09/2013,13:30,74,55,19
14/09/2013,13:45,103,72,31
14/09/2013,14:00,92,43,49
14/09/2013,14:15,68,49,19
14/09/2013,14:30,51,35,16
14/09/2013,14:45,71,44,27
14/09/2013,15:00,72,34,38
14/09/2013,15:15,110,61,49
14/09/2013,15:30,111,59,52
14/09/2013,15:45,93,49,44
14/09/2013,16:00,103,68,35
14/09/2013,16:15,105,57,48
14/09/2013,16:30,91,44,47
14/09/2013,16:45,88,34,54
14/09/2013,17:00,127,30,97
14/09/2013,17:15,89,29,60
14/09/2013,17:30,70,20,50
14/09/2013,17:45,111,24,87
14/09/2013,18:00,78,16,62
14/09/2013,18:15,75,10,65
14/09/2013,18:30,44,15,29
14/09/2013,18:45,34,18,16
14/09/2013,19:00,19,10,9
14/09/2013,19:15,26,10,16
14/09/2013,19:30,15,8,7
14/09/2013,19:45,2,1,1
14/09/2013,20:00,4,2,2
14/09/2013,20:15,4,1,3
14/09/2013,20:30,2,2,0
14/09/2013,20:45,0,0,0
14/09/2013,21:00,3,2,1
14/09/2013,21:15,1,0,1
14/09/2013,21:30,1,1,0
14/09/2013,21:45,1,0,1
14/09/2013,22:00,0,0,0
14/09/2013,22:15,0,0,0
14/09/2013,22:30,0,0,0
14/09/2013,22:45,2,2,0
14/09/2013,23:00,1,1,0
14/09/2013,23:15,0,0,0
14/09/2013,23:30,0,0,0
14/09/2013,23:45,0,0,0
15/09/2013,00:00,0,0,0
15/09/2013,00:15,0,0,0
15/09/2013,00:30,0,0,0
15/09/2013,00:45,0,0,0
15/09/2013,01:00,0,0,0
15/09/2013,01:15,0,0,0
15/09/2013,01:30,0,0,0
15/09/2013,01:45,0,0,0
15/09/2013,02:00,0,0,0
15/09/2013,02:15,0,0,0
15/09/2013,02:30,0,0,0
15/09/2013,02:45,0,0,0
15/09/2013,03:00,1,1,0
15/09/2013,03:15,0,0,0
15/09/2013,03:30,0,0,0
15/09/2013,03:45,0,0,0
15/09/2013,04:00,0,0,0
15/09/2013,04:15,0,0,0
15/09/2013,04:30,1,1,0
15/09/2013,04:45,0,0,0
15/09/2013,05:00,0,0,0
15/09/2013,05:15,0,0,0
15/09/2013,05:30,0,0,0
15/09/2013,05:45,0,0,0
15/09/2013,06:00,0,0,0
15/09/2013,06:15,0,0,0
15/09/2013,06:30,2,0,2
15/09/2013,06:45,5,4,1
15/09/2013,07:00,8,4,4
15/09/2013,07:15,13,2,11
15/09/2013,07:30,18,10,8
15/09/2013,07:45,48,12,36
15/09/2013,08:00,45,26,19
15/09/2013,08:15,48,34,14
15/09/2013,08:30,75,35,40
15/09/2013,08:45,111,58,53
15/09/2013,09:00,105,58,47
15/09/2013,09:15,123,52,71
15/09/2013,09:30,152,60,92
15/09/2013,09:45,148,59,89
15/09/2013,10:00,155,84,71
15/09/2013,10:15,176,106,70
15/09/2013,10:30,163,80,83
15/09/2013,10:45,145,66,79
15/09/2013,11:00,181,115,66
15/09/2013,11:15,167,98,69
15/09/2013,11:30,200,137,63
15/09/2013,11:45,179,110,69
15/09/2013,12:00,154,82,72
15/09/2013,12:15,203,119,84
15/09/2013,12:30,170,98,72
15/09/2013,12:45,145,87,58
15/09/2013,13:00,149,79,70
15/09/2013,13:15,169,87,82
15/09/2013,13:30,115,72,43
15/09/2013,13:45,144,76,68
15/09/2013,14:00,114,58,56
15/09/2013,14:15,184,98,86
15/09/2013,14:30,92,46,46
15/09/2013,14:45,114,63,51
15/09/2013,15:00,177,81,96
15/09/2013,15:15,143,71,72
15/09/2013,15:30,110,49,61
15/09/2013,15:45,136,70,66
15/09/2013,16:00,154,70,84
15/09/2013,16:15,87,43,44
15/09/2013,16:30,125,47,78
15/09/2013,16:45,84,44,40
15/09/2013,17:00,62,39,23
15/09/2013,17:15,50,35,15
15/09/2013,17:30,60,37,23
15/09/2013,17:45,60,28,32
15/09/2013,18:00,52,20,32
15/09/2013,18:15,34,12,22
15/09/2013,18:30,26,10,16
15/09/2013,18:45,33,19,14
15/09/2013,19:00,22,11,11
15/09/2013,19:15,13,5,8
15/09/2013,19:30,7,3,4
15/09/2013,19:45,4,1,3
15/09/2013,20:00,8,5,3
15/09/2013,20:15,4,2,2
15/09/2013,20:30,5,2,3
15/09/2013,20:45,6,5,1
15/09/2013,21:00,0,0,0
15/09/2013,21:15,4,2,2
15/09/2013,21:30,3,0,3
15/09/2013,21:45,2,0,2
15/09/2013,22:00,2,1,1
15/09/2013,22:15,2,2,0
15/09/2013,22:30,1,1,0
15/09/2013,22:45,0,0,0
15/09/2013,23:00,1,1,0
15/09/2013,23:15,1,1,0
15/09/2013,23:30,0,0,0
15/09/2013,23:45,0,0,0
16/09/2013,00:00,0,0,0
16/09/2013,00:15,0,0,0
16/09/2013,00:30,1,0,1
16/09/2013,00:45,1,1,0
16/09/2013,01:00,0,0,0
16/09/2013,01:15,0,0,0
16/09/2013,01:30,0,0,0
16/09/2013,01:45,0,0,0
16/09/2013,02:00,0,0,0
16/09/2013,02:15,0,0,0
16/09/2013,02:30,0,0,0
16/09/2013,02:45,0,0,0
16/09/2013,03:00,0,0,0
16/09/2013,03:15,0,0,0
16/09/2013,03:30,0,0,0
16/09/2013,03:45,0,0,0
16/09/2013,04:00,0,0,0
16/09/2013,04:15,0,0,0
16/09/2013,04:30,3,3,0
16/09/2013,04:45,0,0,0
16/09/2013,05:00,0,0,0
16/09/2013,05:15,4,4,0
16/09/2013,05:30,5,5,0
16/09/2013,05:45,5,5,0
16/09/2013,06:00,5,5,0
16/09/2013,06:15,13,13,0
16/09/2013,06:30,11,11,0
16/09/2013,06:45,12,12,0
16/09/2013,07:00,11,11,0
16/09/2013,07:15,14,14,0
16/09/2013,07:30,14,14,0
16/09/2013,07:45,17,17,0
16/09/2013,08:00,93,93,0
16/09/2013,08:15,46,46,0
16/09/2013,08:30,16,15,1
16/09/2013,08:45,24,24,0
16/09/2013,09:00,14,14,0
16/09/2013,09:15,23,23,0
16/09/2013,09:30,15,15,0
16/09/2013,09:45,40,40,0
16/09/2013,10:00,12,12,0
16/09/2013,10:15,16,16,0
16/09/2013,10:30,18,18,0
16/09/2013,10:45,23,23,0
16/09/2013,11:00,13,13,0
16/09/2013,11:15,16,16,0
16/09/2013,11:30,13,13,0
16/09/2013,11:45,23,23,0
16/09/2013,12:00,26,26,0
16/09/2013,12:15,17,17,0
16/09/2013,12:30,24,24,0
16/09/2013,12:45,14,14,0
16/09/2013,13:00,21,21,0
16/09/2013,13:15,37,37,0
16/09/2013,13:30,22,22,0
16/09/2013,13:45,10,10,0
16/09/2013,14:00,17,17,0
16/09/2013,14:15,19,19,0
16/09/2013,14:30,60,60,0
16/09/2013,14:45,41,41,0
16/09/2013,15:00,27,27,0
16/09/2013,15:15,31,31,0
16/09/2013,15:30,34,34,0
16/09/2013,15:45,15,15,0
16/09/2013,16:00,31,31,0
16/09/2013,16:15,28,28,0
16/09/2013,16:30,30,30,0
16/09/2013,16:45,42,42,0
16/09/2013,17:00,27,24,3
16/09/2013,17:15,44,43,1
16/09/2013,17:30,40,40,0
16/09/2013,17:45,35,35,0
16/09/2013,18:00,37,35,2
16/09/2013,18:15,35,34,1
16/09/2013,18:30,32,32,0
16/09/2013,18:45,34,33,1
16/09/2013,19:00,20,20,0
16/09/2013,19:15,11,10,1
16/09/2013,19:30,9,8,1
16/09/2013,19:45,6,6,0
16/09/2013,20:00,6,6,0
16/09/2013,20:15,2,2,0
16/09/2013,20:30,3,3,0
16/09/2013,20:45,3,3,0
16/09/2013,21:00,2,2,0
16/09/2013,21:15,3,3,0
16/09/2013,21:30,0,0,0
16/09/2013,21:45,0,0,0
16/09/2013,22:00,0,0,0
16/09/2013,22:15,0,0,0
16/09/2013,22:30,0,0,0
16/09/2013,22:45,0,0,0
16/09/2013,23:00,0,0,0
16/09/2013,23:15,2,2,0
16/09/2013,23:30,0,0,0
16/09/2013,23:45,1,1,0
17/09/2013,00:00,0,0,0
17/09/2013,00:15,0,0,0
17/09/2013,00:30,0,0,0
17/09/2013,00:45,0,0,0
17/09/2013,01:00,0,0,0
17/09/2013,01:15,0,0,0
17/09/2013,01:30,0,0,0
17/09/2013,01:45,0,0,0
17/09/2013,02:00,0,0,0
17/09/2013,02:15,0,0,0
17/09/2013,02:30,0,0,0
17/09/2013,02:45,0,0,0
17/09/2013,03:00,0,0,0
17/09/2013,03:15,0,0,0
17/09/2013,03:30,0,0,0
17/09/2013,03:45,0,0,0
17/09/2013,04:00,0,0,0
17/09/2013,04:15,2,2,0
17/09/2013,04:30,0,0,0
17/09/2013,04:45,3,3,0
17/09/2013,05:00,3,3,0
17/09/2013,05:15,4,4,0
17/09/2013,05:30,1,1,0
17/09/2013,05:45,5,5,0
17/09/2013,06:00,13,13,0
17/09/2013,06:15,9,9,0
17/09/2013,06:30,22,22,0
17/09/2013,06:45,12,12,0
17/09/2013,07:00,15,15,0
17/09/2013,07:15,21,20,1
17/09/2013,07:30,23,23,0
17/09/2013,07:45,116,115,1
17/09/2013,08:00,51,51,0
17/09/2013,08:15,15,15,0
17/09/2013,08:30,23,23,0
17/09/2013,08:45,15,15,0
17/09/2013,09:00,30,29,1
17/09/2013,09:15,19,17,2
17/09/2013,09:30,15,15,0
17/09/2013,09:45,18,18,0
17/09/2013,10:00,17,17,0
17/09/2013,10:15,20,20,0
17/09/2013,10:30,18,18,0
17/09/2013,10:45,19,19,0
17/09/2013,11:00,16,15,1
17/09/2013,11:15,10,10,0
17/09/2013,11:30,13,13,0
17/09/2013,11:45,15,15,0
17/09/2013,12:00,10,10,0
17/09/2013,12:15,12,12,0
17/09/2013,12:30,11,11,0
17/09/2013,12:45,10,10,0
17/09/2013,13:00,13,13,0
17/09/2013,13:15,5,5,0
17/09/2013,13:30,4,4,0
17/09/2013,13:45,6,6,0
17/09/2013,14:00,11,11,0
17/09/2013,14:15,18,18,0
17/09/2013,14:30,9,9,0
17/09/2013,14:45,25,25,0
17/09/2013,15:00,62,62,0
17/09/2013,15:15,20,20,0
17/09/2013,15:30,19,19,0
17/09/2013,15:45,34,34,0
17/09/2013,16:00,16,16,0
17/09/2013,16:15,14,13,1
17/09/2013,16:30,28,28,0
17/09/2013,16:45,21,21,0
17/09/2013,17:00,31,30,1
17/09/2013,17:15,19,19,0
17/09/2013,17:30,38,38,0
17/09/2013,17:45,28,28,0
17/09/2013,18:00,33,33,0
17/09/2013,18:15,30,30,0
17/09/2013,18:30,34,33,1
17/09/2013,18:45,17,17,0
17/09/2013,19:00,20,20,0
17/09/2013,19:15,10,9,1
17/09/2013,19:30,4,4,0
17/09/2013,19:45,3,3,0
17/09/2013,20:00,12,12,0
17/09/2013,20:15,4,4,0
17/09/2013,20:30,3,3,0
17/09/2013,20:45,2,2,0
17/09/2013,21:00,1,1,0
17/09/2013,21:15,1,1,0
17/09/2013,21:30,3,3,0
17/09/2013,21:45,4,4,0
17/09/2013,22:00,2,2,0
17/09/2013,22:15,4,4,0
17/09/2013,22:30,0,0,0
17/09/2013,22:45,0,0,0
17/09/2013,23:00,0,0,0
17/09/2013,23:15,1,1,0
17/09/2013,23:30,0,0,0
17/09/2013,23:45,0,0,0
18/09/2013,00:00,0,0,0
18/09/2013,00:15,0,0,0
18/09/2013,00:30,0,0,0
18/09/2013,00:45,1,1,0
18/09/2013,01:00,0,0,0
18/09/2013,01:15,0,0,0
18/09/2013,01:30,0,0,0
18/09/2013,01:45,0,0,0
18/09/2013,02:00,0,0,0
18/09/2013,02:15,0,0,0
18/09/2013,02:30,0,0,0
18/09/2013,02:45,0,0,0
18/09/2013,03:00,0,0,0
18/09/2013,03:15,0,0,0
18/09/2013,03:30,0,0,0
18/09/2013,03:45,0,0,0
18/09/2013,04:00,0,0,0
18/09/2013,04:15,1,1,0
18/09/2013,04:30,0,0,0
18/09/2013,04:45,2,2,0
18/09/2013,05:00,2,2,0
18/09/2013,05:15,5,5,0
18/09/2013,05:30,4,4,0
18/09/2013,05:45,5,5,0
18/09/2013,06:00,9,9,0
18/09/2013,06:15,7,6,1
18/09/2013,06:30,15,15,0
18/09/2013,06:45,21,18,3
18/09/2013,07:00,22,21,1
18/09/2013,07:15,19,18,1
18/09/2013,07:30,26,26,0
18/09/2013,07:45,103,101,2
18/09/2013,08:00,47,46,1
18/09/2013,08:15,17,17,0
18/09/2013,08:30,31,30,1
18/09/2013,08:45,18,18,0
18/09/2013,09:00,18,15,3
18/09/2013,09:15,14,13,1
18/09/2013,09:30,17,17,0
18/09/2013,09:45,14,14,0
18/09/2013,10:00,13,13,0
18/09/2013,10:15,16,15,1
18/09/2013,10:30,15,14,1
18/09/2013,10:45,18,18,0
18/09/2013,11:00,13,13,0
18/09/2013,11:15,18,18,0
18/09/2013,11:30,25,25,0
18/09/2013,11:45,17,17,0
18/09/2013,12:00,15,15,0
18/09/2013,12:15,10,10,0
18/09/2013,12:30,18,18,0
18/09/2013,12:45,11,11,0
18/09/2013,13:00,17,17,0
18/09/2013,13:15,44,44,0
18/09/2013,13:30,31,31,0
18/09/2013,13:45,33,33,0
18/09/2013,14:00,19,19,0
18/09/2013,14:15,20,20,0
18/09/2013,14:30,20,20,0
18/09/2013,14:45,15,15,0
18/09/2013,15:00,22,22,0
18/09/2013,15:15,27,27,0
18/09/2013,15:30,26,26,0
18/09/2013,15:45,16,16,0
18/09/2013,16:00,25,25,0
18/09/2013,16:15,31,30,1
18/09/2013,16:30,24,23,1
18/09/2013,16:45,29,27,2
18/09/2013,17:00,32,31,1
18/09/2013,17:15,28,27,1
18/09/2013,17:30,29,29,0
18/09/2013,17:45,39,39,0
18/09/2013,18:00,34,33,1
18/09/2013,18:15,30,29,1
18/09/2013,18:30,24,24,0
18/09/2013,18:45,20,19,1
18/09/2013,19:00,13,12,1
18/09/2013,19:15,19,18,1
18/09/2013,19:30,13,13,0
18/09/2013,19:45,8,8,0
18/09/2013,20:00,2,2,0
18/09/2013,20:15,1,1,0
18/09/2013,20:30,7,7,0
18/09/2013,20:45,2,2,0
18/09/2013,21:00,0,0,0
18/09/2013,21:15,2,2,0
18/09/2013,21:30,1,1,0
18/09/2013,21:45,2,2,0
18/09/2013,22:00,0,0,0
18/09/2013,22:15,0,0,0
18/09/2013,22:30,0,0,0
18/09/2013,22:45,0,0,0
18/09/2013,23:00,0,0,0
18/09/2013,23:15,0,0,0
18/09/2013,23:30,0,0,0
18/09/2013,23:45,0,0,0
19/09/2013,00:00,0,0,0
19/09/2013,00:15,0,0,0
19/09/2013,00:30,0,0,0
19/09/2013,00:45,0,0,0
19/09/2013,01:00,0,0,0
19/09/2013,01:15,0,0,0
19/09/2013,01:30,0,0,0
19/09/2013,01:45,0,0,0
19/09/2013,02:00,0,0,0
19/09/2013,02:15,0,0,0
19/09/2013,02:30,0,0,0
19/09/2013,02:45,0,0,0
19/09/2013,03:00,0,0,0
19/09/2013,03:15,0,0,0
19/09/2013,03:30,0,0,0
19/09/2013,03:45,0,0,0
19/09/2013,04:00,0,0,0
19/09/2013,04:15,1,1,0
19/09/2013,04:30,0,0,0
19/09/2013,04:45,2,2,0
19/09/2013,05:00,2,2,0
19/09/2013,05:15,2,2,0
19/09/2013,05:30,2,2,0
19/09/2013,05:45,1,1,0
19/09/2013,06:00,10,10,0
19/09/2013,06:15,17,15,2
19/09/2013,06:30,16,16,0
19/09/2013,06:45,19,18,1
19/09/2013,07:00,15,15,0
19/09/2013,07:15,19,19,0
19/09/2013,07:30,28,28,0
19/09/2013,07:45,113,111,2
19/09/2013,08:00,58,58,0
19/09/2013,08:15,15,13,2
19/09/2013,08:30,25,25,0
19/09/2013,08:45,20,19,1
19/09/2013,09:00,23,21,2
19/09/2013,09:15,16,16,0
19/09/2013,09:30,15,14,1
19/09/2013,09:45,14,13,1
19/09/2013,10:00,14,14,0
19/09/2013,10:15,18,18,0
19/09/2013,10:30,20,18,2
19/09/2013,10:45,12,12,0
19/09/2013,11:00,7,7,0
19/09/2013,11:15,16,16,0
19/09/2013,11:30,8,8,0
19/09/2013,11:45,15,15,0
19/09/2013,12:00,17,16,1
19/09/2013,12:15,22,22,0
19/09/2013,12:30,22,22,0
19/09/2013,12:45,10,10,0
19/09/2013,13:00,7,7,0
19/09/2013,13:15,24,24,0
19/09/2013,13:30,15,15,0
19/09/2013,13:45,19,18,1
19/09/2013,14:00,15,15,0
19/09/2013,14:15,24,24,0
19/09/2013,14:30,26,26,0
19/09/2013,14:45,26,25,1
19/09/2013,15:00,62,62,0
19/09/2013,15:15,38,38,0
19/09/2013,15:30,30,30,0
19/09/2013,15:45,16,16,0
19/09/2013,16:00,25,25,0
19/09/2013,16:15,26,26,0
19/09/2013,16:30,28,28,0
19/09/2013,16:45,36,36,0
19/09/2013,17:00,26,26,0
19/09/2013,17:15,25,25,0
19/09/2013,17:30,24,24,0
19/09/2013,17:45,31,31,0
19/09/2013,18:00,29,29,0
19/09/2013,18:15,23,23,0
19/09/2013,18:30,27,27,0
19/09/2013,18:45,19,19,0
19/09/2013,19:00,17,17,0
19/09/2013,19:15,12,12,0
19/09/2013,19:30,8,8,0
19/09/2013,19:45,8,8,0
19/09/2013,20:00,5,5,0
19/09/2013,20:15,2,2,0
19/09/2013,20:30,5,5,0
19/09/2013,20:45,1,1,0
19/09/2013,21:00,1,1,0
19/09/2013,21:15,1,1,0
19/09/2013,21:30,0,0,0
19/09/2013,21:45,1,1,0
19/09/2013,22:00,4,4,0
19/09/2013,22:15,1,1,0
19/09/2013,22:30,0,0,0
19/09/2013,22:45,3,3,0
19/09/2013,23:00,0,0,0
19/09/2013,23:15,0,0,0
19/09/2013,23:30,0,0,0
19/09/2013,23:45,0,0,0
20/09/2013,00:00,0,0,0
20/09/2013,00:15,0,0,0
20/09/2013,00:30,0,0,0
20/09/2013,00:45,0,0,0
20/09/2013,01:00,0,0,0
20/09/2013,01:15,0,0,0
20/09/2013,01:30,0,0,0
20/09/2013,01:45,0,0,0
20/09/2013,02:00,0,0,0
20/09/2013,02:15,0,0,0
20/09/2013,02:30,0,0,0
20/09/2013,02:45,0,0,0
20/09/2013,03:00,0,0,0
20/09/2013,03:15,0,0,0
20/09/2013,03:30,0,0,0
20/09/2013,03:45,0,0,0
20/09/2013,04:00,0,0,0
20/09/2013,04:15,0,0,0
20/09/2013,04:30,1,1,0
20/09/2013,04:45,0,0,0
20/09/2013,05:00,2,2,0
20/09/2013,05:15,3,3,0
20/09/2013,05:30,1,1,0
20/09/2013,05:45,6,6,0
20/09/2013,06:00,9,8,1
20/09/2013,06:15,9,9,0
20/09/2013,06:30,18,18,0
20/09/2013,06:45,16,16,0
20/09/2013,07:00,17,16,1
20/09/2013,07:15,20,19,1
20/09/2013,07:30,33,32,1
20/09/2013,07:45,98,97,1
20/09/2013,08:00,46,46,0
20/09/2013,08:15,15,15,0
20/09/2013,08:30,20,20,0
20/09/2013,08:45,20,19,1
20/09/2013,09:00,21,19,2
20/09/2013,09:15,23,22,1
20/09/2013,09:30,13,13,0
20/09/2013,09:45,15,14,1
20/09/2013,10:00,14,14,0
20/09/2013,10:15,23,22,1
20/09/2013,10:30,15,15,0
20/09/2013,10:45,10,10,0
20/09/2013,11:00,15,15,0
20/09/2013,11:15,11,11,0
20/09/2013,11:30,13,13,0
20/09/2013,11:45,20,20,0
20/09/2013,12:00,16,16,0
20/09/2013,12:15,21,21,0
20/09/2013,12:30,21,21,0
20/09/2013,12:45,19,19,0
20/09/2013,13:00,19,19,0
20/09/2013,13:15,12,12,0
20/09/2013,13:30,15,15,0
20/09/2013,13:45,16,16,0
20/09/2013,14:00,5,5,0
20/09/2013,14:15,43,43,0
20/09/2013,14:30,23,22,1
20/09/2013,14:45,18,18,0
20/09/2013,15:00,13,13,0
20/09/2013,15:15,16,16,0
20/09/2013,15:30,20,20,0
20/09/2013,15:45,19,19,0
20/09/2013,16:00,22,22,0
20/09/2013,16:15,22,22,0
20/09/2013,16:30,15,15,0
20/09/2013,16:45,23,23,0
20/09/2013,17:00,13,13,0
20/09/2013,17:15,23,23,0
20/09/2013,17:30,28,27,1
20/09/2013,17:45,21,21,0
20/09/2013,18:00,21,20,1
20/09/2013,18:15,19,19,0
20/09/2013,18:30,11,11,0
20/09/2013,18:45,7,7,0
20/09/2013,19:00,8,8,0
20/09/2013,19:15,2,2,0
20/09/2013,19:30,2,2,0
20/09/2013,19:45,0,0,0
20/09/2013,20:00,2,2,0
20/09/2013,20:15,3,3,0
20/09/2013,20:30,1,1,0
20/09/2013,20:45,0,0,0
20/09/2013,21:00,5,5,0
20/09/2013,21:15,0,0,0
20/09/2013,21:30,1,1,0
20/09/2013,21:45,2,2,0
20/09/2013,22:00,5,5,0
20/09/2013,22:15,0,0,0
20/09/2013,22:30,0,0,0
20/09/2013,22:45,0,0,0
20/09/2013,23:00,0,0,0
20/09/2013,23:15,0,0,0
20/09/2013,23:30,0,0,0
20/09/2013,23:45,1,1,0
21/09/2013,00:00,0,0,0
21/09/2013,00:15,0,0,0
21/09/2013,00:30,1,1,0
21/09/2013,00:45,0,0,0
21/09/2013,01:00,0,0,0
21/09/2013,01:15,0,0,0
21/09/2013,01:30,0,0,0
21/09/2013,01:45,0,0,0
21/09/2013,02:00,0,0,0
21/09/2013,02:15,0,0,0
21/09/2013,02:30,0,0,0
21/09/2013,02:45,0,0,0
21/09/2013,03:00,0,0,0
21/09/2013,03:15,0,0,0
21/09/2013,03:30,0,0,0
21/09/2013,03:45,0,0,0
21/09/2013,04:00,0,0,0
21/09/2013,04:15,0,0,0
21/09/2013,04:30,0,0,0
21/09/2013,04:45,2,2,0
21/09/2013,05:00,0,0,0
21/09/2013,05:15,0,0,0
21/09/2013,05:30,0,0,0
21/09/2013,05:45,1,1,0
21/09/2013,06:00,2,2,0
21/09/2013,06:15,0,0,0
21/09/2013,06:30,2,2,0
21/09/2013,06:45,4,4,0
21/09/2013,07:00,8,8,0
21/09/2013,07:15,3,3,0
21/09/2013,07:30,10,10,0
21/09/2013,07:45,16,16,0
21/09/2013,08:00,35,35,0
21/09/2013,08:15,31,31,0
21/09/2013,08:30,26,26,0
21/09/2013,08:45,37,37,0
21/09/2013,09:00,53,53,0
21/09/2013,09:15,43,43,0
21/09/2013,09:30,52,52,0
21/09/2013,09:45,32,32,0
21/09/2013,10:00,13,13,0
21/09/2013,10:15,16,16,0
21/09/2013,10:30,14,14,0
21/09/2013,10:45,23,23,0
21/09/2013,11:00,5,5,0
21/09/2013,11:15,10,10,0
21/09/2013,11:30,13,13,0
21/09/2013,11:45,7,7,0
21/09/2013,12:00,6,6,0
21/09/2013,12:15,2,2,0
21/09/2013,12:30,6,6,0
21/09/2013,12:45,5,5,0
21/09/2013,13:00,11,11,0
21/09/2013,13:15,8,8,0
21/09/2013,13:30,2,2,0
21/09/2013,13:45,9,9,0
21/09/2013,14:00,7,7,0
21/09/2013,14:15,7,7,0
21/09/2013,14:30,16,16,0
21/09/2013,14:45,12,12,0
21/09/2013,15:00,24,24,0
21/09/2013,15:15,7,7,0
21/09/2013,15:30,15,15,0
21/09/2013,15:45,14,14,0
21/09/2013,16:00,13,13,0
21/09/2013,16:15,17,17,0
21/09/2013,16:30,28,28,0
21/09/2013,16:45,9,9,0
21/09/2013,17:00,26,26,0
21/09/2013,17:15,15,15,0
21/09/2013,17:30,14,14,0
21/09/2013,17:45,13,12,1
21/09/2013,18:00,10,10,0
21/09/2013,18:15,20,20,0
21/09/2013,18:30,6,6,0
21/09/2013,18:45,10,10,0
21/09/2013,19:00,7,7,0
21/09/2013,19:15,3,3,0
21/09/2013,19:30,0,0,0
21/09/2013,19:45,2,2,0
21/09/2013,20:00,3,3,0
21/09/2013,20:15,1,1,0
21/09/2013,20:30,0,0,0
21/09/2013,20:45,0,0,0
21/09/2013,21:00,3,3,0
21/09/2013,21:15,0,0,0
21/09/2013,21:30,0,0,0
21/09/2013,21:45,1,1,0
21/09/2013,22:00,1,1,0
21/09/2013,22:15,0,0,0
21/09/2013,22:30,0,0,0
21/09/2013,22:45,0,0,0
21/09/2013,23:00,0,0,0
21/09/2013,23:15,1,1,0
21/09/2013,23:30,0,0,0
21/09/2013,23:45,0,0,0
22/09/2013,00:00,0,0,0
22/09/2013,00:15,0,0,0
22/09/2013,00:30,0,0,0
22/09/2013,00:45,0,0,0
22/09/2013,01:00,0,0,0
22/09/2013,01:15,0,0,0
22/09/2013,01:30,0,0,0
22/09/2013,01:45,0,0,0
22/09/2013,02:00,0,0,0
22/09/2013,02:15,0,0,0
22/09/2013,02:30,0,0,0
22/09/2013,02:45,0,0,0
22/09/2013,03:00,0,0,0
22/09/2013,03:15,0,0,0
22/09/2013,03:30,0,0,0
22/09/2013,03:45,0,0,0
22/09/2013,04:00,0,0,0
22/09/2013,04:15,0,0,0
22/09/2013,04:30,0,0,0
22/09/2013,04:45,0,0,0
22/09/2013,05:00,0,0,0
22/09/2013,05:15,0,0,0
22/09/2013,05:30,0,0,0
22/09/2013,05:45,0,0,0
22/09/2013,06:00,4,4,0
22/09/2013,06:15,2,2,0
22/09/2013,06:30,5,5,0
22/09/2013,06:45,0,0,0
22/09/2013,07:00,3,3,0
22/09/2013,07:15,7,7,0
22/09/2013,07:30,10,10,0
22/09/2013,07:45,13,13,0
22/09/2013,08:00,31,31,0
22/09/2013,08:15,36,36,0
22/09/2013,08:30,39,39,0
22/09/2013,08:45,29,29,0
22/09/2013,09:00,57,57,0
22/09/2013,09:15,85,85,0
22/09/2013,09:30,135,135,0
22/09/2013,09:45,90,90,0
22/09/2013,10:00,93,93,0
22/09/2013,10:15,78,78,0
22/09/2013,10:30,73,73,0
22/09/2013,10:45,58,58,0
22/09/2013,11:00,127,127,0
22/09/2013,11:15,96,96,0
22/09/2013,11:30,133,133,0
22/09/2013,11:45,112,112,0
22/09/2013,12:00,93,93,0
22/09/2013,12:15,112,112,0
22/09/2013,12:30,67,67,0
22/09/2013,12:45,40,40,0
22/09/2013,13:00,73,73,0
22/09/2013,13:15,65,65,0
22/09/2013,13:30,67,67,0
22/09/2013,13:45,59,59,0
22/09/2013,14:00,92,92,0
22/09/2013,14:15,81,81,0
22/09/2013,14:30,44,44,0
22/09/2013,14:45,66,66,0
22/09/2013,15:00,50,50,0
22/09/2013,15:15,38,37,1
22/09/2013,15:30,48,48,0
22/09/2013,15:45,52,52,0
22/09/2013,16:00,41,41,0
22/09/2013,16:15,44,44,0
22/09/2013,16:30,44,44,0
22/09/2013,16:45,34,34,0
22/09/2013,17:00,44,43,1
22/09/2013,17:15,29,29,0
22/09/2013,17:30,24,24,0
22/09/2013,17:45,17,17,0
22/09/2013,18:00,16,16,0
22/09/2013,18:15,24,24,0
22/09/2013,18:30,8,8,0
22/09/2013,18:45,11,11,0
22/09/2013,19:00,6,6,0
22/09/2013,19:15,13,13,0
22/09/2013,19:30,5,5,0
22/09/2013,19:45,11,11,0
22/09/2013,20:00,3,3,0
22/09/2013,20:15,0,0,0
22/09/2013,20:30,2,2,0
22/09/2013,20:45,0,0,0
22/09/2013,21:00,0,0,0
22/09/2013,21:15,1,1,0
22/09/2013,21:30,0,0,0
22/09/2013,21:45,0,0,0
22/09/2013,22:00,1,1,0
22/09/2013,22:15,0,0,0
22/09/2013,22:30,0,0,0
22/09/2013,22:45,0,0,0
22/09/2013,23:00,1,1,0
22/09/2013,23:15,0,0,0
22/09/2013,23:30,0,0,0
22/09/2013,23:45,0,0,0
23/09/2013,00:00,0,0,0
23/09/2013,00:15,0,0,0
23/09/2013,00:30,0,0,0
23/09/2013,00:45,0,0,0
23/09/2013,01:00,0,0,0
23/09/2013,01:15,0,0,0
23/09/2013,01:30,0,0,0
23/09/2013,01:45,0,0,0
23/09/2013,02:00,0,0,0
23/09/2013,02:15,0,0,0
23/09/2013,02:30,0,0,0
23/09/2013,02:45,0,0,0
23/09/2013,03:00,0,0,0
23/09/2013,03:15,0,0,0
23/09/2013,03:30,1,1,0
23/09/2013,03:45,0,0,0
23/09/2013,04:00,0,0,0
23/09/2013,04:15,2,2,0
23/09/2013,04:30,0,0,0
23/09/2013,04:45,0,0,0
23/09/2013,05:00,6,6,0
23/09/2013,05:15,3,3,0
23/09/2013,05:30,1,1,0
23/09/2013,05:45,4,4,0
23/09/2013,06:00,5,5,0
23/09/2013,06:15,5,5,0
23/09/2013,06:30,17,17,0
23/09/2013,06:45,18,18,0
23/09/2013,07:00,10,10,0
23/09/2013,07:15,13,13,0
23/09/2013,07:30,22,22,0
23/09/2013,07:45,92,92,0
23/09/2013,08:00,59,59,0
23/09/2013,08:15,11,11,0
23/09/2013,08:30,24,24,0
23/09/2013,08:45,14,14,0
23/09/2013,09:00,9,9,0
23/09/2013,09:15,15,14,1
23/09/2013,09:30,10,10,0
23/09/2013,09:45,14,14,0
23/09/2013,10:00,12,12,0
23/09/2013,10:15,18,18,0
23/09/2013,10:30,21,21,0
23/09/2013,10:45,7,7,0
23/09/2013,11:00,19,19,0
23/09/2013,11:15,17,17,0
23/09/2013,11:30,22,22,0
23/09/2013,11:45,12,12,0
23/09/2013,12:00,17,17,0
23/09/2013,12:15,18,18,0
23/09/2013,12:30,11,11,0
23/09/2013,12:45,12,12,0
23/09/2013,13:00,16,16,0
23/09/2013,13:15,19,19,0
23/09/2013,13:30,13,13,0
23/09/2013,13:45,4,4,0
23/09/2013,14:00,22,22,0
23/09/2013,14:15,41,41,0
23/09/2013,14:30,32,32,0
23/09/2013,14:45,16,16,0
23/09/2013,15:00,24,24,0
23/09/2013,15:15,21,21,0
23/09/2013,15:30,25,25,0
23/09/2013,15:45,33,33,0
23/09/2013,16:00,20,20,0
23/09/2013,16:15,16,16,0
23/09/2013,16:30,30,30,0
23/09/2013,16:45,24,24,0
23/09/2013,17:00,34,34,0
23/09/2013,17:15,19,19,0
23/09/2013,17:30,27,27,0
23/09/2013,17:45,32,32,0
23/09/2013,18:00,31,31,0
23/09/2013,18:15,27,27,0
23/09/2013,18:30,26,26,0
23/09/2013,18:45,12,12,0
23/09/2013,19:00,12,12,0
23/09/2013,19:15,13,13,0
23/09/2013,19:30,10,10,0
23/09/2013,19:45,3,3,0
23/09/2013,20:00,4,4,0
23/09/2013,20:15,3,3,0
23/09/2013,20:30,2,2,0
23/09/2013,20:45,3,3,0
23/09/2013,21:00,0,0,0
23/09/2013,21:15,0,0,0
23/09/2013,21:30,1,1,0
23/09/2013,21:45,2,2,0
23/09/2013,22:00,0,0,0
23/09/2013,22:15,0,0,0
23/09/2013,22:30,1,1,0
23/09/2013,22:45,0,0,0
23/09/2013,23:00,1,1,0
23/09/2013,23:15,0,0,0
23/09/2013,23:30,0,0,0
23/09/2013,23:45,0,0,0
24/09/2013,00:00,0,0,0
24/09/2013,00:15,0,0,0
24/09/2013,00:30,0,0,0
24/09/2013,00:45,0,0,0
24/09/2013,01:00,0,0,0
24/09/2013,01:15,0,0,0
24/09/2013,01:30,0,0,0
24/09/2013,01:45,0,0,0
24/09/2013,02:00,0,0,0
24/09/2013,02:15,0,0,0
24/09/2013,02:30,0,0,0
24/09/2013,02:45,0,0,0
24/09/2013,03:00,0,0,0
24/09/2013,03:15,0,0,0
24/09/2013,03:30,0,0,0
24/09/2013,03:45,0,0,0
24/09/2013,04:00,0,0,0
24/09/2013,04:15,0,0,0
24/09/2013,04:30,1,1,0
24/09/2013,04:45,0,0,0
24/09/2013,05:00,3,3,0
24/09/2013,05:15,6,6,0
24/09/2013,05:30,3,3,0
24/09/2013,05:45,6,6,0
24/09/2013,06:00,7,7,0
24/09/2013,06:15,8,8,0
24/09/2013,06:30,21,21,0
24/09/2013,06:45,10,10,0
24/09/2013,07:00,13,13,0
24/09/2013,07:15,29,29,0
24/09/2013,07:30,28,27,1
24/09/2013,07:45,102,102,0
24/09/2013,08:00,59,59,0
24/09/2013,08:15,20,19,1
24/09/2013,08:30,17,17,0
24/09/2013,08:45,11,11,0
24/09/2013,09:00,5,5,0
24/09/2013,09:15,6,6,0
24/09/2013,09:30,16,16,0
24/09/2013,09:45,15,15,0
24/09/2013,10:00,15,15,0
24/09/2013,10:15,26,26,0
24/09/2013,10:30,17,17,0
24/09/2013,10:45,22,22,0
24/09/2013,11:00,19,19,0
24/09/2013,11:15,15,15,0
24/09/2013,11:30,16,16,0
24/09/2013,11:45,11,11,0
24/09/2013,12:00,8,8,0
24/09/2013,12:15,14,14,0
24/09/2013,12:30,12,12,0
24/09/2013,12:45,19,19,0
24/09/2013,13:00,11,11,0
24/09/2013,13:15,17,17,0
24/09/2013,13:30,15,15,0
24/09/2013,13:45,20,20,0
24/09/2013,14:00,8,8,0
24/09/2013,14:15,13,13,0
24/09/2013,14:30,9,9,0
24/09/2013,14:45,19,19,0
24/09/2013,15:00,66,66,0
24/09/2013,15:15,16,16,0
24/09/2013,15:30,14,14,0
24/09/2013,15:45,18,18,0
24/09/2013,16:00,28,28,0
24/09/2013,16:15,19,19,0
24/09/2013,16:30,23,23,0
24/09/2013,16:45,33,33,0
24/09/2013,17:00,21,20,1
24/09/2013,17:15,26,26,0
24/09/2013,17:30,32,31,1
24/09/2013,17:45,31,31,0
24/09/2013,18:00,40,39,1
24/09/2013,18:15,34,34,0
24/09/2013,18:30,23,21,2
24/09/2013,18:45,15,15,0
24/09/2013,19:00,13,13,0
24/09/2013,19:15,7,7,0
24/09/2013,19:30,6,6,0
24/09/2013,19:45,4,4,0
24/09/2013,20:00,2,2,0
24/09/2013,20:15,3,3,0
24/09/2013,20:30,2,2,0
24/09/2013,20:45,2,2,0
24/09/2013,21:00,3,3,0
24/09/2013,21:15,0,0,0
24/09/2013,21:30,0,0,0
24/09/2013,21:45,0,0,0
24/09/2013,22:00,4,4,0
24/09/2013,22:15,4,4,0
24/09/2013,22:30,1,1,0
24/09/2013,22:45,0,0,0
24/09/2013,23:00,1,1,0
24/09/2013,23:15,1,1,0
24/09/2013,23:30,0,0,0
24/09/2013,23:45,0,0,0
25/09/2013,00:00,0,0,0
25/09/2013,00:15,0,0,0
25/09/2013,00:30,0,0,0
25/09/2013,00:45,0,0,0
25/09/2013,01:00,0,0,0
25/09/2013,01:15,0,0,0
25/09/2013,01:30,0,0,0
25/09/2013,01:45,0,0,0
25/09/2013,02:00,0,0,0
25/09/2013,02:15,0,0,0
25/09/2013,02:30,0,0,0
25/09/2013,02:45,0,0,0
25/09/2013,03:00,0,0,0
25/09/2013,03:15,0,0,0
25/09/2013,03:30,0,0,0
25/09/2013,03:45,0,0,0
25/09/2013,04:00,1,1,0
25/09/2013,04:15,1,1,0
25/09/2013,04:30,1,1,0
25/09/2013,04:45,0,0,0
25/09/2013,05:00,0,0,0
25/09/2013,05:15,2,2,0
25/09/2013,05:30,2,2,0
25/09/2013,05:45,9,9,0
25/09/2013,06:00,8,8,0
25/09/2013,06:15,8,8,0
25/09/2013,06:30,16,16,0
25/09/2013,06:45,17,17,0
25/09/2013,07:00,15,15,0
25/09/2013,07:15,14,14,0
25/09/2013,07:30,32,32,0
25/09/2013,07:45,87,87,0
25/09/2013,08:00,57,57,0
25/09/2013,08:15,19,19,0
25/09/2013,08:30,19,19,0
25/09/2013,08:45,9,8,1
25/09/2013,09:00,17,17,0
25/09/2013,09:15,19,19,0
25/09/2013,09:30,7,7,0
25/09/2013,09:45,7,7,0
25/09/2013,10:00,10,10,0
25/09/2013,10:15,18,18,0
25/09/2013,10:30,9,8,1
25/09/2013,10:45,13,13,0
25/09/2013,11:00,9,9,0
25/09/2013,11:15,11,11,0
25/09/2013,11:30,12,12,0
25/09/2013,11:45,10,10,0
25/09/2013,12:00,16,16,0
25/09/2013,12:15,14,14,0
25/09/2013,12:30,21,7,14
25/09/2013,12:45,58,20,38
25/09/2013,13:00,24,18,6
25/09/2013,13:15,59,50,9
25/09/2013,13:30,32,19,13
25/09/2013,13:45,37,25,12
25/09/2013,14:00,42,29,13
25/09/2013,14:15,43,23,20
25/09/2013,14:30,47,11,36
25/09/2013,14:45,61,15,46
25/09/2013,15:00,69,15,54
25/09/2013,15:15,94,27,67
25/09/2013,15:30,99,20,79
25/09/2013,15:45,133,25,108
25/09/2013,16:00,129,16,113
25/09/2013,16:15,133,18,115
25/09/2013,16:30,158,24,134
25/09/2013,16:45,207,23,184
25/09/2013,17:00,198,24,174
25/09/2013,17:15,142,28,114
25/09/2013,17:30,157,32,125
25/09/2013,17:45,97,10,87
25/09/2013,18:00,77,21,56
25/09/2013,18:15,38,17,21
25/09/2013,18:30,65,15,50
25/09/2013,18:45,51,14,37
25/09/2013,19:00,22,11,11
25/09/2013,19:15,10,4,6
25/09/2013,19:30,11,3,8
25/09/2013,19:45,8,8,0
25/09/2013,20:00,2,1,1
25/09/2013,20:15,1,0,1
25/09/2013,20:30,2,1,1
25/09/2013,20:45,3,2,1
25/09/2013,21:00,2,2,0
25/09/2013,21:15,2,2,0
25/09/2013,21:30,0,0,0
25/09/2013,21:45,2,2,0
25/09/2013,22:00,2,2,0
25/09/2013,22:15,3,3,0
25/09/2013,22:30,0,0,0
25/09/2013,22:45,4,4,0
25/09/2013,23:00,0,0,0
25/09/2013,23:15,0,0,0
25/09/2013,23:30,0,0,0
25/09/2013,23:45,0,0,0
26/09/2013,00:00,0,0,0
26/09/2013,00:15,0,0,0
26/09/2013,00:30,0,0,0
26/09/2013,00:45,0,0,0
26/09/2013,01:00,0,0,0
26/09/2013,01:15,0,0,0
26/09/2013,01:30,1,0,1
26/09/2013,01:45,0,0,0
26/09/2013,02:00,0,0,0
26/09/2013,02:15,0,0,0
26/09/2013,02:30,0,0,0
26/09/2013,02:45,0,0,0
26/09/2013,03:00,0,0,0
26/09/2013,03:15,0,0,0
26/09/2013,03:30,0,0,0
26/09/2013,03:45,0,0,0
26/09/2013,04:00,0,0,0
26/09/2013,04:15,0,0,0
26/09/2013,04:30,1,1,0
26/09/2013,04:45,1,1,0
26/09/2013,05:00,4,4,0
26/09/2013,05:15,2,2,0
26/09/2013,05:30,5,2,3
26/09/2013,05:45,2,2,0
26/09/2013,06:00,14,13,1
26/09/2013,06:15,12,8,4
26/09/2013,06:30,15,10,5
26/09/2013,06:45,24,10,14
26/09/2013,07:00,22,16,6
26/09/2013,07:15,19,11,8
26/09/2013,07:30,33,27,6
26/09/2013,07:45,122,98,24
26/09/2013,08:00,63,51,12
26/09/2013,08:15,26,18,8
26/09/2013,08:30,36,23,13
26/09/2013,08:45,36,21,15
26/09/2013,09:00,34,14,20
26/09/2013,09:15,25,14,11
26/09/2013,09:30,24,16,8
26/09/2013,09:45,36,25,11
26/09/2013,10:00,25,18,7
26/09/2013,10:15,23,17,6
26/09/2013,10:30,25,22,3
26/09/2013,10:45,20,12,8
26/09/2013,11:00,21,14,7
26/09/2013,11:15,18,13,5
26/09/2013,11:30,16,8,8
26/09/2013,11:45,18,13,5
26/09/2013,12:00,25,20,5
26/09/2013,12:15,18,14,4
26/09/2013,12:30,16,12,4
26/09/2013,12:45,18,13,5
26/09/2013,13:00,21,14,7
26/09/2013,13:15,21,17,4
26/09/2013,13:30,18,13,5
26/09/2013,13:45,24,15,9
26/09/2013,14:00,38,16,22
26/09/2013,14:15,48,10,38
26/09/2013,14:30,89,26,63
26/09/2013,14:45,122,19,103
26/09/2013,15:00,134,59,75
26/09/2013,15:15,154,22,132
26/09/2013,15:30,136,14,122
26/09/2013,15:45,171,31,140
26/09/2013,16:00,100,20,80
26/09/2013,16:15,54,21,33
26/09/2013,16:30,88,30,58
26/09/2013,16:45,68,18,50
26/09/2013,17:00,59,28,31
26/09/2013,17:15,136,25,111
26/09/2013,17:30,207,32,175
26/09/2013,17:45,100,28,72
26/09/2013,18:00,45,34,11
26/09/2013,18:15,42,19,23
26/09/2013,18:30,59,32,27
26/09/2013,18:45,16,12,4
26/09/2013,19:00,27,17,10
26/09/2013,19:15,8,5,3
26/09/2013,19:30,7,3,4
26/09/2013,19:45,4,3,1
26/09/2013,20:00,12,11,1
26/09/2013,20:15,4,2,2
26/09/2013,20:30,4,3,1
26/09/2013,20:45,3,2,1
26/09/2013,21:00,8,6,2
26/09/2013,21:15,0,0,0
26/09/2013,21:30,0,0,0
26/09/2013,21:45,1,1,0
26/09/2013,22:00,1,1,0
26/09/2013,22:15,0,0,0
26/09/2013,22:30,3,3,0
26/09/2013,22:45,1,1,0
26/09/2013,23:00,1,1,0
26/09/2013,23:15,0,0,0
26/09/2013,23:30,0,0,0
26/09/2013,23:45,0,0,0
27/09/2013,00:00,2,1,1
27/09/2013,00:15,0,0,0
27/09/2013,00:30,0,0,0
27/09/2013,00:45,0,0,0
27/09/2013,01:00,0,0,0
27/09/2013,01:15,0,0,0
27/09/2013,01:30,0,0,0
27/09/2013,01:45,0,0,0
27/09/2013,02:00,0,0,0
27/09/2013,02:15,0,0,0
27/09/2013,02:30,0,0,0
27/09/2013,02:45,0,0,0
27/09/2013,03:00,0,0,0
27/09/2013,03:15,1,0,1
27/09/2013,03:30,0,0,0
27/09/2013,03:45,0,0,0
27/09/2013,04:00,0,0,0
27/09/2013,04:15,2,2,0
27/09/2013,04:30,1,1,0
27/09/2013,04:45,0,0,0
27/09/2013,05:00,3,3,0
27/09/2013,05:15,5,5,0
27/09/2013,05:30,4,4,0
27/09/2013,05:45,3,3,0
27/09/2013,06:00,10,6,4
27/09/2013,06:15,16,9,7
27/09/2013,06:30,16,11,5
27/09/2013,06:45,17,9,8
27/09/2013,07:00,34,22,12
27/09/2013,07:15,28,17,11
27/09/2013,07:30,41,33,8
27/09/2013,07:45,91,80,11
27/09/2013,08:00,57,49,8
27/09/2013,08:15,29,20,9
27/09/2013,08:30,31,12,19
27/09/2013,08:45,43,22,21
27/09/2013,09:00,35,17,18
27/09/2013,09:15,31,16,15
27/09/2013,09:30,27,19,8
27/09/2013,09:45,32,22,10
27/09/2013,10:00,26,16,10
27/09/2013,10:15,25,16,9
27/09/2013,10:30,23,19,4
27/09/2013,10:45,25,19,6
27/09/2013,11:00,23,14,9
27/09/2013,11:15,20,13,7
27/09/2013,11:30,38,30,8
27/09/2013,11:45,32,24,8
27/09/2013,12:00,28,19,9
27/09/2013,12:15,25,21,4
27/09/2013,12:30,35,22,13
27/09/2013,12:45,22,15,7
27/09/2013,13:00,30,23,7
27/09/2013,13:15,17,12,5
27/09/2013,13:30,37,29,8
27/09/2013,13:45,39,25,14
27/09/2013,14:00,61,42,19
27/09/2013,14:15,82,51,31
27/09/2013,14:30,95,64,31
27/09/2013,14:45,56,19,37
27/09/2013,15:00,44,16,28
27/09/2013,15:15,75,20,55
27/09/2013,15:30,115,28,87
27/09/2013,15:45,92,30,62
27/09/2013,16:00,111,28,83
27/09/2013,16:15,89,17,72
27/09/2013,16:30,175,54,121
27/09/2013,16:45,134,38,96
27/09/2013,17:00,113,29,84
27/09/2013,17:15,83,32,51
27/09/2013,17:30,93,16,77
27/09/2013,17:45,88,17,71
27/09/2013,18:00,56,23,33
27/09/2013,18:15,52,24,28
27/09/2013,18:30,33,13,20
27/09/2013,18:45,26,13,13
27/09/2013,19:00,14,6,8
27/09/2013,19:15,13,5,8
27/09/2013,19:30,4,1,3
27/09/2013,19:45,3,3,0
27/09/2013,20:00,5,1,4
27/09/2013,20:15,3,2,1
27/09/2013,20:30,4,4,0
27/09/2013,20:45,1,1,0
27/09/2013,21:00,0,0,0
27/09/2013,21:15,1,1,0
27/09/2013,21:30,4,3,1
27/09/2013,21:45,5,5,0
27/09/2013,22:00,3,3,0
27/09/2013,22:15,2,2,0
27/09/2013,22:30,3,1,2
27/09/2013,22:45,1,1,0
27/09/2013,23:00,0,0,0
27/09/2013,23:15,1,1,0
27/09/2013,23:30,0,0,0
27/09/2013,23:45,0,0,0
28/09/2013,00:00,1,1,0
28/09/2013,00:15,0,0,0
28/09/2013,00:30,0,0,0
28/09/2013,00:45,0,0,0
28/09/2013,01:00,0,0,0
28/09/2013,01:15,0,0,0
28/09/2013,01:30,0,0,0
28/09/2013,01:45,0,0,0
28/09/2013,02:00,0,0,0
28/09/2013,02:15,0,0,0
28/09/2013,02:30,0,0,0
28/09/2013,02:45,1,0,1
28/09/2013,03:00,0,0,0
28/09/2013,03:15,0,0,0
28/09/2013,03:30,1,1,0
28/09/2013,03:45,0,0,0
28/09/2013,04:00,0,0,0
28/09/2013,04:15,1,0,1
28/09/2013,04:30,0,0,0
28/09/2013,04:45,0,0,0
28/09/2013,05:00,3,2,1
28/09/2013,05:15,4,2,2
28/09/2013,05:30,0,0,0
28/09/2013,05:45,3,3,0
28/09/2013,06:00,0,0,0
28/09/2013,06:15,2,1,1
28/09/2013,06:30,2,0,2
28/09/2013,06:45,13,7,6
28/09/2013,07:00,10,4,6
28/09/2013,07:15,16,8,8
28/09/2013,07:30,18,8,10
28/09/2013,07:45,29,16,13
28/09/2013,08:00,50,37,13
28/09/2013,08:15,65,31,34
28/09/2013,08:30,63,27,36
28/09/2013,08:45,69,45,24
28/09/2013,09:00,100,78,22
28/09/2013,09:15,105,87,18
28/09/2013,09:30,107,79,28
28/09/2013,09:45,103,81,22
28/09/2013,10:00,112,82,30
28/09/2013,10:15,117,98,19
28/09/2013,10:30,92,79,13
28/09/2013,10:45,90,80,10
28/09/2013,11:00,114,85,29
28/09/2013,11:15,106,71,35
28/09/2013,11:30,130,116,14
28/09/2013,11:45,129,117,12
28/09/2013,12:00,92,72,20
28/09/2013,12:15,121,91,30
28/09/2013,12:30,100,76,24
28/09/2013,12:45,73,60,13
28/09/2013,13:00,85,62,23
28/09/2013,13:15,101,69,32
28/09/2013,13:30,108,69,39
28/09/2013,13:45,142,80,62
28/09/2013,14:00,96,61,35
28/09/2013,14:15,117,41,76
28/09/2013,14:30,161,95,66
28/09/2013,14:45,200,79,121
28/09/2013,15:00,189,45,144
28/09/2013,15:15,194,39,155
28/09/2013,15:30,165,36,129
28/09/2013,15:45,161,48,113
28/09/2013,16:00,159,51,108
28/09/2013,16:15,164,46,118
28/09/2013,16:30,92,44,48
28/09/2013,16:45,49,20,29
28/09/2013,17:00,46,25,21
28/09/2013,17:15,98,27,71
28/09/2013,17:30,117,20,97
28/09/2013,17:45,114,29,85
28/09/2013,18:00,70,14,56
28/09/2013,18:15,40,5,35
28/09/2013,18:30,16,5,11
28/09/2013,18:45,16,7,9
28/09/2013,19:00,11,5,6
28/09/2013,19:15,7,5,2
28/09/2013,19:30,7,1,6
28/09/2013,19:45,1,1,0
28/09/2013,20:00,3,3,0
28/09/2013,20:15,1,0,1
28/09/2013,20:30,2,2,0
28/09/2013,20:45,1,1,0
28/09/2013,21:00,0,0,0
28/09/2013,21:15,0,0,0
28/09/2013,21:30,0,0,0
28/09/2013,21:45,2,2,0
28/09/2013,22:00,2,2,0
28/09/2013,22:15,2,2,0
28/09/2013,22:30,0,0,0
28/09/2013,22:45,0,0,0
28/09/2013,23:00,1,0,1
28/09/2013,23:15,0,0,0
28/09/2013,23:30,1,0,1
28/09/2013,23:45,0,0,0
29/09/2013,00:00,0,0,0
29/09/2013,00:15,0,0,0
29/09/2013,00:30,0,0,0
29/09/2013,00:45,0,0,0
29/09/2013,01:00,0,0,0
29/09/2013,01:15,0,0,0
29/09/2013,01:30,0,0,0
29/09/2013,01:45,0,0,0
29/09/2013,02:00,0,0,0
29/09/2013,02:15,0,0,0
29/09/2013,02:30,0,0,0
29/09/2013,02:45,0,0,0
29/09/2013,03:00,0,0,0
29/09/2013,03:15,0,0,0
29/09/2013,03:30,0,0,0
29/09/2013,03:45,0,0,0
29/09/2013,04:00,2,2,0
29/09/2013,04:15,0,0,0
29/09/2013,04:30,0,0,0
29/09/2013,04:45,1,0,1
29/09/2013,05:00,0,0,0
29/09/2013,05:15,1,1,0
29/09/2013,05:30,0,0,0
29/09/2013,05:45,3,1,2
29/09/2013,06:00,0,0,0
29/09/2013,06:15,1,0,1
29/09/2013,06:30,2,2,0
29/09/2013,06:45,3,2,1
29/09/2013,07:00,10,7,3
29/09/2013,07:15,14,7,7
29/09/2013,07:30,22,7,15
29/09/2013,07:45,92,18,74
29/09/2013,08:00,217,7,210
29/09/2013,08:15,230,16,214
29/09/2013,08:30,143,16,127
29/09/2013,08:45,46,10,36
29/09/2013,09:00,57,40,17
29/09/2013,09:15,54,40,14
29/09/2013,09:30,58,47,11
29/09/2013,09:45,57,48,9
29/09/2013,10:00,103,73,30
29/09/2013,10:15,94,81,13
29/09/2013,10:30,87,76,11
29/09/2013,10:45,80,65,15
29/09/2013,11:00,80,65,15
29/09/2013,11:15,107,79,28
29/09/2013,11:30,74,65,9
29/09/2013,11:45,52,46,6
29/09/2013,12:00,77,70,7
29/09/2013,12:15,89,84,5
29/09/2013,12:30,70,62,8
29/09/2013,12:45,77,68,9
29/09/2013,13:00,69,61,8
29/09/2013,13:15,52,46,6
29/09/2013,13:30,55,52,3
29/09/2013,13:45,44,42,2
29/09/2013,14:00,49,46,3
29/09/2013,14:15,57,49,8
29/09/2013,14:30,70,52,18
29/09/2013,14:45,64,46,18
29/09/2013,15:00,59,39,20
29/09/2013,15:15,67,26,41
29/09/2013,15:30,86,33,53
29/09/2013,15:45,76,25,51
29/09/2013,16:00,67,39,28
29/09/2013,16:15,77,34,43
29/09/2013,16:30,123,32,91
29/09/2013,16:45,68,34,34
29/09/2013,17:00,41,27,14
29/09/2013,17:15,37,32,5
29/09/2013,17:30,30,19,11
29/09/2013,17:45,27,17,10
29/09/2013,18:00,22,16,6
29/09/2013,18:15,8,7,1
29/09/2013,18:30,7,4,3
29/09/2013,18:45,6,4,2
29/09/2013,19:00,8,7,1
29/09/2013,19:15,3,2,1
29/09/2013,19:30,6,1,5
29/09/2013,19:45,0,0,0
29/09/2013,20:00,1,1,0
29/09/2013,20:15,4,4,0
29/09/2013,20:30,7,6,1
29/09/2013,20:45,2,2,0
29/09/2013,21:00,2,2,0
29/09/2013,21:15,1,1,0
29/09/2013,21:30,2,2,0
29/09/2013,21:45,0,0,0
29/09/2013,22:00,0,0,0
29/09/2013,22:15,0,0,0
29/09/2013,22:30,1,1,0
29/09/2013,22:45,0,0,0
29/09/2013,23:00,0,0,0
29/09/2013,23:15,0,0,0
29/09/2013,23:30,0,0,0
29/09/2013,23:45,0,0,0
30/09/2013,00:00,0,0,0
30/09/2013,00:15,0,0,0
30/09/2013,00:30,0,0,0
30/09/2013,00:45,0,0,0
30/09/2013,01:00,0,0,0
30/09/2013,01:15,0,0,0
30/09/2013,01:30,0,0,0
30/09/2013,01:45,0,0,0
30/09/2013,02:00,0,0,0
30/09/2013,02:15,0,0,0
30/09/2013,02:30,0,0,0
30/09/2013,02:45,0,0,0
30/09/2013,03:00,1,1,0
30/09/2013,03:15,1,1,0
30/09/2013,03:30,0,0,0
30/09/2013,03:45,0,0,0
30/09/2013,04:00,0,0,0
30/09/2013,04:15,0,0,0
30/09/2013,04:30,2,0,2
30/09/2013,04:45,2,1,1
30/09/2013,05:00,1,1,0
30/09/2013,05:15,0,0,0
30/09/2013,05:30,0,0,0
30/09/2013,05:45,1,1,0
30/09/2013,06:00,5,3,2
30/09/2013,06:15,2,0,2
30/09/2013,06:30,13,11,2
30/09/2013,06:45,4,2,2
30/09/2013,07:00,19,17,2
30/09/2013,07:15,10,4,6
30/09/2013,07:30,14,10,4
30/09/2013,07:45,14,10,4
30/09/2013,08:00,20,18,2
30/09/2013,08:15,67,54,13
30/09/2013,08:30,43,38,5
30/09/2013,08:45,15,11,4
30/09/2013,09:00,21,12,9
30/09/2013,09:15,17,10,7
30/09/2013,09:30,14,5,9
30/09/2013,09:45,9,4,5
30/09/2013,10:00,14,8,6
30/09/2013,10:15,9,8,1
30/09/2013,10:30,19,12,7
30/09/2013,10:45,13,9,4
30/09/2013,11:00,18,13,5
30/09/2013,11:15,10,4,6
30/09/2013,11:30,25,15,10
30/09/2013,11:45,15,10,5
30/09/2013,12:00,17,9,8
30/09/2013,12:15,21,13,8
30/09/2013,12:30,10,6,4
30/09/2013,12:45,16,12,4
30/09/2013,13:00,24,17,7
30/09/2013,13:15,13,11,2
30/09/2013,13:30,13,6,7
30/09/2013,13:45,16,12,4
30/09/2013,14:00,35,28,7
30/09/2013,14:15,32,27,5
30/09/2013,14:30,29,22,7
30/09/2013,14:45,17,13,4
30/09/2013,15:00,22,15,7
30/09/2013,15:15,33,11,22
30/09/2013,15:30,23,10,13
30/09/2013,15:45,25,16,9
30/09/2013,16:00,37,24,13
30/09/2013,16:15,24,13,11
30/09/2013,16:30,37,17,20
30/09/2013,16:45,61,15,46
30/09/2013,17:00,51,19,32
30/09/2013,17:15,34,18,16
30/09/2013,17:30,43,26,17
30/09/2013,17:45,38,22,16
30/09/2013,18:00,31,22,9
30/09/2013,18:15,44,24,20
30/09/2013,18:30,26,9,17
30/09/2013,18:45,37,10,27
30/09/2013,19:00,9,1,8
30/09/2013,19:15,15,7,8
30/09/2013,19:30,6,2,4
30/09/2013,19:45,5,3,2
30/09/2013,20:00,3,0,3
30/09/2013,20:15,3,2,1
30/09/2013,20:30,1,1,0
30/09/2013,20:45,2,2,0
30/09/2013,21:00,2,2,0
30/09/2013,21:15,1,1,0
30/09/2013,21:30,0,0,0
30/09/2013,21:45,0,0,0
30/09/2013,22:00,1,0,1
30/09/2013,22:15,1,1,0
30/09/2013,22:30,1,0,1
30/09/2013,22:45,0,0,0
30/09/2013,23:00,0,0,0
30/09/2013,23:15,0,0,0
30/09/2013,23:30,1,1,0
30/09/2013,23:45,0,0,0
01/10/2013,00:00,0,0,0
01/10/2013,00:15,0,0,0
01/10/2013,00:30,0,0,0
01/10/2013,00:45,0,0,0
01/10/2013,01:00,0,0,0
01/10/2013,01:15,0,0,0
01/10/2013,01:30,0,0,0
01/10/2013,01:45,0,0,0
01/10/2013,02:00,0,0,0
01/10/2013,02:15,0,0,0
01/10/2013,02:30,0,0,0
01/10/2013,02:45,0,0,0
01/10/2013,03:00,0,0,0
01/10/2013,03:15,0,0,0
01/10/2013,03:30,0,0,0
01/10/2013,03:45,0,0,0
01/10/2013,04:00,0,0,0
01/10/2013,04:15,1,1,0
01/10/2013,04:30,1,1,0
01/10/2013,04:45,2,1,1
01/10/2013,05:00,4,4,0
01/10/2013,05:15,5,5,0
01/10/2013,05:30,4,3,1
01/10/2013,05:45,12,9,3
01/10/2013,06:00,16,12,4
01/10/2013,06:15,12,7,5
01/10/2013,06:30,37,26,11
01/10/2013,06:45,27,15,12
01/10/2013,07:00,27,17,10
01/10/2013,07:15,28,21,7
01/10/2013,07:30,30,20,10
01/10/2013,07:45,100,91,9
01/10/2013,08:00,67,60,7
01/10/2013,08:15,40,23,17
01/10/2013,08:30,44,27,17
01/10/2013,08:45,32,19,13
01/10/2013,09:00,33,16,17
01/10/2013,09:15,27,12,15
01/10/2013,09:30,28,15,13
01/10/2013,09:45,25,13,12
01/10/2013,10:00,29,15,14
01/10/2013,10:15,20,12,8
01/10/2013,10:30,20,13,7
01/10/2013,10:45,25,18,7
01/10/2013,11:00,16,11,5
01/10/2013,11:15,27,18,9
01/10/2013,11:30,30,20,10
01/10/2013,11:45,20,11,9
01/10/2013,12:00,21,13,8
01/10/2013,12:15,24,20,4
01/10/2013,12:30,35,20,15
01/10/2013,12:45,22,15,7
01/10/2013,13:00,29,17,12
01/10/2013,13:15,30,21,9
01/10/2013,13:30,32,18,14
01/10/2013,13:45,41,30,11
01/10/2013,14:00,26,19,7
01/10/2013,14:15,27,21,6
01/10/2013,14:30,30,24,6
01/10/2013,14:45,44,25,19
01/10/2013,15:00,93,73,20
01/10/2013,15:15,30,25,5
01/10/2013,15:30,33,15,18
01/10/2013,15:45,54,29,25
01/10/2013,16:00,34,21,13
01/10/2013,16:15,33,13,20
01/10/2013,16:30,56,24,32
01/10/2013,16:45,59,24,35
01/10/2013,17:00,67,32,35
01/10/2013,17:15,47,26,21
01/10/2013,17:30,43,24,19
01/10/2013,17:45,56,31,25
01/10/2013,18:00,58,35,23
01/10/2013,18:15,50,30,20
01/10/2013,18:30,70,41,29
01/10/2013,18:45,40,17,23
01/10/2013,19:00,26,8,18
01/10/2013,19:15,15,7,8
01/10/2013,19:30,19,14,5
01/10/2013,19:45,5,2,3
01/10/2013,20:00,7,2,5
01/10/2013,20:15,3,0,3
01/10/2013,20:30,0,0,0
01/10/2013,20:45,1,1,0
01/10/2013,21:00,0,0,0
01/10/2013,21:15,4,4,0
01/10/2013,21:30,0,0,0
01/10/2013,21:45,1,1,0
01/10/2013,22:00,2,2,0
01/10/2013,22:15,1,1,0
01/10/2013,22:30,1,0,1
01/10/2013,22:45,2,0,2
01/10/2013,23:00,0,0,0
01/10/2013,23:15,0,0,0
01/10/2013,23:30,0,0,0
01/10/2013,23:45,0,0,0
02/10/2013,00:00,0,0,0
02/10/2013,00:15,0,0,0
02/10/2013,00:30,0,0,0
02/10/2013,00:45,0,0,0
02/10/2013,01:00,0,0,0
02/10/2013,01:15,0,0,0
02/10/2013,01:30,0,0,0
02/10/2013,01:45,0,0,0
02/10/2013,02:00,0,0,0
02/10/2013,02:15,0,0,0
02/10/2013,02:30,0,0,0
02/10/2013,02:45,0,0,0
02/10/2013,03:00,0,0,0
02/10/2013,03:15,0,0,0
02/10/2013,03:30,1,0,1
02/10/2013,03:45,0,0,0
02/10/2013,04:00,0,0,0
02/10/2013,04:15,2,2,0
02/10/2013,04:30,0,0,0
02/10/2013,04:45,0,0,0
02/10/2013,05:00,5,4,1
02/10/2013,05:15,3,2,1
02/10/2013,05:30,3,1,2
02/10/2013,05:45,8,4,4
02/10/2013,06:00,11,6,5
02/10/2013,06:15,16,9,7
02/10/2013,06:30,25,19,6
02/10/2013,06:45,29,15,14
02/10/2013,07:00,31,14,17
02/10/2013,07:15,43,23,20
02/10/2013,07:30,32,21,11
02/10/2013,07:45,111,98,13
02/10/2013,08:00,63,48,15
02/10/2013,08:15,15,8,7
02/10/2013,08:30,33,18,15
02/10/2013,08:45,36,10,26
02/10/2013,09:00,37,12,25
02/10/2013,09:15,35,10,25
02/10/2013,09:30,55,14,41
02/10/2013,09:45,33,19,14
02/10/2013,10:00,31,19,12
02/10/2013,10:15,35,16,19
02/10/2013,10:30,22,19,3
02/10/2013,10:45,25,16,9
02/10/2013,11:00,23,13,10
02/10/2013,11:15,35,18,17
02/10/2013,11:30,24,14,10
02/10/2013,11:45,24,16,8
02/10/2013,12:00,33,20,13
02/10/2013,12:15,36,16,20
02/10/2013,12:30,16,8,8
02/10/2013,12:45,21,11,10
02/10/2013,13:00,43,21,22
02/10/2013,13:15,66,40,26
02/10/2013,13:30,58,43,15
02/10/2013,13:45,107,37,70
02/10/2013,14:00,67,35,32
02/10/2013,14:15,38,29,9
02/10/2013,14:30,37,24,13
02/10/2013,14:45,43,33,10
02/10/2013,15:00,18,14,4
02/10/2013,15:15,26,12,14
02/10/2013,15:30,42,26,16
02/10/2013,15:45,47,35,12
02/10/2013,16:00,38,26,12
02/10/2013,16:15,37,27,10
02/10/2013,16:30,34,18,16
02/10/2013,16:45,57,21,36
02/10/2013,17:00,63,27,36
02/10/2013,17:15,46,30,16
02/10/2013,17:30,58,26,32
02/10/2013,17:45,30,18,12
02/10/2013,18:00,60,39,21
02/10/2013,18:15,49,30,19
02/10/2013,18:30,45,25,20
02/10/2013,18:45,53,16,37
02/10/2013,19:00,18,11,7
02/10/2013,19:15,9,3,6
02/10/2013,19:30,8,5,3
02/10/2013,19:45,2,2,0
02/10/2013,20:00,3,3,0
02/10/2013,20:15,2,1,1
02/10/2013,20:30,3,3,0
02/10/2013,20:45,1,1,0
02/10/2013,21:00,0,0,0
02/10/2013,21:15,1,0,1
02/10/2013,21:30,4,3,1
02/10/2013,21:45,2,2,0
02/10/2013,22:00,3,2,1
02/10/2013,22:15,0,0,0
02/10/2013,22:30,0,0,0
02/10/2013,22:45,0,0,0
02/10/2013,23:00,0,0,0
02/10/2013,23:15,0,0,0
02/10/2013,23:30,0,0,0
02/10/2013,23:45,1,1,0
03/10/2013,00:00,0,0,0
03/10/2013,00:15,0,0,0
03/10/2013,00:30,0,0,0
03/10/2013,00:45,0,0,0
03/10/2013,01:00,0,0,0
03/10/2013,01:15,0,0,0
03/10/2013,01:30,0,0,0
03/10/2013,01:45,0,0,0
03/10/2013,02:00,0,0,0
03/10/2013,02:15,0,0,0
03/10/2013,02:30,0,0,0
03/10/2013,02:45,0,0,0
03/10/2013,03:00,1,0,1
03/10/2013,03:15,0,0,0
03/10/2013,03:30,0,0,0
03/10/2013,03:45,0,0,0
03/10/2013,04:00,0,0,0
03/10/2013,04:15,0,0,0
03/10/2013,04:30,1,0,1
03/10/2013,04:45,2,1,1
03/10/2013,05:00,3,2,1
03/10/2013,05:15,3,2,1
03/10/2013,05:30,1,0,1
03/10/2013,05:45,7,6,1
03/10/2013,06:00,21,13,8
03/10/2013,06:15,9,6,3
03/10/2013,06:30,11,9,2
03/10/2013,06:45,16,10,6
03/10/2013,07:00,22,18,4
03/10/2013,07:15,40,23,17
03/10/2013,07:30,29,20,9
03/10/2013,07:45,111,99,12
03/10/2013,08:00,72,56,16
03/10/2013,08:15,39,27,12
03/10/2013,08:30,32,19,13
03/10/2013,08:45,33,22,11
03/10/2013,09:00,27,15,12
03/10/2013,09:15,19,6,13
03/10/2013,09:30,39,21,18
03/10/2013,09:45,34,21,13
03/10/2013,10:00,29,21,8
03/10/2013,10:15,38,27,11
03/10/2013,10:30,27,16,11
03/10/2013,10:45,24,18,6
03/10/2013,11:00,38,22,16
03/10/2013,11:15,27,17,10
03/10/2013,11:30,37,24,13
03/10/2013,11:45,17,10,7
03/10/2013,12:00,31,22,9
03/10/2013,12:15,26,23,3
03/10/2013,12:30,26,14,12
03/10/2013,12:45,27,16,11
03/10/2013,13:00,22,15,7
03/10/2013,13:15,40,36,4
03/10/2013,13:30,30,24,6
03/10/2013,13:45,33,30,3
03/10/2013,14:00,39,25,14
03/10/2013,14:15,22,16,6
03/10/2013,14:30,24,21,3
03/10/2013,14:45,21,14,7
03/10/2013,15:00,101,83,18
03/10/2013,15:15,50,24,26
03/10/2013,15:30,43,21,22
03/10/2013,15:45,47,27,20
03/10/2013,16:00,43,23,20
03/10/2013,16:15,49,35,14
03/10/2013,16:30,39,22,17
03/10/2013,16:45,52,22,30
03/10/2013,17:00,48,28,20
03/10/2013,17:15,44,27,17
03/10/2013,17:30,55,34,21
03/10/2013,17:45,64,41,23
03/10/2013,18:00,38,23,15
03/10/2013,18:15,43,24,19
03/10/2013,18:30,38,20,18
03/10/2013,18:45,21,12,9
03/10/2013,19:00,23,13,10
03/10/2013,19:15,15,10,5
03/10/2013,19:30,3,0,3
03/10/2013,19:45,5,2,3
03/10/2013,20:00,4,1,3
03/10/2013,20:15,1,0,1
03/10/2013,20:30,1,0,1
03/10/2013,20:45,2,2,0
03/10/2013,21:00,2,2,0
03/10/2013,21:15,1,0,1
03/10/2013,21:30,1,1,0
03/10/2013,21:45,1,1,0
03/10/2013,22:00,0,0,0
03/10/2013,22:15,1,1,0
03/10/2013,22:30,0,0,0
03/10/2013,22:45,0,0,0
03/10/2013,23:00,0,0,0
03/10/2013,23:15,0,0,0
03/10/2013,23:30,0,0,0
03/10/2013,23:45,0,0,0
04/10/2013,00:00,0,0,0
04/10/2013,00:15,0,0,0
04/10/2013,00:30,0,0,0
04/10/2013,00:45,0,0,0
04/10/2013,01:00,0,0,0
04/10/2013,01:15,0,0,0
04/10/2013,01:30,0,0,0
04/10/2013,01:45,0,0,0
04/10/2013,02:00,0,0,0
04/10/2013,02:15,0,0,0
04/10/2013,02:30,0,0,0
04/10/2013,02:45,0,0,0
04/10/2013,03:00,0,0,0
04/10/2013,03:15,0,0,0
04/10/2013,03:30,0,0,0
04/10/2013,03:45,0,0,0
04/10/2013,04:00,0,0,0
04/10/2013,04:15,4,3,1
04/10/2013,04:30,0,0,0
04/10/2013,04:45,0,0,0
04/10/2013,05:00,0,0,0
04/10/2013,05:15,2,2,0
04/10/2013,05:30,7,5,2
04/10/2013,05:45,6,5,1
04/10/2013,06:00,9,6,3
04/10/2013,06:15,8,6,2
04/10/2013,06:30,22,10,12
04/10/2013,06:45,16,9,7
04/10/2013,07:00,28,18,10
04/10/2013,07:15,25,14,11
04/10/2013,07:30,35,25,10
04/10/2013,07:45,82,72,10
04/10/2013,08:00,49,35,14
04/10/2013,08:15,22,10,12
04/10/2013,08:30,33,18,15
04/10/2013,08:45,29,13,16
04/10/2013,09:00,33,11,22
04/10/2013,09:15,25,11,14
04/10/2013,09:30,38,15,23
04/10/2013,09:45,26,17,9
04/10/2013,10:00,27,14,13
04/10/2013,10:15,47,39,8
04/10/2013,10:30,28,17,11
04/10/2013,10:45,33,21,12
04/10/2013,11:00,20,14,6
04/10/2013,11:15,31,16,15
04/10/2013,11:30,42,32,10
04/10/2013,11:45,30,24,6
04/10/2013,12:00,29,17,12
04/10/2013,12:15,31,27,4
04/10/2013,12:30,31,26,5
04/10/2013,12:45,27,17,10
04/10/2013,13:00,24,12,12
04/10/2013,13:15,30,19,11
04/10/2013,13:30,36,30,6
04/10/2013,13:45,21,15,6
04/10/2013,14:00,27,20,7
04/10/2013,14:15,71,60,11
04/10/2013,14:30,43,33,10
04/10/2013,14:45,36,26,10
04/10/2013,15:00,50,34,16
04/10/2013,15:15,32,20,12
04/10/2013,15:30,47,31,16
04/10/2013,15:45,58,50,8
04/10/2013,16:00,40,17,23
04/10/2013,16:15,37,23,14
04/10/2013,16:30,45,26,19
04/10/2013,16:45,73,40,33
04/10/2013,17:00,50,19,31
04/10/2013,17:15,46,25,21
04/10/2013,17:30,41,24,17
04/10/2013,17:45,54,45,9
04/10/2013,18:00,41,24,17
04/10/2013,18:15,54,30,24
04/10/2013,18:30,60,28,32
04/10/2013,18:45,28,10,18
04/10/2013,19:00,18,4,14
04/10/2013,19:15,9,3,6
04/10/2013,19:30,2,1,1
04/10/2013,19:45,4,3,1
04/10/2013,20:00,1,1,0
04/10/2013,20:15,1,0,1
04/10/2013,20:30,4,4,0
04/10/2013,20:45,1,1,0
04/10/2013,21:00,0,0,0
04/10/2013,21:15,2,2,0
04/10/2013,21:30,1,0,1
04/10/2013,21:45,8,8,0
04/10/2013,22:00,2,2,0
04/10/2013,22:15,0,0,0
04/10/2013,22:30,0,0,0
04/10/2013,22:45,4,4,0
04/10/2013,23:00,1,1,0
04/10/2013,23:15,0,0,0
04/10/2013,23:30,0,0,0
04/10/2013,23:45,0,0,0
05/10/2013,00:00,0,0,0
05/10/2013,00:15,0,0,0
05/10/2013,00:30,0,0,0
05/10/2013,00:45,0,0,0
05/10/2013,01:00,0,0,0
05/10/2013,01:15,0,0,0
05/10/2013,01:30,0,0,0
05/10/2013,01:45,0,0,0
05/10/2013,02:00,0,0,0
05/10/2013,02:15,0,0,0
05/10/2013,02:30,1,0,1
05/10/2013,02:45,0,0,0
05/10/2013,03:00,0,0,0
05/10/2013,03:15,0,0,0
05/10/2013,03:30,0,0,0
05/10/2013,03:45,0,0,0
05/10/2013,04:00,0,0,0
05/10/2013,04:15,0,0,0
05/10/2013,04:30,0,0,0
05/10/2013,04:45,0,0,0
05/10/2013,05:00,1,0,1
05/10/2013,05:15,3,1,2
05/10/2013,05:30,0,0,0
05/10/2013,05:45,4,3,1
05/10/2013,06:00,0,0,0
05/10/2013,06:15,3,2,1
05/10/2013,06:30,2,1,1
05/10/2013,06:45,13,6,7
05/10/2013,07:00,8,4,4
05/10/2013,07:15,16,6,10
05/10/2013,07:30,21,11,10
05/10/2013,07:45,29,12,17
05/10/2013,08:00,36,15,21
05/10/2013,08:15,52,34,18
05/10/2013,08:30,80,28,52
05/10/2013,08:45,67,34,33
05/10/2013,09:00,101,79,22
05/10/2013,09:15,91,56,35
05/10/2013,09:30,109,80,29
05/10/2013,09:45,92,63,29
05/10/2013,10:00,108,58,50
05/10/2013,10:15,102,70,32
05/10/2013,10:30,100,77,23
05/10/2013,10:45,77,53,24
05/10/2013,11:00,101,78,23
05/10/2013,11:15,132,81,51
05/10/2013,11:30,112,85,27
05/10/2013,11:45,78,61,17
05/10/2013,12:00,122,88,34
05/10/2013,12:15,116,96,20
05/10/2013,12:30,141,104,37
05/10/2013,12:45,107,89,18
05/10/2013,13:00,76,60,16
05/10/2013,13:15,85,62,23
05/10/2013,13:30,73,41,32
05/10/2013,13:45,94,62,32
05/10/2013,14:00,92,75,17
05/10/2013,14:15,66,49,17
05/10/2013,14:30,85,69,16
05/10/2013,14:45,106,63,43
05/10/2013,15:00,105,49,56
05/10/2013,15:15,54,39,15
05/10/2013,15:30,76,60,16
05/10/2013,15:45,65,48,17
05/10/2013,16:00,73,36,37
05/10/2013,16:15,56,34,22
05/10/2013,16:30,44,32,12
05/10/2013,16:45,34,19,15
05/10/2013,17:00,41,28,13
05/10/2013,17:15,37,18,19
05/10/2013,17:30,48,21,27
05/10/2013,17:45,51,39,12
05/10/2013,18:00,27,15,12
05/10/2013,18:15,14,3,11
05/10/2013,18:30,22,8,14
05/10/2013,18:45,23,7,16
05/10/2013,19:00,18,10,8
05/10/2013,19:15,7,4,3
05/10/2013,19:30,7,7,0
05/10/2013,19:45,3,2,1
05/10/2013,20:00,3,2,1
05/10/2013,20:15,2,2,0
05/10/2013,20:30,7,7,0
05/10/2013,20:45,4,1,3
05/10/2013,21:00,8,4,4
05/10/2013,21:15,2,1,1
05/10/2013,21:30,5,4,1
05/10/2013,21:45,4,2,2
05/10/2013,22:00,1,1,0
05/10/2013,22:15,1,1,0
05/10/2013,22:30,1,1,0
05/10/2013,22:45,0,0,0
05/10/2013,23:00,1,0,1
05/10/2013,23:15,0,0,0
05/10/2013,23:30,0,0,0
05/10/2013,23:45,2,0,2
06/10/2013,00:00,0,0,0
06/10/2013,00:15,0,0,0
06/10/2013,00:30,0,0,0
06/10/2013,00:45,0,0,0
06/10/2013,01:00,0,0,0
06/10/2013,01:15,0,0,0
06/10/2013,01:30,1,1,0
06/10/2013,01:45,0,0,0
06/10/2013,02:00,0,0,0
06/10/2013,02:15,0,0,0
06/10/2013,02:30,0,0,0
06/10/2013,02:45,0,0,0
06/10/2013,03:00,0,0,0
06/10/2013,03:15,0,0,0
06/10/2013,03:30,0,0,0
06/10/2013,03:45,0,0,0
06/10/2013,04:00,1,0,1
06/10/2013,04:15,0,0,0
06/10/2013,04:30,2,1,1
06/10/2013,04:45,1,0,1
06/10/2013,05:00,0,0,0
06/10/2013,05:15,0,0,0
06/10/2013,05:30,0,0,0
06/10/2013,05:45,3,2,1
06/10/2013,06:00,1,1,0
06/10/2013,06:15,1,0,1
06/10/2013,06:30,4,2,2
06/10/2013,06:45,2,1,1
06/10/2013,07:00,8,1,7
06/10/2013,07:15,16,9,7
06/10/2013,07:30,19,7,12
06/10/2013,07:45,34,20,14
06/10/2013,08:00,37,19,18
06/10/2013,08:15,41,21,20
06/10/2013,08:30,65,48,17
06/10/2013,08:45,66,28,38
06/10/2013,09:00,79,49,30
06/10/2013,09:15,66,49,17
06/10/2013,09:30,72,50,22
06/10/2013,09:45,79,53,26
06/10/2013,10:00,155,104,51
06/10/2013,10:15,91,65,26
06/10/2013,10:30,92,82,10
06/10/2013,10:45,108,90,18
06/10/2013,11:00,112,92,20
06/10/2013,11:15,102,56,46
06/10/2013,11:30,82,67,15
06/10/2013,11:45,84,63,21
06/10/2013,12:00,70,54,16
06/10/2013,12:15,64,56,8
06/10/2013,12:30,96,77,19
06/10/2013,12:45,75,58,17
06/10/2013,13:00,65,54,11
06/10/2013,13:15,44,33,11
06/10/2013,13:30,42,33,9
06/10/2013,13:45,83,68,15
06/10/2013,14:00,70,61,9
06/10/2013,14:15,57,49,8
06/10/2013,14:30,48,36,12
06/10/2013,14:45,52,39,13
06/10/2013,15:00,72,56,16
06/10/2013,15:15,59,45,14
06/10/2013,15:30,44,31,13
06/10/2013,15:45,29,17,12
06/10/2013,16:00,30,15,15
06/10/2013,16:15,50,37,13
06/10/2013,16:30,45,33,12
06/10/2013,16:45,50,33,17
06/10/2013,17:00,46,35,11
06/10/2013,17:15,28,17,11
06/10/2013,17:30,32,17,15
06/10/2013,17:45,27,11,16
06/10/2013,18:00,23,13,10
06/10/2013,18:15,28,13,15
06/10/2013,18:30,24,9,15
06/10/2013,18:45,9,6,3
06/10/2013,19:00,4,1,3
06/10/2013,19:15,0,0,0
06/10/2013,19:30,1,1,0
06/10/2013,19:45,5,3,2
06/10/2013,20:00,5,3,2
06/10/2013,20:15,0,0,0
06/10/2013,20:30,1,1,0
06/10/2013,20:45,0,0,0
06/10/2013,21:00,1,1,0
06/10/2013,21:15,1,1,0
06/10/2013,21:30,2,2,0
06/10/2013,21:45,3,3,0
06/10/2013,22:00,1,1,0
06/10/2013,22:15,0,0,0
06/10/2013,22:30,0,0,0
06/10/2013,22:45,1,1,0
06/10/2013,23:00,0,0,0
06/10/2013,23:15,0,0,0
06/10/2013,23:30,1,1,0
06/10/2013,23:45,1,1,0
07/10/2013,00:00,1,1,0
07/10/2013,00:15,0,0,0
07/10/2013,00:30,0,0,0
07/10/2013,00:45,0,0,0
07/10/2013,01:00,0,0,0
07/10/2013,01:15,0,0,0
07/10/2013,01:30,0,0,0
07/10/2013,01:45,0,0,0
07/10/2013,02:00,0,0,0
07/10/2013,02:15,0,0,0
07/10/2013,02:30,0,0,0
07/10/2013,02:45,0,0,0
07/10/2013,03:00,0,0,0
07/10/2013,03:15,0,0,0
07/10/2013,03:30,0,0,0
07/10/2013,03:45,0,0,0
07/10/2013,04:00,1,1,0
07/10/2013,04:15,2,1,1
07/10/2013,04:30,2,2,0
07/10/2013,04:45,1,1,0
07/10/2013,05:00,4,4,0
07/10/2013,05:15,3,2,1
07/10/2013,05:30,5,2,3
07/10/2013,05:45,4,0,4
07/10/2013,06:00,11,9,2
07/10/2013,06:15,11,8,3
07/10/2013,06:30,18,15,3
07/10/2013,06:45,20,11,9
07/10/2013,07:00,15,11,4
07/10/2013,07:15,20,9,11
07/10/2013,07:30,21,15,6
07/10/2013,07:45,109,102,7
07/10/2013,08:00,69,56,13
07/10/2013,08:15,30,16,14
07/10/2013,08:30,34,24,10
07/10/2013,08:45,32,12,20
07/10/2013,09:00,29,10,19
07/10/2013,09:15,29,14,15
07/10/2013,09:30,29,13,16
07/10/2013,09:45,30,17,13
07/10/2013,10:00,25,10,15
07/10/2013,10:15,27,13,14
07/10/2013,10:30,32,22,10
07/10/2013,10:45,23,11,12
07/10/2013,11:00,22,14,8
07/10/2013,11:15,16,10,6
07/10/2013,11:30,17,12,5
07/10/2013,11:45,23,14,9
07/10/2013,12:00,17,11,6
07/10/2013,12:15,26,14,12
07/10/2013,12:30,22,18,4
07/10/2013,12:45,18,10,8
07/10/2013,13:00,40,27,13
07/10/2013,13:15,33,20,13
07/10/2013,13:30,56,45,11
07/10/2013,13:45,35,27,8
07/10/2013,14:00,35,25,10
07/10/2013,14:15,58,48,10
07/10/2013,14:30,50,37,13
07/10/2013,14:45,33,31,2
07/10/2013,15:00,37,29,8
07/10/2013,15:15,40,21,19
07/10/2013,15:30,45,33,12
07/10/2013,15:45,34,23,11
07/10/2013,16:00,28,13,15
07/10/2013,16:15,39,24,15
07/10/2013,16:30,50,29,21
07/10/2013,16:45,67,29,38
07/10/2013,17:00,65,29,36
07/10/2013,17:15,42,26,16
07/10/2013,17:30,41,24,17
07/10/2013,17:45,31,14,17
07/10/2013,18:00,48,33,15
07/10/2013,18:15,56,28,28
07/10/2013,18:30,41,21,20
07/10/2013,18:45,36,12,24
07/10/2013,19:00,19,11,8
07/10/2013,19:15,9,5,4
07/10/2013,19:30,4,3,1
07/10/2013,19:45,4,4,0
07/10/2013,20:00,0,0,0
07/10/2013,20:15,3,1,2
07/10/2013,20:30,5,2,3
07/10/2013,20:45,1,1,0
07/10/2013,21:00,5,2,3
07/10/2013,21:15,0,0,0
07/10/2013,21:30,0,0,0
07/10/2013,21:45,0,0,0
07/10/2013,22:00,0,0,0
07/10/2013,22:15,0,0,0
07/10/2013,22:30,0,0,0
07/10/2013,22:45,1,1,0
07/10/2013,23:00,0,0,0
07/10/2013,23:15,1,1,0
07/10/2013,23:30,0,0,0
07/10/2013,23:45,0,0,0
08/10/2013,00:00,0,0,0
08/10/2013,00:15,0,0,0
08/10/2013,00:30,0,0,0
08/10/2013,00:45,0,0,0
08/10/2013,01:00,0,0,0
08/10/2013,01:15,0,0,0
08/10/2013,01:30,0,0,0
08/10/2013,01:45,0,0,0
08/10/2013,02:00,0,0,0
08/10/2013,02:15,1,0,1
08/10/2013,02:30,0,0,0
08/10/2013,02:45,0,0,0
08/10/2013,03:00,0,0,0
08/10/2013,03:15,0,0,0
08/10/2013,03:30,0,0,0
08/10/2013,03:45,0,0,0
08/10/2013,04:00,0,0,0
08/10/2013,04:15,1,1,0
08/10/2013,04:30,2,2,0
08/10/2013,04:45,0,0,0
08/10/2013,05:00,8,5,3
08/10/2013,05:15,4,4,0
08/10/2013,05:30,5,2,3
08/10/2013,05:45,12,9,3
08/10/2013,06:00,12,8,4
08/10/2013,06:15,17,13,4
08/10/2013,06:30,22,13,9
08/10/2013,06:45,15,10,5
08/10/2013,07:00,16,9,7
08/10/2013,07:15,23,13,10
08/10/2013,07:30,25,18,7
08/10/2013,07:45,111,98,13
08/10/2013,08:00,76,60,16
08/10/2013,08:15,26,17,9
08/10/2013,08:30,42,20,22
08/10/2013,08:45,30,15,15
08/10/2013,09:00,36,14,22
08/10/2013,09:15,26,16,10
08/10/2013,09:30,21,10,11
08/10/2013,09:45,38,24,14
08/10/2013,10:00,36,18,18
08/10/2013,10:15,24,10,14
08/10/2013,10:30,27,18,9
08/10/2013,10:45,29,14,15
08/10/2013,11:00,23,11,12
08/10/2013,11:15,36,28,8
08/10/2013,11:30,20,15,5
08/10/2013,11:45,31,24,7
08/10/2013,12:00,21,17,4
08/10/2013,12:15,30,25,5
08/10/2013,12:30,22,9,13
08/10/2013,12:45,24,15,9
08/10/2013,13:00,38,25,13
08/10/2013,13:15,24,12,12
08/10/2013,13:30,15,10,5
08/10/2013,13:45,20,13,7
08/10/2013,14:00,27,16,11
08/10/2013,14:15,38,29,9
08/10/2013,14:30,36,27,9
08/10/2013,14:45,27,20,7
08/10/2013,15:00,91,73,18
08/10/2013,15:15,45,27,18
08/10/2013,15:30,46,31,15
08/10/2013,15:45,38,22,16
08/10/2013,16:00,50,23,27
08/10/2013,16:15,31,18,13
08/10/2013,16:30,38,18,20
08/10/2013,16:45,55,18,37
08/10/2013,17:00,60,31,29
08/10/2013,17:15,36,16,20
08/10/2013,17:30,42,28,14
08/10/2013,17:45,50,27,23
08/10/2013,18:00,45,29,16
08/10/2013,18:15,44,24,20
08/10/2013,18:30,47,22,25
08/10/2013,18:45,29,11,18
08/10/2013,19:00,22,17,5
08/10/2013,19:15,10,6,4
08/10/2013,19:30,7,5,2
08/10/2013,19:45,3,2,1
08/10/2013,20:00,1,0,1
08/10/2013,20:15,0,0,0
08/10/2013,20:30,2,2,0
08/10/2013,20:45,0,0,0
08/10/2013,21:00,0,0,0
08/10/2013,21:15,0,0,0
08/10/2013,21:30,2,2,0
08/10/2013,21:45,1,1,0
08/10/2013,22:00,2,1,1
08/10/2013,22:15,3,2,1
08/10/2013,22:30,0,0,0
08/10/2013,22:45,0,0,0
08/10/2013,23:00,1,1,0
08/10/2013,23:15,2,2,0
08/10/2013,23:30,0,0,0
08/10/2013,23:45,0,0,0
09/10/2013,00:00,0,0,0
09/10/2013,00:15,0,0,0
09/10/2013,00:30,0,0,0
09/10/2013,00:45,0,0,0
09/10/2013,01:00,0,0,0
09/10/2013,01:15,0,0,0
09/10/2013,01:30,0,0,0
09/10/2013,01:45,0,0,0
09/10/2013,02:00,0,0,0
09/10/2013,02:15,0,0,0
09/10/2013,02:30,0,0,0
09/10/2013,02:45,0,0,0
09/10/2013,03:00,0,0,0
09/10/2013,03:15,0,0,0
09/10/2013,03:30,0,0,0
09/10/2013,03:45,0,0,0
09/10/2013,04:00,0,0,0
09/10/2013,04:15,0,0,0
09/10/2013,04:30,2,2,0
09/10/2013,04:45,0,0,0
09/10/2013,05:00,2,1,1
09/10/2013,05:15,5,4,1
09/10/2013,05:30,5,3,2
09/10/2013,05:45,5,1,4
09/10/2013,06:00,14,5,9
09/10/2013,06:15,10,8,2
09/10/2013,06:30,28,16,12
09/10/2013,06:45,23,17,6
09/10/2013,07:00,30,15,15
09/10/2013,07:15,30,17,13
09/10/2013,07:30,38,30,8
09/10/2013,07:45,124,107,17
09/10/2013,08:00,83,69,14
09/10/2013,08:15,36,22,14
09/10/2013,08:30,67,19,48
09/10/2013,08:45,68,17,51
09/10/2013,09:00,32,12,20
09/10/2013,09:15,31,17,14
09/10/2013,09:30,71,16,55
09/10/2013,09:45,72,15,57
09/10/2013,10:00,31,12,19
09/10/2013,10:15,34,23,11
09/10/2013,10:30,33,13,20
09/10/2013,10:45,67,18,49
09/10/2013,11:00,28,19,9
09/10/2013,11:15,30,16,14
09/10/2013,11:30,24,15,9
09/10/2013,11:45,22,16,6
09/10/2013,12:00,27,13,14
09/10/2013,12:15,22,12,10
09/10/2013,12:30,28,13,15
09/10/2013,12:45,20,7,13
09/10/2013,13:00,35,26,9
09/10/2013,13:15,53,42,11
09/10/2013,13:30,62,45,17
09/10/2013,13:45,30,25,5
09/10/2013,14:00,32,24,8
09/10/2013,14:15,22,17,5
09/10/2013,14:30,25,21,4
09/10/2013,14:45,22,11,11
09/10/2013,15:00,31,20,11
09/10/2013,15:15,61,40,21
09/10/2013,15:30,51,21,30
09/10/2013,15:45,33,16,17
09/10/2013,16:00,36,25,11
09/10/2013,16:15,36,21,15
09/10/2013,16:30,36,29,7
09/10/2013,16:45,56,19,37
09/10/2013,17:00,54,25,29
09/10/2013,17:15,34,26,8
09/10/2013,17:30,30,12,18
09/10/2013,17:45,42,25,17
09/10/2013,18:00,45,33,12
09/10/2013,18:15,73,33,40
09/10/2013,18:30,44,13,31
09/10/2013,18:45,30,13,17
09/10/2013,19:00,25,15,10
09/10/2013,19:15,11,8,3
09/10/2013,19:30,7,6,1
09/10/2013,19:45,5,5,0
09/10/2013,20:00,1,1,0
09/10/2013,20:15,0,0,0
09/10/2013,20:30,2,2,0
09/10/2013,20:45,2,2,0
09/10/2013,21:00,0,0,0
09/10/2013,21:15,3,2,1
09/10/2013,21:30,1,1,0
09/10/2013,21:45,2,2,0
09/10/2013,22:00,0,0,0
09/10/2013,22:15,2,2,0
09/10/2013,22:30,1,1,0
09/10/2013,22:45,2,2,0
09/10/2013,23:00,0,0,0
09/10/2013,23:15,0,0,0
09/10/2013,23:30,0,0,0
09/10/2013,23:45,0,0,0
10/10/2013,00:00,0,0,0
10/10/2013,00:15,0,0,0
10/10/2013,00:30,0,0,0
10/10/2013,00:45,0,0,0
10/10/2013,01:00,0,0,0
10/10/2013,01:15,0,0,0
10/10/2013,01:30,0,0,0
10/10/2013,01:45,0,0,0
10/10/2013,02:00,0,0,0
10/10/2013,02:15,0,0,0
10/10/2013,02:30,0,0,0
10/10/2013,02:45,0,0,0
10/10/2013,03:00,0,0,0
10/10/2013,03:15,0,0,0
10/10/2013,03:30,0,0,0
10/10/2013,03:45,2,2,0
10/10/2013,04:00,0,0,0
10/10/2013,04:15,0,0,0
10/10/2013,04:30,2,0,2
10/10/2013,04:45,2,1,1
10/10/2013,05:00,2,1,1
10/10/2013,05:15,5,4,1
10/10/2013,05:30,3,1,2
10/10/2013,05:45,7,6,1
10/10/2013,06:00,11,8,3
10/10/2013,06:15,13,8,5
10/10/2013,06:30,26,17,9
10/10/2013,06:45,28,16,12
10/10/2013,07:00,23,14,9
10/10/2013,07:15,17,9,8
10/10/2013,07:30,34,27,7
10/10/2013,07:45,92,78,14
10/10/2013,08:00,80,67,13
10/10/2013,08:15,30,23,7
10/10/2013,08:30,26,12,14
10/10/2013,08:45,29,12,17
10/10/2013,09:00,29,13,16
10/10/2013,09:15,27,11,16
10/10/2013,09:30,84,16,68
10/10/2013,09:45,24,12,12
10/10/2013,10:00,19,10,9
10/10/2013,10:15,22,11,11
10/10/2013,10:30,14,7,7
10/10/2013,10:45,31,7,24
10/10/2013,11:00,40,13,27
10/10/2013,11:15,32,17,15
10/10/2013,11:30,26,16,10
10/10/2013,11:45,12,9,3
10/10/2013,12:00,28,19,9
10/10/2013,12:15,17,12,5
10/10/2013,12:30,14,6,8
10/10/2013,12:45,17,15,2
10/10/2013,13:00,44,34,10
10/10/2013,13:15,34,21,13
10/10/2013,13:30,28,15,13
10/10/2013,13:45,25,22,3
10/10/2013,14:00,15,7,8
10/10/2013,14:15,24,14,10
10/10/2013,14:30,25,15,10
10/10/2013,14:45,28,22,6
10/10/2013,15:00,71,56,15
10/10/2013,15:15,100,19,81
10/10/2013,15:30,39,15,24
10/10/2013,15:45,42,19,23
10/10/2013,16:00,29,16,13
10/10/2013,16:15,19,11,8
10/10/2013,16:30,42,26,16
10/10/2013,16:45,63,26,37
10/10/2013,17:00,43,25,18
10/10/2013,17:15,35,22,13
10/10/2013,17:30,38,21,17
10/10/2013,17:45,32,14,18
10/10/2013,18:00,30,23,7
10/10/2013,18:15,29,15,14
10/10/2013,18:30,34,16,18
10/10/2013,18:45,12,9,3
10/10/2013,19:00,13,2,11
10/10/2013,19:15,7,5,2
10/10/2013,19:30,2,1,1
10/10/2013,19:45,7,6,1
10/10/2013,20:00,3,3,0
10/10/2013,20:15,0,0,0
10/10/2013,20:30,3,3,0
10/10/2013,20:45,3,2,1
10/10/2013,21:00,1,1,0
10/10/2013,21:15,2,1,1
10/10/2013,21:30,0,0,0
10/10/2013,21:45,1,1,0
10/10/2013,22:00,0,0,0
10/10/2013,22:15,2,1,1
10/10/2013,22:30,1,0,1
10/10/2013,22:45,0,0,0
10/10/2013,23:00,1,1,0
10/10/2013,23:15,1,1,0
10/10/2013,23:30,0,0,0
10/10/2013,23:45,1,1,0
11/10/2013,00:00,0,0,0
11/10/2013,00:15,0,0,0
11/10/2013,00:30,0,0,0
11/10/2013,00:45,1,0,1
11/10/2013,01:00,0,0,0
11/10/2013,01:15,1,0,1
11/10/2013,01:30,0,0,0
11/10/2013,01:45,0,0,0
11/10/2013,02:00,0,0,0
11/10/2013,02:15,0,0,0
11/10/2013,02:30,0,0,0
11/10/2013,02:45,0,0,0
11/10/2013,03:00,0,0,0
11/10/2013,03:15,0,0,0
11/10/2013,03:30,0,0,0
11/10/2013,03:45,0,0,0
11/10/2013,04:00,0,0,0
11/10/2013,04:15,1,1,0
11/10/2013,04:30,0,0,0
11/10/2013,04:45,0,0,0
11/10/2013,05:00,0,0,0
11/10/2013,05:15,7,6,1
11/10/2013,05:30,2,2,0
11/10/2013,05:45,6,6,0
11/10/2013,06:00,17,10,7
11/10/2013,06:15,12,7,5
11/10/2013,06:30,9,5,4
11/10/2013,06:45,15,10,5
11/10/2013,07:00,34,24,10
11/10/2013,07:15,27,17,10
11/10/2013,07:30,26,20,6
11/10/2013,07:45,87,79,8
11/10/2013,08:00,60,49,11
11/10/2013,08:15,25,14,11
11/10/2013,08:30,62,11,51
11/10/2013,08:45,37,21,16
11/10/2013,09:00,27,12,15
11/10/2013,09:15,27,16,11
11/10/2013,09:30,40,9,31
11/10/2013,09:45,46,8,38
11/10/2013,10:00,22,11,11
11/10/2013,10:15,30,18,12
11/10/2013,10:30,18,9,9
11/10/2013,10:45,57,19,38
11/10/2013,11:00,39,20,19
11/10/2013,11:15,24,9,15
11/10/2013,11:30,25,14,11
11/10/2013,11:45,30,16,14
11/10/2013,12:00,31,16,15
11/10/2013,12:15,21,5,16
11/10/2013,12:30,48,13,35
11/10/2013,12:45,16,14,2
11/10/2013,13:00,29,20,9
11/10/2013,13:15,22,14,8
11/10/2013,13:30,30,20,10
11/10/2013,13:45,41,34,7
11/10/2013,14:00,25,18,7
11/10/2013,14:15,48,42,6
11/10/2013,14:30,49,39,10
11/10/2013,14:45,26,18,8
11/10/2013,15:00,38,34,4
11/10/2013,15:15,26,13,13
11/10/2013,15:30,48,33,15
11/10/2013,15:45,36,26,10
11/10/2013,16:00,42,28,14
11/10/2013,16:15,37,20,17
11/10/2013,16:30,35,17,18
11/10/2013,16:45,49,17,32
11/10/2013,17:00,74,31,43
11/10/2013,17:15,29,15,14
11/10/2013,17:30,35,15,20
11/10/2013,17:45,36,25,11
11/10/2013,18:00,34,17,17
11/10/2013,18:15,41,16,25
11/10/2013,18:30,33,4,29
11/10/2013,18:45,17,6,11
11/10/2013,19:00,10,6,4
11/10/2013,19:15,2,2,0
11/10/2013,19:30,5,5,0
11/10/2013,19:45,6,5,1
11/10/2013,20:00,1,1,0
11/10/2013,20:15,0,0,0
11/10/2013,20:30,1,1,0
11/10/2013,20:45,1,1,0
11/10/2013,21:00,5,5,0
11/10/2013,21:15,0,0,0
11/10/2013,21:30,2,0,2
11/10/2013,21:45,1,1,0
11/10/2013,22:00,1,1,0
11/10/2013,22:15,1,1,0
11/10/2013,22:30,1,1,0
11/10/2013,22:45,0,0,0
11/10/2013,23:00,1,0,1
11/10/2013,23:15,0,0,0
11/10/2013,23:30,1,0,1
11/10/2013,23:45,2,2,0
12/10/2013,00:00,1,1,0
12/10/2013,00:15,0,0,0
12/10/2013,00:30,0,0,0
12/10/2013,00:45,0,0,0
12/10/2013,01:00,0,0,0
12/10/2013,01:15,0,0,0
12/10/2013,01:30,0,0,0
12/10/2013,01:45,0,0,0
12/10/2013,02:00,0,0,0
12/10/2013,02:15,0,0,0
12/10/2013,02:30,0,0,0
12/10/2013,02:45,0,0,0
12/10/2013,03:00,0,0,0
12/10/2013,03:15,0,0,0
12/10/2013,03:30,0,0,0
12/10/2013,03:45,0,0,0
12/10/2013,04:00,0,0,0
12/10/2013,04:15,0,0,0
12/10/2013,04:30,0,0,0
12/10/2013,04:45,0,0,0
12/10/2013,05:00,0,0,0
12/10/2013,05:15,0,0,0
12/10/2013,05:30,0,0,0
12/10/2013,05:45,0,0,0
12/10/2013,06:00,4,2,2
12/10/2013,06:15,1,1,0
12/10/2013,06:30,6,2,4
12/10/2013,06:45,5,3,2
12/10/2013,07:00,10,7,3
12/10/2013,07:15,15,9,6
12/10/2013,07:30,12,8,4
12/10/2013,07:45,28,18,10
12/10/2013,08:00,24,10,14
12/10/2013,08:15,60,30,30
12/10/2013,08:30,71,35,36
12/10/2013,08:45,49,34,15
12/10/2013,09:00,109,94,15
12/10/2013,09:15,76,46,30
12/10/2013,09:30,87,65,22
12/10/2013,09:45,78,28,50
12/10/2013,10:00,129,90,39
12/10/2013,10:15,102,80,22
12/10/2013,10:30,91,71,20
12/10/2013,10:45,96,70,26
12/10/2013,11:00,98,67,31
12/10/2013,11:15,155,100,55
12/10/2013,11:30,119,97,22
12/10/2013,11:45,107,90,17
12/10/2013,12:00,84,58,26
12/10/2013,12:15,113,78,35
12/10/2013,12:30,204,174,30
12/10/2013,12:45,110,81,29
12/10/2013,13:00,85,60,25
12/10/2013,13:15,97,71,26
12/10/2013,13:30,110,72,38
12/10/2013,13:45,117,63,54
12/10/2013,14:00,73,54,19
12/10/2013,14:15,122,109,13
12/10/2013,14:30,81,54,27
12/10/2013,14:45,88,59,29
12/10/2013,15:00,112,61,51
12/10/2013,15:15,68,42,26
12/10/2013,15:30,70,42,28
12/10/2013,15:45,66,48,18
12/10/2013,16:00,95,52,43
12/10/2013,16:15,57,48,9
12/10/2013,16:30,52,33,19
12/10/2013,16:45,61,41,20
12/10/2013,17:00,39,24,15
12/10/2013,17:15,41,29,12
12/10/2013,17:30,40,28,12
12/10/2013,17:45,35,23,12
12/10/2013,18:00,29,18,11
12/10/2013,18:15,19,11,8
12/10/2013,18:30,12,8,4
12/10/2013,18:45,4,2,2
12/10/2013,19:00,14,11,3
12/10/2013,19:15,12,12,0
12/10/2013,19:30,1,1,0
12/10/2013,19:45,0,0,0
12/10/2013,20:00,0,0,0
12/10/2013,20:15,2,2,0
12/10/2013,20:30,0,0,0
12/10/2013,20:45,2,2,0
12/10/2013,21:00,6,5,1
12/10/2013,21:15,2,2,0
12/10/2013,21:30,1,1,0
12/10/2013,21:45,3,3,0
12/10/2013,22:00,1,1,0
12/10/2013,22:15,1,1,0
12/10/2013,22:30,0,0,0
12/10/2013,22:45,0,0,0
12/10/2013,23:00,2,2,0
12/10/2013,23:15,0,0,0
12/10/2013,23:30,0,0,0
12/10/2013,23:45,0,0,0
13/10/2013,00:00,3,3,0
13/10/2013,00:15,0,0,0
13/10/2013,00:30,0,0,0
13/10/2013,00:45,0,0,0
13/10/2013,01:00,0,0,0
13/10/2013,01:15,0,0,0
13/10/2013,01:30,0,0,0
13/10/2013,01:45,2,2,0
13/10/2013,02:00,0,0,0
13/10/2013,02:15,0,0,0
13/10/2013,02:30,0,0,0
13/10/2013,02:45,0,0,0
13/10/2013,03:00,0,0,0
13/10/2013,03:15,0,0,0
13/10/2013,03:30,0,0,0
13/10/2013,03:45,0,0,0
13/10/2013,04:00,0,0,0
13/10/2013,04:15,0,0,0
13/10/2013,04:30,0,0,0
13/10/2013,04:45,0,0,0
13/10/2013,05:00,1,0,1
13/10/2013,05:15,1,1,0
13/10/2013,05:30,0,0,0
13/10/2013,05:45,1,0,1
13/10/2013,06:00,2,0,2
13/10/2013,06:15,1,1,0
13/10/2013,06:30,0,0,0
13/10/2013,06:45,2,1,1
13/10/2013,07:00,8,5,3
13/10/2013,07:15,8,5,3
13/10/2013,07:30,9,2,7
13/10/2013,07:45,20,9,11
13/10/2013,08:00,29,15,14
13/10/2013,08:15,29,17,12
13/10/2013,08:30,63,38,25
13/10/2013,08:45,59,28,31
13/10/2013,09:00,75,53,22
13/10/2013,09:15,54,32,22
13/10/2013,09:30,76,60,16
13/10/2013,09:45,108,69,39
13/10/2013,10:00,127,89,38
13/10/2013,10:15,77,59,18
13/10/2013,10:30,82,72,10
13/10/2013,10:45,77,57,20
13/10/2013,11:00,87,76,11
13/10/2013,11:15,146,93,53
13/10/2013,11:30,82,64,18
13/10/2013,11:45,100,77,23
13/10/2013,12:00,76,54,22
13/10/2013,12:15,103,83,20
13/10/2013,12:30,103,91,12
13/10/2013,12:45,104,85,19
13/10/2013,13:00,79,64,15
13/10/2013,13:15,89,77,12
13/10/2013,13:30,83,66,17
13/10/2013,13:45,89,68,21
13/10/2013,14:00,64,50,14
13/10/2013,14:15,60,49,11
13/10/2013,14:30,75,56,19
13/10/2013,14:45,56,48,8
13/10/2013,15:00,71,63,8
13/10/2013,15:15,54,40,14
13/10/2013,15:30,58,48,10
13/10/2013,15:45,69,58,11
13/10/2013,16:00,86,46,40
13/10/2013,16:15,39,28,11
13/10/2013,16:30,51,39,12
13/10/2013,16:45,44,30,14
13/10/2013,17:00,37,17,20
13/10/2013,17:15,36,16,20
13/10/2013,17:30,46,25,21
13/10/2013,17:45,19,9,10
13/10/2013,18:00,27,16,11
13/10/2013,18:15,16,8,8
13/10/2013,18:30,8,3,5
13/10/2013,18:45,16,9,7
13/10/2013,19:00,1,1,0
13/10/2013,19:15,2,1,1
13/10/2013,19:30,0,0,0
13/10/2013,19:45,2,1,1
13/10/2013,20:00,0,0,0
13/10/2013,20:15,0,0,0
13/10/2013,20:30,1,1,0
13/10/2013,20:45,1,0,1
13/10/2013,21:00,3,1,2
13/10/2013,21:15,0,0,0
13/10/2013,21:30,0,0,0
13/10/2013,21:45,0,0,0
13/10/2013,22:00,0,0,0
13/10/2013,22:15,1,1,0
13/10/2013,22:30,0,0,0
13/10/2013,22:45,0,0,0
13/10/2013,23:00,0,0,0
13/10/2013,23:15,0,0,0
13/10/2013,23:30,0,0,0
13/10/2013,23:45,0,0,0
14/10/2013,00:00,0,0,0
14/10/2013,00:15,0,0,0
14/10/2013,00:30,0,0,0
14/10/2013,00:45,0,0,0
14/10/2013,01:00,0,0,0
14/10/2013,01:15,0,0,0
14/10/2013,01:30,0,0,0
14/10/2013,01:45,0,0,0
14/10/2013,02:00,0,0,0
14/10/2013,02:15,0,0,0
14/10/2013,02:30,0,0,0
14/10/2013,02:45,0,0,0
14/10/2013,03:00,0,0,0
14/10/2013,03:15,1,1,0
14/10/2013,03:30,1,1,0
14/10/2013,03:45,0,0,0
14/10/2013,04:00,0,0,0
14/10/2013,04:15,0,0,0
14/10/2013,04:30,0,0,0
14/10/2013,04:45,0,0,0
14/10/2013,05:00,4,3,1
14/10/2013,05:15,4,3,1
14/10/2013,05:30,1,0,1
14/10/2013,05:45,4,2,2
14/10/2013,06:00,17,10,7
14/10/2013,06:15,9,7,2
14/10/2013,06:30,16,12,4
14/10/2013,06:45,12,9,3
14/10/2013,07:00,18,13,5
14/10/2013,07:15,19,11,8
14/10/2013,07:30,19,15,4
14/10/2013,07:45,84,73,11
14/10/2013,08:00,74,65,9
14/10/2013,08:15,28,11,17
14/10/2013,08:30,36,14,22
14/10/2013,08:45,40,19,21
14/10/2013,09:00,48,22,26
14/10/2013,09:15,23,11,12
14/10/2013,09:30,25,16,9
14/10/2013,09:45,33,17,16
14/10/2013,10:00,33,22,11
14/10/2013,10:15,35,19,16
14/10/2013,10:30,37,26,11
14/10/2013,10:45,38,25,13
14/10/2013,11:00,32,22,10
14/10/2013,11:15,43,26,17
14/10/2013,11:30,44,32,12
14/10/2013,11:45,48,34,14
14/10/2013,12:00,39,30,9
14/10/2013,12:15,42,26,16
14/10/2013,12:30,33,21,12
14/10/2013,12:45,34,21,13
14/10/2013,13:00,37,24,13
14/10/2013,13:15,44,35,9
14/10/2013,13:30,37,28,9
14/10/2013,13:45,34,23,11
14/10/2013,14:00,32,28,4
14/10/2013,14:15,56,45,11
14/10/2013,14:30,69,56,13
14/10/2013,14:45,41,35,6
14/10/2013,15:00,48,35,13
14/10/2013,15:15,55,32,23
14/10/2013,15:30,56,42,14
14/10/2013,15:45,42,31,11
14/10/2013,16:00,48,39,9
14/10/2013,16:15,42,28,14
14/10/2013,16:30,51,30,21
14/10/2013,16:45,78,28,50
14/10/2013,17:00,82,23,59
14/10/2013,17:15,58,22,36
14/10/2013,17:30,50,33,17
14/10/2013,17:45,46,21,25
14/10/2013,18:00,51,35,16
14/10/2013,18:15,49,29,20
14/10/2013,18:30,35,17,18
14/10/2013,18:45,32,16,16
14/10/2013,19:00,11,4,7
14/10/2013,19:15,5,2,3
14/10/2013,19:30,1,1,0
14/10/2013,19:45,4,4,0
14/10/2013,20:00,1,1,0
14/10/2013,20:15,2,0,2
14/10/2013,20:30,4,2,2
14/10/2013,20:45,1,1,0
14/10/2013,21:00,1,0,1
14/10/2013,21:15,2,2,0
14/10/2013,21:30,0,0,0
14/10/2013,21:45,0,0,0
14/10/2013,22:00,0,0,0
14/10/2013,22:15,0,0,0
14/10/2013,22:30,0,0,0
14/10/2013,22:45,0,0,0
14/10/2013,23:00,0,0,0
14/10/2013,23:15,0,0,0
14/10/2013,23:30,0,0,0
14/10/2013,23:45,0,0,0
15/10/2013,00:00,0,0,0
15/10/2013,00:15,3,3,0
15/10/2013,00:30,0,0,0
15/10/2013,00:45,0,0,0
15/10/2013,01:00,0,0,0
15/10/2013,01:15,0,0,0
15/10/2013,01:30,0,0,0
15/10/2013,01:45,0,0,0
15/10/2013,02:00,0,0,0
15/10/2013,02:15,0,0,0
15/10/2013,02:30,0,0,0
15/10/2013,02:45,0,0,0
15/10/2013,03:00,0,0,0
15/10/2013,03:15,0,0,0
15/10/2013,03:30,0,0,0
15/10/2013,03:45,0,0,0
15/10/2013,04:00,0,0,0
15/10/2013,04:15,1,1,0
15/10/2013,04:30,1,1,0
15/10/2013,04:45,1,1,0
15/10/2013,05:00,1,0,1
15/10/2013,05:15,4,3,1
15/10/2013,05:30,2,0,2
15/10/2013,05:45,5,3,2
15/10/2013,06:00,13,8,5
15/10/2013,06:15,13,5,8
15/10/2013,06:30,28,17,11
15/10/2013,06:45,24,13,11
15/10/2013,07:00,21,15,6
15/10/2013,07:15,26,9,17
15/10/2013,07:30,32,19,13
15/10/2013,07:45,101,79,22
15/10/2013,08:00,77,64,13
15/10/2013,08:15,22,9,13
15/10/2013,08:30,36,15,21
15/10/2013,08:45,33,17,16
15/10/2013,09:00,26,11,15
15/10/2013,09:15,29,10,19
15/10/2013,09:30,31,13,18
15/10/2013,09:45,39,23,16
15/10/2013,10:00,14,9,5
15/10/2013,10:15,21,12,9
15/10/2013,10:30,36,28,8
15/10/2013,10:45,17,12,5
15/10/2013,11:00,25,19,6
15/10/2013,11:15,24,12,12
15/10/2013,11:30,35,23,12
15/10/2013,11:45,26,16,10
15/10/2013,12:00,31,24,7
15/10/2013,12:15,37,29,8
15/10/2013,12:30,30,18,12
15/10/2013,12:45,29,16,13
15/10/2013,13:00,27,11,16
15/10/2013,13:15,23,13,10
15/10/2013,13:30,28,18,10
15/10/2013,13:45,32,20,12
15/10/2013,14:00,35,19,16
15/10/2013,14:15,50,42,8
15/10/2013,14:30,30,23,7
15/10/2013,14:45,12,8,4
15/10/2013,15:00,86,76,10
15/10/2013,15:15,40,26,14
15/10/2013,15:30,40,30,10
15/10/2013,15:45,35,25,10
15/10/2013,16:00,57,26,31
15/10/2013,16:15,41,16,25
15/10/2013,16:30,54,22,32
15/10/2013,16:45,67,31,36
15/10/2013,17:00,71,35,36
15/10/2013,17:15,62,42,20
15/10/2013,17:30,44,26,18
15/10/2013,17:45,51,26,25
15/10/2013,18:00,43,22,21
15/10/2013,18:15,55,42,13
15/10/2013,18:30,47,22,25
15/10/2013,18:45,35,22,13
15/10/2013,19:00,16,8,8
15/10/2013,19:15,11,9,2
15/10/2013,19:30,4,1,3
15/10/2013,19:45,6,5,1
15/10/2013,20:00,2,1,1
15/10/2013,20:15,2,0,2
15/10/2013,20:30,1,1,0
15/10/2013,20:45,4,2,2
15/10/2013,21:00,2,2,0
15/10/2013,21:15,1,1,0
15/10/2013,21:30,0,0,0
15/10/2013,21:45,1,1,0
15/10/2013,22:00,1,1,0
15/10/2013,22:15,0,0,0
15/10/2013,22:30,2,2,0
15/10/2013,22:45,0,0,0
15/10/2013,23:00,0,0,0
15/10/2013,23:15,0,0,0
15/10/2013,23:30,0,0,0
15/10/2013,23:45,1,1,0
16/10/2013,00:00,0,0,0
16/10/2013,00:15,0,0,0
16/10/2013,00:30,0,0,0
16/10/2013,00:45,0,0,0
16/10/2013,01:00,0,0,0
16/10/2013,01:15,0,0,0
16/10/2013,01:30,0,0,0
16/10/2013,01:45,0,0,0
16/10/2013,02:00,0,0,0
16/10/2013,02:15,0,0,0
16/10/2013,02:30,0,0,0
16/10/2013,02:45,0,0,0
16/10/2013,03:00,0,0,0
16/10/2013,03:15,0,0,0
16/10/2013,03:30,0,0,0
16/10/2013,03:45,1,1,0
16/10/2013,04:00,0,0,0
16/10/2013,04:15,2,2,0
16/10/2013,04:30,0,0,0
16/10/2013,04:45,1,1,0
16/10/2013,05:00,2,2,0
16/10/2013,05:15,5,5,0
16/10/2013,05:30,3,2,1
16/10/2013,05:45,6,2,4
16/10/2013,06:00,13,10,3
16/10/2013,06:15,17,12,5
16/10/2013,06:30,17,14,3
16/10/2013,06:45,19,9,10
16/10/2013,07:00,26,14,12
16/10/2013,07:15,34,26,8
16/10/2013,07:30,20,14,6
16/10/2013,07:45,84,76,8
16/10/2013,08:00,77,62,15
16/10/2013,08:15,25,14,11
16/10/2013,08:30,35,24,11
16/10/2013,08:45,36,15,21
16/10/2013,09:00,30,11,19
16/10/2013,09:15,34,20,14
16/10/2013,09:30,40,11,29
16/10/2013,09:45,40,17,23
16/10/2013,10:00,35,22,13
16/10/2013,10:15,34,20,14
16/10/2013,10:30,34,25,9
16/10/2013,10:45,27,15,12
16/10/2013,11:00,28,21,7
16/10/2013,11:15,39,24,15
16/10/2013,11:30,22,14,8
16/10/2013,11:45,20,9,11
16/10/2013,12:00,18,14,4
16/10/2013,12:15,17,9,8
16/10/2013,12:30,21,12,9
16/10/2013,12:45,32,27,5
16/10/2013,13:00,32,18,14
16/10/2013,13:15,51,39,12
16/10/2013,13:30,43,32,11
16/10/2013,13:45,41,32,9
16/10/2013,14:00,38,28,10
16/10/2013,14:15,27,17,10
16/10/2013,14:30,35,29,6
16/10/2013,14:45,36,28,8
16/10/2013,15:00,30,27,3
16/10/2013,15:15,59,38,21
16/10/2013,15:30,51,24,27
16/10/2013,15:45,45,40,5
16/10/2013,16:00,41,17,24
16/10/2013,16:15,56,30,26
16/10/2013,16:30,54,22,32
16/10/2013,16:45,62,21,41
16/10/2013,17:00,69,31,38
16/10/2013,17:15,54,26,28
16/10/2013,17:30,44,18,26
16/10/2013,17:45,50,30,20
16/10/2013,18:00,55,34,21
16/10/2013,18:15,44,27,17
16/10/2013,18:30,46,23,23
16/10/2013,18:45,33,14,19
16/10/2013,19:00,14,7,7
16/10/2013,19:15,6,4,2
16/10/2013,19:30,3,3,0
16/10/2013,19:45,7,5,2
16/10/2013,20:00,5,3,2
16/10/2013,20:15,1,1,0
16/10/2013,20:30,3,3,0
16/10/2013,20:45,2,1,1
16/10/2013,21:00,1,1,0
16/10/2013,21:15,2,2,0
16/10/2013,21:30,2,2,0
16/10/2013,21:45,1,1,0
16/10/2013,22:00,1,1,0
16/10/2013,22:15,0,0,0
16/10/2013,22:30,0,0,0
16/10/2013,22:45,0,0,0
16/10/2013,23:00,0,0,0
16/10/2013,23:15,2,2,0
16/10/2013,23:30,0,0,0
16/10/2013,23:45,0,0,0
17/10/2013,00:00,0,0,0
17/10/2013,00:15,0,0,0
17/10/2013,00:30,0,0,0
17/10/2013,00:45,0,0,0
17/10/2013,01:00,0,0,0
17/10/2013,01:15,0,0,0
17/10/2013,01:30,0,0,0
17/10/2013,01:45,1,0,1
17/10/2013,02:00,0,0,0
17/10/2013,02:15,1,0,1
17/10/2013,02:30,0,0,0
17/10/2013,02:45,0,0,0
17/10/2013,03:00,0,0,0
17/10/2013,03:15,0,0,0
17/10/2013,03:30,0,0,0
17/10/2013,03:45,0,0,0
17/10/2013,04:00,0,0,0
17/10/2013,04:15,0,0,0
17/10/2013,04:30,1,1,0
17/10/2013,04:45,1,1,0
17/10/2013,05:00,2,2,0
17/10/2013,05:15,6,5,1
17/10/2013,05:30,7,6,1
17/10/2013,05:45,4,2,2
17/10/2013,06:00,17,13,4
17/10/2013,06:15,19,9,10
17/10/2013,06:30,15,12,3
17/10/2013,06:45,22,14,8
17/10/2013,07:00,19,13,6
17/10/2013,07:15,30,19,11
17/10/2013,07:30,28,21,7
17/10/2013,07:45,97,79,18
17/10/2013,08:00,82,66,16
17/10/2013,08:15,32,20,12
17/10/2013,08:30,57,14,43
17/10/2013,08:45,22,12,10
17/10/2013,09:00,28,11,17
17/10/2013,09:15,20,8,12
17/10/2013,09:30,31,13,18
17/10/2013,09:45,21,12,9
17/10/2013,10:00,32,14,18
17/10/2013,10:15,22,8,14
17/10/2013,10:30,21,11,10
17/10/2013,10:45,37,15,22
17/10/2013,11:00,27,17,10
17/10/2013,11:15,31,20,11
17/10/2013,11:30,29,21,8
17/10/2013,11:45,21,10,11
17/10/2013,12:00,17,10,7
17/10/2013,12:15,24,15,9
17/10/2013,12:30,25,7,18
17/10/2013,12:45,29,21,8
17/10/2013,13:00,20,9,11
17/10/2013,13:15,19,15,4
17/10/2013,13:30,31,7,24
17/10/2013,13:45,20,14,6
17/10/2013,14:00,24,12,12
17/10/2013,14:15,28,20,8
17/10/2013,14:30,19,10,9
17/10/2013,14:45,35,24,11
17/10/2013,15:00,81,66,15
17/10/2013,15:15,37,29,8
17/10/2013,15:30,38,18,20
17/10/2013,15:45,36,24,12
17/10/2013,16:00,33,22,11
17/10/2013,16:15,35,21,14
17/10/2013,16:30,32,21,11
17/10/2013,16:45,47,19,28
17/10/2013,17:00,41,21,20
17/10/2013,17:15,37,26,11
17/10/2013,17:30,43,23,20
17/10/2013,17:45,40,19,21
17/10/2013,18:00,49,29,20
17/10/2013,18:15,46,25,21
17/10/2013,18:30,42,20,22
17/10/2013,18:45,25,5,20
17/10/2013,19:00,17,13,4
17/10/2013,19:15,10,6,4
17/10/2013,19:30,8,7,1
17/10/2013,19:45,7,6,1
17/10/2013,20:00,3,2,1
17/10/2013,20:15,11,4,7
17/10/2013,20:30,4,3,1
17/10/2013,20:45,0,0,0
17/10/2013,21:00,2,2,0
17/10/2013,21:15,3,3,0
17/10/2013,21:30,0,0,0
17/10/2013,21:45,0,0,0
17/10/2013,22:00,2,2,0
17/10/2013,22:15,0,0,0
17/10/2013,22:30,1,1,0
17/10/2013,22:45,0,0,0
17/10/2013,23:00,2,2,0
17/10/2013,23:15,0,0,0
17/10/2013,23:30,0,0,0
17/10/2013,23:45,0,0,0
18/10/2013,00:00,0,0,0
18/10/2013,00:15,0,0,0
18/10/2013,00:30,1,1,0
18/10/2013,00:45,0,0,0
18/10/2013,01:00,0,0,0
18/10/2013,01:15,0,0,0
18/10/2013,01:30,0,0,0
18/10/2013,01:45,0,0,0
18/10/2013,02:00,0,0,0
18/10/2013,02:15,1,1,0
18/10/2013,02:30,0,0,0
18/10/2013,02:45,0,0,0
18/10/2013,03:00,0,0,0
18/10/2013,03:15,0,0,0
18/10/2013,03:30,0,0,0
18/10/2013,03:45,1,1,0
18/10/2013,04:00,0,0,0
18/10/2013,04:15,2,2,0
18/10/2013,04:30,0,0,0
18/10/2013,04:45,0,0,0
18/10/2013,05:00,2,2,0
18/10/2013,05:15,3,3,0
18/10/2013,05:30,1,0,1
18/10/2013,05:45,7,5,2
18/10/2013,06:00,16,13,3
18/10/2013,06:15,13,6,7
18/10/2013,06:30,11,8,3
18/10/2013,06:45,18,7,11
18/10/2013,07:00,33,19,14
18/10/2013,07:15,25,18,7
18/10/2013,07:30,32,20,12
18/10/2013,07:45,90,72,18
18/10/2013,08:00,80,66,14
18/10/2013,08:15,28,18,10
18/10/2013,08:30,38,18,20
18/10/2013,08:45,40,24,16
18/10/2013,09:00,21,9,12
18/10/2013,09:15,30,16,14
18/10/2013,09:30,28,14,14
18/10/2013,09:45,33,20,13
18/10/2013,10:00,43,27,16
18/10/2013,10:15,43,35,8
18/10/2013,10:30,24,11,13
18/10/2013,10:45,33,26,7
18/10/2013,11:00,31,13,18
18/10/2013,11:15,37,24,13
18/10/2013,11:30,34,15,19
18/10/2013,11:45,34,20,14
18/10/2013,12:00,21,12,9
18/10/2013,12:15,29,20,9
18/10/2013,12:30,21,19,2
18/10/2013,12:45,31,25,6
18/10/2013,13:00,39,25,14
18/10/2013,13:15,28,13,15
18/10/2013,13:30,44,35,9
18/10/2013,13:45,41,38,3
18/10/2013,14:00,27,19,8
18/10/2013,14:15,45,35,10
18/10/2013,14:30,74,53,21
18/10/2013,14:45,26,18,8
18/10/2013,15:00,28,19,9
18/10/2013,15:15,47,27,20
18/10/2013,15:30,54,39,15
18/10/2013,15:45,43,22,21
18/10/2013,16:00,32,21,11
18/10/2013,16:15,46,35,11
18/10/2013,16:30,37,22,15
18/10/2013,16:45,58,36,22
18/10/2013,17:00,107,36,71
18/10/2013,17:15,82,36,46
18/10/2013,17:30,44,24,20
18/10/2013,17:45,44,25,19
18/10/2013,18:00,49,31,18
18/10/2013,18:15,36,23,13
18/10/2013,18:30,49,17,32
18/10/2013,18:45,9,2,7
18/10/2013,19:00,11,8,3
18/10/2013,19:15,10,6,4
18/10/2013,19:30,3,2,1
18/10/2013,19:45,4,4,0
18/10/2013,20:00,2,1,1
18/10/2013,20:15,0,0,0
18/10/2013,20:30,3,3,0
18/10/2013,20:45,2,2,0
18/10/2013,21:00,0,0,0
18/10/2013,21:15,2,0,2
18/10/2013,21:30,0,0,0
18/10/2013,21:45,1,1,0
18/10/2013,22:00,2,2,0
18/10/2013,22:15,0,0,0
18/10/2013,22:30,2,2,0
18/10/2013,22:45,0,0,0
18/10/2013,23:00,0,0,0
18/10/2013,23:15,0,0,0
18/10/2013,23:30,0,0,0
18/10/2013,23:45,1,0,1
19/10/2013,00:00,,,
19/10/2013,00:15,,,
19/10/2013,00:30,,,
19/10/2013,00:45,,,
19/10/2013,01:00,,,
19/10/2013,01:15,,,
19/10/2013,01:30,,,
19/10/2013,01:45,,,
19/10/2013,02:00,,,
19/10/2013,02:15,,,
19/10/2013,02:30,,,
19/10/2013,02:45,,,
19/10/2013,03:00,,,
19/10/2013,03:15,,,
19/10/2013,03:30,,,
19/10/2013,03:45,,,
19/10/2013,04:00,,,
19/10/2013,04:15,,,
19/10/2013,04:30,,,
19/10/2013,04:45,,,
19/10/2013,05:00,,,
19/10/2013,05:15,,,
19/10/2013,05:30,,,
19/10/2013,05:45,,,
19/10/2013,06:00,,,
19/10/2013,06:15,,,
19/10/2013,06:30,,,
19/10/2013,06:45,,,
19/10/2013,07:00,,,
19/10/2013,07:15,,,
19/10/2013,07:30,,,
19/10/2013,07:45,,,
19/10/2013,08:00,,,
19/10/2013,08:15,,,
19/10/2013,08:30,,,
19/10/2013,08:45,,,
19/10/2013,09:00,,,
19/10/2013,09:15,,,
19/10/2013,09:30,,,
19/10/2013,09:45,,,
19/10/2013,10:00,,,
19/10/2013,10:15,,,
19/10/2013,10:30,,,
19/10/2013,10:45,,,
19/10/2013,11:00,,,
19/10/2013,11:15,,,
19/10/2013,11:30,,,
19/10/2013,11:45,,,
19/10/2013,12:00,,,
19/10/2013,12:15,,,
19/10/2013,12:30,,,
19/10/2013,12:45,,,
19/10/2013,13:00,,,
19/10/2013,13:15,,,
19/10/2013,13:30,,,
19/10/2013,13:45,,,
19/10/2013,14:00,,,
19/10/2013,14:15,,,
19/10/2013,14:30,,,
19/10/2013,14:45,,,
19/10/2013,15:00,,,
19/10/2013,15:15,,,
19/10/2013,15:30,,,
19/10/2013,15:45,,,
19/10/2013,16:00,,,
19/10/2013,16:15,,,
19/10/2013,16:30,,,
19/10/2013,16:45,,,
19/10/2013,17:00,,,
19/10/2013,17:15,,,
19/10/2013,17:30,,,
19/10/2013,17:45,,,
19/10/2013,18:00,,,
19/10/2013,18:15,,,
19/10/2013,18:30,,,
19/10/2013,18:45,,,
19/10/2013,19:00,,,
19/10/2013,19:15,,,
19/10/2013,19:30,,,
19/10/2013,19:45,,,
19/10/2013,20:00,,,
19/10/2013,20:15,,,
19/10/2013,20:30,,,
19/10/2013,20:45,,,
19/10/2013,21:00,,,
19/10/2013,21:15,,,
19/10/2013,21:30,,,
19/10/2013,21:45,,,
19/10/2013,22:00,,,
19/10/2013,22:15,,,
19/10/2013,22:30,,,
19/10/2013,22:45,,,
19/10/2013,23:00,,,
19/10/2013,23:15,,,
19/10/2013,23:30,,,
19/10/2013,23:45,,,
20/10/2013,00:00,0,0,0
20/10/2013,00:15,0,0,0
20/10/2013,00:30,0,0,0
20/10/2013,00:45,0,0,0
20/10/2013,01:00,0,0,0
20/10/2013,01:15,0,0,0
20/10/2013,01:30,0,0,0
20/10/2013,01:45,0,0,0
20/10/2013,02:00,0,0,0
20/10/2013,02:15,0,0,0
20/10/2013,02:30,0,0,0
20/10/2013,02:45,0,0,0
20/10/2013,03:00,0,0,0
20/10/2013,03:15,0,0,0
20/10/2013,03:30,0,0,0
20/10/2013,03:45,0,0,0
20/10/2013,04:00,0,0,0
20/10/2013,04:15,0,0,0
20/10/2013,04:30,0,0,0
20/10/2013,04:45,0,0,0
20/10/2013,05:00,0,0,0
20/10/2013,05:15,0,0,0
20/10/2013,05:30,1,1,0
20/10/2013,05:45,2,2,0
20/10/2013,06:00,0,0,0
20/10/2013,06:15,3,0,3
20/10/2013,06:30,1,1,0
20/10/2013,06:45,3,1,2
20/10/2013,07:00,6,3,3
20/10/2013,07:15,9,3,6
20/10/2013,07:30,9,1,8
20/10/2013,07:45,22,8,14
20/10/2013,08:00,20,8,12
20/10/2013,08:15,33,15,18
20/10/2013,08:30,51,22,29
20/10/2013,08:45,66,42,24
20/10/2013,09:00,58,23,35
20/10/2013,09:15,64,43,21
20/10/2013,09:30,99,84,15
20/10/2013,09:45,116,88,28
20/10/2013,10:00,104,44,60
20/10/2013,10:15,89,64,25
20/10/2013,10:30,82,60,22
20/10/2013,10:45,118,95,23
20/10/2013,11:00,113,71,42
20/10/2013,11:15,90,70,20
20/10/2013,11:30,98,75,23
20/10/2013,11:45,106,80,26
20/10/2013,12:00,106,89,17
20/10/2013,12:15,131,67,64
20/10/2013,12:30,80,66,14
20/10/2013,12:45,93,78,15
20/10/2013,13:00,94,79,15
20/10/2013,13:15,80,68,12
20/10/2013,13:30,76,52,24
20/10/2013,13:45,78,52,26
20/10/2013,14:00,76,53,23
20/10/2013,14:15,58,43,15
20/10/2013,14:30,68,51,17
20/10/2013,14:45,67,49,18
20/10/2013,15:00,65,55,10
20/10/2013,15:15,66,38,28
20/10/2013,15:30,85,56,29
20/10/2013,15:45,72,42,30
20/10/2013,16:00,49,30,19
20/10/2013,16:15,49,28,21
20/10/2013,16:30,43,24,19
20/10/2013,16:45,56,41,15
20/10/2013,17:00,47,34,13
20/10/2013,17:15,35,21,14
20/10/2013,17:30,41,13,28
20/10/2013,17:45,27,12,15
20/10/2013,18:00,21,14,7
20/10/2013,18:15,12,3,9
20/10/2013,18:30,8,3,5
20/10/2013,18:45,5,2,3
20/10/2013,19:00,4,2,2
20/10/2013,19:15,1,0,1
20/10/2013,19:30,1,1,0
20/10/2013,19:45,2,1,1
20/10/2013,20:00,0,0,0
20/10/2013,20:15,0,0,0
20/10/2013,20:30,3,1,2
20/10/2013,20:45,0,0,0
20/10/2013,21:00,0,0,0
20/10/2013,21:15,1,0,1
20/10/2013,21:30,1,0,1
20/10/2013,21:45,0,0,0
20/10/2013,22:00,1,1,0
20/10/2013,22:15,0,0,0
20/10/2013,22:30,1,1,0
20/10/2013,22:45,1,1,0
20/10/2013,23:00,0,0,0
20/10/2013,23:15,0,0,0
20/10/2013,23:30,0,0,0
20/10/2013,23:45,0,0,0
21/10/2013,00:00,1,0,1
21/10/2013,00:15,0,0,0
21/10/2013,00:30,0,0,0
21/10/2013,00:45,1,1,0
21/10/2013,01:00,0,0,0
21/10/2013,01:15,0,0,0
21/10/2013,01:30,0,0,0
21/10/2013,01:45,2,0,2
21/10/2013,02:00,0,0,0
21/10/2013,02:15,0,0,0
21/10/2013,02:30,0,0,0
21/10/2013,02:45,2,0,2
21/10/2013,03:00,0,0,0
21/10/2013,03:15,1,1,0
21/10/2013,03:30,0,0,0
21/10/2013,03:45,1,1,0
21/10/2013,04:00,0,0,0
21/10/2013,04:15,0,0,0
21/10/2013,04:30,2,2,0
21/10/2013,04:45,1,1,0
21/10/2013,05:00,2,2,0
21/10/2013,05:15,6,5,1
21/10/2013,05:30,4,4,0
21/10/2013,05:45,9,6,3
21/10/2013,06:00,12,11,1
21/10/2013,06:15,15,13,2
21/10/2013,06:30,19,11,8
21/10/2013,06:45,11,8,3
21/10/2013,07:00,10,7,3
21/10/2013,07:15,15,11,4
21/10/2013,07:30,16,13,3
21/10/2013,07:45,26,17,9
21/10/2013,08:00,20,9,11
21/10/2013,08:15,27,15,12
21/10/2013,08:30,16,9,7
21/10/2013,08:45,11,7,4
21/10/2013,09:00,17,7,10
21/10/2013,09:15,30,10,20
21/10/2013,09:30,17,5,12
21/10/2013,09:45,28,19,9
21/10/2013,10:00,34,18,16
21/10/2013,10:15,19,11,8
21/10/2013,10:30,22,11,11
21/10/2013,10:45,16,8,8
21/10/2013,11:00,21,13,8
21/10/2013,11:15,20,11,9
21/10/2013,11:30,20,14,6
21/10/2013,11:45,22,9,13
21/10/2013,12:00,25,10,15
21/10/2013,12:15,21,7,14
21/10/2013,12:30,28,17,11
21/10/2013,12:45,17,10,7
21/10/2013,13:00,14,9,5
21/10/2013,13:15,21,14,7
21/10/2013,13:30,22,13,9
21/10/2013,13:45,25,15,10
21/10/2013,14:00,30,16,14
21/10/2013,14:15,19,11,8
21/10/2013,14:30,26,23,3
21/10/2013,14:45,16,6,10
21/10/2013,15:00,28,20,8
21/10/2013,15:15,26,15,11
21/10/2013,15:30,33,16,17
21/10/2013,15:45,36,15,21
21/10/2013,16:00,30,17,13
21/10/2013,16:15,35,14,21
21/10/2013,16:30,44,22,22
21/10/2013,16:45,70,20,50
21/10/2013,17:00,111,21,90
21/10/2013,17:15,79,22,57
21/10/2013,17:30,61,36,25
21/10/2013,17:45,30,18,12
21/10/2013,18:00,43,27,16
21/10/2013,18:15,42,24,18
21/10/2013,18:30,36,15,21
21/10/2013,18:45,22,15,7
21/10/2013,19:00,4,3,1
21/10/2013,19:15,7,5,2
21/10/2013,19:30,5,3,2
21/10/2013,19:45,2,1,1
21/10/2013,20:00,4,2,2
21/10/2013,20:15,1,0,1
21/10/2013,20:30,2,0,2
21/10/2013,20:45,1,1,0
21/10/2013,21:00,9,8,1
21/10/2013,21:15,1,0,1
21/10/2013,21:30,0,0,0
21/10/2013,21:45,4,4,0
21/10/2013,22:00,4,3,1
21/10/2013,22:15,8,8,0
21/10/2013,22:30,0,0,0
21/10/2013,22:45,0,0,0
21/10/2013,23:00,1,0,1
21/10/2013,23:15,0,0,0
21/10/2013,23:30,0,0,0
21/10/2013,23:45,0,0,0
22/10/2013,00:00,0,0,0
22/10/2013,00:15,0,0,0
22/10/2013,00:30,0,0,0
22/10/2013,00:45,0,0,0
22/10/2013,01:00,0,0,0
22/10/2013,01:15,0,0,0
22/10/2013,01:30,0,0,0
22/10/2013,01:45,0,0,0
22/10/2013,02:00,0,0,0
22/10/2013,02:15,0,0,0
22/10/2013,02:30,0,0,0
22/10/2013,02:45,0,0,0
22/10/2013,03:00,0,0,0
22/10/2013,03:15,1,0,1
22/10/2013,03:30,0,0,0
22/10/2013,03:45,0,0,0
22/10/2013,04:00,0,0,0
22/10/2013,04:15,0,0,0
22/10/2013,04:30,0,0,0
22/10/2013,04:45,4,4,0
22/10/2013,05:00,1,1,0
22/10/2013,05:15,3,2,1
22/10/2013,05:30,5,2,3
22/10/2013,05:45,4,1,3
22/10/2013,06:00,16,10,6
22/10/2013,06:15,15,8,7
22/10/2013,06:30,22,13,9
22/10/2013,06:45,17,10,7
22/10/2013,07:00,18,8,10
22/10/2013,07:15,16,7,9
22/10/2013,07:30,27,15,12
22/10/2013,07:45,67,56,11
22/10/2013,08:00,88,73,15
22/10/2013,08:15,34,16,18
22/10/2013,08:30,35,18,17
22/10/2013,08:45,24,10,14
22/10/2013,09:00,25,10,15
22/10/2013,09:15,15,7,8
22/10/2013,09:30,31,18,13
22/10/2013,09:45,17,9,8
22/10/2013,10:00,13,7,6
22/10/2013,10:15,19,9,10
22/10/2013,10:30,19,6,13
22/10/2013,10:45,7,3,4
22/10/2013,11:00,12,4,8
22/10/2013,11:15,14,7,7
22/10/2013,11:30,26,11,15
22/10/2013,11:45,6,0,6
22/10/2013,12:00,14,5,9
22/10/2013,12:15,19,5,14
22/10/2013,12:30,28,14,14
22/10/2013,12:45,18,6,12
22/10/2013,13:00,30,18,12
22/10/2013,13:15,16,7,9
22/10/2013,13:30,19,9,10
22/10/2013,13:45,15,8,7
22/10/2013,14:00,30,16,14
22/10/2013,14:15,28,17,11
22/10/2013,14:30,25,19,6
22/10/2013,14:45,13,5,8
22/10/2013,15:00,72,53,19
22/10/2013,15:15,34,22,12
22/10/2013,15:30,26,14,12
22/10/2013,15:45,41,14,27
22/10/2013,16:00,96,18,78
22/10/2013,16:15,50,18,32
22/10/2013,16:30,51,24,27
22/10/2013,16:45,68,26,42
22/10/2013,17:00,67,28,39
22/10/2013,17:15,52,31,21
22/10/2013,17:30,41,16,25
22/10/2013,17:45,40,25,15
22/10/2013,18:00,45,24,21
22/10/2013,18:15,39,25,14
22/10/2013,18:30,51,21,30
22/10/2013,18:45,21,12,9
22/10/2013,19:00,6,3,3
22/10/2013,19:15,6,5,1
22/10/2013,19:30,6,4,2
22/10/2013,19:45,3,3,0
22/10/2013,20:00,0,0,0
22/10/2013,20:15,5,3,2
22/10/2013,20:30,2,2,0
22/10/2013,20:45,2,2,0
22/10/2013,21:00,2,1,1
22/10/2013,21:15,4,3,1
22/10/2013,21:30,0,0,0
22/10/2013,21:45,2,1,1
22/10/2013,22:00,0,0,0
22/10/2013,22:15,2,2,0
22/10/2013,22:30,0,0,0
22/10/2013,22:45,0,0,0
22/10/2013,23:00,1,1,0
22/10/2013,23:15,0,0,0
22/10/2013,23:30,0,0,0
22/10/2013,23:45,0,0,0
23/10/2013,00:00,0,0,0
23/10/2013,00:15,0,0,0
23/10/2013,00:30,0,0,0
23/10/2013,00:45,0,0,0
23/10/2013,01:00,0,0,0
23/10/2013,01:15,0,0,0
23/10/2013,01:30,0,0,0
23/10/2013,01:45,0,0,0
23/10/2013,02:00,0,0,0
23/10/2013,02:15,0,0,0
23/10/2013,02:30,0,0,0
23/10/2013,02:45,0,0,0
23/10/2013,03:00,0,0,0
23/10/2013,03:15,0,0,0
23/10/2013,03:30,0,0,0
23/10/2013,03:45,2,1,1
23/10/2013,04:00,0,0,0
23/10/2013,04:15,0,0,0
23/10/2013,04:30,3,3,0
23/10/2013,04:45,0,0,0
23/10/2013,05:00,1,1,0
23/10/2013,05:15,4,2,2
23/10/2013,05:30,2,1,1
23/10/2013,05:45,5,4,1
23/10/2013,06:00,13,6,7
23/10/2013,06:15,5,5,0
23/10/2013,06:30,9,7,2
23/10/2013,06:45,18,10,8
23/10/2013,07:00,27,14,13
23/10/2013,07:15,30,17,13
23/10/2013,07:30,22,12,10
23/10/2013,07:45,62,53,9
23/10/2013,08:00,79,72,7
23/10/2013,08:15,31,15,16
23/10/2013,08:30,29,20,9
23/10/2013,08:45,21,13,8
23/10/2013,09:00,13,6,7
23/10/2013,09:15,19,6,13
23/10/2013,09:30,20,5,15
23/10/2013,09:45,15,4,11
23/10/2013,10:00,28,14,14
23/10/2013,10:15,23,10,13
23/10/2013,10:30,19,13,6
23/10/2013,10:45,14,5,9
23/10/2013,11:00,20,9,11
23/10/2013,11:15,16,9,7
23/10/2013,11:30,13,6,7
23/10/2013,11:45,14,10,4
23/10/2013,12:00,15,6,9
23/10/2013,12:15,8,3,5
23/10/2013,12:30,19,10,9
23/10/2013,12:45,12,4,8
23/10/2013,13:00,24,8,16
23/10/2013,13:15,49,35,14
23/10/2013,13:30,48,39,9
23/10/2013,13:45,78,16,62
23/10/2013,14:00,27,21,6
23/10/2013,14:15,20,5,15
23/10/2013,14:30,38,21,17
23/10/2013,14:45,23,13,10
23/10/2013,15:00,31,21,10
23/10/2013,15:15,40,17,23
23/10/2013,15:30,34,17,17
23/10/2013,15:45,43,27,16
23/10/2013,16:00,29,19,10
23/10/2013,16:15,36,24,12
23/10/2013,16:30,32,15,17
23/10/2013,16:45,59,17,42
23/10/2013,17:00,58,18,40
23/10/2013,17:15,46,22,24
23/10/2013,17:30,37,23,14
23/10/2013,17:45,32,15,17
23/10/2013,18:00,20,12,8
23/10/2013,18:15,33,13,20
23/10/2013,18:30,33,11,22
23/10/2013,18:45,25,7,18
23/10/2013,19:00,18,10,8
23/10/2013,19:15,4,3,1
23/10/2013,19:30,4,3,1
23/10/2013,19:45,3,1,2
23/10/2013,20:00,2,1,1
23/10/2013,20:15,5,3,2
23/10/2013,20:30,1,1,0
23/10/2013,20:45,1,1,0
23/10/2013,21:00,2,1,1
23/10/2013,21:15,0,0,0
23/10/2013,21:30,1,1,0
23/10/2013,21:45,3,3,0
23/10/2013,22:00,0,0,0
23/10/2013,22:15,1,1,0
23/10/2013,22:30,0,0,0
23/10/2013,22:45,0,0,0
23/10/2013,23:00,0,0,0
23/10/2013,23:15,1,1,0
23/10/2013,23:30,0,0,0
23/10/2013,23:45,1,1,0
24/10/2013,00:00,0,0,0
24/10/2013,00:15,1,1,0
24/10/2013,00:30,0,0,0
24/10/2013,00:45,0,0,0
24/10/2013,01:00,0,0,0
24/10/2013,01:15,0,0,0
24/10/2013,01:30,0,0,0
24/10/2013,01:45,0,0,0
24/10/2013,02:00,0,0,0
24/10/2013,02:15,0,0,0
24/10/2013,02:30,0,0,0
24/10/2013,02:45,0,0,0
24/10/2013,03:00,0,0,0
24/10/2013,03:15,0,0,0
24/10/2013,03:30,0,0,0
24/10/2013,03:45,0,0,0
24/10/2013,04:00,0,0,0
24/10/2013,04:15,0,0,0
24/10/2013,04:30,1,1,0
24/10/2013,04:45,1,0,1
24/10/2013,05:00,3,3,0
24/10/2013,05:15,2,2,0
24/10/2013,05:30,3,2,1
24/10/2013,05:45,4,4,0
24/10/2013,06:00,20,19,1
24/10/2013,06:15,8,7,1
24/10/2013,06:30,17,11,6
24/10/2013,06:45,20,14,6
24/10/2013,07:00,22,12,10
24/10/2013,07:15,24,17,7
24/10/2013,07:30,19,15,4
24/10/2013,07:45,68,59,9
24/10/2013,08:00,84,70,14
24/10/2013,08:15,28,16,12
24/10/2013,08:30,27,10,17
24/10/2013,08:45,26,9,17
24/10/2013,09:00,27,9,18
24/10/2013,09:15,26,17,9
24/10/2013,09:30,23,9,14
24/10/2013,09:45,21,10,11
24/10/2013,10:00,23,17,6
24/10/2013,10:15,20,7,13
24/10/2013,10:30,18,8,10
24/10/2013,10:45,14,7,7
24/10/2013,11:00,14,8,6
24/10/2013,11:15,19,15,4
24/10/2013,11:30,24,15,9
24/10/2013,11:45,18,9,9
24/10/2013,12:00,12,9,3
24/10/2013,12:15,18,10,8
24/10/2013,12:30,16,11,5
24/10/2013,12:45,19,8,11
24/10/2013,13:00,14,4,10
24/10/2013,13:15,14,6,8
24/10/2013,13:30,9,5,4
24/10/2013,13:45,18,11,7
24/10/2013,14:00,20,6,14
24/10/2013,14:15,12,4,8
24/10/2013,14:30,19,12,7
24/10/2013,14:45,29,17,12
24/10/2013,15:00,76,58,18
24/10/2013,15:15,33,17,16
24/10/2013,15:30,22,7,15
24/10/2013,15:45,22,11,11
24/10/2013,16:00,24,15,9
24/10/2013,16:15,39,23,16
24/10/2013,16:30,41,21,20
24/10/2013,16:45,57,18,39
24/10/2013,17:00,49,25,24
24/10/2013,17:15,40,22,18
24/10/2013,17:30,36,19,17
24/10/2013,17:45,24,17,7
24/10/2013,18:00,32,20,12
24/10/2013,18:15,37,22,15
24/10/2013,18:30,34,6,28
24/10/2013,18:45,8,8,0
24/10/2013,19:00,6,5,1
24/10/2013,19:15,6,4,2
24/10/2013,19:30,2,1,1
24/10/2013,19:45,5,2,3
24/10/2013,20:00,8,6,2
24/10/2013,20:15,0,0,0
24/10/2013,20:30,5,4,1
24/10/2013,20:45,1,1,0
24/10/2013,21:00,2,1,1
24/10/2013,21:15,1,1,0
24/10/2013,21:30,2,1,1
24/10/2013,21:45,2,1,1
24/10/2013,22:00,2,2,0
24/10/2013,22:15,2,2,0
24/10/2013,22:30,0,0,0
24/10/2013,22:45,2,1,1
24/10/2013,23:00,1,0,1
24/10/2013,23:15,0,0,0
24/10/2013,23:30,0,0,0
24/10/2013,23:45,0,0,0
25/10/2013,00:00,0,0,0
25/10/2013,00:15,0,0,0
25/10/2013,00:30,0,0,0
25/10/2013,00:45,0,0,0
25/10/2013,01:00,0,0,0
25/10/2013,01:15,0,0,0
25/10/2013,01:30,0,0,0
25/10/2013,01:45,0,0,0
25/10/2013,02:00,0,0,0
25/10/2013,02:15,0,0,0
25/10/2013,02:30,0,0,0
25/10/2013,02:45,0,0,0
25/10/2013,03:00,0,0,0
25/10/2013,03:15,0,0,0
25/10/2013,03:30,0,0,0
25/10/2013,03:45,1,1,0
25/10/2013,04:00,1,1,0
25/10/2013,04:15,0,0,0
25/10/2013,04:30,2,2,0
25/10/2013,04:45,0,0,0
25/10/2013,05:00,1,1,0
25/10/2013,05:15,4,4,0
25/10/2013,05:30,4,3,1
25/10/2013,05:45,9,8,1
25/10/2013,06:00,12,8,4
25/10/2013,06:15,15,12,3
25/10/2013,06:30,7,5,2
25/10/2013,06:45,11,9,2
25/10/2013,07:00,29,19,10
25/10/2013,07:15,22,15,7
25/10/2013,07:30,26,17,9
25/10/2013,07:45,76,65,11
25/10/2013,08:00,76,68,8
25/10/2013,08:15,39,24,15
25/10/2013,08:30,26,14,12
25/10/2013,08:45,18,9,9
25/10/2013,09:00,30,11,19
25/10/2013,09:15,29,8,21
25/10/2013,09:30,28,12,16
25/10/2013,09:45,26,10,16
25/10/2013,10:00,22,12,10
25/10/2013,10:15,40,27,13
25/10/2013,10:30,23,11,12
25/10/2013,10:45,26,10,16
25/10/2013,11:00,25,17,8
25/10/2013,11:15,34,23,11
25/10/2013,11:30,18,12,6
25/10/2013,11:45,22,9,13
25/10/2013,12:00,34,22,12
25/10/2013,12:15,25,16,9
25/10/2013,12:30,18,9,9
25/10/2013,12:45,23,12,11
25/10/2013,13:00,28,18,10
25/10/2013,13:15,25,15,10
25/10/2013,13:30,26,18,8
25/10/2013,13:45,28,21,7
25/10/2013,14:00,30,25,5
25/10/2013,14:15,48,33,15
25/10/2013,14:30,56,43,13
25/10/2013,14:45,29,23,6
25/10/2013,15:00,43,40,3
25/10/2013,15:15,41,24,17
25/10/2013,15:30,64,28,36
25/10/2013,15:45,49,28,21
25/10/2013,16:00,41,16,25
25/10/2013,16:15,37,20,17
25/10/2013,16:30,31,21,10
25/10/2013,16:45,44,19,25
25/10/2013,17:00,61,33,28
25/10/2013,17:15,46,28,18
25/10/2013,17:30,35,20,15
25/10/2013,17:45,34,18,16
25/10/2013,18:00,39,27,12
25/10/2013,18:15,41,14,27
25/10/2013,18:30,26,7,19
25/10/2013,18:45,11,7,4
25/10/2013,19:00,8,4,4
25/10/2013,19:15,10,9,1
25/10/2013,19:30,0,0,0
25/10/2013,19:45,2,2,0
25/10/2013,20:00,4,4,0
25/10/2013,20:15,0,0,0
25/10/2013,20:30,5,4,1
25/10/2013,20:45,0,0,0
25/10/2013,21:00,0,0,0
25/10/2013,21:15,0,0,0
25/10/2013,21:30,0,0,0
25/10/2013,21:45,4,4,0
25/10/2013,22:00,0,0,0
25/10/2013,22:15,0,0,0
25/10/2013,22:30,0,0,0
25/10/2013,22:45,3,2,1
25/10/2013,23:00,0,0,0
25/10/2013,23:15,0,0,0
25/10/2013,23:30,0,0,0
25/10/2013,23:45,0,0,0
26/10/2013,00:00,0,0,0
26/10/2013,00:15,0,0,0
26/10/2013,00:30,0,0,0
26/10/2013,00:45,0,0,0
26/10/2013,01:00,0,0,0
26/10/2013,01:15,0,0,0
26/10/2013,01:30,0,0,0
26/10/2013,01:45,0,0,0
26/10/2013,02:00,0,0,0
26/10/2013,02:15,0,0,0
26/10/2013,02:30,0,0,0
26/10/2013,02:45,0,0,0
26/10/2013,03:00,0,0,0
26/10/2013,03:15,0,0,0
26/10/2013,03:30,0,0,0
26/10/2013,03:45,0,0,0
26/10/2013,04:00,0,0,0
26/10/2013,04:15,0,0,0
26/10/2013,04:30,0,0,0
26/10/2013,04:45,0,0,0
26/10/2013,05:00,0,0,0
26/10/2013,05:15,3,2,1
26/10/2013,05:30,0,0,0
26/10/2013,05:45,3,2,1
26/10/2013,06:00,4,3,1
26/10/2013,06:15,1,0,1
26/10/2013,06:30,0,0,0
26/10/2013,06:45,3,2,1
26/10/2013,07:00,3,1,2
26/10/2013,07:15,14,6,8
26/10/2013,07:30,28,2,26
26/10/2013,07:45,43,13,30
26/10/2013,08:00,28,11,17
26/10/2013,08:15,37,20,17
26/10/2013,08:30,67,22,45
26/10/2013,08:45,68,24,44
26/10/2013,09:00,89,42,47
26/10/2013,09:15,122,79,43
26/10/2013,09:30,105,62,43
26/10/2013,09:45,110,74,36
26/10/2013,10:00,96,51,45
26/10/2013,10:15,80,44,36
26/10/2013,10:30,83,55,28
26/10/2013,10:45,93,58,35
26/10/2013,11:00,119,73,46
26/10/2013,11:15,105,70,35
26/10/2013,11:30,105,77,28
26/10/2013,11:45,93,68,25
26/10/2013,12:00,122,79,43
26/10/2013,12:15,81,57,24
26/10/2013,12:30,107,65,42
26/10/2013,12:45,89,60,29
26/10/2013,13:00,127,72,55
26/10/2013,13:15,78,54,24
26/10/2013,13:30,84,59,25
26/10/2013,13:45,71,56,15
26/10/2013,14:00,134,75,59
26/10/2013,14:15,123,97,26
26/10/2013,14:30,90,65,25
26/10/2013,14:45,87,65,22
26/10/2013,15:00,105,55,50
26/10/2013,15:15,75,62,13
26/10/2013,15:30,75,53,22
26/10/2013,15:45,73,50,23
26/10/2013,16:00,77,37,40
26/10/2013,16:15,73,46,27
26/10/2013,16:30,56,31,25
26/10/2013,16:45,60,19,41
26/10/2013,17:00,65,29,36
26/10/2013,17:15,46,26,20
26/10/2013,17:30,22,13,9
26/10/2013,17:45,25,10,15
26/10/2013,18:00,60,22,38
26/10/2013,18:15,8,3,5
26/10/2013,18:30,15,7,8
26/10/2013,18:45,6,5,1
26/10/2013,19:00,3,2,1
26/10/2013,19:15,1,1,0
26/10/2013,19:30,0,0,0
26/10/2013,19:45,0,0,0
26/10/2013,20:00,1,1,0
26/10/2013,20:15,3,1,2
26/10/2013,20:30,0,0,0
26/10/2013,20:45,1,0,1
26/10/2013,21:00,0,0,0
26/10/2013,21:15,2,1,1
26/10/2013,21:30,3,3,0
26/10/2013,21:45,4,4,0
26/10/2013,22:00,0,0,0
26/10/2013,22:15,4,1,3
26/10/2013,22:30,0,0,0
26/10/2013,22:45,0,0,0
26/10/2013,23:00,0,0,0
26/10/2013,23:15,0,0,0
26/10/2013,23:30,0,0,0
26/10/2013,23:45,0,0,0
27/10/2013,00:00,0,0,0
27/10/2013,00:15,0,0,0
27/10/2013,00:30,0,0,0
27/10/2013,00:45,0,0,0
27/10/2013,01:00,0,0,0
27/10/2013,01:15,0,0,0
27/10/2013,01:30,0,0,0
27/10/2013,01:45,0,0,0
27/10/2013,02:00,0,0,0
27/10/2013,02:15,0,0,0
27/10/2013,02:30,0,0,0
27/10/2013,02:45,0,0,0
27/10/2013,03:00,0,0,0
27/10/2013,03:15,0,0,0
27/10/2013,03:30,0,0,0
27/10/2013,03:45,0,0,0
27/10/2013,04:00,0,0,0
27/10/2013,04:15,0,0,0
27/10/2013,04:30,0,0,0
27/10/2013,04:45,0,0,0
27/10/2013,05:00,1,0,1
27/10/2013,05:15,0,0,0
27/10/2013,05:30,0,0,0
27/10/2013,05:45,1,1,0
27/10/2013,06:00,0,0,0
27/10/2013,06:15,2,1,1
27/10/2013,06:30,1,0,1
27/10/2013,06:45,3,3,0
27/10/2013,07:00,4,0,4
27/10/2013,07:15,10,4,6
27/10/2013,07:30,26,5,21
27/10/2013,07:45,29,5,24
27/10/2013,08:00,22,7,15
27/10/2013,08:15,22,6,16
27/10/2013,08:30,55,26,29
27/10/2013,08:45,56,33,23
27/10/2013,09:00,96,44,52
27/10/2013,09:15,72,42,30
27/10/2013,09:30,91,68,23
27/10/2013,09:45,116,73,43
27/10/2013,10:00,76,40,36
27/10/2013,10:15,71,42,29
27/10/2013,10:30,63,27,36
27/10/2013,10:45,85,43,42
27/10/2013,11:00,92,37,55
27/10/2013,11:15,75,55,20
27/10/2013,11:30,59,39,20
27/10/2013,11:45,84,48,36
27/10/2013,12:00,90,46,44
27/10/2013,12:15,61,35,26
27/10/2013,12:30,60,31,29
27/10/2013,12:45,59,39,20
27/10/2013,13:00,74,38,36
27/10/2013,13:15,53,37,16
27/10/2013,13:30,63,44,19
27/10/2013,13:45,70,43,27
27/10/2013,14:00,95,40,55
27/10/2013,14:15,65,39,26
27/10/2013,14:30,64,38,26
27/10/2013,14:45,62,38,24
27/10/2013,15:00,82,44,38
27/10/2013,15:15,69,47,22
27/10/2013,15:30,74,35,39
27/10/2013,15:45,45,22,23
27/10/2013,16:00,66,34,32
27/10/2013,16:15,38,19,19
27/10/2013,16:30,46,20,26
27/10/2013,16:45,49,23,26
27/10/2013,17:00,49,5,44
27/10/2013,17:15,17,8,9
27/10/2013,17:30,17,6,11
27/10/2013,17:45,12,7,5
27/10/2013,18:00,37,7,30
27/10/2013,18:15,0,0,0
27/10/2013,18:30,7,2,5
27/10/2013,18:45,1,0,1
27/10/2013,19:00,0,0,0
27/10/2013,19:15,1,0,1
27/10/2013,19:30,5,4,1
27/10/2013,19:45,0,0,0
27/10/2013,20:00,0,0,0
27/10/2013,20:15,0,0,0
27/10/2013,20:30,0,0,0
27/10/2013,20:45,0,0,0
27/10/2013,21:00,0,0,0
27/10/2013,21:15,0,0,0
27/10/2013,21:30,0,0,0
27/10/2013,21:45,0,0,0
27/10/2013,22:00,0,0,0
27/10/2013,22:15,0,0,0
27/10/2013,22:30,1,1,0
27/10/2013,22:45,0,0,0
27/10/2013,23:00,0,0,0
27/10/2013,23:15,1,1,0
27/10/2013,23:30,0,0,0
27/10/2013,23:45,0,0,0
28/10/2013,00:00,0,0,0
28/10/2013,00:15,0,0,0
28/10/2013,00:30,0,0,0
28/10/2013,00:45,0,0,0
28/10/2013,01:00,0,0,0
28/10/2013,01:15,0,0,0
28/10/2013,01:30,0,0,0
28/10/2013,01:45,0,0,0
28/10/2013,02:00,0,0,0
28/10/2013,02:15,0,0,0
28/10/2013,02:30,0,0,0
28/10/2013,02:45,0,0,0
28/10/2013,03:00,0,0,0
28/10/2013,03:15,0,0,0
28/10/2013,03:30,1,1,0
28/10/2013,03:45,1,1,0
28/10/2013,04:00,0,0,0
28/10/2013,04:15,1,1,0
28/10/2013,04:30,0,0,0
28/10/2013,04:45,1,1,0
28/10/2013,05:00,6,5,1
28/10/2013,05:15,9,9,0
28/10/2013,05:30,3,3,0
28/10/2013,05:45,5,1,4
28/10/2013,06:00,11,5,6
28/10/2013,06:15,15,9,6
28/10/2013,06:30,11,8,3
28/10/2013,06:45,10,5,5
28/10/2013,07:00,17,13,4
28/10/2013,07:15,10,8,2
28/10/2013,07:30,11,9,2
28/10/2013,07:45,62,54,8
28/10/2013,08:00,81,76,5
28/10/2013,08:15,13,5,8
28/10/2013,08:30,35,15,20
28/10/2013,08:45,25,15,10
28/10/2013,09:00,19,9,10
28/10/2013,09:15,14,8,6
28/10/2013,09:30,23,10,13
28/10/2013,09:45,34,16,18
28/10/2013,10:00,27,13,14
28/10/2013,10:15,18,12,6
28/10/2013,10:30,28,12,16
28/10/2013,10:45,19,9,10
28/10/2013,11:00,16,5,11
28/10/2013,11:15,29,17,12
28/10/2013,11:30,20,7,13
28/10/2013,11:45,32,20,12
28/10/2013,12:00,25,17,8
28/10/2013,12:15,13,7,6
28/10/2013,12:30,28,15,13
28/10/2013,12:45,20,15,5
28/10/2013,13:00,16,7,9
28/10/2013,13:15,30,19,11
28/10/2013,13:30,22,18,4
28/10/2013,13:45,10,4,6
28/10/2013,14:00,29,19,10
28/10/2013,14:15,33,19,14
28/10/2013,14:30,47,39,8
28/10/2013,14:45,16,7,9
28/10/2013,15:00,16,10,6
28/10/2013,15:15,26,14,12
28/10/2013,15:30,42,23,19
28/10/2013,15:45,38,15,23
28/10/2013,16:00,24,12,12
28/10/2013,16:15,30,16,14
28/10/2013,16:30,33,17,16
28/10/2013,16:45,43,16,27
28/10/2013,17:00,55,18,37
28/10/2013,17:15,47,20,27
28/10/2013,17:30,16,13,3
28/10/2013,17:45,38,22,16
28/10/2013,18:00,28,22,6
28/10/2013,18:15,41,25,16
28/10/2013,18:30,32,11,21
28/10/2013,18:45,22,14,8
28/10/2013,19:00,8,3,5
28/10/2013,19:15,6,3,3
28/10/2013,19:30,5,4,1
28/10/2013,19:45,2,2,0
28/10/2013,20:00,0,0,0
28/10/2013,20:15,4,3,1
28/10/2013,20:30,2,2,0
28/10/2013,20:45,3,3,0
28/10/2013,21:00,1,1,0
28/10/2013,21:15,0,0,0
28/10/2013,21:30,1,1,0
28/10/2013,21:45,0,0,0
28/10/2013,22:00,0,0,0
28/10/2013,22:15,2,1,1
28/10/2013,22:30,0,0,0
28/10/2013,22:45,1,0,1
28/10/2013,23:00,0,0,0
28/10/2013,23:15,0,0,0
28/10/2013,23:30,3,1,2
28/10/2013,23:45,0,0,0
29/10/2013,00:00,0,0,0
29/10/2013,00:15,0,0,0
29/10/2013,00:30,0,0,0
29/10/2013,00:45,0,0,0
29/10/2013,01:00,0,0,0
29/10/2013,01:15,0,0,0
29/10/2013,01:30,1,1,0
29/10/2013,01:45,0,0,0
29/10/2013,02:00,0,0,0
29/10/2013,02:15,0,0,0
29/10/2013,02:30,1,1,0
29/10/2013,02:45,0,0,0
29/10/2013,03:00,0,0,0
29/10/2013,03:15,0,0,0
29/10/2013,03:30,0,0,0
29/10/2013,03:45,0,0,0
29/10/2013,04:00,0,0,0
29/10/2013,04:15,0,0,0
29/10/2013,04:30,1,1,0
29/10/2013,04:45,1,1,0
29/10/2013,05:00,4,4,0
29/10/2013,05:15,2,2,0
29/10/2013,05:30,1,0,1
29/10/2013,05:45,9,6,3
29/10/2013,06:00,17,13,4
29/10/2013,06:15,11,8,3
29/10/2013,06:30,14,9,5
29/10/2013,06:45,14,10,4
29/10/2013,07:00,19,12,7
29/10/2013,07:15,23,18,5
29/10/2013,07:30,16,10,6
29/10/2013,07:45,56,46,10
29/10/2013,08:00,78,72,6
29/10/2013,08:15,20,12,8
29/10/2013,08:30,30,10,20
29/10/2013,08:45,23,10,13
29/10/2013,09:00,27,9,18
29/10/2013,09:15,23,9,14
29/10/2013,09:30,21,7,14
29/10/2013,09:45,18,7,11
29/10/2013,10:00,18,10,8
29/10/2013,10:15,19,9,10
29/10/2013,10:30,17,14,3
29/10/2013,10:45,12,7,5
29/10/2013,11:00,13,6,7
29/10/2013,11:15,16,13,3
29/10/2013,11:30,19,12,7
29/10/2013,11:45,26,18,8
29/10/2013,12:00,18,13,5
29/10/2013,12:15,23,12,11
29/10/2013,12:30,13,7,6
29/10/2013,12:45,20,10,10
29/10/2013,13:00,20,15,5
29/10/2013,13:15,24,19,5
29/10/2013,13:30,18,6,12
29/10/2013,13:45,17,9,8
29/10/2013,14:00,18,13,5
29/10/2013,14:15,9,2,7
29/10/2013,14:30,20,10,10
29/10/2013,14:45,17,10,7
29/10/2013,15:00,66,53,13
29/10/2013,15:15,45,22,23
29/10/2013,15:30,34,16,18
29/10/2013,15:45,26,10,16
29/10/2013,16:00,37,21,16
29/10/2013,16:15,42,10,32
29/10/2013,16:30,30,16,14
29/10/2013,16:45,42,15,27
29/10/2013,17:00,51,14,37
29/10/2013,17:15,46,20,26
29/10/2013,17:30,30,19,11
29/10/2013,17:45,35,24,11
29/10/2013,18:00,40,28,12
29/10/2013,18:15,31,16,15
29/10/2013,18:30,25,7,18
29/10/2013,18:45,19,13,6
29/10/2013,19:00,14,13,1
29/10/2013,19:15,6,5,1
29/10/2013,19:30,4,3,1
29/10/2013,19:45,1,0,1
29/10/2013,20:00,2,2,0
29/10/2013,20:15,6,2,4
29/10/2013,20:30,2,1,1
29/10/2013,20:45,1,1,0
29/10/2013,21:00,0,0,0
29/10/2013,21:15,0,0,0
29/10/2013,21:30,2,2,0
29/10/2013,21:45,0,0,0
29/10/2013,22:00,0,0,0
29/10/2013,22:15,2,2,0
29/10/2013,22:30,0,0,0
29/10/2013,22:45,0,0,0
29/10/2013,23:00,1,0,1
29/10/2013,23:15,2,2,0
29/10/2013,23:30,0,0,0
29/10/2013,23:45,0,0,0
30/10/2013,00:00,0,0,0
30/10/2013,00:15,0,0,0
30/10/2013,00:30,0,0,0
30/10/2013,00:45,2,2,0
30/10/2013,01:00,0,0,0
30/10/2013,01:15,0,0,0
30/10/2013,01:30,0,0,0
30/10/2013,01:45,0,0,0
30/10/2013,02:00,0,0,0
30/10/2013,02:15,0,0,0
30/10/2013,02:30,0,0,0
30/10/2013,02:45,0,0,0
30/10/2013,03:00,0,0,0
30/10/2013,03:15,0,0,0
30/10/2013,03:30,0,0,0
30/10/2013,03:45,1,1,0
30/10/2013,04:00,0,0,0
30/10/2013,04:15,2,2,0
30/10/2013,04:30,0,0,0
30/10/2013,04:45,1,1,0
30/10/2013,05:00,1,1,0
30/10/2013,05:15,5,5,0
30/10/2013,05:30,2,1,1
30/10/2013,05:45,2,0,2
30/10/2013,06:00,16,11,5
30/10/2013,06:15,13,9,4
30/10/2013,06:30,20,14,6
30/10/2013,06:45,14,6,8
30/10/2013,07:00,23,14,9
30/10/2013,07:15,26,13,13
30/10/2013,07:30,23,14,9
30/10/2013,07:45,67,56,11
30/10/2013,08:00,90,77,13
30/10/2013,08:15,26,19,7
30/10/2013,08:30,33,13,20
30/10/2013,08:45,26,16,10
30/10/2013,09:00,33,14,19
30/10/2013,09:15,36,15,21
30/10/2013,09:30,21,10,11
30/10/2013,09:45,38,11,27
30/10/2013,10:00,27,17,10
30/10/2013,10:15,31,9,22
30/10/2013,10:30,21,13,8
30/10/2013,10:45,29,15,14
30/10/2013,11:00,22,12,10
30/10/2013,11:15,38,19,19
30/10/2013,11:30,21,8,13
30/10/2013,11:45,15,7,8
30/10/2013,12:00,18,8,10
30/10/2013,12:15,25,10,15
30/10/2013,12:30,19,13,6
30/10/2013,12:45,25,11,14
30/10/2013,13:00,28,11,17
30/10/2013,13:15,24,16,8
30/10/2013,13:30,78,63,15
30/10/2013,13:45,23,15,8
30/10/2013,14:00,31,22,9
30/10/2013,14:15,26,21,5
30/10/2013,14:30,20,14,6
30/10/2013,14:45,19,12,7
30/10/2013,15:00,30,16,14
30/10/2013,15:15,33,16,17
30/10/2013,15:30,23,9,14
30/10/2013,15:45,16,11,5
30/10/2013,16:00,38,26,12
30/10/2013,16:15,26,14,12
30/10/2013,16:30,39,20,19
30/10/2013,16:45,60,19,41
30/10/2013,17:00,63,22,41
30/10/2013,17:15,40,17,23
30/10/2013,17:30,38,21,17
30/10/2013,17:45,32,16,16
30/10/2013,18:00,42,19,23
30/10/2013,18:15,51,21,30
30/10/2013,18:30,47,15,32
30/10/2013,18:45,22,15,7
30/10/2013,19:00,16,10,6
30/10/2013,19:15,6,3,3
30/10/2013,19:30,7,6,1
30/10/2013,19:45,3,2,1
30/10/2013,20:00,6,2,4
30/10/2013,20:15,4,3,1
30/10/2013,20:30,4,3,1
30/10/2013,20:45,1,1,0
30/10/2013,21:00,0,0,0
30/10/2013,21:15,1,1,0
30/10/2013,21:30,0,0,0
30/10/2013,21:45,2,2,0
30/10/2013,22:00,2,1,1
30/10/2013,22:15,3,1,2
30/10/2013,22:30,0,0,0
30/10/2013,22:45,1,0,1
30/10/2013,23:00,0,0,0
30/10/2013,23:15,0,0,0
30/10/2013,23:30,1,0,1
30/10/2013,23:45,0,0,0
31/10/2013,00:00,0,0,0
31/10/2013,00:15,0,0,0
31/10/2013,00:30,0,0,0
31/10/2013,00:45,0,0,0
31/10/2013,01:00,0,0,0
31/10/2013,01:15,1,0,1
31/10/2013,01:30,0,0,0
31/10/2013,01:45,0,0,0
31/10/2013,02:00,0,0,0
31/10/2013,02:15,0,0,0
31/10/2013,02:30,0,0,0
31/10/2013,02:45,0,0,0
31/10/2013,03:00,0,0,0
31/10/2013,03:15,0,0,0
31/10/2013,03:30,0,0,0
31/10/2013,03:45,0,0,0
31/10/2013,04:00,0,0,0
31/10/2013,04:15,0,0,0
31/10/2013,04:30,0,0,0
31/10/2013,04:45,1,1,0
31/10/2013,05:00,2,1,1
31/10/2013,05:15,3,2,1
31/10/2013,05:30,1,0,1
31/10/2013,05:45,4,3,1
31/10/2013,06:00,17,10,7
31/10/2013,06:15,11,5,6
31/10/2013,06:30,21,10,11
31/10/2013,06:45,12,7,5
31/10/2013,07:00,19,12,7
31/10/2013,07:15,21,14,7
31/10/2013,07:30,16,14,2
31/10/2013,07:45,45,39,6
31/10/2013,08:00,57,46,11
31/10/2013,08:15,21,8,13
31/10/2013,08:30,31,12,19
31/10/2013,08:45,34,15,19
31/10/2013,09:00,30,9,21
31/10/2013,09:15,27,11,16
31/10/2013,09:30,17,5,12
31/10/2013,09:45,21,5,16
31/10/2013,10:00,30,19,11
31/10/2013,10:15,18,9,9
31/10/2013,10:30,18,12,6
31/10/2013,10:45,25,18,7
31/10/2013,11:00,19,14,5
31/10/2013,11:15,22,10,12
31/10/2013,11:30,27,12,15
31/10/2013,11:45,30,16,14
31/10/2013,12:00,27,14,13
31/10/2013,12:15,22,5,17
31/10/2013,12:30,14,9,5
31/10/2013,12:45,22,12,10
31/10/2013,13:00,27,22,5
31/10/2013,13:15,23,14,9
31/10/2013,13:30,29,23,6
31/10/2013,13:45,31,22,9
31/10/2013,14:00,24,16,8
31/10/2013,14:15,23,12,11
31/10/2013,14:30,15,11,4
31/10/2013,14:45,22,18,4
31/10/2013,15:00,72,57,15
31/10/2013,15:15,42,26,16
31/10/2013,15:30,45,36,9
31/10/2013,15:45,34,22,12
31/10/2013,16:00,32,22,10
31/10/2013,16:15,37,20,17
31/10/2013,16:30,41,20,21
31/10/2013,16:45,41,23,18
31/10/2013,17:00,30,26,4
31/10/2013,17:15,31,17,14
31/10/2013,17:30,31,14,17
31/10/2013,17:45,29,14,15
31/10/2013,18:00,27,20,7
31/10/2013,18:15,21,10,11
31/10/2013,18:30,9,4,5
31/10/2013,18:45,6,2,4
31/10/2013,19:00,5,5,0
31/10/2013,19:15,1,0,1
31/10/2013,19:30,2,1,1
31/10/2013,19:45,0,0,0
31/10/2013,20:00,2,1,1
31/10/2013,20:15,3,1,2
31/10/2013,20:30,1,0,1
31/10/2013,20:45,2,1,1
31/10/2013,21:00,0,0,0
31/10/2013,21:15,1,1,0
31/10/2013,21:30,1,1,0
31/10/2013,21:45,0,0,0
31/10/2013,22:00,0,0,0
31/10/2013,22:15,3,3,0
31/10/2013,22:30,0,0,0
31/10/2013,22:45,0,0,0
31/10/2013,23:00,0,0,0
31/10/2013,23:15,0,0,0
31/10/2013,23:30,0,0,0
31/10/2013,23:45,0,0,0
01/11/2013,00:00,0,0,0
01/11/2013,00:15,0,0,0
01/11/2013,00:30,0,0,0
01/11/2013,00:45,0,0,0
01/11/2013,01:00,0,0,0
01/11/2013,01:15,0,0,0
01/11/2013,01:30,2,2,0
01/11/2013,01:45,0,0,0
01/11/2013,02:00,0,0,0
01/11/2013,02:15,1,0,1
01/11/2013,02:30,0,0,0
01/11/2013,02:45,1,0,1
01/11/2013,03:00,0,0,0
01/11/2013,03:15,0,0,0
01/11/2013,03:30,0,0,0
01/11/2013,03:45,1,1,0
01/11/2013,04:00,1,1,0
01/11/2013,04:15,1,1,0
01/11/2013,04:30,0,0,0
01/11/2013,04:45,0,0,0
01/11/2013,05:00,1,1,0
01/11/2013,05:15,5,5,0
01/11/2013,05:30,1,1,0
01/11/2013,05:45,2,2,0
01/11/2013,06:00,11,8,3
01/11/2013,06:15,7,4,3
01/11/2013,06:30,8,5,3
01/11/2013,06:45,12,6,6
01/11/2013,07:00,23,14,9
01/11/2013,07:15,14,10,4
01/11/2013,07:30,21,19,2
01/11/2013,07:45,48,37,11
01/11/2013,08:00,73,61,12
01/11/2013,08:15,22,14,8
01/11/2013,08:30,33,16,17
01/11/2013,08:45,33,10,23
01/11/2013,09:00,38,20,18
01/11/2013,09:15,27,15,12
01/11/2013,09:30,28,13,15
01/11/2013,09:45,25,14,11
01/11/2013,10:00,18,11,7
01/11/2013,10:15,30,17,13
01/11/2013,10:30,24,15,9
01/11/2013,10:45,25,14,11
01/11/2013,11:00,21,18,3
01/11/2013,11:15,20,14,6
01/11/2013,11:30,30,20,10
01/11/2013,11:45,39,24,15
01/11/2013,12:00,28,14,14
01/11/2013,12:15,31,22,9
01/11/2013,12:30,26,15,11
01/11/2013,12:45,29,17,12
01/11/2013,13:00,37,24,13
01/11/2013,13:15,44,37,7
01/11/2013,13:30,14,8,6
01/11/2013,13:45,33,22,11
01/11/2013,14:00,26,18,8
01/11/2013,14:15,41,29,12
01/11/2013,14:30,58,43,15
01/11/2013,14:45,31,20,11
01/11/2013,15:00,34,23,11
01/11/2013,15:15,53,29,24
01/11/2013,15:30,39,14,25
01/11/2013,15:45,36,15,21
01/11/2013,16:00,39,30,9
01/11/2013,16:15,49,31,18
01/11/2013,16:30,47,27,20
01/11/2013,16:45,59,37,22
01/11/2013,17:00,73,34,39
01/11/2013,17:15,64,26,38
01/11/2013,17:30,39,23,16
01/11/2013,17:45,43,26,17
01/11/2013,18:00,34,18,16
01/11/2013,18:15,33,13,20
01/11/2013,18:30,30,17,13
01/11/2013,18:45,13,8,5
01/11/2013,19:00,3,2,1
01/11/2013,19:15,2,1,1
01/11/2013,19:30,4,4,0
01/11/2013,19:45,4,4,0
01/11/2013,20:00,2,2,0
01/11/2013,20:15,0,0,0
01/11/2013,20:30,1,1,0
01/11/2013,20:45,0,0,0
01/11/2013,21:00,2,0,2
01/11/2013,21:15,1,0,1
01/11/2013,21:30,2,2,0
01/11/2013,21:45,2,2,0
01/11/2013,22:00,0,0,0
01/11/2013,22:15,0,0,0
01/11/2013,22:30,1,0,1
01/11/2013,22:45,0,0,0
01/11/2013,23:00,0,0,0
01/11/2013,23:15,0,0,0
01/11/2013,23:30,0,0,0
01/11/2013,23:45,0,0,0
02/11/2013,00:00,0,0,0
02/11/2013,00:15,0,0,0
02/11/2013,00:30,0,0,0
02/11/2013,00:45,0,0,0
02/11/2013,01:00,0,0,0
02/11/2013,01:15,0,0,0
02/11/2013,01:30,0,0,0
02/11/2013,01:45,0,0,0
02/11/2013,02:00,0,0,0
02/11/2013,02:15,0,0,0
02/11/2013,02:30,0,0,0
02/11/2013,02:45,0,0,0
02/11/2013,03:00,0,0,0
02/11/2013,03:15,0,0,0
02/11/2013,03:30,0,0,0
02/11/2013,03:45,0,0,0
02/11/2013,04:00,0,0,0
02/11/2013,04:15,0,0,0
02/11/2013,04:30,0,0,0
02/11/2013,04:45,0,0,0
02/11/2013,05:00,0,0,0
02/11/2013,05:15,0,0,0
02/11/2013,05:30,0,0,0
02/11/2013,05:45,0,0,0
02/11/2013,06:00,1,0,1
02/11/2013,06:15,1,0,1
02/11/2013,06:30,1,1,0
02/11/2013,06:45,1,0,1
02/11/2013,07:00,1,0,1
02/11/2013,07:15,0,0,0
02/11/2013,07:30,3,1,2
02/11/2013,07:45,4,2,2
02/11/2013,08:00,7,3,4
02/11/2013,08:15,13,7,6
02/11/2013,08:30,20,5,15
02/11/2013,08:45,33,14,19
02/11/2013,09:00,46,25,21
02/11/2013,09:15,35,24,11
02/11/2013,09:30,53,35,18
02/11/2013,09:45,72,42,30
02/11/2013,10:00,120,60,60
02/11/2013,10:15,74,39,35
02/11/2013,10:30,86,60,26
02/11/2013,10:45,88,56,32
02/11/2013,11:00,73,46,27
02/11/2013,11:15,98,77,21
02/11/2013,11:30,125,76,49
02/11/2013,11:45,123,72,51
02/11/2013,12:00,105,71,34
02/11/2013,12:15,118,81,37
02/11/2013,12:30,105,79,26
02/11/2013,12:45,77,58,19
02/11/2013,13:00,140,80,60
02/11/2013,13:15,121,86,35
02/11/2013,13:30,110,79,31
02/11/2013,13:45,121,80,41
02/11/2013,14:00,98,79,19
02/11/2013,14:15,120,85,35
02/11/2013,14:30,143,79,64
02/11/2013,14:45,77,50,27
02/11/2013,15:00,84,61,23
02/11/2013,15:15,73,53,20
02/11/2013,15:30,78,52,26
02/11/2013,15:45,89,69,20
02/11/2013,16:00,119,59,60
02/11/2013,16:15,76,38,38
02/11/2013,16:30,76,50,26
02/11/2013,16:45,41,25,16
02/11/2013,17:00,36,20,16
02/11/2013,17:15,55,30,25
02/11/2013,17:30,70,20,50
02/11/2013,17:45,49,24,25
02/11/2013,18:00,49,20,29
02/11/2013,18:15,36,16,20
02/11/2013,18:30,39,17,22
02/11/2013,18:45,28,14,14
02/11/2013,19:00,15,7,8
02/11/2013,19:15,8,0,8
02/11/2013,19:30,3,2,1
02/11/2013,19:45,11,10,1
02/11/2013,20:00,5,4,1
02/11/2013,20:15,7,4,3
02/11/2013,20:30,2,1,1
02/11/2013,20:45,1,1,0
02/11/2013,21:00,2,0,2
02/11/2013,21:15,0,0,0
02/11/2013,21:30,2,2,0
02/11/2013,21:45,0,0,0
02/11/2013,22:00,0,0,0
02/11/2013,22:15,0,0,0
02/11/2013,22:30,0,0,0
02/11/2013,22:45,1,1,0
02/11/2013,23:00,0,0,0
02/11/2013,23:15,1,1,0
02/11/2013,23:30,1,0,1
02/11/2013,23:45,0,0,0
03/11/2013,00:00,0,0,0
03/11/2013,00:15,0,0,0
03/11/2013,00:30,0,0,0
03/11/2013,00:45,0,0,0
03/11/2013,01:00,0,0,0
03/11/2013,01:15,0,0,0
03/11/2013,01:30,0,0,0
03/11/2013,01:45,0,0,0
03/11/2013,02:00,0,0,0
03/11/2013,02:15,0,0,0
03/11/2013,02:30,0,0,0
03/11/2013,02:45,0,0,0
03/11/2013,03:00,0,0,0
03/11/2013,03:15,0,0,0
03/11/2013,03:30,0,0,0
03/11/2013,03:45,2,2,0
03/11/2013,04:00,0,0,0
03/11/2013,04:15,0,0,0
03/11/2013,04:30,0,0,0
03/11/2013,04:45,0,0,0
03/11/2013,05:00,0,0,0
03/11/2013,05:15,0,0,0
03/11/2013,05:30,0,0,0
03/11/2013,05:45,1,0,1
03/11/2013,06:00,2,0,2
03/11/2013,06:15,6,4,2
03/11/2013,06:30,7,1,6
03/11/2013,06:45,4,2,2
03/11/2013,07:00,11,4,7
03/11/2013,07:15,11,1,10
03/11/2013,07:30,22,8,14
03/11/2013,07:45,17,3,14
03/11/2013,08:00,41,21,20
03/11/2013,08:15,28,15,13
03/11/2013,08:30,42,24,18
03/11/2013,08:45,34,21,13
03/11/2013,09:00,40,22,18
03/11/2013,09:15,117,99,18
03/11/2013,09:30,73,59,14
03/11/2013,09:45,107,83,24
03/11/2013,10:00,89,72,17
03/11/2013,10:15,84,58,26
03/11/2013,10:30,94,70,24
03/11/2013,10:45,109,89,20
03/11/2013,11:00,84,66,18
03/11/2013,11:15,91,78,13
03/11/2013,11:30,101,80,21
03/11/2013,11:45,77,65,12
03/11/2013,12:00,110,75,35
03/11/2013,12:15,93,71,22
03/11/2013,12:30,71,60,11
03/11/2013,12:45,80,70,10
03/11/2013,13:00,72,66,6
03/11/2013,13:15,69,56,13
03/11/2013,13:30,59,50,9
03/11/2013,13:45,80,61,19
03/11/2013,14:00,65,46,19
03/11/2013,14:15,57,48,9
03/11/2013,14:30,81,66,15
03/11/2013,14:45,63,50,13
03/11/2013,15:00,54,40,14
03/11/2013,15:15,48,36,12
03/11/2013,15:30,43,26,17
03/11/2013,15:45,44,26,18
03/11/2013,16:00,47,37,10
03/11/2013,16:15,21,10,11
03/11/2013,16:30,30,16,14
03/11/2013,16:45,27,14,13
03/11/2013,17:00,16,7,9
03/11/2013,17:15,17,14,3
03/11/2013,17:30,13,6,7
03/11/2013,17:45,6,3,3
03/11/2013,18:00,5,3,2
03/11/2013,18:15,2,2,0
03/11/2013,18:30,2,2,0
03/11/2013,18:45,2,2,0
03/11/2013,19:00,2,1,1
03/11/2013,19:15,0,0,0
03/11/2013,19:30,0,0,0
03/11/2013,19:45,5,4,1
03/11/2013,20:00,0,0,0
03/11/2013,20:15,1,0,1
03/11/2013,20:30,0,0,0
03/11/2013,20:45,2,0,2
03/11/2013,21:00,1,0,1
03/11/2013,21:15,1,0,1
03/11/2013,21:30,1,0,1
03/11/2013,21:45,0,0,0
03/11/2013,22:00,0,0,0
03/11/2013,22:15,1,1,0
03/11/2013,22:30,0,0,0
03/11/2013,22:45,0,0,0
03/11/2013,23:00,0,0,0
03/11/2013,23:15,0,0,0
03/11/2013,23:30,0,0,0
03/11/2013,23:45,0,0,0
04/11/2013,00:00,0,0,0
04/11/2013,00:15,0,0,0
04/11/2013,00:30,0,0,0
04/11/2013,00:45,0,0,0
04/11/2013,01:00,0,0,0
04/11/2013,01:15,0,0,0
04/11/2013,01:30,0,0,0
04/11/2013,01:45,0,0,0
04/11/2013,02:00,0,0,0
04/11/2013,02:15,0,0,0
04/11/2013,02:30,0,0,0
04/11/2013,02:45,0,0,0
04/11/2013,03:00,0,0,0
04/11/2013,03:15,0,0,0
04/11/2013,03:30,1,1,0
04/11/2013,03:45,1,1,0
04/11/2013,04:00,0,0,0
04/11/2013,04:15,2,2,0
04/11/2013,04:30,0,0,0
04/11/2013,04:45,2,2,0
04/11/2013,05:00,6,5,1
04/11/2013,05:15,3,2,1
04/11/2013,05:30,7,6,1
04/11/2013,05:45,6,2,4
04/11/2013,06:00,13,10,3
04/11/2013,06:15,21,15,6
04/11/2013,06:30,21,12,9
04/11/2013,06:45,26,13,13
04/11/2013,07:00,20,12,8
04/11/2013,07:15,23,13,10
04/11/2013,07:30,26,17,9
04/11/2013,07:45,82,70,12
04/11/2013,08:00,69,61,8
04/11/2013,08:15,29,14,15
04/11/2013,08:30,37,27,10
04/11/2013,08:45,16,7,9
04/11/2013,09:00,18,4,14
04/11/2013,09:15,18,8,10
04/11/2013,09:30,17,10,7
04/11/2013,09:45,22,11,11
04/11/2013,10:00,34,15,19
04/11/2013,10:15,17,6,11
04/11/2013,10:30,33,20,13
04/11/2013,10:45,25,14,11
04/11/2013,11:00,22,12,10
04/11/2013,11:15,26,11,15
04/11/2013,11:30,18,9,9
04/11/2013,11:45,26,18,8
04/11/2013,12:00,22,14,8
04/11/2013,12:15,22,9,13
04/11/2013,12:30,45,23,22
04/11/2013,12:45,18,11,7
04/11/2013,13:00,18,10,8
04/11/2013,13:15,19,13,6
04/11/2013,13:30,19,13,6
04/11/2013,13:45,27,17,10
04/11/2013,14:00,20,7,13
04/11/2013,14:15,51,30,21
04/11/2013,14:30,74,49,25
04/11/2013,14:45,30,17,13
04/11/2013,15:00,30,14,16
04/11/2013,15:15,44,16,28
04/11/2013,15:30,54,13,41
04/11/2013,15:45,43,16,27
04/11/2013,16:00,37,20,17
04/11/2013,16:15,40,20,20
04/11/2013,16:30,48,28,20
04/11/2013,16:45,54,22,32
04/11/2013,17:00,50,14,36
04/11/2013,17:15,34,20,14
04/11/2013,17:30,23,16,7
04/11/2013,17:45,23,17,6
04/11/2013,18:00,22,16,6
04/11/2013,18:15,19,16,3
04/11/2013,18:30,12,10,2
04/11/2013,18:45,6,5,1
04/11/2013,19:00,10,7,3
04/11/2013,19:15,2,2,0
04/11/2013,19:30,2,0,2
04/11/2013,19:45,3,3,0
04/11/2013,20:00,2,2,0
04/11/2013,20:15,3,3,0
04/11/2013,20:30,4,4,0
04/11/2013,20:45,0,0,0
04/11/2013,21:00,1,1,0
04/11/2013,21:15,0,0,0
04/11/2013,21:30,0,0,0
04/11/2013,21:45,0,0,0
04/11/2013,22:00,2,0,2
04/11/2013,22:15,3,1,2
04/11/2013,22:30,3,2,1
04/11/2013,22:45,1,0,1
04/11/2013,23:00,2,2,0
04/11/2013,23:15,0,0,0
04/11/2013,23:30,0,0,0
04/11/2013,23:45,0,0,0
05/11/2013,00:00,0,0,0
05/11/2013,00:15,0,0,0
05/11/2013,00:30,0,0,0
05/11/2013,00:45,1,1,0
05/11/2013,01:00,0,0,0
05/11/2013,01:15,0,0,0
05/11/2013,01:30,0,0,0
05/11/2013,01:45,0,0,0
05/11/2013,02:00,1,1,0
05/11/2013,02:15,0,0,0
05/11/2013,02:30,0,0,0
05/11/2013,02:45,0,0,0
05/11/2013,03:00,0,0,0
05/11/2013,03:15,0,0,0
05/11/2013,03:30,1,1,0
05/11/2013,03:45,0,0,0
05/11/2013,04:00,1,1,0
05/11/2013,04:15,0,0,0
05/11/2013,04:30,0,0,0
05/11/2013,04:45,0,0,0
05/11/2013,05:00,4,3,1
05/11/2013,05:15,2,1,1
05/11/2013,05:30,3,0,3
05/11/2013,05:45,5,4,1
05/11/2013,06:00,31,28,3
05/11/2013,06:15,13,5,8
05/11/2013,06:30,28,15,13
05/11/2013,06:45,27,12,15
05/11/2013,07:00,30,24,6
05/11/2013,07:15,33,22,11
05/11/2013,07:30,35,21,14
05/11/2013,07:45,72,57,15
05/11/2013,08:00,82,70,12
05/11/2013,08:15,25,13,12
05/11/2013,08:30,45,26,19
05/11/2013,08:45,23,12,11
05/11/2013,09:00,27,12,15
05/11/2013,09:15,33,16,17
05/11/2013,09:30,36,17,19
05/11/2013,09:45,36,13,23
05/11/2013,10:00,24,11,13
05/11/2013,10:15,24,13,11
05/11/2013,10:30,47,31,16
05/11/2013,10:45,31,19,12
05/11/2013,11:00,34,21,13
05/11/2013,11:15,36,14,22
05/11/2013,11:30,27,16,11
05/11/2013,11:45,26,16,10
05/11/2013,12:00,33,23,10
05/11/2013,12:15,37,20,17
05/11/2013,12:30,22,9,13
05/11/2013,12:45,28,19,9
05/11/2013,13:00,18,11,7
05/11/2013,13:15,18,11,7
05/11/2013,13:30,26,13,13
05/11/2013,13:45,35,20,15
05/11/2013,14:00,23,13,10
05/11/2013,14:15,33,19,14
05/11/2013,14:30,39,15,24
05/11/2013,14:45,39,11,28
05/11/2013,15:00,90,71,19
05/11/2013,15:15,39,23,16
05/11/2013,15:30,28,15,13
05/11/2013,15:45,39,24,15
05/11/2013,16:00,36,22,14
05/11/2013,16:15,27,11,16
05/11/2013,16:30,49,28,21
05/11/2013,16:45,44,29,15
05/11/2013,17:00,47,23,24
05/11/2013,17:15,29,16,13
05/11/2013,17:30,39,29,10
05/11/2013,17:45,25,21,4
05/11/2013,18:00,12,11,1
05/11/2013,18:15,19,15,4
05/11/2013,18:30,12,9,3
05/11/2013,18:45,8,8,0
05/11/2013,19:00,7,7,0
05/11/2013,19:15,0,0,0
05/11/2013,19:30,5,2,3
05/11/2013,19:45,6,2,4
05/11/2013,20:00,4,3,1
05/11/2013,20:15,5,4,1
05/11/2013,20:30,3,2,1
05/11/2013,20:45,0,0,0
05/11/2013,21:00,0,0,0
05/11/2013,21:15,1,1,0
05/11/2013,21:30,1,1,0
05/11/2013,21:45,0,0,0
05/11/2013,22:00,0,0,0
05/11/2013,22:15,2,2,0
05/11/2013,22:30,0,0,0
05/11/2013,22:45,1,1,0
05/11/2013,23:00,1,1,0
05/11/2013,23:15,0,0,0
05/11/2013,23:30,0,0,0
05/11/2013,23:45,0,0,0
06/11/2013,00:00,0,0,0
06/11/2013,00:15,0,0,0
06/11/2013,00:30,0,0,0
06/11/2013,00:45,0,0,0
06/11/2013,01:00,0,0,0
06/11/2013,01:15,0,0,0
06/11/2013,01:30,0,0,0
06/11/2013,01:45,0,0,0
06/11/2013,02:00,0,0,0
06/11/2013,02:15,0,0,0
06/11/2013,02:30,0,0,0
06/11/2013,02:45,1,0,1
06/11/2013,03:00,0,0,0
06/11/2013,03:15,0,0,0
06/11/2013,03:30,0,0,0
06/11/2013,03:45,0,0,0
06/11/2013,04:00,0,0,0
06/11/2013,04:15,1,1,0
06/11/2013,04:30,1,0,1
06/11/2013,04:45,1,1,0
06/11/2013,05:00,5,3,2
06/11/2013,05:15,2,1,1
06/11/2013,05:30,7,5,2
06/11/2013,05:45,5,3,2
06/11/2013,06:00,12,5,7
06/11/2013,06:15,23,16,7
06/11/2013,06:30,27,20,7
06/11/2013,06:45,14,4,10
06/11/2013,07:00,41,22,19
06/11/2013,07:15,20,11,9
06/11/2013,07:30,33,20,13
06/11/2013,07:45,89,72,17
06/11/2013,08:00,69,52,17
06/11/2013,08:15,23,13,10
06/11/2013,08:30,29,20,9
06/11/2013,08:45,25,9,16
06/11/2013,09:00,37,16,21
06/11/2013,09:15,32,12,20
06/11/2013,09:30,48,15,33
06/11/2013,09:45,27,16,11
06/11/2013,10:00,33,12,21
06/11/2013,10:15,34,20,14
06/11/2013,10:30,28,17,11
06/11/2013,10:45,29,15,14
06/11/2013,11:00,31,19,12
06/11/2013,11:15,26,18,8
06/11/2013,11:30,22,14,8
06/11/2013,11:45,15,10,5
06/11/2013,12:00,23,14,9
06/11/2013,12:15,29,21,8
06/11/2013,12:30,17,9,8
06/11/2013,12:45,15,11,4
06/11/2013,13:00,20,14,6
06/11/2013,13:15,53,39,14
06/11/2013,13:30,41,24,17
06/11/2013,13:45,28,16,12
06/11/2013,14:00,37,25,12
06/11/2013,14:15,24,13,11
06/11/2013,14:30,29,21,8
06/11/2013,14:45,17,13,4
06/11/2013,15:00,16,9,7
06/11/2013,15:15,28,5,23
06/11/2013,15:30,56,26,30
06/11/2013,15:45,53,24,29
06/11/2013,16:00,40,24,16
06/11/2013,16:15,25,11,14
06/11/2013,16:30,30,11,19
06/11/2013,16:45,45,15,30
06/11/2013,17:00,65,18,47
06/11/2013,17:15,47,26,21
06/11/2013,17:30,14,8,6
06/11/2013,17:45,23,11,12
06/11/2013,18:00,35,24,11
06/11/2013,18:15,18,9,9
06/11/2013,18:30,13,10,3
06/11/2013,18:45,9,8,1
06/11/2013,19:00,7,6,1
06/11/2013,19:15,1,0,1
06/11/2013,19:30,6,4,2
06/11/2013,19:45,6,5,1
06/11/2013,20:00,4,2,2
06/11/2013,20:15,1,1,0
06/11/2013,20:30,5,3,2
06/11/2013,20:45,0,0,0
06/11/2013,21:00,0,0,0
06/11/2013,21:15,1,1,0
06/11/2013,21:30,0,0,0
06/11/2013,21:45,2,1,1
06/11/2013,22:00,0,0,0
06/11/2013,22:15,1,1,0
06/11/2013,22:30,0,0,0
06/11/2013,22:45,0,0,0
06/11/2013,23:00,0,0,0
06/11/2013,23:15,0,0,0
06/11/2013,23:30,1,0,1
06/11/2013,23:45,0,0,0
07/11/2013,00:00,0,0,0
07/11/2013,00:15,0,0,0
07/11/2013,00:30,0,0,0
07/11/2013,00:45,0,0,0
07/11/2013,01:00,0,0,0
07/11/2013,01:15,0,0,0
07/11/2013,01:30,0,0,0
07/11/2013,01:45,0,0,0
07/11/2013,02:00,0,0,0
07/11/2013,02:15,0,0,0
07/11/2013,02:30,0,0,0
07/11/2013,02:45,0,0,0
07/11/2013,03:00,0,0,0
07/11/2013,03:15,0,0,0
07/11/2013,03:30,0,0,0
07/11/2013,03:45,1,1,0
07/11/2013,04:00,0,0,0
07/11/2013,04:15,1,1,0
07/11/2013,04:30,1,0,1
07/11/2013,04:45,1,1,0
07/11/2013,05:00,3,2,1
07/11/2013,05:15,4,4,0
07/11/2013,05:30,6,3,3
07/11/2013,05:45,4,3,1
07/11/2013,06:00,16,11,5
07/11/2013,06:15,16,11,5
07/11/2013,06:30,16,14,2
07/11/2013,06:45,25,15,10
07/11/2013,07:00,24,9,15
07/11/2013,07:15,22,17,5
07/11/2013,07:30,27,18,9
07/11/2013,07:45,62,55,7
07/11/2013,08:00,85,71,14
07/11/2013,08:15,26,20,6
07/11/2013,08:30,21,8,13
07/11/2013,08:45,36,19,17
07/11/2013,09:00,20,8,12
07/11/2013,09:15,23,10,13
07/11/2013,09:30,25,12,13
07/11/2013,09:45,32,21,11
07/11/2013,10:00,18,8,10
07/11/2013,10:15,21,10,11
07/11/2013,10:30,31,25,6
07/11/2013,10:45,15,3,12
07/11/2013,11:00,21,10,11
07/11/2013,11:15,18,9,9
07/11/2013,11:30,38,20,18
07/11/2013,11:45,16,11,5
07/11/2013,12:00,32,23,9
07/11/2013,12:15,20,12,8
07/11/2013,12:30,19,12,7
07/11/2013,12:45,21,15,6
07/11/2013,13:00,14,5,9
07/11/2013,13:15,25,13,12
07/11/2013,13:30,18,9,9
07/11/2013,13:45,18,9,9
07/11/2013,14:00,13,5,8
07/11/2013,14:15,23,16,7
07/11/2013,14:30,26,13,13
07/11/2013,14:45,26,14,12
07/11/2013,15:00,74,59,15
07/11/2013,15:15,33,26,7
07/11/2013,15:30,36,18,18
07/11/2013,15:45,44,28,16
07/11/2013,16:00,39,25,14
07/11/2013,16:15,39,19,20
07/11/2013,16:30,42,23,19
07/11/2013,16:45,43,28,15
07/11/2013,17:00,38,23,15
07/11/2013,17:15,32,19,13
07/11/2013,17:30,25,15,10
07/11/2013,17:45,13,11,2
07/11/2013,18:00,12,8,4
07/11/2013,18:15,16,11,5
07/11/2013,18:30,17,14,3
07/11/2013,18:45,9,7,2
07/11/2013,19:00,1,1,0
07/11/2013,19:15,6,3,3
07/11/2013,19:30,5,2,3
07/11/2013,19:45,9,4,5
07/11/2013,20:00,3,1,2
07/11/2013,20:15,2,1,1
07/11/2013,20:30,2,1,1
07/11/2013,20:45,1,1,0
07/11/2013,21:00,1,1,0
07/11/2013,21:15,0,0,0
07/11/2013,21:30,3,3,0
07/11/2013,21:45,0,0,0
07/11/2013,22:00,3,3,0
07/11/2013,22:15,3,3,0
07/11/2013,22:30,0,0,0
07/11/2013,22:45,0,0,0
07/11/2013,23:00,1,0,1
07/11/2013,23:15,0,0,0
07/11/2013,23:30,1,0,1
07/11/2013,23:45,0,0,0
08/11/2013,00:00,0,0,0
08/11/2013,00:15,0,0,0
08/11/2013,00:30,0,0,0
08/11/2013,00:45,0,0,0
08/11/2013,01:00,0,0,0
08/11/2013,01:15,0,0,0
08/11/2013,01:30,0,0,0
08/11/2013,01:45,0,0,0
08/11/2013,02:00,0,0,0
08/11/2013,02:15,0,0,0
08/11/2013,02:30,0,0,0
08/11/2013,02:45,0,0,0
08/11/2013,03:00,0,0,0
08/11/2013,03:15,0,0,0
08/11/2013,03:30,0,0,0
08/11/2013,03:45,0,0,0
08/11/2013,04:00,0,0,0
08/11/2013,04:15,2,2,0
08/11/2013,04:30,0,0,0
08/11/2013,04:45,0,0,0
08/11/2013,05:00,4,4,0
08/11/2013,05:15,3,3,0
08/11/2013,05:30,4,2,2
08/11/2013,05:45,5,4,1
08/11/2013,06:00,10,4,6
08/11/2013,06:15,15,11,4
08/11/2013,06:30,15,10,5
08/11/2013,06:45,27,14,13
08/11/2013,07:00,28,15,13
08/11/2013,07:15,35,20,15
08/11/2013,07:30,19,13,6
08/11/2013,07:45,61,49,12
08/11/2013,08:00,66,54,12
08/11/2013,08:15,33,20,13
08/11/2013,08:30,30,17,13
08/11/2013,08:45,35,17,18
08/11/2013,09:00,24,8,16
08/11/2013,09:15,21,10,11
08/11/2013,09:30,24,5,19
08/11/2013,09:45,32,19,13
08/11/2013,10:00,28,18,10
08/11/2013,10:15,18,11,7
08/11/2013,10:30,43,31,12
08/11/2013,10:45,18,12,6
08/11/2013,11:00,33,20,13
08/11/2013,11:15,24,18,6
08/11/2013,11:30,23,17,6
08/11/2013,11:45,26,14,12
08/11/2013,12:00,17,13,4
08/11/2013,12:15,20,13,7
08/11/2013,12:30,30,21,9
08/11/2013,12:45,20,15,5
08/11/2013,13:00,51,38,13
08/11/2013,13:15,21,13,8
08/11/2013,13:30,41,23,18
08/11/2013,13:45,33,19,14
08/11/2013,14:00,24,16,8
08/11/2013,14:15,39,24,15
08/11/2013,14:30,62,47,15
08/11/2013,14:45,32,18,14
08/11/2013,15:00,44,33,11
08/11/2013,15:15,44,26,18
08/11/2013,15:30,25,13,12
08/11/2013,15:45,67,28,39
08/11/2013,16:00,63,30,33
08/11/2013,16:15,51,26,25
08/11/2013,16:30,43,25,18
08/11/2013,16:45,39,24,15
08/11/2013,17:00,31,18,13
08/11/2013,17:15,28,17,11
08/11/2013,17:30,25,13,12
08/11/2013,17:45,15,11,4
08/11/2013,18:00,25,19,6
08/11/2013,18:15,9,7,2
08/11/2013,18:30,10,5,5
08/11/2013,18:45,6,6,0
08/11/2013,19:00,7,7,0
08/11/2013,19:15,4,2,2
08/11/2013,19:30,3,3,0
08/11/2013,19:45,3,3,0
08/11/2013,20:00,2,0,2
08/11/2013,20:15,0,0,0
08/11/2013,20:30,3,1,2
08/11/2013,20:45,2,2,0
08/11/2013,21:00,0,0,0
08/11/2013,21:15,0,0,0
08/11/2013,21:30,1,0,1
08/11/2013,21:45,4,4,0
08/11/2013,22:00,2,1,1
08/11/2013,22:15,1,0,1
08/11/2013,22:30,2,0,2
08/11/2013,22:45,0,0,0
08/11/2013,23:00,0,0,0
08/11/2013,23:15,1,1,0
08/11/2013,23:30,0,0,0
08/11/2013,23:45,0,0,0
09/11/2013,00:00,0,0,0
09/11/2013,00:15,0,0,0
09/11/2013,00:30,0,0,0
09/11/2013,00:45,0,0,0
09/11/2013,01:00,0,0,0
09/11/2013,01:15,0,0,0
09/11/2013,01:30,1,0,1
09/11/2013,01:45,0,0,0
09/11/2013,02:00,0,0,0
09/11/2013,02:15,0,0,0
09/11/2013,02:30,0,0,0
09/11/2013,02:45,0,0,0
09/11/2013,03:00,0,0,0
09/11/2013,03:15,0,0,0
09/11/2013,03:30,0,0,0
09/11/2013,03:45,0,0,0
09/11/2013,04:00,0,0,0
09/11/2013,04:15,0,0,0
09/11/2013,04:30,0,0,0
09/11/2013,04:45,0,0,0
09/11/2013,05:00,0,0,0
09/11/2013,05:15,2,1,1
09/11/2013,05:30,0,0,0
09/11/2013,05:45,0,0,0
09/11/2013,06:00,4,3,1
09/11/2013,06:15,5,5,0
09/11/2013,06:30,3,2,1
09/11/2013,06:45,8,3,5
09/11/2013,07:00,8,2,6
09/11/2013,07:15,23,15,8
09/11/2013,07:30,14,9,5
09/11/2013,07:45,24,17,7
09/11/2013,08:00,30,18,12
09/11/2013,08:15,45,31,14
09/11/2013,08:30,67,49,18
09/11/2013,08:45,46,30,16
09/11/2013,09:00,100,82,18
09/11/2013,09:15,85,68,17
09/11/2013,09:30,100,80,20
09/11/2013,09:45,88,61,27
09/11/2013,10:00,81,55,26
09/11/2013,10:15,105,89,16
09/11/2013,10:30,92,74,18
09/11/2013,10:45,89,65,24
09/11/2013,11:00,105,88,17
09/11/2013,11:15,86,69,17
09/11/2013,11:30,79,56,23
09/11/2013,11:45,100,76,24
09/11/2013,12:00,142,122,20
09/11/2013,12:15,73,54,19
09/11/2013,12:30,83,71,12
09/11/2013,12:45,91,71,20
09/11/2013,13:00,72,59,13
09/11/2013,13:15,87,70,17
09/11/2013,13:30,72,61,11
09/11/2013,13:45,99,82,17
09/11/2013,14:00,72,60,12
09/11/2013,14:15,84,67,17
09/11/2013,14:30,55,41,14
09/11/2013,14:45,85,66,19
09/11/2013,15:00,60,39,21
09/11/2013,15:15,72,58,14
09/11/2013,15:30,55,43,12
09/11/2013,15:45,56,40,16
09/11/2013,16:00,59,32,27
09/11/2013,16:15,48,28,20
09/11/2013,16:30,34,21,13
09/11/2013,16:45,26,12,14
09/11/2013,17:00,19,12,7
09/11/2013,17:15,14,9,5
09/11/2013,17:30,17,9,8
09/11/2013,17:45,2,1,1
09/11/2013,18:00,3,3,0
09/11/2013,18:15,5,4,1
09/11/2013,18:30,2,1,1
09/11/2013,18:45,0,0,0
09/11/2013,19:00,3,2,1
09/11/2013,19:15,3,1,2
09/11/2013,19:30,0,0,0
09/11/2013,19:45,2,1,1
09/11/2013,20:00,0,0,0
09/11/2013,20:15,0,0,0
09/11/2013,20:30,0,0,0
09/11/2013,20:45,0,0,0
09/11/2013,21:00,2,1,1
09/11/2013,21:15,0,0,0
09/11/2013,21:30,1,1,0
09/11/2013,21:45,1,0,1
09/11/2013,22:00,2,1,1
09/11/2013,22:15,1,0,1
09/11/2013,22:30,1,0,1
09/11/2013,22:45,0,0,0
09/11/2013,23:00,0,0,0
09/11/2013,23:15,0,0,0
09/11/2013,23:30,0,0,0
09/11/2013,23:45,0,0,0
10/11/2013,00:00,0,0,0
10/11/2013,00:15,0,0,0
10/11/2013,00:30,0,0,0
10/11/2013,00:45,0,0,0
10/11/2013,01:00,1,1,0
10/11/2013,01:15,0,0,0
10/11/2013,01:30,0,0,0
10/11/2013,01:45,0,0,0
10/11/2013,02:00,0,0,0
10/11/2013,02:15,0,0,0
10/11/2013,02:30,0,0,0
10/11/2013,02:45,0,0,0
10/11/2013,03:00,1,1,0
10/11/2013,03:15,0,0,0
10/11/2013,03:30,0,0,0
10/11/2013,03:45,0,0,0
10/11/2013,04:00,0,0,0
10/11/2013,04:15,0,0,0
10/11/2013,04:30,0,0,0
10/11/2013,04:45,0,0,0
10/11/2013,05:00,0,0,0
10/11/2013,05:15,0,0,0
10/11/2013,05:30,2,2,0
10/11/2013,05:45,0,0,0
10/11/2013,06:00,1,1,0
10/11/2013,06:15,4,2,2
10/11/2013,06:30,2,0,2
10/11/2013,06:45,4,2,2
10/11/2013,07:00,9,5,4
10/11/2013,07:15,10,3,7
10/11/2013,07:30,15,7,8
10/11/2013,07:45,14,7,7
10/11/2013,08:00,35,24,11
10/11/2013,08:15,33,23,10
10/11/2013,08:30,36,24,12
10/11/2013,08:45,47,27,20
10/11/2013,09:00,78,59,19
10/11/2013,09:15,50,36,14
10/11/2013,09:30,87,65,22
10/11/2013,09:45,112,91,21
10/11/2013,10:00,67,53,14
10/11/2013,10:15,126,103,23
10/11/2013,10:30,93,60,33
10/11/2013,10:45,89,75,14
10/11/2013,11:00,96,80,16
10/11/2013,11:15,99,72,27
10/11/2013,11:30,81,62,19
10/11/2013,11:45,140,116,24
10/11/2013,12:00,94,78,16
10/11/2013,12:15,67,47,20
10/11/2013,12:30,103,89,14
10/11/2013,12:45,66,48,18
10/11/2013,13:00,87,76,11
10/11/2013,13:15,63,52,11
10/11/2013,13:30,83,62,21
10/11/2013,13:45,75,63,12
10/11/2013,14:00,69,56,13
10/11/2013,14:15,61,51,10
10/11/2013,14:30,62,47,15
10/11/2013,14:45,27,20,7
10/11/2013,15:00,62,48,14
10/11/2013,15:15,68,42,26
10/11/2013,15:30,53,33,20
10/11/2013,15:45,27,16,11
10/11/2013,16:00,30,21,9
10/11/2013,16:15,41,18,23
10/11/2013,16:30,40,18,22
10/11/2013,16:45,29,20,9
10/11/2013,17:00,30,10,20
10/11/2013,17:15,16,8,8
10/11/2013,17:30,10,5,5
10/11/2013,17:45,4,3,1
10/11/2013,18:00,3,3,0
10/11/2013,18:15,2,2,0
10/11/2013,18:30,1,1,0
10/11/2013,18:45,4,3,1
10/11/2013,19:00,1,1,0
10/11/2013,19:15,0,0,0
10/11/2013,19:30,1,1,0
10/11/2013,19:45,1,1,0
10/11/2013,20:00,2,1,1
10/11/2013,20:15,1,0,1
10/11/2013,20:30,3,1,2
10/11/2013,20:45,1,1,0
10/11/2013,21:00,0,0,0
10/11/2013,21:15,3,0,3
10/11/2013,21:30,1,0,1
10/11/2013,21:45,0,0,0
10/11/2013,22:00,0,0,0
10/11/2013,22:15,0,0,0
10/11/2013,22:30,1,0,1
10/11/2013,22:45,1,1,0
10/11/2013,23:00,0,0,0
10/11/2013,23:15,0,0,0
10/11/2013,23:30,0,0,0
10/11/2013,23:45,0,0,0
11/11/2013,00:00,0,0,0
11/11/2013,00:15,0,0,0
11/11/2013,00:30,0,0,0
11/11/2013,00:45,0,0,0
11/11/2013,01:00,0,0,0
11/11/2013,01:15,0,0,0
11/11/2013,01:30,0,0,0
11/11/2013,01:45,0,0,0
11/11/2013,02:00,0,0,0
11/11/2013,02:15,0,0,0
11/11/2013,02:30,0,0,0
11/11/2013,02:45,0,0,0
11/11/2013,03:00,0,0,0
11/11/2013,03:15,0,0,0
11/11/2013,03:30,1,1,0
11/11/2013,03:45,0,0,0
11/11/2013,04:00,0,0,0
11/11/2013,04:15,1,1,0
11/11/2013,04:30,0,0,0
11/11/2013,04:45,1,1,0
11/11/2013,05:00,2,2,0
11/11/2013,05:15,4,4,0
11/11/2013,05:30,5,4,1
11/11/2013,05:45,3,0,3
11/11/2013,06:00,8,6,2
11/11/2013,06:15,19,16,3
11/11/2013,06:30,9,9,0
11/11/2013,06:45,19,12,7
11/11/2013,07:00,19,14,5
11/11/2013,07:15,23,16,7
11/11/2013,07:30,16,10,6
11/11/2013,07:45,24,17,7
11/11/2013,08:00,21,10,11
11/11/2013,08:15,20,10,10
11/11/2013,08:30,12,3,9
11/11/2013,08:45,32,23,9
11/11/2013,09:00,36,17,19
11/11/2013,09:15,33,22,11
11/11/2013,09:30,38,22,16
11/11/2013,09:45,36,25,11
11/11/2013,10:00,32,19,13
11/11/2013,10:15,53,38,15
11/11/2013,10:30,23,12,11
11/11/2013,10:45,32,22,10
11/11/2013,11:00,35,16,19
11/11/2013,11:15,39,16,23
11/11/2013,11:30,34,27,7
11/11/2013,11:45,28,15,13
11/11/2013,12:00,22,11,11
11/11/2013,12:15,27,24,3
11/11/2013,12:30,32,23,9
11/11/2013,12:45,38,22,16
11/11/2013,13:00,42,28,14
11/11/2013,13:15,36,19,17
11/11/2013,13:30,45,31,14
11/11/2013,13:45,37,28,9
11/11/2013,14:00,37,27,10
11/11/2013,14:15,43,31,12
11/11/2013,14:30,24,15,9
11/11/2013,14:45,33,24,9
11/11/2013,15:00,35,20,15
11/11/2013,15:15,35,18,17
11/11/2013,15:30,49,29,20
11/11/2013,15:45,31,16,15
11/11/2013,16:00,35,17,18
11/11/2013,16:15,36,14,22
11/11/2013,16:30,39,20,19
11/11/2013,16:45,39,19,20
11/11/2013,17:00,37,10,27
11/11/2013,17:15,23,15,8
11/11/2013,17:30,12,3,9
11/11/2013,17:45,22,17,5
11/11/2013,18:00,10,7,3
11/11/2013,18:15,17,16,1
11/11/2013,18:30,6,5,1
11/11/2013,18:45,8,6,2
11/11/2013,19:00,2,1,1
11/11/2013,19:15,5,2,3
11/11/2013,19:30,0,0,0
11/11/2013,19:45,2,2,0
11/11/2013,20:00,0,0,0
11/11/2013,20:15,3,2,1
11/11/2013,20:30,4,4,0
11/11/2013,20:45,0,0,0
11/11/2013,21:00,4,3,1
11/11/2013,21:15,0,0,0
11/11/2013,21:30,0,0,0
11/11/2013,21:45,0,0,0
11/11/2013,22:00,0,0,0
11/11/2013,22:15,0,0,0
11/11/2013,22:30,1,1,0
11/11/2013,22:45,0,0,0
11/11/2013,23:00,0,0,0
11/11/2013,23:15,0,0,0
11/11/2013,23:30,0,0,0
11/11/2013,23:45,0,0,0
12/11/2013,00:00,0,0,0
12/11/2013,00:15,0,0,0
12/11/2013,00:30,0,0,0
12/11/2013,00:45,0,0,0
12/11/2013,01:00,0,0,0
12/11/2013,01:15,0,0,0
12/11/2013,01:30,1,1,0
12/11/2013,01:45,0,0,0
12/11/2013,02:00,0,0,0
12/11/2013,02:15,0,0,0
12/11/2013,02:30,0,0,0
12/11/2013,02:45,0,0,0
12/11/2013,03:00,0,0,0
12/11/2013,03:15,3,3,0
12/11/2013,03:30,0,0,0
12/11/2013,03:45,1,1,0
12/11/2013,04:00,0,0,0
12/11/2013,04:15,0,0,0
12/11/2013,04:30,0,0,0
12/11/2013,04:45,2,1,1
12/11/2013,05:00,2,2,0
12/11/2013,05:15,4,3,1
12/11/2013,05:30,3,1,2
12/11/2013,05:45,7,2,5
12/11/2013,06:00,14,3,11
12/11/2013,06:15,12,7,5
12/11/2013,06:30,19,11,8
12/11/2013,06:45,22,9,13
12/11/2013,07:00,10,7,3
12/11/2013,07:15,27,15,12
12/11/2013,07:30,22,17,5
12/11/2013,07:45,63,53,10
12/11/2013,08:00,77,58,19
12/11/2013,08:15,25,16,9
12/11/2013,08:30,24,9,15
12/11/2013,08:45,32,9,23
12/11/2013,09:00,23,9,14
12/11/2013,09:15,46,16,30
12/11/2013,09:30,27,12,15
12/11/2013,09:45,24,11,13
12/11/2013,10:00,28,18,10
12/11/2013,10:15,18,5,13
12/11/2013,10:30,24,11,13
12/11/2013,10:45,20,10,10
12/11/2013,11:00,20,13,7
12/11/2013,11:15,23,10,13
12/11/2013,11:30,11,5,6
12/11/2013,11:45,17,8,9
12/11/2013,12:00,19,9,10
12/11/2013,12:15,18,11,7
12/11/2013,12:30,18,11,7
12/11/2013,12:45,20,13,7
12/11/2013,13:00,18,11,7
12/11/2013,13:15,22,17,5
12/11/2013,13:30,23,8,15
12/11/2013,13:45,17,11,6
12/11/2013,14:00,18,9,9
12/11/2013,14:15,18,11,7
12/11/2013,14:30,21,11,10
12/11/2013,14:45,19,13,6
12/11/2013,15:00,79,55,24
12/11/2013,15:15,23,13,10
12/11/2013,15:30,24,13,11
12/11/2013,15:45,31,18,13
12/11/2013,16:00,39,14,25
12/11/2013,16:15,54,27,27
12/11/2013,16:30,31,12,19
12/11/2013,16:45,34,19,15
12/11/2013,17:00,35,17,18
12/11/2013,17:15,36,17,19
12/11/2013,17:30,26,16,10
12/11/2013,17:45,22,18,4
12/11/2013,18:00,32,21,11
12/11/2013,18:15,12,7,5
12/11/2013,18:30,10,8,2
12/11/2013,18:45,15,14,1
12/11/2013,19:00,13,10,3
12/11/2013,19:15,6,4,2
12/11/2013,19:30,8,7,1
12/11/2013,19:45,5,2,3
12/11/2013,20:00,4,4,0
12/11/2013,20:15,6,5,1
12/11/2013,20:30,5,4,1
12/11/2013,20:45,1,0,1
12/11/2013,21:00,2,1,1
12/11/2013,21:15,0,0,0
12/11/2013,21:30,1,0,1
12/11/2013,21:45,6,4,2
12/11/2013,22:00,2,0,2
12/11/2013,22:15,1,0,1
12/11/2013,22:30,2,2,0
12/11/2013,22:45,0,0,0
12/11/2013,23:00,0,0,0
12/11/2013,23:15,0,0,0
12/11/2013,23:30,2,2,0
12/11/2013,23:45,1,1,0
13/11/2013,00:00,0,0,0
13/11/2013,00:15,0,0,0
13/11/2013,00:30,0,0,0
13/11/2013,00:45,0,0,0
13/11/2013,01:00,0,0,0
13/11/2013,01:15,0,0,0
13/11/2013,01:30,0,0,0
13/11/2013,01:45,0,0,0
13/11/2013,02:00,0,0,0
13/11/2013,02:15,0,0,0
13/11/2013,02:30,0,0,0
13/11/2013,02:45,0,0,0
13/11/2013,03:00,0,0,0
13/11/2013,03:15,0,0,0
13/11/2013,03:30,0,0,0
13/11/2013,03:45,0,0,0
13/11/2013,04:00,0,0,0
13/11/2013,04:15,0,0,0
13/11/2013,04:30,2,2,0
13/11/2013,04:45,1,1,0
13/11/2013,05:00,5,3,2
13/11/2013,05:15,3,2,1
13/11/2013,05:30,8,5,3
13/11/2013,05:45,8,5,3
13/11/2013,06:00,8,6,2
13/11/2013,06:15,24,17,7
13/11/2013,06:30,19,14,5
13/11/2013,06:45,21,11,10
13/11/2013,07:00,27,18,9
13/11/2013,07:15,23,16,7
13/11/2013,07:30,32,26,6
13/11/2013,07:45,69,59,10
13/11/2013,08:00,71,64,7
13/11/2013,08:15,30,19,11
13/11/2013,08:30,32,14,18
13/11/2013,08:45,31,24,7
13/11/2013,09:00,37,14,23
13/11/2013,09:15,29,14,15
13/11/2013,09:30,60,23,37
13/11/2013,09:45,20,12,8
13/11/2013,10:00,24,12,12
13/11/2013,10:15,34,18,16
13/11/2013,10:30,28,14,14
13/11/2013,10:45,28,15,13
13/11/2013,11:00,28,17,11
13/11/2013,11:15,27,16,11
13/11/2013,11:30,30,19,11
13/11/2013,11:45,20,9,11
13/11/2013,12:00,31,19,12
13/11/2013,12:15,21,9,12
13/11/2013,12:30,30,17,13
13/11/2013,12:45,27,19,8
13/11/2013,13:00,19,11,8
13/11/2013,13:15,40,28,12
13/11/2013,13:30,70,62,8
13/11/2013,13:45,29,25,4
13/11/2013,14:00,35,23,12
13/11/2013,14:15,27,15,12
13/11/2013,14:30,20,11,9
13/11/2013,14:45,37,28,9
13/11/2013,15:00,27,22,5
13/11/2013,15:15,26,16,10
13/11/2013,15:30,27,15,12
13/11/2013,15:45,34,21,13
13/11/2013,16:00,42,26,16
13/11/2013,16:15,34,21,13
13/11/2013,16:30,34,19,15
13/11/2013,16:45,40,27,13
13/11/2013,17:00,29,11,18
13/11/2013,17:15,18,7,11
13/11/2013,17:30,30,20,10
13/11/2013,17:45,29,22,7
13/11/2013,18:00,15,12,3
13/11/2013,18:15,27,22,5
13/11/2013,18:30,12,10,2
13/11/2013,18:45,9,6,3
13/11/2013,19:00,6,4,2
13/11/2013,19:15,4,3,1
13/11/2013,19:30,4,3,1
13/11/2013,19:45,7,6,1
13/11/2013,20:00,4,3,1
13/11/2013,20:15,1,1,0
13/11/2013,20:30,1,1,0
13/11/2013,20:45,2,1,1
13/11/2013,21:00,1,0,1
13/11/2013,21:15,1,0,1
13/11/2013,21:30,1,1,0
13/11/2013,21:45,3,3,0
13/11/2013,22:00,1,1,0
13/11/2013,22:15,1,1,0
13/11/2013,22:30,0,0,0
13/11/2013,22:45,0,0,0
13/11/2013,23:00,1,0,1
13/11/2013,23:15,0,0,0
13/11/2013,23:30,0,0,0
13/11/2013,23:45,1,0,1
14/11/2013,00:00,0,0,0
14/11/2013,00:15,0,0,0
14/11/2013,00:30,0,0,0
14/11/2013,00:45,0,0,0
14/11/2013,01:00,0,0,0
14/11/2013,01:15,0,0,0
14/11/2013,01:30,0,0,0
14/11/2013,01:45,0,0,0
14/11/2013,02:00,0,0,0
14/11/2013,02:15,0,0,0
14/11/2013,02:30,0,0,0
14/11/2013,02:45,0,0,0
14/11/2013,03:00,0,0,0
14/11/2013,03:15,1,1,0
14/11/2013,03:30,0,0,0
14/11/2013,03:45,1,1,0
14/11/2013,04:00,0,0,0
14/11/2013,04:15,0,0,0
14/11/2013,04:30,0,0,0
14/11/2013,04:45,0,0,0
14/11/2013,05:00,1,1,0
14/11/2013,05:15,5,5,0
14/11/2013,05:30,3,2,1
14/11/2013,05:45,5,4,1
14/11/2013,06:00,13,10,3
14/11/2013,06:15,21,12,9
14/11/2013,06:30,29,21,8
14/11/2013,06:45,24,8,16
14/11/2013,07:00,23,12,11
14/11/2013,07:15,25,16,9
14/11/2013,07:30,19,11,8
14/11/2013,07:45,62,52,10
14/11/2013,08:00,91,78,13
14/11/2013,08:15,27,19,8
14/11/2013,08:30,25,14,11
14/11/2013,08:45,35,12,23
14/11/2013,09:00,22,12,10
14/11/2013,09:15,35,21,14
14/11/2013,09:30,26,13,13
14/11/2013,09:45,30,12,18
14/11/2013,10:00,21,11,10
14/11/2013,10:15,14,8,6
14/11/2013,10:30,11,7,4
14/11/2013,10:45,18,9,9
14/11/2013,11:00,21,6,15
14/11/2013,11:15,19,7,12
14/11/2013,11:30,16,5,11
14/11/2013,11:45,19,7,12
14/11/2013,12:00,16,4,12
14/11/2013,12:15,15,9,6
14/11/2013,12:30,12,6,6
14/11/2013,12:45,21,5,16
14/11/2013,13:00,14,5,9
14/11/2013,13:15,20,9,11
14/11/2013,13:30,16,6,10
14/11/2013,13:45,14,10,4
14/11/2013,14:00,21,13,8
14/11/2013,14:15,12,8,4
14/11/2013,14:30,21,13,8
14/11/2013,14:45,25,14,11
14/11/2013,15:00,76,56,20
14/11/2013,15:15,35,25,10
14/11/2013,15:30,27,15,12
14/11/2013,15:45,25,9,16
14/11/2013,16:00,29,20,9
14/11/2013,16:15,30,17,13
14/11/2013,16:30,23,9,14
14/11/2013,16:45,39,13,26
14/11/2013,17:00,26,12,14
14/11/2013,17:15,34,18,16
14/11/2013,17:30,16,12,4
14/11/2013,17:45,12,8,4
14/11/2013,18:00,14,10,4
14/11/2013,18:15,21,12,9
14/11/2013,18:30,15,13,2
14/11/2013,18:45,9,6,3
14/11/2013,19:00,6,4,2
14/11/2013,19:15,8,6,2
14/11/2013,19:30,9,6,3
14/11/2013,19:45,4,2,2
14/11/2013,20:00,4,1,3
14/11/2013,20:15,0,0,0
14/11/2013,20:30,3,1,2
14/11/2013,20:45,3,2,1
14/11/2013,21:00,1,1,0
14/11/2013,21:15,2,2,0
14/11/2013,21:30,2,2,0
14/11/2013,21:45,3,2,1
14/11/2013,22:00,0,0,0
14/11/2013,22:15,2,2,0
14/11/2013,22:30,0,0,0
14/11/2013,22:45,1,0,1
14/11/2013,23:00,0,0,0
14/11/2013,23:15,0,0,0
14/11/2013,23:30,0,0,0
14/11/2013,23:45,1,1,0
